7 0.2812500000000001 0.8833333333333333 0.25520833333333337 0.8833333333333333 0.25520833333333337 0.9703703703703703 0.2812500000000001 0.9703703703703703
7 0.25625000000000003 0.8666666666666667 0.2395833333333334 0.8666666666666667 0.2395833333333334 0.9407407407407408 0.25625000000000003 0.9407407407407408
4 0.24062500000000006 0.49074074074074076 0.07916666666666669 0.49074074074074076 0.0791666666666667 0.7555555555555555 0.24062500000000006 0.7555555555555555
8 0.25729166666666675 0.7185185185185186 0.2458333333333334 0.7185185185185186 0.2458333333333334 0.7611111111111111 0.25729166666666675 0.7611111111111111
7 0.5291666666666668 0.9037037037037039 0.5125000000000001 0.9037037037037039 0.5125000000000001 0.9925925925925926 0.5291666666666668 0.9925925925925926
7 0.5489583333333333 0.8851851851851854 0.5322916666666668 0.8851851851851854 0.5322916666666668 0.9740740740740741 0.5489583333333333 0.9740740740740741
7 0.5572916666666666 0.9074074074074077 0.5458333333333333 0.9074074074074077 0.5458333333333333 0.9722222222222222 0.5572916666666666 0.9722222222222222
3 0.6229166666666667 0.8370370370370372 0.5572916666666666 0.8370370370370372 0.5572916666666666 0.9907407407407407 0.6229166666666667 0.9907407407407407
3 0.6270833333333333 0.7166666666666669 0.5677083333333334 0.7166666666666669 0.5677083333333334 0.8444444444444447 0.6270833333333333 0.8444444444444447
5 0.2677083333333333 0.7444444444444445 0.2395833333333334 0.7444444444444445 0.2395833333333334 0.7814814814814814 0.2677083333333333 0.7814814814814814
7 0.275 0.687037037037037 0.26041666666666674 0.687037037037037 0.26041666666666674 0.7518518518518519 0.275 0.7518518518518519
7 0.3572916666666667 0.6518518518518519 0.34270833333333334 0.6518518518518519 0.34270833333333334 0.7203703703703703 0.3572916666666667 0.7203703703703703
7 0.38333333333333336 0.6425925925925926 0.365625 0.6425925925925926 0.365625 0.7111111111111111 0.38333333333333336 0.7111111111111111
4 0.9010416666666666 0.6944444444444446 0.696875 0.6944444444444446 0.696875 0.9296296296296298 0.9010416666666666 0.9296296296296298
4 0.7541666666666667 0.2759259259259261 0.646875 0.275925925925926 0.646875 0.5962962962962965 0.7541666666666667 0.5962962962962965
7 0.5479166666666667 0.777777777777778 0.5302083333333333 0.777777777777778 0.5302083333333333 0.8518518518518521 0.5479166666666667 0.8518518518518521
7 0.5645833333333333 0.790740740740741 0.546875 0.790740740740741 0.546875 0.8500000000000002 0.5645833333333333 0.8500000000000002
3 0.48541666666666666 0.6314814814814815 0.440625 0.6314814814814815 0.440625 0.7240740740740742 0.48541666666666666 0.7240740740740743
8 0.4 0.7222222222222222 0.38333333333333336 0.7222222222222222 0.38333333333333336 0.7648148148148148 0.4 0.7648148148148148
8 0.40208333333333335 0.7092592592592593 0.384375 0.7092592592592593 0.384375 0.7537037037037037 0.40208333333333335 0.7537037037037037
5 0.40208333333333335 0.7333333333333333 0.38229166666666664 0.7333333333333333 0.38229166666666664 0.7888888888888889 0.40208333333333335 0.7888888888888889
5 0.3385416666666667 0.5962962962962963 0.3229166666666667 0.5962962962962963 0.3229166666666667 0.6592592592592592 0.3385416666666667 0.6592592592592592
5 0.35833333333333334 0.575925925925926 0.334375 0.575925925925926 0.334375 0.6222222222222222 0.35833333333333334 0.6222222222222222
5 0.6552083333333333 0.6666666666666669 0.6041666666666666 0.6666666666666669 0.6041666666666666 0.7462962962962965 0.6552083333333333 0.7462962962962965
5 0.65 0.6425925925925928 0.6114583333333333 0.6425925925925928 0.6114583333333333 0.6814814814814817 0.65 0.6814814814814817
5 0.6447916666666667 0.6240740740740743 0.6104166666666667 0.6240740740740743 0.6104166666666667 0.6574074074074077 0.6447916666666667 0.6574074074074077
5 0.640625 0.603703703703704 0.6052083333333333 0.603703703703704 0.6052083333333333 0.6370370370370373 0.640625 0.6370370370370373
5 0.640625 0.5944444444444447 0.60625 0.5944444444444447 0.60625 0.627777777777778 0.640625 0.627777777777778
5 0.6375 0.5740740740740743 0.6020833333333333 0.5740740740740743 0.6020833333333333 0.6074074074074076 0.6375 0.6074074074074076
8 0.409375 0.5666666666666667 0.39375 0.5666666666666667 0.39375 0.6111111111111112 0.409375 0.6111111111111112
8 0.5322916666666667 0.5796296296296298 0.5166666666666667 0.5796296296296298 0.5166666666666667 0.6203703703703706 0.5322916666666667 0.6203703703703706
8 0.521875 0.627777777777778 0.5072916666666667 0.627777777777778 0.5072916666666667 0.6722222222222224 0.521875 0.6722222222222224
8 0.5260416666666666 0.6129629629629632 0.5114583333333333 0.6129629629629632 0.5114583333333333 0.6629629629629632 0.5260416666666666 0.6629629629629632
8 0.44479166666666664 0.5333333333333333 0.428125 0.5333333333333333 0.428125 0.5722222222222222 0.44479166666666664 0.5722222222222222
8 0.49895833333333334 0.4351851851851853 0.4864583333333333 0.4351851851851853 0.4864583333333333 0.4722222222222223 0.49895833333333334 0.4722222222222223
8 0.5291666666666667 0.40185185185185196 0.5166666666666667 0.40185185185185196 0.5166666666666667 0.4314814814814816 0.5291666666666667 0.4314814814814816
8 0.4895833333333333 0.39814814814814825 0.4791666666666667 0.39814814814814825 0.4791666666666667 0.42777777777777787 0.4895833333333333 0.42777777777777787
8 0.5760416666666667 0.42592592592592604 0.5635416666666667 0.42592592592592604 0.5635416666666667 0.45555555555555566 0.5760416666666667 0.45555555555555566
8 0.578125 0.3555555555555557 0.5708333333333333 0.3555555555555557 0.5708333333333333 0.3851851851851853 0.578125 0.3851851851851853
8 0.5822916666666667 0.35185185185185197 0.575 0.35185185185185197 0.575 0.3814814814814816 0.5822916666666667 0.3814814814814816
8 0.5489583333333333 0.31851851851851865 0.540625 0.31851851851851865 0.540625 0.33703703703703713 0.5489583333333333 0.33703703703703713
4 0.6770833333333334 0.07407407407407418 0.27291666666666664 0.07407407407407413 0.27291666666666664 0.26481481481481495 0.6770833333333334 0.26481481481481495
8 0.48020833333333335 0.34814814814814826 0.47291666666666665 0.34814814814814826 0.47291666666666665 0.3648148148148149 0.48020833333333335 0.3648148148148149
8 0.4625 0.35185185185185197 0.453125 0.35185185185185197 0.453125 0.37407407407407417 0.4625 0.37407407407407417
8 0.503125 0.32222222222222235 0.49583333333333335 0.32222222222222235 0.49583333333333335 0.34259259259259267 0.503125 0.34259259259259267
8 0.565625 0.29444444444444456 0.5583333333333333 0.29444444444444456 0.5583333333333333 0.3074074074074075 0.565625 0.3074074074074075
7 0.40208333333333335 0.5314814814814814 0.390625 0.5314814814814814 0.390625 0.562962962962963 0.40208333333333335 0.562962962962963
7 0.5645833333333333 0.551851851851852 0.553125 0.551851851851852 0.553125 0.6092592592592595 0.5645833333333333 0.6092592592592595
7 0.5770833333333333 0.5370370370370372 0.565625 0.5370370370370372 0.565625 0.5925925925925928 0.5770833333333333 0.5925925925925928
7 0.5854166666666667 0.490740740740741 0.575 0.490740740740741 0.575 0.5333333333333335 0.5854166666666667 0.5333333333333335
4 0.6447916666666667 0.39444444444444454 0.5875 0.39444444444444454 0.5875 0.5222222222222225 0.6447916666666667 0.5222222222222225
4 0.6458333333333334 0.27962962962962973 0.59375 0.27962962962962973 0.59375 0.39074074074074083 0.6458333333333334 0.39074074074074083
7 0.41875 0.4648148148148149 0.40729166666666666 0.4648148148148149 0.40729166666666666 0.5037037037037037 0.41875 0.5037037037037037
7 0.43854166666666666 0.4629629629629631 0.428125 0.4629629629629631 0.428125 0.5111111111111111 0.43854166666666666 0.5111111111111111
7 0.43020833333333336 0.4629629629629631 0.42083333333333334 0.4629629629629631 0.42083333333333334 0.5074074074074074 0.43020833333333336 0.5074074074074074
7 0.5822916666666667 0.4462962962962964 0.571875 0.4462962962962964 0.571875 0.4888888888888891 0.5822916666666667 0.4888888888888891
7 0.584375 0.3111111111111112 0.5770833333333333 0.3111111111111112 0.5770833333333333 0.34259259259259267 0.584375 0.34259259259259267
7 0.5895833333333333 0.31481481481481494 0.5822916666666667 0.31481481481481494 0.5822916666666667 0.3462962962962964 0.5895833333333333 0.3462962962962964
4 0.4895833333333333 0.26296296296296306 0.45729166666666665 0.26296296296296306 0.45729166666666665 0.32037037037037047 0.4895833333333333 0.32037037037037047
3 0.5291666666666667 0.2703703703703705 0.5104166666666666 0.2703703703703705 0.5104166666666666 0.30555555555555564 0.5291666666666667 0.30555555555555564
3 0.4395833333333333 0.42407407407407416 0.39895833333333336 0.42407407407407416 0.39895833333333336 0.48518518518518516 0.4395833333333333 0.48518518518518516
7 0.4479166666666667 0.42037037037037045 0.4375 0.42037037037037045 0.4375 0.45370370370370383 0.4479166666666667 0.45370370370370383
7 0.4375 0.4111111111111112 0.42916666666666664 0.4111111111111112 0.42916666666666664 0.45370370370370383 0.4375 0.45370370370370383
8 0.428125 0.5981481481481481 0.41354166666666664 0.5981481481481481 0.41354166666666664 0.6388888888888888 0.428125 0.6388888888888888
5 0.43020833333333336 0.6129629629629629 0.4125 0.6129629629629629 0.4125 0.6555555555555556 0.43020833333333336 0.6555555555555556
9 0.46875 0.4074074074074075 0.4510416666666667 0.4074074074074075 0.4510416666666667 0.45555555555555566 0.46875 0.45555555555555566
3 0.6354166666666666 0.527777777777778 0.5875 0.527777777777778 0.5875 0.5814814814814817 0.6354166666666666 0.5814814814814817
5 0.446875 0.5537037037037037 0.428125 0.5537037037037037 0.428125 0.5888888888888889 0.446875 0.5888888888888889
5 0.5 0.45555555555555566 0.4864583333333333 0.45555555555555566 0.4864583333333333 0.4851851851851854 0.5 0.4851851851851854
5 0.490625 0.4092592592592594 0.478125 0.4092592592592594 0.478125 0.438888888888889 0.490625 0.438888888888889
5 0.5291666666666667 0.4148148148148149 0.5166666666666667 0.4148148148148149 0.5166666666666667 0.4425925925925927 0.5291666666666667 0.4425925925925927
5 0.5489583333333333 0.3296296296296297 0.5385416666666667 0.3296296296296297 0.5385416666666667 0.3500000000000001 0.5489583333333333 0.3500000000000001
5 0.5875 0.36666666666666675 0.565625 0.36666666666666675 0.565625 0.3925925925925927 0.5875 0.3925925925925927
5 0.5770833333333333 0.42777777777777787 0.5645833333333333 0.42777777777777787 0.5645833333333333 0.4648148148148149 0.5770833333333333 0.4648148148148149
5 0.5239583333333333 0.6462962962962965 0.5114583333333333 0.6462962962962965 0.5114583333333333 0.6740740740740743 0.5239583333333333 0.6740740740740743
5 0.5322916666666667 0.6111111111111113 0.5197916666666667 0.6111111111111113 0.5197916666666667 0.6407407407407409 0.5322916666666667 0.6407407407407409
5 0.46458333333333335 0.36296296296296304 0.45208333333333334 0.36296296296296304 0.45208333333333334 0.39074074074074083 0.46458333333333335 0.39074074074074083
5 0.48125 0.3611111111111112 0.46979166666666666 0.3611111111111112 0.46979166666666666 0.37962962962962976 0.48125 0.37962962962962976
5 0.5052083333333334 0.3333333333333334 0.49375 0.3333333333333334 0.49375 0.3574074074074075 0.5052083333333334 0.3574074074074075
5 0.5666666666666667 0.3037037037037038 0.55625 0.3037037037037038 0.55625 0.32037037037037047 0.5666666666666667 0.32037037037037047
7 0.46145833333333336 0.37037037037037046 0.45416666666666666 0.37037037037037046 0.45416666666666666 0.40185185185185196 0.46145833333333336 0.40185185185185196