3 0.40808823529411764 0.4509803921568628 0.29558823529411765 0.45098039215686275 0.29558823529411765 0.542483660130719 0.40808823529411764 0.5424836601307191
3 0.7897058823529411 0.5006535947712419 0.6683823529411764 0.5006535947712419 0.6683823529411764 0.5908496732026145 0.7897058823529411 0.5908496732026145
3 0.8014705882352942 0.34771241830065375 0.7360294117647059 0.34771241830065375 0.7360294117647059 0.4196078431372551 0.8014705882352942 0.4196078431372551
3 0.9727941176470588 0.5895424836601308 0.8235294117647058 0.5895424836601308 0.8235294117647058 0.7189542483660134 0.9727941176470588 0.7189542483660134
3 0.2529411764705882 0.27450980392156865 0.16911764705882354 0.27450980392156865 0.16911764705882354 0.338562091503268 0.2529411764705882 0.338562091503268
3 0.10514705882352941 0.23790849673202613 0.033823529411764724 0.23790849673202613 0.033823529411764724 0.2928104575163399 0.10514705882352941 0.2928104575163399
9 0.28161764705882353 0.25228758169934645 0.2529411764705882 0.25228758169934645 0.2529411764705882 0.29542483660130725 0.28161764705882353 0.29542483660130725
5 0.048529411764705904 0.19084967320261437 0.028676470588235303 0.19084967320261437 0.02867647058823531 0.23006535947712417 0.048529411764705904 0.23006535947712417
5 0.09632352941176471 0.21045751633986928 0.07205882352941179 0.21045751633986928 0.07205882352941179 0.24052287581699347 0.09632352941176471 0.24052287581699347
7 0.1610294117647059 0.21830065359477124 0.15 0.21830065359477124 0.15 0.26666666666666666 0.1610294117647059 0.26666666666666666
5 0.1963235294117647 0.24052287581699353 0.17205882352941176 0.24052287581699353 0.17205882352941176 0.27973856209150333 0.1963235294117647 0.27973856209150333
5 0.21838235294117647 0.24313725490196086 0.19411764705882353 0.24313725490196086 0.19411764705882353 0.28235294117647064 0.21838235294117647 0.28235294117647064
5 0.3779411764705882 0.2836601307189543 0.36176470588235293 0.2836601307189543 0.36176470588235293 0.3294117647058824 0.3779411764705882 0.3294117647058824
5 0.4022058823529412 0.2915032679738563 0.38823529411764707 0.2915032679738563 0.38823529411764707 0.33986928104575176 0.4022058823529412 0.33986928104575176
5 0.3860294117647059 0.29019607843137263 0.37426470588235294 0.29019607843137263 0.37426470588235294 0.3385620915032681 0.3860294117647059 0.3385620915032681
3 0.5117647058823529 0.26535947712418306 0.46397058823529413 0.26535947712418306 0.46397058823529413 0.3333333333333334 0.5117647058823529 0.3333333333333334
3 0.44779411764705884 0.2784313725490197 0.40661764705882353 0.2784313725490197 0.40661764705882353 0.34771241830065375 0.44779411764705884 0.34771241830065375
7 0.5691176470588235 0.32810457516339886 0.5522058823529412 0.32810457516339886 0.5522058823529412 0.38562091503267987 0.5691176470588235 0.38562091503267987
7 0.6455882352941177 0.3084967320261439 0.6272058823529412 0.3084967320261439 0.6272058823529412 0.3594771241830067 0.6455882352941177 0.3594771241830067
7 0.6683823529411764 0.3111111111111113 0.6507352941176471 0.3111111111111113 0.6507352941176471 0.362091503267974 0.6683823529411764 0.362091503267974
7 0.9220588235294118 0.38039215686274525 0.9088235294117647 0.38039215686274525 0.9088235294117647 0.43660130718954265 0.9220588235294118 0.43660130718954265
4 0.9992647058823529 0.00915032679738583 0.9176470588235294 0.00915032679738582 0.9176470588235294 0.2078431372549022 0.9992647058823529 0.2078431372549022
5 0.6058823529411764 0.2339869281045753 0.5816176470588236 0.2339869281045753 0.5816176470588236 0.2640522875816995 0.6058823529411764 0.2640522875816995
5 0.6448529411764706 0.20392156862745112 0.6227941176470588 0.20392156862745112 0.6227941176470588 0.23921568627450995 0.6448529411764706 0.23921568627450995
4 0.6801470588235294 0.13464052287581715 0.6227941176470588 0.13464052287581715 0.6227941176470588 0.2013071895424838 0.6801470588235294 0.2013071895424838
5 0.7080882352941177 0.15163398692810473 0.6911764705882353 0.15163398692810473 0.6911764705882353 0.17777777777777792 0.7080882352941177 0.17777777777777792
5 0.7198529411764706 0.13464052287581715 0.7029411764705882 0.13464052287581715 0.7029411764705882 0.162091503267974 0.7198529411764706 0.162091503267974
3 0.6992647058823529 0.1163398692810459 0.6801470588235294 0.1163398692810459 0.6801470588235294 0.15032679738562107 0.6992647058823529 0.15032679738562107
3 0.7330882352941176 0.06405228758169951 0.6764705882352942 0.0640522875816995 0.6764705882352942 0.10588235294117662 0.7330882352941176 0.10588235294117662
7 0.7794117647058824 0.01437908496732043 0.7720588235294118 0.014379084967320429 0.7720588235294118 0.04705882352941193 0.7794117647058824 0.04705882352941193
3 0.7647058823529411 0.20261437908496746 0.7286764705882353 0.20261437908496746 0.7286764705882353 0.27189542483660145 0.7647058823529411 0.27189542483660145
3 0.8088235294117647 0.0810457516339871 0.7845588235294118 0.0810457516339871 0.7845588235294118 0.12287581699346424 0.8088235294117647 0.12287581699346424
3 0.8573529411764705 0.08366013071895444 0.8345588235294118 0.08366013071895444 0.8345588235294118 0.11503267973856228 0.8573529411764705 0.11503267973856228
3 0.8308823529411765 0.043137254901960964 0.8095588235294118 0.04313725490196095 0.8095588235294118 0.07189542483660148 0.8308823529411765 0.0718954248366015
3 0.9007352941176471 0.03921568627451 0.8794117647058823 0.03921568627451 0.8794117647058823 0.06666666666666686 0.9007352941176471 0.06666666666666687
3 0.8323529411764706 0.01307189542483678 0.8117647058823529 0.013071895424836779 0.8117647058823529 0.04313725490196097 0.8323529411764706 0.04313725490196097
11 0.9058823529411765 0.2013071895424839 0.8698529411764706 0.2013071895424839 0.8698529411764706 0.2666666666666669 0.9058823529411765 0.2666666666666669
3 0.85 1.8337685077428666e-16 0.8345588235294118 1.816959630107511e-16 0.8345588235294118 0.019607843137255086 0.85 0.01960784313725509
7 0.9147058823529411 0.1241830065359479 0.9051470588235294 0.1241830065359479 0.9051470588235294 0.16209150326797403 0.9147058823529411 0.16209150326797403
7 0.9154411764705882 0.08366013071895444 0.9058823529411765 0.08366013071895444 0.9058823529411765 0.11372549019607861 0.9154411764705882 0.11372549019607861
8 0.8433823529411765 0.2640522875816995 0.8301470588235295 0.2640522875816995 0.8301470588235295 0.2901960784313727 0.8433823529411765 0.2901960784313727
5 0.8389705882352941 0.27973856209150344 0.8294117647058824 0.27973856209150344 0.8294117647058824 0.3111111111111113 0.8389705882352941 0.3111111111111113
8 0.8647058823529412 0.2941176470588237 0.8514705882352941 0.2941176470588237 0.8514705882352941 0.3202614379084969 0.8647058823529412 0.320261437908497
8 0.8977941176470589 0.2980392156862747 0.8852941176470588 0.2980392156862747 0.8852941176470588 0.3228758169934643 0.8977941176470589 0.3228758169934643
8 0.7919117647058823 0.18300653594771257 0.7794117647058824 0.18300653594771257 0.7794117647058824 0.2078431372549021 0.7919117647058823 0.2078431372549021
8 0.7397058823529412 0.1228758169934642 0.7308823529411764 0.1228758169934642 0.7308823529411764 0.14640522875817008 0.7397058823529412 0.14640522875817008
5 0.8948529411764706 0.31633986928104596 0.8845588235294117 0.31633986928104596 0.8845588235294117 0.34771241830065375 0.8948529411764706 0.34771241830065375
5 0.7904411764705882 0.1947712418300655 0.7786764705882353 0.1947712418300655 0.7786764705882353 0.22614379084967334 0.7904411764705882 0.22614379084967334
1 0.8580882352941176 0.3150326797385623 0.85 0.31503267973856225 0.85 0.35032679738562106 0.8580882352941176 0.35032679738562106
8 0.9058823529411765 0.38039215686274525 0.8897058823529411 0.38039215686274525 0.8897058823529411 0.4248366013071897 0.9058823529411765 0.4248366013071897
8 0.8948529411764706 0.35032679738562106 0.8794117647058823 0.35032679738562106 0.8794117647058823 0.38823529411764723 0.8948529411764706 0.38823529411764723
8 0.9073529411764706 0.3647058823529413 0.8941176470588236 0.3647058823529413 0.8941176470588236 0.4052287581699348 0.9073529411764706 0.4052287581699348
5 0.9080882352941176 0.39084967320261454 0.8794117647058823 0.39084967320261454 0.8794117647058823 0.41830065359477137 0.9080882352941176 0.41830065359477137
5 0.9110294117647059 0.37777777777777793 0.8794117647058823 0.37777777777777793 0.8794117647058823 0.4078431372549021 0.9110294117647059 0.4078431372549021
5 0.9080882352941176 0.3647058823529413 0.8691176470588236 0.3647058823529413 0.8691176470588236 0.39346405228758186 0.9080882352941176 0.39346405228758186
3 1 0.7555555555555559 0.9286764705882353 0.7555555555555559 0.9286764705882353 0.8849673202614382 1 0.8849673202614382
7 0.9852941176470589 0.435294117647059 0.975 0.435294117647059 0.975 0.48235294117647076 0.9852941176470589 0.48235294117647076
7 0.9919117647058824 0.45620915032679754 0.9830882352941176 0.45620915032679754 0.9830882352941176 0.4849673202614381 0.9919117647058824 0.4849673202614381
3 1 0.4601307189542485 0.9375 0.4601307189542485 0.9375 0.5228758169934642 1 0.5228758169934642
5 0.03676470588235299 0.7490196078431373 0.0007352941176471104 0.7490196078431373 0.000735294117647112 0.7986928104575164 0.03676470588235299 0.7986928104575164