4 0.5114583333333333 0.11111111111111122 0.43020833333333336 0.11111111111111122 0.43020833333333336 0.27962962962962973 0.5114583333333333 0.27962962962962973
4 0.5697916666666667 0.24814814814814826 0.5375 0.24814814814814826 0.5375 0.29444444444444456 0.5697916666666667 0.29444444444444456
3 0.53125 0.2314814814814816 0.5166666666666667 0.2314814814814816 0.5166666666666667 0.24814814814814826 0.53125 0.24814814814814826
4 0.525 0.2666666666666668 0.5104166666666666 0.2666666666666668 0.5104166666666666 0.2814814814814816 0.525 0.2814814814814816
4 0.575 0.31296296296296305 0.5583333333333333 0.31296296296296305 0.5583333333333333 0.34444444444444455 0.575 0.34444444444444455
3 0.6802083333333333 0.388888888888889 0.646875 0.388888888888889 0.646875 0.4185185185185186 0.6802083333333333 0.4185185185185186
7 0.66875 0.42592592592592604 0.6625 0.42592592592592604 0.6625 0.45925925925925937 0.66875 0.45925925925925937
3 0.6916666666666667 0.40555555555555567 0.6583333333333333 0.40555555555555567 0.6583333333333333 0.438888888888889 0.6916666666666667 0.438888888888889
3 0.703125 0.4166666666666668 0.6729166666666667 0.4166666666666668 0.6729166666666667 0.44444444444444453 0.703125 0.44444444444444453
3 0.709375 0.4351851851851853 0.6729166666666667 0.4351851851851853 0.6729166666666667 0.4648148148148149 0.709375 0.4648148148148149
5 0.74375 0.5740740740740743 0.728125 0.5740740740740743 0.728125 0.6240740740740743 0.74375 0.6240740740740743
8 0.7427083333333333 0.5703703703703705 0.7322916666666667 0.5703703703703705 0.7322916666666667 0.6092592592592595 0.7427083333333333 0.6092592592592595
7 0.728125 0.6018518518518521 0.7166666666666667 0.6018518518518521 0.7166666666666667 0.6500000000000002 0.728125 0.6500000000000002
7 0.7166666666666667 0.5870370370370372 0.70625 0.5870370370370372 0.70625 0.6388888888888891 0.7166666666666667 0.6388888888888891
5 0.6822916666666666 0.5018518518518521 0.6729166666666667 0.5018518518518521 0.6729166666666667 0.5370370370370372 0.6822916666666666 0.5370370370370372
8 0.68125 0.4962962962962965 0.6729166666666667 0.4962962962962965 0.6729166666666667 0.527777777777778 0.68125 0.527777777777778
5 0.7979166666666667 0.827777777777778 0.771875 0.827777777777778 0.771875 0.8907407407407409 0.7979166666666667 0.8907407407407409
8 0.7916666666666666 0.8259259259259262 0.778125 0.8259259259259262 0.778125 0.8740740740740743 0.7916666666666666 0.8740740740740743
0 0.7208333333333333 0.7685185185185187 0.6864583333333333 0.7685185185185187 0.6864583333333333 0.8555555555555557 0.7208333333333333 0.8555555555555557
7 0.6427083333333333 0.5574074074074076 0.6322916666666667 0.5574074074074076 0.6322916666666667 0.603703703703704 0.6427083333333333 0.603703703703704
5 0.6916666666666667 0.6925925925925928 0.6760416666666667 0.6925925925925928 0.6760416666666667 0.7351851851851854 0.6916666666666667 0.7351851851851854
8 0.6916666666666667 0.6796296296296298 0.678125 0.6796296296296298 0.678125 0.7203703703703705 0.6916666666666667 0.7203703703703705
3 0.5989583333333334 0.5574074074074076 0.5354166666666667 0.5574074074074076 0.5354166666666667 0.6111111111111113 0.5989583333333334 0.6111111111111113
5 0.6635416666666667 0.5870370370370372 0.65625 0.5870370370370372 0.65625 0.6222222222222225 0.6635416666666667 0.6222222222222225
8 0.6645833333333333 0.5796296296296298 0.6572916666666667 0.5796296296296298 0.6572916666666667 0.614814814814815 0.6645833333333333 0.614814814814815
5 0.646875 0.5333333333333335 0.6354166666666666 0.5333333333333335 0.6354166666666666 0.5666666666666669 0.646875 0.5666666666666669
8 0.646875 0.5296296296296299 0.6385416666666667 0.5296296296296299 0.6385416666666667 0.5611111111111113 0.646875 0.5611111111111113
11 0.5395833333333333 0.301851851851852 0.5072916666666667 0.301851851851852 0.5072916666666667 0.3314814814814816 0.5395833333333333 0.3314814814814816
9 0.55625 0.3314814814814816 0.5489583333333333 0.3314814814814816 0.5489583333333333 0.3500000000000001 0.55625 0.3500000000000001
0 0.553125 0.3537037037037038 0.5395833333333333 0.3537037037037038 0.5395833333333333 0.3870370370370371 0.553125 0.3870370370370371
5 0.5760416666666667 0.37962962962962976 0.5697916666666667 0.37962962962962976 0.5697916666666667 0.4037037037037038 0.5760416666666667 0.4037037037037038
8 0.5760416666666667 0.37592592592592605 0.5708333333333333 0.37592592592592605 0.5708333333333333 0.4000000000000001 0.5760416666666667 0.4000000000000001
5 0.55 0.3111111111111112 0.5447916666666667 0.3111111111111112 0.5447916666666667 0.325925925925926 0.55 0.325925925925926
8 0.5510416666666667 0.30925925925925934 0.5458333333333333 0.30925925925925934 0.5458333333333333 0.3240740740740742 0.5510416666666667 0.3240740740740742
5 0.5375 0.37407407407407417 0.53125 0.37407407407407417 0.53125 0.39444444444444454 0.5375 0.39444444444444454
8 0.5385416666666667 0.36851851851851863 0.53125 0.36851851851851863 0.53125 0.388888888888889 0.5385416666666667 0.388888888888889
4 0.4395833333333333 0.29444444444444456 0.4322916666666667 0.29444444444444456 0.4322916666666667 0.31666666666666676 0.4395833333333333 0.31666666666666676
5 0.453125 0.3500000000000001 0.4479166666666667 0.3500000000000001 0.4479166666666667 0.37037037037037046 0.453125 0.37037037037037046
8 0.453125 0.3462962962962964 0.44895833333333335 0.3462962962962964 0.44895833333333335 0.36851851851851863 0.453125 0.36851851851851863
5 0.46875 0.338888888888889 0.4625 0.338888888888889 0.4625 0.3555555555555557 0.46875 0.3555555555555557
8 0.46770833333333334 0.3333333333333334 0.4625 0.3333333333333334 0.4625 0.3537037037037038 0.46770833333333334 0.3537037037037038
5 0.37604166666666666 0.5074074074074074 0.359375 0.5074074074074074 0.359375 0.5444444444444444 0.37604166666666666 0.5444444444444444
5 0.2489583333333334 0.5074074074074074 0.23541666666666672 0.5074074074074074 0.23541666666666672 0.5314814814814814 0.2489583333333334 0.5314814814814814
5 0.25625000000000003 0.4925925925925926 0.2427083333333334 0.4925925925925926 0.2427083333333334 0.5111111111111111 0.25625000000000003 0.5111111111111111
3 0.24791666666666673 0.5888888888888889 0.18125000000000005 0.5888888888888889 0.18125000000000005 0.6518518518518519 0.24791666666666673 0.6518518518518519
0 0.3697916666666667 0.5222222222222223 0.34479166666666666 0.5222222222222223 0.34479166666666666 0.5907407407407408 0.3697916666666667 0.5907407407407408
5 0.32708333333333334 0.8092592592592592 0.29791666666666666 0.8092592592592592 0.29791666666666666 0.8592592592592593 0.32708333333333334 0.8592592592592593
5 0.2979166666666668 0.9518518518518518 0.2447916666666667 0.9518518518518518 0.2447916666666667 1 0.2979166666666668 1
5 0.4239583333333333 0.4351851851851853 0.415625 0.4351851851851853 0.415625 0.4611111111111112 0.4239583333333333 0.4611111111111112
8 0.42291666666666666 0.42962962962962975 0.415625 0.42962962962962975 0.415625 0.45555555555555566 0.42291666666666666 0.45555555555555566
5 0.4354166666666667 0.45370370370370383 0.42916666666666664 0.45370370370370383 0.42916666666666664 0.48333333333333334 0.4354166666666667 0.48333333333333334
5 0.41041666666666665 0.5296296296296297 0.39895833333333336 0.5296296296296297 0.39895833333333336 0.562962962962963 0.41041666666666665 0.562962962962963
5 0.4010416666666667 0.7388888888888889 0.3875 0.7388888888888889 0.3875 0.7944444444444444 0.4010416666666667 0.7944444444444444
8 0.4354166666666667 0.44444444444444453 0.42916666666666664 0.44444444444444453 0.42916666666666664 0.4759259259259259 0.4354166666666667 0.4759259259259259
8 0.409375 0.5222222222222223 0.4 0.5222222222222223 0.4 0.5537037037037037 0.409375 0.5537037037037037
8 0.4010416666666667 0.725925925925926 0.38645833333333335 0.725925925925926 0.38645833333333335 0.774074074074074 0.4010416666666667 0.774074074074074
8 0.4 0.7388888888888889 0.3885416666666667 0.7388888888888889 0.3885416666666667 0.7833333333333333 0.4 0.7833333333333333
8 0.4010416666666667 0.7333333333333333 0.3885416666666667 0.7333333333333333 0.3885416666666667 0.7796296296296297 0.4010416666666667 0.7796296296296297