3 0.4875000000000001 0.888888888888889 0.36875000000000013 0.8888888888888888 0.36875000000000013 0.9888888888888889 0.4875000000000001 0.9888888888888889
3 0.4802083333333334 0.8018518518518518 0.384375 0.8018518518518518 0.3843750000000001 0.8722222222222222 0.48020833333333346 0.8722222222222222
3 0.5177083333333333 0.6703703703703705 0.47708333333333336 0.6703703703703704 0.47708333333333336 0.8055555555555557 0.5177083333333333 0.8055555555555558
3 0.6052083333333333 0.5055555555555558 0.5729166666666666 0.5055555555555558 0.5729166666666666 0.5740740740740743 0.6052083333333333 0.5740740740740743
3 0.575 0.44444444444444453 0.5489583333333333 0.44444444444444453 0.5489583333333333 0.4925925925925928 0.575 0.4925925925925928
3 0.6395833333333333 0.4611111111111112 0.6052083333333333 0.4611111111111112 0.6052083333333333 0.5092592592592595 0.6395833333333333 0.5092592592592595
3 0.5739583333333333 0.2740740740740742 0.5572916666666666 0.2740740740740742 0.5572916666666666 0.3000000000000001 0.5739583333333333 0.3000000000000001
3 0.5552083333333333 0.25925925925925936 0.5385416666666667 0.25925925925925936 0.5385416666666667 0.29074074074074086 0.5552083333333333 0.29074074074074086
4 0.5989583333333334 0.007407407407407526 0.48854166666666665 0.007407407407407513 0.48854166666666665 0.22592592592592603 0.5989583333333334 0.22592592592592603
3 0.7479166666666667 0.6629629629629632 0.6625 0.6629629629629632 0.6625 0.727777777777778 0.7479166666666667 0.727777777777778
3 0.7354166666666667 0.6055555555555557 0.653125 0.6055555555555557 0.653125 0.6722222222222224 0.7354166666666667 0.6722222222222224
3 0.8385416666666666 0.8444444444444447 0.7270833333333333 0.8444444444444447 0.7270833333333333 0.9425925925925928 0.8385416666666666 0.9425925925925928
10 0.7322916666666667 0.5259259259259261 0.6458333333333334 0.5259259259259261 0.6458333333333334 0.614814814814815 0.7322916666666667 0.614814814814815
11 0.48854166666666665 0.601851851851852 0.43020833333333336 0.6018518518518519 0.43020833333333336 0.6629629629629631 0.48854166666666665 0.6629629629629632
11 0.5020833333333333 0.5425925925925927 0.44583333333333336 0.5425925925925926 0.44583333333333336 0.601851851851852 0.5020833333333333 0.6018518518518521
3 0.49895833333333334 0.4666666666666668 0.44895833333333335 0.4666666666666668 0.44895833333333335 0.5129629629629631 0.49895833333333334 0.5129629629629632
7 0.4322916666666667 0.5592592592592592 0.4197916666666667 0.5592592592592592 0.4197916666666667 0.6074074074074074 0.4322916666666667 0.6074074074074074
3 0.5083333333333333 0.4425925925925927 0.45 0.4425925925925927 0.45 0.47962962962962974 0.5083333333333333 0.47962962962962985
3 0.5166666666666667 0.36851851851851863 0.46458333333333335 0.36851851851851863 0.46458333333333335 0.39814814814814825 0.5166666666666667 0.39814814814814825
3 0.5125 0.3500000000000001 0.4708333333333333 0.3500000000000001 0.4708333333333333 0.3777777777777779 0.5125 0.3777777777777779
3 0.5177083333333333 0.3333333333333334 0.475 0.3333333333333334 0.475 0.3574074074074075 0.5177083333333333 0.3574074074074075
3 0.5145833333333333 0.31666666666666676 0.471875 0.31666666666666676 0.471875 0.33703703703703713 0.5145833333333333 0.33703703703703713
3 0.5114583333333333 0.30555555555555564 0.4739583333333333 0.30555555555555564 0.4739583333333333 0.3277777777777779 0.5114583333333333 0.3277777777777779
3 0.5125 0.3000000000000001 0.4791666666666667 0.3000000000000001 0.4791666666666667 0.31851851851851865 0.5125 0.31851851851851865
3 0.5166666666666667 0.28333333333333344 0.48333333333333334 0.28333333333333344 0.48333333333333334 0.3037037037037038 0.5166666666666667 0.3037037037037038
3 0.5197916666666667 0.2537037037037038 0.484375 0.2537037037037038 0.484375 0.2740740740740742 0.5197916666666667 0.2740740740740742
3 0.5166666666666667 0.2703703703703705 0.48333333333333334 0.2703703703703705 0.48333333333333334 0.29074074074074086 0.5166666666666667 0.29074074074074086
0 0.5145833333333333 0.2314814814814816 0.496875 0.2314814814814816 0.496875 0.25185185185185194 0.5145833333333333 0.25185185185185194
7 0.54375 0.301851851851852 0.534375 0.301851851851852 0.534375 0.3333333333333334 0.54375 0.3333333333333334
7 0.5427083333333333 0.3111111111111112 0.5385416666666667 0.3111111111111112 0.5385416666666667 0.3333333333333334 0.5427083333333333 0.3333333333333334
5 0.6770833333333334 0.4666666666666668 0.6520833333333333 0.4666666666666668 0.6520833333333333 0.49444444444444463 0.6770833333333334 0.49444444444444463
5 0.6895833333333333 0.438888888888889 0.66875 0.438888888888889 0.66875 0.4611111111111112 0.6895833333333333 0.4611111111111112
3 0.628125 0.2777777777777779 0.5916666666666667 0.2777777777777779 0.5916666666666667 0.301851851851852 0.628125 0.301851851851852
3 0.6135416666666667 0.2500000000000001 0.5791666666666667 0.2500000000000001 0.5791666666666667 0.2703703703703705 0.6135416666666667 0.2703703703703705
11 0.50625 0.42222222222222233 0.46145833333333336 0.42222222222222233 0.46145833333333336 0.45370370370370383 0.50625 0.45370370370370383
8 0.5416666666666666 0.4888888888888891 0.534375 0.4888888888888891 0.534375 0.5166666666666668 0.5416666666666666 0.5166666666666668
5 0.5427083333333333 0.5018518518518521 0.5333333333333333 0.5018518518518521 0.5333333333333333 0.5314814814814817 0.5427083333333333 0.5314814814814817
7 0.46145833333333336 0.34444444444444455 0.4552083333333333 0.34444444444444455 0.4552083333333333 0.37407407407407417 0.46145833333333336 0.37407407407407417
7 0.46875 0.31666666666666676 0.4635416666666667 0.31666666666666676 0.4635416666666667 0.3462962962962964 0.46875 0.3462962962962964
7 0.4739583333333333 0.288888888888889 0.46770833333333334 0.288888888888889 0.46770833333333334 0.31666666666666676 0.4739583333333333 0.31666666666666676