4 0.6005208333333333 0.041666666666666796 0.5817708333333333 0.041666666666666796 0.5817708333333333 0.09351851851851865 0.6005208333333333 0.09351851851851865
4 0.35572916666666665 0.09166666666666674 0.34427083333333336 0.09166666666666674 0.34427083333333336 0.11944444444444449 0.35572916666666665 0.11944444444444449
4 0.4546875 0.18425925925925937 0.4296875 0.18425925925925937 0.4296875 0.2324074074074075 0.4546875 0.2324074074074075
4 0.4796875 0.2287037037037038 0.4515625 0.2287037037037038 0.4515625 0.2675925925925927 0.4796875 0.2675925925925927
4 0.29010416666666666 0.1342592592592593 0.26197916666666665 0.1342592592592593 0.26197916666666665 0.1731481481481482 0.29010416666666666 0.1731481481481482
4 0.4244791666666667 0.11388888888888898 0.39739583333333334 0.11388888888888897 0.39739583333333334 0.15462962962962973 0.4244791666666667 0.15462962962962973
3 0.2661458333333334 0.4861111111111111 0.1723958333333334 0.4861111111111111 0.1723958333333334 0.5472222222222223 0.2661458333333334 0.5472222222222223
3 0.42552083333333335 0.4250000000000001 0.35989583333333336 0.4250000000000001 0.35989583333333336 0.48055555555555557 0.42552083333333335 0.48055555555555557
3 0.33489583333333334 0.3472222222222223 0.2765625 0.3472222222222223 0.2765625 0.3990740740740742 0.33489583333333334 0.3990740740740742
3 0.2557291666666667 0.34537037037037044 0.19010416666666666 0.3453703703703704 0.19010416666666666 0.3916666666666667 0.2557291666666667 0.3916666666666668
3 0.5817708333333333 0.5546296296296298 0.5390625 0.5546296296296298 0.5390625 0.6564814814814817 0.5817708333333333 0.6564814814814817
3 0.6390625 0.44351851851851865 0.5984375 0.44351851851851865 0.5984375 0.5138888888888891 0.6390625 0.5138888888888891
3 0.6817708333333333 0.3712962962962964 0.6338541666666667 0.3712962962962964 0.6338541666666667 0.4324074074074075 0.6817708333333333 0.4324074074074075
3 0.7244791666666667 0.4027777777777779 0.6817708333333333 0.4027777777777779 0.6817708333333333 0.46759259259259267 0.7244791666666667 0.46759259259259267
3 0.6817708333333333 0.7379629629629632 0.6203125 0.7379629629629632 0.6203125 0.9046296296296299 0.6817708333333333 0.9046296296296299
3 0.9671875 0.7342592592592595 0.8703125 0.7342592592592595 0.8703125 0.8731481481481483 0.9671875 0.8731481481481483
3 0.5614583333333333 0.8083333333333335 0.4744791666666667 0.8083333333333333 0.47447916666666673 1 0.5614583333333333 1
3 0.4390625 0.675 0.32135416666666666 0.675 0.32135416666666666 0.775 0.4390625 0.775
3 0.8130208333333333 0.33055555555555577 0.7848958333333333 0.33055555555555577 0.7848958333333333 0.38425925925925947 0.8130208333333333 0.38425925925925947
3 0.9151041666666667 0.389814814814815 0.8713541666666667 0.389814814814815 0.8713541666666667 0.4472222222222224 0.9151041666666667 0.4472222222222224
11 0.5442708333333334 0.3435185185185186 0.5046875 0.3435185185185186 0.5046875 0.38611111111111124 0.5442708333333334 0.38611111111111124
3 0.23906250000000007 0.6935185185185185 0.11406250000000005 0.6935185185185185 0.11406250000000005 0.787962962962963 0.23906250000000007 0.787962962962963
3 0.49322916666666666 0.29722222222222233 0.45364583333333336 0.29722222222222233 0.45364583333333336 0.3453703703703705 0.49322916666666666 0.3453703703703705
11 0.8755208333333333 0.30462962962962986 0.8255208333333334 0.30462962962962986 0.8255208333333334 0.34907407407407426 0.8755208333333333 0.34907407407407426
3 0.8723958333333334 0.4805555555555558 0.8213541666666667 0.4805555555555558 0.8213541666666667 0.5453703703703706 0.8723958333333334 0.5453703703703706
8 0.7796875 0.6342592592592595 0.7619791666666667 0.6342592592592595 0.7619791666666667 0.6972222222222224 0.7796875 0.6972222222222224
8 0.8557291666666667 0.589814814814815 0.8411458333333334 0.589814814814815 0.8411458333333334 0.6546296296296299 0.8557291666666667 0.6546296296296299
8 0.8734375 0.5712962962962965 0.8598958333333333 0.5712962962962965 0.8598958333333333 0.6101851851851854 0.8734375 0.6101851851851854
8 0.9130208333333333 0.5990740740740743 0.8994791666666667 0.5990740740740743 0.8994791666666667 0.6490740740740742 0.9130208333333333 0.6490740740740742
8 0.9848958333333333 0.49537037037037057 0.9755208333333333 0.49537037037037057 0.9755208333333333 0.5379629629629632 0.9848958333333333 0.5379629629629632
8 0.9973958333333334 0.4805555555555558 0.9911458333333333 0.4805555555555558 0.9911458333333333 0.5138888888888891 0.9973958333333334 0.5138888888888891
8 0.6526041666666667 0.31203703703703717 0.6442708333333333 0.31203703703703717 0.6442708333333333 0.32870370370370383 0.6526041666666667 0.32870370370370383
8 0.6890625 0.31203703703703717 0.6817708333333333 0.31203703703703717 0.6817708333333333 0.33425925925925937 0.6890625 0.33425925925925937
8 0.5098958333333333 0.426851851851852 0.4973958333333333 0.426851851851852 0.4973958333333333 0.4527777777777779 0.5098958333333333 0.4527777777777779
8 0.5244791666666667 0.7138888888888891 0.5078125 0.7138888888888891 0.5078125 0.7805555555555558 0.5244791666666667 0.7805555555555558
8 0.3015625 0.7675925925925926 0.2859375 0.7675925925925926 0.2859375 0.8398148148148148 0.3015625 0.8398148148148148
8 0.27031250000000007 0.8231481481481482 0.24322916666666672 0.8231481481481482 0.24322916666666672 0.887962962962963 0.2703125000000001 0.887962962962963
8 0.20885416666666673 0.775 0.19635416666666672 0.775 0.19635416666666672 0.8453703703703703 0.20885416666666673 0.8453703703703703
8 0.23802083333333338 0.4064814814814815 0.23072916666666668 0.4064814814814815 0.2307291666666667 0.44351851851851853 0.2380208333333334 0.44351851851851853
8 0.42864583333333334 0.3101851851851853 0.4234375 0.3101851851851853 0.4234375 0.3490740740740742 0.42864583333333334 0.3490740740740742
8 0.37864583333333335 0.30092592592592604 0.3703125 0.30092592592592604 0.3703125 0.33425925925925937 0.37864583333333335 0.33425925925925937
8 0.4473958333333333 0.2879629629629631 0.44114583333333335 0.2879629629629631 0.44114583333333335 0.3064814814814816 0.4473958333333333 0.3064814814814816
8 0.6567708333333333 0.2712962962962964 0.6515625 0.2712962962962964 0.6515625 0.29722222222222233 0.6567708333333333 0.29722222222222233
8 0.6651041666666667 0.2861111111111112 0.6609375 0.2861111111111112 0.6609375 0.30833333333333346 0.6651041666666667 0.30833333333333346
8 0.7182291666666667 0.2861111111111112 0.7130208333333333 0.2861111111111112 0.7130208333333333 0.3101851851851853 0.7182291666666667 0.3101851851851853
4 0.7515625 0.23611111111111127 0.6932291666666667 0.23611111111111127 0.6932291666666667 0.2712962962962965 0.7515625 0.2712962962962965
4 0.7192708333333333 0.1694444444444446 0.7026041666666667 0.1694444444444446 0.7026041666666667 0.19537037037037053 0.7192708333333333 0.19537037037037053
8 0.5130208333333334 0.2750000000000001 0.5046875 0.2750000000000001 0.5046875 0.2898148148148149 0.5130208333333334 0.2898148148148149
8 0.8463541666666666 0.21574074074074093 0.8348958333333333 0.2157407407407409 0.8348958333333333 0.23425925925925944 0.8463541666666666 0.23425925925925947
8 0.8661458333333333 0.22314814814814835 0.8578125 0.22314814814814835 0.8578125 0.2416666666666669 0.8661458333333333 0.2416666666666669
7 0.9609375 0.4675925925925928 0.9505208333333334 0.4675925925925928 0.9505208333333334 0.5101851851851854 0.9609375 0.5101851851851854
7 0.8026041666666667 0.802777777777778 0.7932291666666667 0.802777777777778 0.7932291666666667 0.8694444444444447 0.8026041666666667 0.8694444444444447
7 0.8098958333333334 0.8101851851851853 0.7963541666666667 0.8101851851851853 0.7963541666666667 0.8898148148148151 0.8098958333333334 0.8898148148148151
7 0.40677083333333347 0.862037037037037 0.3744791666666668 0.862037037037037 0.3744791666666668 0.9564814814814815 0.40677083333333347 0.9564814814814815
7 0.9494791666666667 0.6546296296296299 0.9338541666666667 0.6546296296296299 0.9338541666666667 0.7194444444444447 0.9494791666666667 0.7194444444444447
7 0.9598958333333333 0.6750000000000002 0.9494791666666667 0.6750000000000002 0.9494791666666667 0.7472222222222225 0.9598958333333333 0.7472222222222225
7 0.9786458333333333 0.6879629629629632 0.9661458333333334 0.6879629629629632 0.9661458333333334 0.7601851851851854 0.9786458333333333 0.7601851851851854
7 0.9994791666666667 0.6398148148148151 0.9921875 0.6398148148148151 0.9921875 0.7101851851851854 0.9994791666666667 0.7101851851851854
7 0.5765625 0.3472222222222223 0.5692708333333333 0.3472222222222223 0.5692708333333333 0.38055555555555565 0.5765625 0.38055555555555565
7 0.6328125 0.35277777777777786 0.6265625 0.35277777777777786 0.6265625 0.38055555555555565 0.6328125 0.38055555555555565
7 0.6026041666666667 0.2712962962962964 0.5963541666666666 0.2712962962962964 0.5963541666666666 0.29907407407407416 0.6026041666666667 0.29907407407407416
7 0.5901041666666667 0.24351851851851863 0.5848958333333333 0.24351851851851863 0.5848958333333333 0.2620370370370371 0.5901041666666667 0.2620370370370371
7 0.7817708333333333 0.2009259259259261 0.7723958333333333 0.2009259259259261 0.7723958333333333 0.22500000000000014 0.7817708333333333 0.22500000000000014
7 0.27447916666666666 0.16759259259259265 0.2671875 0.16759259259259265 0.2671875 0.18796296296296303 0.27447916666666666 0.18796296296296303
7 0.2786458333333333 0.18796296296296303 0.2713541666666667 0.18796296296296303 0.2713541666666667 0.2046296296296297 0.2786458333333333 0.2046296296296297
7 0.3651041666666667 0.18981481481481488 0.3619791666666667 0.18981481481481488 0.3619791666666667 0.23055555555555562 0.3651041666666667 0.23055555555555565
7 0.3796875 0.20833333333333343 0.3692708333333333 0.20833333333333343 0.3692708333333333 0.22685185185185194 0.3796875 0.22685185185185194
4 0.49322916666666666 0.263888888888889 0.46197916666666666 0.263888888888889 0.46197916666666666 0.2916666666666668 0.49322916666666666 0.2916666666666668
4 0.43072916666666666 0.08796296296296305 0.41302083333333334 0.08796296296296305 0.41302083333333334 0.11018518518518527 0.43072916666666666 0.11018518518518529
7 0.06406250000000006 0.775 0.03385416666666673 0.775 0.03385416666666673 0.8564814814814815 0.06406250000000006 0.8564814814814815
7 0.07447916666666672 0.950925925925926 0.05781250000000006 0.950925925925926 0.057812500000000065 0.9990740740740741 0.07447916666666672 0.9990740740740741
7 0.19635416666666672 0.7953703703703704 0.1786458333333334 0.7953703703703704 0.1786458333333334 0.8694444444444445 0.19635416666666672 0.8694444444444445
7 0.2380208333333334 0.7509259259259259 0.21822916666666672 0.7509259259259259 0.21822916666666672 0.8305555555555556 0.2380208333333334 0.8305555555555556
7 0.13385416666666672 0.7712962962962963 0.11614583333333339 0.7712962962962963 0.11614583333333339 0.8287037037037037 0.13385416666666672 0.8287037037037037
7 0.17343750000000005 0.7694444444444445 0.15781250000000005 0.7694444444444445 0.15781250000000005 0.8435185185185186 0.17343750000000005 0.8435185185185186
7 0.1692708333333334 0.7490740740740741 0.15260416666666674 0.7490740740740741 0.15260416666666674 0.7972222222222223 0.1692708333333334 0.7972222222222223
7 0.24843750000000006 0.7675925925925926 0.2380208333333334 0.7675925925925926 0.2380208333333334 0.8027777777777778 0.24843750000000006 0.8027777777777778
7 0.25468750000000007 0.787962962962963 0.24010416666666673 0.787962962962963 0.24010416666666673 0.8287037037037037 0.25468750000000007 0.8287037037037037
7 0.2619791666666667 0.7916666666666666 0.2473958333333334 0.7916666666666666 0.2473958333333334 0.8268518518518518 0.2619791666666667 0.8268518518518518
7 0.2755208333333333 0.7768518518518519 0.25572916666666673 0.7768518518518519 0.25572916666666673 0.8453703703703703 0.2755208333333333 0.8453703703703703
7 0.2796875 0.7527777777777778 0.26302083333333337 0.7527777777777778 0.26302083333333337 0.8027777777777778 0.2796875 0.8027777777777778
7 0.3390625 0.7509259259259259 0.3265625 0.7509259259259259 0.3265625 0.8194444444444444 0.3390625 0.8194444444444444
7 0.16510416666666666 0.3287037037037037 0.15677083333333333 0.3287037037037037 0.15677083333333333 0.3731481481481482 0.16510416666666666 0.3731481481481482
7 0.13281250000000003 0.36203703703703705 0.12343750000000003 0.36203703703703705 0.12343750000000003 0.4009259259259259 0.13281250000000003 0.4009259259259259
7 0.1421875 0.36203703703703705 0.13385416666666666 0.36203703703703705 0.13385416666666666 0.3972222222222222 0.1421875 0.3972222222222222
7 0.08906250000000003 0.275 0.07864583333333336 0.275 0.07864583333333336 0.30277777777777776 0.08906250000000003 0.30277777777777776
7 0.013020833333333353 0.287962962962963 0.004687500000000021 0.287962962962963 0.0046875000000000215 0.31203703703703706 0.013020833333333355 0.31203703703703706
7 0.1390625 0.28055555555555556 0.12552083333333336 0.28055555555555556 0.12552083333333336 0.31574074074074077 0.1390625 0.31574074074074077
7 0.14114583333333333 0.25462962962962965 0.13489583333333333 0.25462962962962965 0.13489583333333333 0.27685185185185185 0.14114583333333333 0.27685185185185185
7 0.2078125 0.23611111111111116 0.20052083333333334 0.23611111111111116 0.20052083333333334 0.2564814814814815 0.2078125 0.2564814814814815
7 0.2234375 0.2638888888888889 0.2171875 0.2638888888888889 0.2171875 0.28055555555555556 0.2234375 0.28055555555555556
7 0.2557291666666667 0.2305555555555556 0.24635416666666668 0.2305555555555556 0.24635416666666668 0.2453703703703705 0.2557291666666667 0.2453703703703705
7 0.2828125 0.22870370370370377 0.2765625 0.22870370370370377 0.2765625 0.2564814814814816 0.2828125 0.2564814814814816
7 0.2713541666666667 0.20648148148148154 0.26510416666666664 0.20648148148148154 0.26510416666666664 0.24166666666666678 0.2713541666666667 0.24166666666666678
3 0.6015625 0.15277777777777787 0.5911458333333334 0.15277777777777787 0.5911458333333334 0.1750000000000001 0.6015625 0.1750000000000001
3 0.6286458333333333 0.1583333333333335 0.6130208333333333 0.1583333333333335 0.6130208333333333 0.176851851851852 0.6286458333333333 0.176851851851852
3 0.6088541666666667 0.09722222222222235 0.5953125 0.09722222222222235 0.5953125 0.10648148148148161 0.6088541666666667 0.10648148148148161
3 0.4765625 0.17685185185185195 0.4630208333333333 0.17685185185185195 0.4630208333333333 0.19351851851851862 0.4765625 0.19351851851851862
3 0.48802083333333335 0.19351851851851862 0.4765625 0.19351851851851862 0.4765625 0.21018518518518528 0.48802083333333335 0.21018518518518528
3 0.5015625 0.2027777777777779 0.4817708333333333 0.2027777777777779 0.4817708333333333 0.2212962962962964 0.5015625 0.2212962962962964
3 0.5213541666666667 0.22314814814814826 0.4973958333333333 0.22314814814814826 0.4973958333333333 0.24722222222222232 0.5213541666666667 0.24722222222222232
3 0.5380208333333333 0.24166666666666678 0.5140625 0.24166666666666678 0.5140625 0.27314814814814825 0.5380208333333333 0.27314814814814825
3 0.4984375 0.14722222222222234 0.4859375 0.14722222222222234 0.4859375 0.16944444444444454 0.4984375 0.16944444444444454
3 0.5088541666666667 0.16203703703703715 0.49635416666666665 0.16203703703703715 0.49635416666666665 0.18055555555555566 0.5088541666666667 0.18055555555555566
3 0.5244791666666667 0.17314814814814825 0.5088541666666667 0.17314814814814825 0.5088541666666667 0.19166666666666676 0.5244791666666667 0.19166666666666676
3 0.5369791666666667 0.1898148148148149 0.5203125 0.1898148148148149 0.5203125 0.2064814814814816 0.5369791666666667 0.2064814814814816
3 0.5578125 0.2027777777777779 0.5317708333333333 0.2027777777777779 0.5317708333333333 0.22685185185185194 0.5578125 0.22685185185185194
3 0.4942708333333333 0.17685185185185195 0.4859375 0.17685185185185195 0.4859375 0.18425925925925937 0.4942708333333333 0.18425925925925937
3 0.5046875 0.17685185185185195 0.49322916666666666 0.17685185185185195 0.49322916666666666 0.20092592592592604 0.5046875 0.20092592592592604
11 0.5296875 0.19907407407407418 0.5088541666666667 0.19907407407407418 0.5088541666666667 0.22685185185185194 0.5296875 0.22685185185185194
3 0.21822916666666667 0.27870370370370373 0.1890625 0.27870370370370373 0.1890625 0.33055555555555555 0.21822916666666667 0.33055555555555555
3 0.056770833333333354 0.30092592592592593 0.024479166666666687 0.30092592592592593 0.024479166666666687 0.3509259259259259 0.05677083333333336 0.3509259259259259
3 0.019270833333333355 0.30833333333333335 0.0015625000000000213 0.30833333333333335 0.0015625000000000226 0.3490740740740741 0.019270833333333355 0.3490740740740741
3 0.24947916666666667 0.27870370370370373 0.2203125 0.27870370370370373 0.2203125 0.3268518518518519 0.24947916666666667 0.32685185185185195
3 0.2703125 0.2787037037037038 0.25052083333333336 0.2787037037037038 0.25052083333333336 0.313888888888889 0.2703125 0.313888888888889
3 0.3026041666666667 0.2787037037037038 0.28177083333333336 0.2787037037037038 0.28177083333333336 0.31203703703703717 0.3026041666666667 0.31203703703703717
3 0.33177083333333335 0.27314814814814825 0.3078125 0.27314814814814825 0.3078125 0.30462962962962975 0.33177083333333335 0.30462962962962975
3 0.39739583333333334 0.2675925925925927 0.36822916666666666 0.2675925925925927 0.36822916666666666 0.29537037037037045 0.39739583333333334 0.29537037037037045
3 0.44947916666666665 0.2453703703703705 0.4036458333333333 0.2453703703703705 0.4036458333333333 0.2750000000000001 0.44947916666666665 0.2750000000000001
3 0.4296875 0.21018518518518528 0.39010416666666664 0.21018518518518528 0.39010416666666664 0.2324074074074075 0.4296875 0.2324074074074075
3 0.4171875 0.19722222222222233 0.3848958333333333 0.19722222222222233 0.3848958333333333 0.2212962962962964 0.4171875 0.2212962962962964
11 0.4088541666666667 0.16574074074074086 0.37447916666666664 0.16574074074074086 0.37447916666666664 0.18611111111111123 0.4088541666666667 0.18611111111111123
3 0.3223958333333333 0.21203703703703708 0.28072916666666664 0.21203703703703708 0.28072916666666664 0.23611111111111116 0.3223958333333333 0.23611111111111116
3 0.3223958333333333 0.19722222222222227 0.2869791666666667 0.19722222222222227 0.2869791666666667 0.21759259259259264 0.3223958333333333 0.21759259259259264
11 0.3255208333333333 0.1731481481481482 0.2890625 0.1731481481481482 0.2890625 0.19537037037037042 0.3255208333333333 0.19537037037037042
11 0.3296875 0.150925925925926 0.2921875 0.150925925925926 0.2921875 0.1694444444444445 0.3296875 0.1694444444444445
11 0.3234375 0.14907407407407414 0.29739583333333336 0.14907407407407414 0.29739583333333336 0.17500000000000004 0.3234375 0.17500000000000004
3 0.8755208333333333 0.2787037037037039 0.8276041666666667 0.2787037037037039 0.8276041666666667 0.30833333333333357 0.8755208333333333 0.30833333333333357
3 0.9765625 0.289814814814815 0.9307291666666667 0.289814814814815 0.9307291666666667 0.3212962962962965 0.9765625 0.3212962962962965
3 0.9661458333333334 0.2750000000000002 0.9255208333333333 0.2750000000000002 0.9255208333333333 0.30462962962962986 0.9661458333333334 0.30462962962962986
11 0.9078125 0.2416666666666669 0.8567708333333334 0.2416666666666669 0.8567708333333334 0.2787037037037039 0.9078125 0.2787037037037039
3 0.8526041666666667 0.252777777777778 0.8119791666666667 0.252777777777778 0.8119791666666667 0.2750000000000002 0.8526041666666667 0.2750000000000002
3 0.8598958333333333 0.2638888888888891 0.8171875 0.2638888888888891 0.8171875 0.2861111111111113 0.8598958333333333 0.2861111111111113
3 0.9192708333333334 0.2638888888888891 0.8734375 0.2638888888888891 0.8734375 0.29537037037037056 0.9192708333333334 0.29537037037037056
3 0.9380208333333333 0.24537037037037057 0.9098958333333333 0.24537037037037057 0.9098958333333333 0.26574074074074094 0.9380208333333333 0.26574074074074094
3 0.9786458333333333 0.22129629629629652 0.9453125 0.22129629629629652 0.9453125 0.2416666666666669 0.9786458333333333 0.2416666666666669
3 0.9703125 0.2416666666666669 0.9442708333333333 0.2416666666666669 0.9442708333333333 0.2712962962962965 0.9703125 0.2712962962962965
3 0.9953125 0.2546296296296298 0.9609375 0.2546296296296298 0.9609375 0.2861111111111113 0.9953125 0.2861111111111113
2 0.9994791666666667 0.19722222222222244 0.9744791666666667 0.19722222222222244 0.9744791666666667 0.26944444444444465 0.9994791666666667 0.26944444444444465
3 0.6713541666666667 0.1879629629629631 0.6421875 0.1879629629629631 0.6421875 0.21759259259259275 0.6713541666666667 0.21759259259259275
4 0.9130208333333333 0.1990740740740743 0.8859375 0.1990740740740743 0.8859375 0.23425925925925947 0.9130208333333333 0.23425925925925947
5 0.8630208333333333 0.6138888888888892 0.8276041666666667 0.6138888888888892 0.8276041666666667 0.6490740740740742 0.8630208333333333 0.6490740740740742
5 0.5119791666666667 0.44351851851851865 0.5005208333333333 0.44351851851851865 0.5005208333333333 0.46759259259259267 0.5119791666666667 0.46759259259259267
1 0.5244791666666667 0.7490740740740743 0.5078125 0.7490740740740743 0.5078125 0.8046296296296298 0.5244791666666667 0.8046296296296298
1 0.7848958333333333 0.665740740740741 0.7557291666666667 0.665740740740741 0.7557291666666667 0.702777777777778 0.7848958333333333 0.702777777777778
1 0.9213541666666667 0.6305555555555558 0.8953125 0.6305555555555558 0.8953125 0.6583333333333335 0.9213541666666667 0.6583333333333335
1 0.9942708333333333 0.5138888888888891 0.9630208333333333 0.5138888888888891 0.9630208333333333 0.5453703703703706 0.9942708333333333 0.5453703703703706
1 0.8723958333333334 0.5861111111111114 0.8546875 0.5861111111111114 0.8546875 0.6194444444444447 0.8723958333333334 0.6194444444444447
1 0.6276041666666666 0.3453703703703705 0.6161458333333333 0.3453703703703705 0.6161458333333333 0.36574074074074087 0.6276041666666666 0.36574074074074087
1 0.5390625 0.400925925925926 0.5234375 0.400925925925926 0.5234375 0.4287037037037038 0.5390625 0.4287037037037038
5 0.48489583333333336 0.4175925925925927 0.46822916666666664 0.4175925925925927 0.46822916666666664 0.44351851851851865 0.48489583333333336 0.44351851851851865
8 0.4817708333333333 0.400925925925926 0.46927083333333336 0.400925925925926 0.46927083333333336 0.43425925925925934 0.4817708333333333 0.43425925925925934
8 0.5515625 0.38055555555555565 0.5463541666666667 0.38055555555555565 0.5463541666666667 0.4027777777777779 0.5515625 0.4027777777777779
1 0.5401041666666667 0.4027777777777779 0.5286458333333334 0.4027777777777779 0.5286458333333334 0.4212962962962964 0.5401041666666667 0.4212962962962964
1 0.5536458333333333 0.3972222222222223 0.5463541666666667 0.3972222222222223 0.5463541666666667 0.4212962962962964 0.5536458333333333 0.4212962962962964
1 0.28906250000000006 0.8546296296296296 0.2317708333333334 0.8546296296296296 0.2317708333333334 0.899074074074074 0.2890625000000001 0.899074074074074
4 0.7713541666666667 0.26203703703703723 0.7348958333333333 0.26203703703703723 0.7348958333333333 0.30092592592592615 0.7713541666666667 0.30092592592592615
7 0.7838541666666666 0.2675925925925928 0.7786458333333334 0.2675925925925928 0.7786458333333334 0.29537037037037056 0.7838541666666666 0.29537037037037056
7 0.7942708333333334 0.29166666666666685 0.7890625 0.29166666666666685 0.7890625 0.3175925925925928 0.7942708333333334 0.3175925925925928
7 0.8088541666666667 0.29351851851851873 0.8046875 0.29351851851851873 0.8046875 0.3175925925925928 0.8088541666666667 0.3175925925925928
7 0.9890625 0.4564814814814817 0.9776041666666667 0.4564814814814817 0.9776041666666667 0.502777777777778 0.9890625 0.502777777777778
7 0.24843750000000006 0.5083333333333333 0.2317708333333334 0.5083333333333333 0.2317708333333334 0.5657407407407408 0.24843750000000006 0.5657407407407408
4 0.6473958333333333 0.24907407407407417 0.6307291666666667 0.24907407407407417 0.6307291666666667 0.2787037037037038 0.6473958333333333 0.2787037037037038
4 0.7609375 0.17500000000000016 0.7348958333333333 0.17500000000000016 0.7348958333333333 0.226851851851852 0.7609375 0.226851851851852
3 0.3703125 0.27314814814814825 0.34010416666666665 0.27314814814814825 0.34010416666666665 0.30092592592592604 0.3703125 0.30092592592592604
1 0.25052083333333336 0.42129629629629634 0.21927083333333333 0.4212962962962963 0.21927083333333336 0.4472222222222223 0.2505208333333334 0.44722222222222235
1 0.38697916666666665 0.31203703703703717 0.3619791666666667 0.31203703703703717 0.3619791666666667 0.3398148148148149 0.38697916666666665 0.3398148148148149
1 0.43385416666666665 0.32314814814814824 0.4192708333333333 0.32314814814814824 0.4192708333333333 0.3453703703703705 0.43385416666666665 0.3453703703703705
1 0.5130208333333334 0.2861111111111112 0.5026041666666666 0.2861111111111112 0.5026041666666666 0.30092592592592604 0.5130208333333334 0.30092592592592604
1 0.44947916666666665 0.30462962962962975 0.4390625 0.30462962962962975 0.4390625 0.3157407407407408 0.44947916666666665 0.3157407407407408
1 0.6942708333333333 0.33055555555555566 0.6796875 0.33055555555555566 0.6796875 0.3453703703703705 0.6942708333333333 0.3453703703703705
1 0.6505208333333333 0.33055555555555566 0.6411458333333333 0.33055555555555566 0.6411458333333333 0.3472222222222223 0.6505208333333333 0.3472222222222223
5 0.7234375 0.30277777777777787 0.7057291666666666 0.30277777777777787 0.7057291666666666 0.3212962962962964 0.7234375 0.3212962962962964
5 0.5380208333333333 0.4027777777777779 0.5244791666666667 0.4027777777777779 0.5244791666666667 0.4212962962962964 0.5380208333333333 0.4212962962962964
5 0.5765625 0.363888888888889 0.5692708333333333 0.363888888888889 0.5692708333333333 0.38425925925925936 0.5765625 0.38425925925925936
11 0.39947916666666666 0.15277777777777787 0.3692708333333333 0.15277777777777787 0.3692708333333333 0.18055555555555566 0.39947916666666666 0.18055555555555566
3 0.39010416666666664 0.14722222222222234 0.3671875 0.14722222222222234 0.3671875 0.163888888888889 0.39010416666666664 0.163888888888889
3 0.4828125 0.15462962962962973 0.4713541666666667 0.15462962962962973 0.4713541666666667 0.1787037037037038 0.4828125 0.1787037037037038
3 0.4713541666666667 0.14722222222222234 0.4588541666666667 0.14722222222222234 0.4588541666666667 0.16203703703703715 0.4713541666666667 0.16203703703703715
3 0.45989583333333334 0.1361111111111112 0.4484375 0.1361111111111112 0.4484375 0.15648148148148158 0.45989583333333334 0.15648148148148158
3 0.47552083333333334 0.1324074074074075 0.46822916666666664 0.1324074074074075 0.46822916666666664 0.1490740740740742 0.47552083333333334 0.1490740740740742
3 0.47239583333333335 0.1250000000000001 0.4609375 0.1250000000000001 0.4609375 0.14722222222222234 0.47239583333333335 0.14722222222222234
3 0.4661458333333333 0.11759259259259269 0.4557291666666667 0.11759259259259269 0.4557291666666667 0.13055555555555567 0.4661458333333333 0.13055555555555567
3 0.45364583333333336 0.12314814814814826 0.44427083333333334 0.12314814814814826 0.44427083333333334 0.14351851851851863 0.45364583333333336 0.14351851851851863
3 0.44427083333333334 0.11574074074074085 0.4359375 0.11574074074074085 0.4359375 0.1361111111111112 0.44427083333333334 0.1361111111111112
3 0.43697916666666664 0.10462962962962974 0.4265625 0.10462962962962974 0.4265625 0.1250000000000001 0.43697916666666664 0.1250000000000001
3 0.4453125 0.1064814814814816 0.4401041666666667 0.1064814814814816 0.4401041666666667 0.1212962962962964 0.4453125 0.1212962962962964
3 0.4546875 0.1064814814814816 0.44427083333333334 0.1064814814814816 0.44427083333333334 0.1250000000000001 0.4546875 0.1250000000000001
7 0.1578125 0.27685185185185185 0.15260416666666668 0.27685185185185185 0.15260416666666668 0.30462962962962964 0.1578125 0.30462962962962964
7 0.1703125 0.27685185185185185 0.16302083333333334 0.27685185185185185 0.16302083333333334 0.3101851851851852 0.1703125 0.3101851851851852
7 0.17447916666666666 0.27314814814814814 0.16614583333333333 0.27314814814814814 0.16614583333333333 0.3101851851851852 0.17447916666666666 0.3101851851851852
7 0.14635416666666667 0.3453703703703704 0.1390625 0.3453703703703704 0.1390625 0.3768518518518518 0.14635416666666667 0.3768518518518518
7 0.1244791666666667 0.30648148148148147 0.11822916666666669 0.30648148148148147 0.11822916666666669 0.3435185185185185 0.1244791666666667 0.3435185185185185
7 0.10781250000000003 0.35462962962962963 0.0994791666666667 0.35462962962962963 0.0994791666666667 0.38981481481481484 0.10781250000000003 0.38981481481481484
7 0.11614583333333336 0.35648148148148145 0.10781250000000003 0.35648148148148145 0.10781250000000003 0.38796296296296295 0.11614583333333336 0.38796296296296295
7 0.1453125 0.31574074074074077 0.13802083333333334 0.31574074074074077 0.13802083333333334 0.35833333333333334 0.1453125 0.35833333333333334
7 0.3494791666666667 0.14907407407407414 0.34427083333333336 0.14907407407407414 0.34427083333333336 0.1805555555555556 0.3494791666666667 0.1805555555555556
7 0.35572916666666665 0.16018518518518524 0.3494791666666667 0.16018518518518524 0.3494791666666667 0.18796296296296303 0.35572916666666665 0.18796296296296303