1 0.7661764705882353 0.02745098039215703 0.7573529411764706 0.02745098039215703 0.7573529411764706 0.07058823529411781 0.7661764705882353 0.07058823529411781
3 0.736764705882353 1.534410401284625e-16 0.6727941176470589 1.4647736225095794e-16 0.6727941176470589 0.03660130718954264 0.736764705882353 0.03660130718954264
3 0.7492647058823529 0.03398692810457532 0.675 0.03398692810457531 0.675 0.0836601307189544 0.7492647058823529 0.0836601307189544
3 0.7683823529411765 0.05620915032679755 0.7066176470588236 0.05620915032679753 0.7066176470588236 0.12156862745098056 0.7683823529411765 0.12156862745098058
3 0.7713235294117647 0.1398692810457518 0.6911764705882353 0.13986928104575178 0.6911764705882353 0.2013071895424838 0.7713235294117647 0.2013071895424838
11 0.8132352941176471 0.2444444444444446 0.7316176470588235 0.2444444444444446 0.7316176470588235 0.33986928104575176 0.8132352941176471 0.33986928104575176
11 0.8007352941176471 0.3516339869281047 0.7080882352941177 0.3516339869281047 0.7080882352941177 0.4980392156862747 0.8007352941176471 0.4980392156862747
10 0.7264705882352941 0.46928104575163415 0.6786764705882353 0.46928104575163415 0.6786764705882353 0.6222222222222223 0.7264705882352941 0.6222222222222223
7 0.8117647058823529 0.49150326797385635 0.7933823529411764 0.49150326797385635 0.7933823529411764 0.5686274509803924 0.8117647058823529 0.5686274509803924
7 0.9558823529411765 0.7137254901960788 0.9330882352941177 0.7137254901960788 0.9330882352941177 0.793464052287582 0.9558823529411765 0.793464052287582
3 0.9139705882352941 0.6862745098039219 0.7735294117647059 0.6862745098039219 0.7735294117647059 0.8326797385620918 0.9139705882352941 0.8326797385620918
9 0.8522058823529411 0.6339869281045754 0.7941176470588235 0.6339869281045754 0.7941176470588235 0.6954248366013075 0.8522058823529411 0.6954248366013075
8 0.9948529411764706 0.5464052287581701 0.975735294117647 0.5464052287581701 0.975735294117647 0.6013071895424839 0.9948529411764706 0.6013071895424839
1 0.8286764705882353 0.06405228758169954 0.8161764705882353 0.06405228758169954 0.8161764705882353 0.10588235294117665 0.8286764705882353 0.10588235294117665
3 0.4632352941176471 9.693119436388529e-17 0.42720588235294116 9.300912291563558e-17 0.42720588235294116 0.03006535947712428 0.4632352941176471 0.030065359477124284
11 0.38823529411764707 8.068261264970797e-17 0.35294117647058826 7.684058347591236e-17 0.35294117647058826 0.022222222222222303 0.38823529411764707 0.022222222222222306
7 0.3463235294117647 0.07058823529411772 0.3360294117647059 0.07058823529411772 0.3360294117647059 0.12418300653594778 0.3463235294117647 0.12418300653594778
8 0.41102941176470587 0.1006535947712419 0.39705882352941174 0.1006535947712419 0.39705882352941174 0.15555555555555564 0.41102941176470587 0.15555555555555564
8 0.45073529411764707 0.1150326797385622 0.43970588235294117 0.1150326797385622 0.43970588235294117 0.16209150326797397 0.45073529411764707 0.16209150326797397
1 0.45073529411764707 0.13333333333333344 0.43970588235294117 0.13333333333333344 0.43970588235294117 0.1856209150326798 0.45073529411764707 0.1856209150326798
1 0.40955882352941175 0.11764705882352948 0.4007352941176471 0.11764705882352948 0.4007352941176471 0.17124183006535956 0.40955882352941175 0.17124183006535956
3 0.4139705882352941 0.005228758169934726 0.3779411764705882 0.005228758169934722 0.3779411764705882 0.0653594771241831 0.4139705882352941 0.0653594771241831
3 0.39558823529411763 0.06143790849673211 0.35661764705882354 0.0614379084967321 0.35661764705882354 0.12941176470588242 0.39558823529411763 0.12941176470588242
3 0.41102941176470587 0.9071895424836601 0.3338235294117648 0.9071895424836601 0.3338235294117648 1 0.41102941176470587 1
3 0.22720588235294117 0.15424836601307193 0.11544117647058824 0.15424836601307193 0.11544117647058824 0.2274509803921569 0.22720588235294117 0.22745098039215694
3 0.2735294117647059 0.07581699346405234 0.2051470588235294 0.07581699346405232 0.2051470588235294 0.14117647058823535 0.2735294117647059 0.14117647058823538
7 0.1860294117647059 0.03790849673202618 0.17205882352941176 0.03790849673202618 0.17205882352941176 0.09150326797385624 0.1860294117647059 0.09150326797385624
7 0.17058823529411765 0.053594771241830104 0.15514705882352942 0.053594771241830104 0.15514705882352942 0.11633986928104578 0.17058823529411765 0.11633986928104578
7 0.15294117647058825 0.04183006535947716 0.13970588235294118 0.04183006535947716 0.13970588235294118 0.08627450980392161 0.15294117647058825 0.08627450980392161
7 0.1411764705882353 0.03006535947712421 0.12573529411764706 0.03006535947712421 0.12573529411764706 0.08366013071895428 0.1411764705882353 0.08366013071895428
7 0.12426470588235294 0.014379084967320287 0.10735294117647058 0.014379084967320285 0.10735294117647058 0.07058823529411766 0.12426470588235294 0.07058823529411766
7 0.11102941176470588 0.018300653594771264 0.09705882352941177 0.018300653594771264 0.09705882352941177 0.07320261437908498 0.11102941176470588 0.07320261437908498
8 0.10808823529411765 0.032679738562091526 0.09264705882352942 0.03267973856209152 0.09264705882352942 0.09019607843137259 0.10808823529411765 0.09019607843137259
1 0.12279411764705882 0.05228758169934642 0.08676470588235294 0.05228758169934642 0.08676470588235294 0.09019607843137259 0.12279411764705882 0.09019607843137259
3 0.5816176470588236 0.37777777777777793 0.5279411764705882 0.37777777777777793 0.5279411764705882 0.5098039215686276 0.5816176470588236 0.5098039215686276