3 0.31354166666666666 0.43888888888888894 0.21718750000000006 0.4388888888888889 0.21718750000000006 0.5083333333333333 0.31354166666666666 0.5083333333333333
8 0.13958333333333336 0.4222222222222222 0.12708333333333335 0.4222222222222222 0.12708333333333335 0.44907407407407407 0.1395833333333334 0.44907407407407407
7 0.10937500000000003 0.4101851851851852 0.09270833333333336 0.4101851851851852 0.09270833333333336 0.4638888888888889 0.10937500000000003 0.4638888888888889
7 0.09270833333333336 0.40185185185185185 0.07864583333333336 0.40185185185185185 0.07864583333333336 0.4527777777777778 0.09270833333333336 0.4527777777777778
7 0.1229166666666667 0.40370370370370373 0.1088541666666667 0.40370370370370373 0.1088541666666667 0.4564814814814815 0.1229166666666667 0.4564814814814815
7 0.12552083333333336 0.3990740740740741 0.11302083333333336 0.3990740740740741 0.11302083333333336 0.45092592592592595 0.12552083333333336 0.45092592592592595
4 0.23958333333333334 0.16296296296296298 0.0984375 0.16296296296296298 0.0984375 0.2138888888888889 0.23958333333333334 0.21388888888888893
3 0.6880208333333333 0.6685185185185187 0.5088541666666667 0.6685185185185187 0.5088541666666667 0.8361111111111114 0.6880208333333333 0.8361111111111114
11 0.48125 0.4064814814814816 0.4036458333333333 0.4064814814814816 0.4036458333333333 0.48333333333333334 0.48125 0.48333333333333334
3 0.9005208333333333 0.43055555555555575 0.8296875 0.43055555555555575 0.8296875 0.49166666666666686 0.9005208333333333 0.49166666666666686
10 0.8416666666666667 0.3388888888888891 0.7885416666666667 0.3388888888888891 0.7885416666666667 0.39444444444444465 0.8416666666666667 0.39444444444444465
9 0.5921875 0.3814814814814816 0.5546875 0.3814814814814816 0.5546875 0.42407407407407416 0.5921875 0.42407407407407416
8 0.6109375 0.3777777777777779 0.596875 0.3777777777777779 0.596875 0.41018518518518526 0.6109375 0.41018518518518526
8 0.61875 0.3787037037037038 0.6078125 0.3787037037037038 0.6078125 0.4064814814814816 0.61875 0.4064814814814816
8 0.6109375 0.3777777777777779 0.5979166666666667 0.3777777777777779 0.5979166666666667 0.40833333333333344 0.6109375 0.40833333333333344
1 0.6401041666666667 0.36296296296296304 0.625 0.36296296296296304 0.625 0.38796296296296306 0.6401041666666667 0.38796296296296306
1 0.6786458333333333 0.35833333333333345 0.65625 0.35833333333333345 0.65625 0.38425925925925936 0.6786458333333333 0.38425925925925936
3 0.7015625 0.3351851851851853 0.6734375 0.3351851851851853 0.6734375 0.38240740740740753 0.7015625 0.38240740740740753
3 0.6354166666666666 0.13888888888888903 0.5807291666666666 0.138888888888889 0.5807291666666666 0.1814814814814816 0.6354166666666666 0.18148148148148163