3 0.6058823529411764 0.8366013071895425 0.5536764705882353 0.8366013071895425 0.5536764705882353 0.9830065359477124 0.6058823529411764 0.9830065359477124
3 0.3705882352941177 0.7503267973856209 0.3014705882352942 0.7503267973856209 0.3014705882352942 0.9228758169934641 0.3705882352941177 0.9228758169934641
3 0.5889705882352941 0.49150326797385635 0.5558823529411765 0.49150326797385635 0.5558823529411765 0.5555555555555557 0.5889705882352941 0.5555555555555557
3 0.4522058823529412 0.41568627450980405 0.41691176470588237 0.41568627450980405 0.41691176470588237 0.4875816993464054 0.4522058823529412 0.4875816993464054
3 0.4117647058823529 0.49281045751634 0.375 0.49281045751634 0.375 0.5751633986928106 0.4117647058823529 0.5751633986928106
3 0.6183823529411765 0.3424836601307191 0.5948529411764706 0.3424836601307191 0.5948529411764706 0.3869281045751635 0.6183823529411765 0.3869281045751635
3 0.6286764705882353 0.2993464052287583 0.6036764705882353 0.2993464052287583 0.6036764705882353 0.3437908496732028 0.6286764705882353 0.3437908496732028
3 0.55 0.24705882352941191 0.5308823529411765 0.24705882352941191 0.5308823529411765 0.28235294117647075 0.55 0.28235294117647075
3 0.5558823529411765 0.18300653594771257 0.538235294117647 0.18300653594771257 0.538235294117647 0.21568627450980407 0.5558823529411765 0.21568627450980407
3 0.5235294117647059 0.11111111111111122 0.5102941176470588 0.11111111111111122 0.5102941176470588 0.13986928104575175 0.5235294117647059 0.13986928104575175
3 0.4948529411764706 0.1346405228758171 0.47941176470588237 0.1346405228758171 0.47941176470588237 0.17254901960784322 0.4948529411764706 0.17254901960784322
3 0.4860294117647059 0.17385620915032687 0.47205882352941175 0.17385620915032687 0.47205882352941175 0.20000000000000007 0.4860294117647059 0.20000000000000007
3 0.48308823529411765 0.281045751633987 0.4573529411764706 0.281045751633987 0.4573529411764706 0.3228758169934641 0.48308823529411765 0.3228758169934641
3 0.6176470588235294 0.24575163398692826 0.5941176470588235 0.24575163398692826 0.5941176470588235 0.28496732026143806 0.6176470588235294 0.28496732026143806
3 0.5970588235294118 0.1320261437908498 0.5786764705882353 0.1320261437908498 0.5786764705882353 0.16209150326797397 0.5970588235294118 0.16209150326797397
3 0.5264705882352941 0.06666666666666678 0.5161764705882353 0.06666666666666678 0.5161764705882353 0.09934640522875827 0.5264705882352941 0.09934640522875827
3 0.5338235294117647 0.036601307189542596 0.5257352941176471 0.036601307189542596 0.5257352941176471 0.05228758169934652 0.5338235294117647 0.05228758169934652
3 0.5161764705882353 0.018300653594771354 0.5066176470588235 0.018300653594771354 0.5066176470588235 0.036601307189542596 0.5161764705882353 0.036601307189542596
3 0.5529411764705883 0.022222222222222345 0.5426470588235294 0.022222222222222345 0.5426470588235294 0.040522875816993584 0.5529411764705883 0.040522875816993584
3 0.5514705882352942 0.0013071895424837795 0.5426470588235294 0.0013071895424837787 0.5426470588235294 0.01437908496732038 0.5514705882352942 0.014379084967320382
3 0.600735294117647 0.0732026143790851 0.5882352941176471 0.0732026143790851 0.5882352941176471 0.09150326797385634 0.600735294117647 0.09150326797385636
2 0.6669117647058823 0.002614379084967462 0.6330882352941176 0.0026143790849674584 0.6330882352941176 0.030065359477124326 0.6669117647058823 0.030065359477124333
3 0.4698529411764706 0.2483660130718955 0.44779411764705884 0.2483660130718955 0.44779411764705884 0.284967320261438 0.4698529411764706 0.284967320261438
3 0.4823529411764706 0.22091503267973864 0.4602941176470588 0.22091503267973864 0.4602941176470588 0.2562091503267975 0.4823529411764706 0.2562091503267975
3 0.4602941176470588 0.3647058823529413 0.43308823529411766 0.3647058823529413 0.43308823529411766 0.42352941176470604 0.4602941176470588 0.42352941176470604
3 0.3830882352941177 0.5607843137254903 0.2933823529411765 0.5607843137254902 0.29338235294117654 0.6261437908496733 0.3830882352941177 0.6261437908496733
3 0.33602941176470597 0.6313725490196078 0.24926470588235303 0.6313725490196078 0.24926470588235303 0.7045751633986929 0.33602941176470597 0.7045751633986929
3 0.40294117647058825 0.44313725490196093 0.34411764705882353 0.44313725490196093 0.34411764705882353 0.4875816993464054 0.40294117647058825 0.4875816993464054
3 0.4573529411764706 0.3124183006535948 0.40661764705882353 0.3124183006535948 0.40661764705882353 0.3464052287581701 0.4573529411764706 0.3464052287581701
3 0.46838235294117647 0.16601307189542494 0.45 0.16601307189542494 0.45 0.1960784313725491 0.46838235294117647 0.1960784313725491
3 0.475 0.12679738562091514 0.4485294117647059 0.12679738562091514 0.4485294117647059 0.15032679738562102 0.475 0.15032679738562102
3 0.475 0.10326797385620926 0.45 0.10326797385620926 0.45 0.12549019607843148 0.475 0.12549019607843148
3 0.48455882352941176 0.08366013071895435 0.45808823529411763 0.08366013071895435 0.45808823529411763 0.1019607843137256 0.48455882352941176 0.1019607843137256
3 0.4860294117647059 0.06666666666666676 0.46397058823529413 0.06666666666666676 0.46397058823529413 0.08758169934640533 0.4860294117647059 0.08758169934640533
3 0.6477941176470589 0.07058823529411778 0.6360294117647058 0.07058823529411777 0.6360294117647058 0.0901960784313727 0.6477941176470589 0.0901960784313727
3 0.6323529411764706 0.07058823529411777 0.6205882352941177 0.07058823529411777 0.6205882352941177 0.0901960784313727 0.6323529411764706 0.0901960784313727
3 0.6404411764705882 0.06143790849673217 0.6301470588235294 0.061437908496732155 0.6301470588235294 0.08104575163398707 0.6404411764705882 0.08104575163398707
3 0.625 0.0601307189542485 0.6161764705882353 0.0601307189542485 0.6161764705882353 0.0797385620915034 0.625 0.0797385620915034
3 0.6102941176470589 0.06274509803921581 0.5985294117647059 0.06274509803921581 0.5985294117647059 0.08496732026143805 0.6102941176470589 0.08496732026143805
3 0.600735294117647 0.17777777777777792 0.5838235294117647 0.17777777777777792 0.5838235294117647 0.2078431372549021 0.600735294117647 0.2078431372549021
3 0.6095588235294118 0.20261437908496746 0.5904411764705882 0.20261437908496746 0.5904411764705882 0.2339869281045753 0.6095588235294118 0.2339869281045753
3 0.6147058823529412 0.22352941176470603 0.5823529411764706 0.22352941176470603 0.5823529411764706 0.2549019607843139 0.6147058823529412 0.2549019607843139
11 0.6308823529411764 0.1032679738562093 0.6169117647058824 0.1032679738562093 0.6169117647058824 0.1254901960784315 0.6308823529411764 0.1254901960784315
3 0.6345588235294117 0.09673202614379099 0.6198529411764706 0.09673202614379099 0.6198529411764706 0.11764705882352956 0.6345588235294117 0.11764705882352956
3 0.5941176470588235 0.05620915032679752 0.5830882352941177 0.05620915032679752 0.5830882352941177 0.07843137254901973 0.5941176470588235 0.07843137254901973
10 0.6029411764705882 0.03006535947712431 0.5742647058823529 0.030065359477124305 0.5742647058823529 0.05228758169934654 0.6029411764705882 0.05228758169934654
7 0.6735294117647059 0.738562091503268 0.6580882352941176 0.738562091503268 0.6580882352941176 0.8 0.6735294117647059 0.8
7 0.5911764705882353 0.3333333333333335 0.5823529411764706 0.3333333333333335 0.5823529411764706 0.36993464052287595 0.5911764705882353 0.36993464052287595
7 0.5742647058823529 0.27843137254901973 0.5669117647058823 0.27843137254901973 0.5669117647058823 0.30457516339869295 0.5742647058823529 0.30457516339869295
7 0.49558823529411766 0.2692810457516341 0.48970588235294116 0.2692810457516341 0.48970588235294116 0.29281045751633994 0.49558823529411766 0.29281045751633994
7 0.5720588235294117 0.2013071895424838 0.5654411764705882 0.2013071895424838 0.5654411764705882 0.227450980392157 0.5720588235294117 0.227450980392157
7 0.575735294117647 0.09150326797385631 0.5727941176470588 0.09150326797385631 0.5727941176470588 0.11241830065359489 0.575735294117647 0.11241830065359489
7 0.5816176470588236 0.09411764705882364 0.5786764705882353 0.09411764705882364 0.5786764705882353 0.11372549019607854 0.5816176470588236 0.11372549019607854
7 0.5647058823529412 0.09150326797385631 0.5617647058823529 0.09150326797385631 0.5617647058823529 0.10588235294117658 0.5647058823529412 0.10588235294117658
7 0.4919117647058823 0.09150326797385631 0.48823529411764705 0.09150326797385631 0.48823529411764705 0.1019607843137256 0.4919117647058823 0.1019607843137256
5 0.4963235294117647 0.277124183006536 0.48970588235294116 0.277124183006536 0.48970588235294116 0.3019607843137256 0.4963235294117647 0.3019607843137256
5 0.575 0.2862745098039217 0.5669117647058823 0.2862745098039217 0.5669117647058823 0.3137254901960786 0.575 0.3137254901960786
5 0.5661764705882353 0.07712418300653608 0.5617647058823529 0.07712418300653608 0.5617647058823529 0.08758169934640533 0.5661764705882353 0.08758169934640533
5 0.49264705882352944 0.09673202614379096 0.48823529411764705 0.09673202614379096 0.48823529411764705 0.1084967320261439 0.49264705882352944 0.1084967320261439
1 0.5713235294117647 0.21176470588235308 0.5661764705882353 0.21176470588235308 0.5661764705882353 0.2339869281045753 0.5713235294117647 0.2339869281045753
1 0.5654411764705882 0.0954248366013073 0.5617647058823529 0.0954248366013073 0.5617647058823529 0.11111111111111122 0.5654411764705882 0.11111111111111122
7 0.5654411764705882 0.07189542483660144 0.5617647058823529 0.07189542483660144 0.5617647058823529 0.088888888888889 0.5654411764705882 0.088888888888889
7 0.5801470588235295 0.09673202614379096 0.5764705882352941 0.09673202614379096 0.5764705882352941 0.11372549019607854 0.5801470588235295 0.11372549019607854
7 0.5860294117647059 0.08627450980392168 0.5830882352941177 0.08627450980392168 0.5830882352941177 0.10326797385620926 0.5860294117647059 0.10326797385620926
7 0.5779411764705882 0.06274509803921581 0.5742647058823529 0.06274509803921581 0.5742647058823529 0.08366013071895435 0.5779411764705882 0.08366013071895435
7 0.575 0.05490196078431386 0.5713235294117647 0.05490196078431386 0.5713235294117647 0.0732026143790851 0.575 0.0732026143790851
7 0.5639705882352941 0.011764705882353062 0.5610294117647059 0.011764705882353062 0.5610294117647059 0.027450980392156984 0.5639705882352941 0.027450980392156984
5 0.5639705882352941 0.015686274509804043 0.5602941176470588 0.015686274509804043 0.5602941176470588 0.028758169934640643 0.5639705882352941 0.028758169934640643