4 0.9948529411764706 0.21699346405228775 0.7132352941176471 0.21699346405228773 0.7132352941176471 0.3320261437908499 0.9948529411764706 0.3320261437908499
4 1 0.3385620915032681 0.8176470588235294 0.3385620915032681 0.8176470588235294 0.4549019607843139 1 0.4549019607843139
4 0.24485294117647058 0.0013071895424837051 0.1676470588235294 0.0013071895424836967 0.1676470588235294 0.023529411764705927 0.24485294117647058 0.023529411764705938
3 0.48161764705882354 0.7333333333333333 0.34558823529411775 0.7333333333333333 0.34558823529411775 1 0.48161764705882354 1
3 0.5705882352941176 0.6091503267973858 0.4610294117647059 0.6091503267973858 0.4610294117647059 0.7555555555555555 0.5705882352941176 0.7555555555555555
3 0.6147058823529412 0.5163398692810459 0.5220588235294118 0.5163398692810459 0.5220588235294118 0.6339869281045754 0.6147058823529412 0.6339869281045754
3 0.35882352941176476 0.5254901960784314 0.28455882352941175 0.5254901960784314 0.2845588235294118 0.6836601307189543 0.35882352941176476 0.6836601307189543
3 0.40955882352941175 0.354248366013072 0.35294117647058826 0.354248366013072 0.35294117647058826 0.4379084967320263 0.40955882352941175 0.4379084967320263
3 0.3948529411764706 0.25751633986928113 0.35441176470588237 0.25751633986928113 0.35441176470588237 0.3098039215686275 0.3948529411764706 0.3098039215686275
3 0.33897058823529413 0.24967320261437917 0.3 0.24967320261437917 0.3 0.30588235294117655 0.33897058823529413 0.30588235294117655
3 0.3073529411764706 0.1960784313725491 0.27647058823529413 0.1960784313725491 0.27647058823529413 0.24313725490196086 0.3073529411764706 0.24313725490196086
3 0.32426470588235295 0.1594771241830066 0.29926470588235293 0.1594771241830066 0.29926470588235293 0.19084967320261445 0.32426470588235295 0.19084967320261445
3 0.2889705882352941 0.16078431372549026 0.26176470588235295 0.16078431372549026 0.26176470588235295 0.20000000000000007 0.2889705882352941 0.20000000000000007
3 0.27941176470588236 0.13856209150326804 0.25735294117647056 0.13856209150326804 0.25735294117647056 0.17254901960784322 0.27941176470588236 0.17254901960784322
3 0.27058823529411763 0.1228758169934641 0.25073529411764706 0.12287581699346409 0.25073529411764706 0.15424836601307196 0.27058823529411763 0.15424836601307196
3 0.29191176470588237 0.09542483660130727 0.2757352941176471 0.09542483660130727 0.2757352941176471 0.11895424836601315 0.29191176470588237 0.11895424836601315
3 0.3264705882352941 0.4222222222222222 0.26691176470588235 0.4222222222222222 0.26691176470588235 0.5241830065359477 0.3264705882352941 0.5241830065359477
3 0.3073529411764706 0.3581699346405229 0.2580882352941177 0.3581699346405229 0.2580882352941177 0.43790849673202614 0.3073529411764706 0.43790849673202614
3 0.29044117647058826 0.30588235294117655 0.24779411764705883 0.30588235294117655 0.24779411764705883 0.3764705882352941 0.29044117647058826 0.3764705882352941
3 0.27647058823529413 0.26535947712418306 0.23970588235294119 0.26535947712418306 0.23970588235294119 0.32549019607843144 0.27647058823529413 0.32549019607843144
11 0.2529411764705882 0.21830065359477133 0.22426470588235295 0.21830065359477133 0.22426470588235295 0.2836601307189543 0.2529411764705882 0.2836601307189543
3 0.25882352941176473 0.20784313725490203 0.23088235294117648 0.20784313725490203 0.23088235294117648 0.2562091503267975 0.25882352941176473 0.2562091503267975
3 0.24191176470588235 0.16862745098039222 0.21544117647058825 0.16862745098039222 0.21544117647058825 0.20784313725490203 0.24191176470588235 0.20784313725490203
3 0.052941176470588255 0.21045751633986928 0.02132352941176472 0.21045751633986928 0.02132352941176472 0.257516339869281 0.052941176470588255 0.257516339869281
7 0.052941176470588276 0.48104575163398694 0.029411764705882384 0.48104575163398694 0.02941176470588239 0.5581699346405229 0.052941176470588276 0.5581699346405229
7 0.048529411764705925 0.47058823529411764 0.02647058823529415 0.47058823529411764 0.026470588235294155 0.5490196078431373 0.048529411764705925 0.5490196078431373
3 0.5610294117647059 0.2653594771241832 0.5139705882352941 0.2653594771241832 0.5139705882352941 0.3267973856209152 0.5610294117647059 0.3267973856209152
3 0.5875 0.20392156862745112 0.5235294117647059 0.20392156862745112 0.5235294117647059 0.2535947712418302 0.5875 0.2535947712418302
3 0.6073529411764705 0.16601307189542497 0.5647058823529412 0.16601307189542494 0.5647058823529412 0.20261437908496746 0.6073529411764705 0.20261437908496746
3 0.6617647058823529 0.17777777777777792 0.6095588235294118 0.17777777777777792 0.6095588235294118 0.21960784313725504 0.6617647058823529 0.21960784313725504
3 0.6808823529411765 0.20261437908496746 0.6279411764705882 0.20261437908496746 0.6279411764705882 0.24575163398692826 0.6808823529411765 0.24575163398692826
11 0.625 0.2993464052287583 0.5647058823529412 0.2993464052287583 0.5647058823529412 0.3686274509803923 0.625 0.3686274509803923
3 0.65 0.3437908496732028 0.5823529411764706 0.3437908496732028 0.5823529411764706 0.41307189542483674 0.65 0.41307189542483674
3 0.6897058823529412 0.3464052287581701 0.6205882352941177 0.3464052287581701 0.6205882352941177 0.431372549019608 0.6897058823529412 0.431372549019608
9 0.6294117647058823 0.2771241830065361 0.6058823529411764 0.2771241830065361 0.6058823529411764 0.3189542483660132 0.6294117647058823 0.3189542483660132
3 0.5977941176470588 0.154248366013072 0.5566176470588236 0.154248366013072 0.5566176470588236 0.18562091503267988 0.5977941176470588 0.18562091503267988
3 0.8117647058823529 0.4013071895424838 0.7411764705882353 0.4013071895424838 0.7411764705882353 0.4849673202614381 0.8117647058823529 0.4849673202614381
3 0.9264705882352942 0.44836601307189555 0.8404411764705882 0.44836601307189555 0.8404411764705882 0.5424836601307191 0.9264705882352942 0.5424836601307191
3 1 0.4627450980392158 0.9161764705882353 0.4627450980392158 0.9161764705882353 0.5529411764705884 1 0.5529411764705884
3 1 0.5790849673202616 0.913235294117647 0.5790849673202616 0.913235294117647 0.6836601307189546 1 0.6836601307189546
8 0.986764705882353 0.6745098039215689 0.950735294117647 0.6745098039215689 0.950735294117647 0.7751633986928107 0.986764705882353 0.7751633986928107
5 0.9889705882352942 0.7006535947712421 0.9441176470588235 0.7006535947712421 0.9441176470588235 0.7803921568627454 0.9889705882352942 0.7803921568627454
7 0.6992647058823529 0.3084967320261439 0.6845588235294118 0.3084967320261439 0.6845588235294118 0.3725490196078433 0.6992647058823529 0.3725490196078433
7 0.6845588235294118 0.3084967320261439 0.6691176470588235 0.3084967320261439 0.6691176470588235 0.362091503267974 0.6845588235294118 0.362091503267974
7 0.8051470588235294 0.3359477124183008 0.7897058823529411 0.3359477124183008 0.7897058823529411 0.3973856209150328 0.8051470588235294 0.3973856209150328
7 0.8125 0.33986928104575176 0.8007352941176471 0.33986928104575176 0.8007352941176471 0.39084967320261454 0.8125 0.39084967320261454
8 0.8169117647058823 0.4901960784313727 0.7933823529411764 0.4901960784313727 0.7933823529411764 0.554248366013072 0.8169117647058823 0.554248366013072
5 0.8294117647058824 0.496732026143791 0.7786764705882353 0.496732026143791 0.7786764705882353 0.569934640522876 0.8294117647058824 0.569934640522876
3 0.24044117647058824 0.07320261437908503 0.22647058823529412 0.07320261437908503 0.22647058823529412 0.09150326797385624 0.24044117647058824 0.09150326797385624
9 0.2566176470588235 0.06928104575163405 0.24926470588235294 0.06928104575163405 0.24926470588235294 0.08627450980392162 0.2566176470588235 0.08627450980392164
3 0.18529411764705883 0.09542483660130723 0.17058823529411765 0.09542483660130723 0.17058823529411765 0.11895424836601311 0.18529411764705883 0.11895424836601311
3 0.2051470588235294 0.07189542483660134 0.17573529411764705 0.07189542483660134 0.17573529411764705 0.09411764705882357 0.2051470588235294 0.09411764705882357
11 0.23308823529411765 0.05620915032679744 0.2213235294117647 0.05620915032679744 0.2213235294117647 0.07581699346405234 0.23308823529411765 0.07581699346405234
3 0.2411764705882353 0.05490196078431378 0.23161764705882354 0.05490196078431378 0.23161764705882354 0.07189542483660136 0.2411764705882353 0.07189542483660136
3 0.24632352941176472 0.04183006535947718 0.23455882352941176 0.04183006535947718 0.23455882352941176 0.0575163398692811 0.24632352941176472 0.0575163398692811
8 0.17647058823529413 0.05098039215686278 0.17279411764705882 0.05098039215686278 0.17279411764705882 0.06274509803921573 0.17647058823529413 0.06274509803921573
3 0.1963235294117647 0.027450980392156904 0.1875 0.0274509803921569 0.1875 0.039215686274509845 0.1963235294117647 0.03921568627450985
11 0.21323529411764705 0.023529411764705927 0.2051470588235294 0.023529411764705927 0.2051470588235294 0.03790849673202619 0.21323529411764705 0.03790849673202619
3 0.23676470588235293 0.032679738562091554 0.22941176470588234 0.03267973856209155 0.22941176470588234 0.0444444444444445 0.23676470588235293 0.0444444444444445
3 0.23308823529411765 0.027450980392156907 0.22720588235294117 0.027450980392156907 0.22720588235294117 0.03660130718954253 0.23308823529411765 0.03660130718954253
8 0.3382352941176471 0.1921568627450981 0.32941176470588235 0.1921568627450981 0.32941176470588235 0.2222222222222223 0.3382352941176471 0.2222222222222223
5 0.34044117647058825 0.20130718954248372 0.3301470588235294 0.20130718954248372 0.3301470588235294 0.2287581699346406 0.34044117647058825 0.2287581699346406