0 0.9286764705882353 0.7790849673202618 0.8492647058823529 0.7790849673202618 0.8492647058823529 0.928104575163399 0.9286764705882353 0.928104575163399
8 0.8948529411764706 0.8261437908496735 0.8580882352941176 0.8261437908496735 0.8580882352941176 0.9058823529411768 0.8948529411764706 0.9058823529411768
5 0.8382352941176471 0.8052287581699349 0.788235294117647 0.8052287581699349 0.788235294117647 0.8901960784313728 0.8382352941176471 0.8901960784313728
8 0.8382352941176471 0.7986928104575166 0.8044117647058824 0.7986928104575166 0.8044117647058824 0.8732026143790853 0.8382352941176471 0.8732026143790853
3 0.3897058823529412 0.6849673202614379 0.2500000000000001 0.6849673202614379 0.2500000000000001 0.8627450980392157 0.3897058823529412 0.8627450980392157
3 0.21617647058823533 0.5594771241830065 0.12720588235294122 0.5594771241830065 0.12720588235294122 0.7542483660130719 0.2161764705882354 0.7542483660130719
3 0.11985294117647065 0.873202614379085 6.015176925223764e-17 0.873202614379085 6.451907585213812e-17 1 0.11985294117647068 1
8 0.8632352941176471 0.2091503267973858 0.8485294117647059 0.20915032679738577 0.8485294117647059 0.23660130718954267 0.8632352941176471 0.2366013071895427
6 0.8661764705882353 0.2222222222222224 0.8433823529411765 0.22222222222222238 0.8433823529411765 0.2483660130718956 0.8661764705882353 0.24836601307189565
6 0.9220588235294118 0.13856209150326815 0.9058823529411765 0.13856209150326815 0.9058823529411765 0.16601307189542502 0.9220588235294118 0.16601307189542502
7 0.9323529411764706 0.11895424836601326 0.9220588235294118 0.11895424836601326 0.9220588235294118 0.16601307189542502 0.9323529411764706 0.16601307189542502
8 0.9191176470588235 0.1411764705882355 0.9102941176470588 0.1411764705882355 0.9102941176470588 0.15163398692810476 0.9191176470588235 0.15163398692810476
7 0.7845588235294118 0.11503267973856228 0.7772058823529412 0.11503267973856228 0.7772058823529412 0.1503267973856211 0.7845588235294118 0.1503267973856211
7 0.7867647058823529 0.11895424836601326 0.7794117647058824 0.11895424836601326 0.7794117647058824 0.1568627450980394 0.7867647058823529 0.1568627450980394
5 0.5301470588235294 0.19346405228758182 0.5014705882352941 0.19346405228758176 0.5014705882352941 0.22745098039215697 0.5301470588235294 0.227450980392157
7 0.5066176470588235 0.18431372549019615 0.4970588235294118 0.18431372549019615 0.4970588235294118 0.23921568627450987 0.5066176470588235 0.23921568627450987
7 0.5301470588235294 0.20653594771241846 0.5176470588235295 0.20653594771241846 0.5176470588235295 0.25882352941176484 0.5301470588235294 0.25882352941176484
7 0.49117647058823527 0.21307189542483668 0.48161764705882354 0.21307189542483668 0.48161764705882354 0.2666666666666667 0.49117647058823527 0.2666666666666667
7 0.4698529411764706 0.2248366013071896 0.4551470588235294 0.2248366013071896 0.4551470588235294 0.2718954248366014 0.4698529411764706 0.2718954248366014
1 0.4698529411764706 0.26274509803921575 0.4551470588235294 0.26274509803921575 0.4551470588235294 0.288888888888889 0.4698529411764706 0.288888888888889
8 0.4676470588235294 0.26274509803921575 0.45808823529411763 0.26274509803921575 0.45808823529411763 0.27973856209150333 0.4676470588235294 0.27973856209150333
7 0.45808823529411763 0.26013071895424844 0.44779411764705884 0.26013071895424844 0.44779411764705884 0.3267973856209151 0.45808823529411763 0.3267973856209151
8 0.45 0.23267973856209156 0.4345588235294118 0.23267973856209156 0.4345588235294118 0.2666666666666667 0.45 0.2666666666666667
8 0.42426470588235293 0.23921568627450987 0.4125 0.23921568627450987 0.4125 0.28235294117647064 0.42426470588235293 0.28235294117647064
8 0.3654411764705882 0.2562091503267975 0.3536764705882353 0.2562091503267975 0.3536764705882353 0.29281045751633994 0.3654411764705882 0.29281045751633994
8 0.3786764705882353 0.25228758169934645 0.3625 0.25228758169934645 0.3625 0.288888888888889 0.3786764705882353 0.288888888888889
8 0.39044117647058824 0.24967320261437917 0.3764705882352941 0.24967320261437917 0.3764705882352941 0.29019607843137263 0.39044117647058824 0.29019607843137263
7 0.3088235294117647 0.23790849673202621 0.2933823529411765 0.23790849673202621 0.2933823529411765 0.29542483660130725 0.3088235294117647 0.29542483660130725
7 0.2948529411764706 0.2418300653594772 0.28161764705882353 0.2418300653594772 0.28161764705882353 0.30326797385620924 0.2948529411764706 0.30326797385620924
7 0.23676470588235293 0.2718954248366014 0.22426470588235295 0.2718954248366014 0.22426470588235295 0.338562091503268 0.23676470588235293 0.338562091503268
7 0.022058823529411794 0.37254901960784315 2.5663554246837918e-17 0.37254901960784315 2.7239386525152523e-17 0.41830065359477125 0.022058823529411797 0.41830065359477125
7 0.03602941176470591 0.3673202614379085 0.019852941176470615 0.3673202614379085 0.019852941176470615 0.4117647058823529 0.036029411764705914 0.4117647058823529
7 0.12058823529411769 0.34248366013071896 0.09632352941176475 0.34248366013071896 0.09632352941176475 0.4065359477124183 0.12058823529411769 0.4065359477124183
7 0.08161764705882354 0.38169934640522873 0.057352941176470607 0.38169934640522873 0.057352941176470607 0.4496732026143791 0.08161764705882354 0.4496732026143791
7 0.10588235294117651 0.39477124183006534 0.08088235294117649 0.39477124183006534 0.0808823529411765 0.465359477124183 0.10588235294117651 0.465359477124183
7 0.20073529411764707 0.3137254901960785 0.18676470588235297 0.3137254901960785 0.18676470588235297 0.3790849673202614 0.20073529411764707 0.3790849673202614
7 0.19117647058823528 0.35555555555555557 0.174264705882353 0.35555555555555557 0.174264705882353 0.4300653594771242 0.19117647058823528 0.4300653594771242
7 0.20073529411764707 0.3764705882352941 0.18970588235294117 0.3764705882352941 0.18970588235294117 0.4300653594771242 0.20073529411764707 0.4300653594771242
7 0.21838235294117647 0.35555555555555557 0.19705882352941176 0.35555555555555557 0.19705882352941176 0.4169934640522876 0.21838235294117647 0.4169934640522876
7 0.275 0.33725490196078434 0.25588235294117645 0.33725490196078434 0.25588235294117645 0.4130718954248366 0.275 0.4130718954248366
7 0.2867647058823529 0.3895424836601307 0.27205882352941174 0.3895424836601307 0.27205882352941174 0.46143790849673205 0.2867647058823529 0.46143790849673205
7 0.29191176470588237 0.3241830065359478 0.27794117647058825 0.3241830065359478 0.27794117647058825 0.3908496732026144 0.29191176470588237 0.3908496732026144
7 0.26176470588235295 0.44052287581699345 0.25073529411764706 0.44052287581699345 0.25073529411764706 0.5176470588235295 0.26176470588235295 0.5176470588235295
7 0.2639705882352941 0.4588235294117647 0.2529411764705882 0.4588235294117647 0.2529411764705882 0.5254901960784314 0.2639705882352941 0.5254901960784314
7 0.2529411764705882 0.4235294117647059 0.24338235294117647 0.4235294117647059 0.24338235294117647 0.49411764705882355 0.2529411764705882 0.49411764705882355
8 0.2514705882352941 0.43137254901960786 0.23897058823529413 0.43137254901960786 0.23897058823529413 0.47843137254901963 0.2514705882352941 0.47843137254901963
7 0.2426470588235294 0.4 0.23161764705882354 0.4 0.23161764705882354 0.469281045751634 0.2426470588235294 0.469281045751634
7 0.23823529411764705 0.38300653594771245 0.22794117647058823 0.38300653594771245 0.22794117647058823 0.45098039215686275 0.23823529411764705 0.45098039215686275
7 0.24338235294117647 0.3686274509803922 0.2286764705882353 0.3686274509803922 0.2286764705882353 0.43137254901960786 0.24338235294117647 0.43137254901960786
7 0.3463235294117647 0.32549019607843144 0.3316176470588235 0.32549019607843144 0.3316176470588235 0.38431372549019616 0.3463235294117647 0.3843137254901962
7 0.3352941176470588 0.3790849673202614 0.3264705882352941 0.3790849673202614 0.3264705882352941 0.4091503267973856 0.3352941176470588 0.4091503267973856
7 0.35955882352941176 0.3816993464052289 0.3426470588235294 0.3816993464052289 0.3426470588235294 0.4444444444444446 0.35955882352941176 0.4444444444444446
7 0.41911764705882354 0.284967320261438 0.4051470588235294 0.284967320261438 0.4051470588235294 0.3464052287581701 0.41911764705882354 0.3464052287581701
7 0.43676470588235294 0.3437908496732028 0.42058823529411765 0.3437908496732028 0.42058823529411765 0.4052287581699348 0.43676470588235294 0.4052287581699348
7 0.3786764705882353 0.3124183006535948 0.36470588235294116 0.3124183006535948 0.36470588235294116 0.37385620915032697 0.3786764705882353 0.37385620915032697
7 0.3926470588235294 0.3555555555555557 0.375 0.3555555555555557 0.375 0.427450980392157 0.3926470588235294 0.427450980392157
7 0.4117647058823529 0.3986928104575165 0.39558823529411763 0.3986928104575165 0.39558823529411763 0.4627450980392158 0.4117647058823529 0.4627450980392158
7 0.4470588235294118 0.431372549019608 0.4308823529411765 0.431372549019608 0.4308823529411765 0.5019607843137256 0.4470588235294118 0.5019607843137256
7 0.45073529411764707 0.37777777777777793 0.4323529411764706 0.37777777777777793 0.4323529411764706 0.4470588235294119 0.45073529411764707 0.4470588235294119
7 0.475 0.41830065359477137 0.46176470588235297 0.41830065359477137 0.46176470588235297 0.4875816993464054 0.475 0.4875816993464054
7 0.4625 0.3267973856209151 0.4485294117647059 0.3267973856209151 0.4485294117647059 0.3921568627450982 0.4625 0.3921568627450982
7 0.4970588235294118 0.366013071895425 0.48308823529411765 0.366013071895425 0.48308823529411765 0.4248366013071897 0.4970588235294118 0.4248366013071897
7 0.5301470588235294 0.45620915032679754 0.513235294117647 0.45620915032679754 0.513235294117647 0.5333333333333334 0.5301470588235294 0.5333333333333334
7 0.525 0.38823529411764723 0.5088235294117647 0.38823529411764723 0.5088235294117647 0.4575163398692812 0.525 0.4575163398692812
7 0.5029411764705882 0.3098039215686275 0.48970588235294116 0.3098039215686275 0.48970588235294116 0.3764705882352943 0.5029411764705882 0.3764705882352943
7 0.4970588235294118 0.2614379084967321 0.48676470588235293 0.2614379084967321 0.48676470588235293 0.29803921568627456 0.4970588235294118 0.29803921568627456
7 0.5117647058823529 0.2640522875816994 0.5029411764705882 0.2640522875816994 0.5029411764705882 0.31633986928104585 0.5117647058823529 0.31633986928104585
7 0.5125 0.2431372549019609 0.5051470588235294 0.24313725490196086 0.5051470588235294 0.27320261437908505 0.5125 0.2732026143790851
7 0.5235294117647059 0.2679738562091505 0.5161764705882353 0.2679738562091505 0.5161764705882353 0.3058823529411766 0.5235294117647059 0.3058823529411766
7 0.5507352941176471 0.24836601307189557 0.5389705882352941 0.24836601307189557 0.5389705882352941 0.3058823529411766 0.5507352941176471 0.3058823529411766
7 0.5941176470588235 0.22222222222222238 0.5808823529411765 0.22222222222222238 0.5808823529411765 0.29150326797385634 0.5941176470588235 0.29150326797385634
7 0.5875 0.2810457516339871 0.5698529411764706 0.2810457516339871 0.5698529411764706 0.3437908496732028 0.5875 0.3437908496732028
7 0.5433823529411764 0.296732026143791 0.5308823529411765 0.296732026143791 0.5308823529411765 0.3555555555555557 0.5433823529411764 0.3555555555555557
7 0.5338235294117647 0.3424836601307191 0.5213235294117647 0.3424836601307191 0.5213235294117647 0.4117647058823531 0.5338235294117647 0.4117647058823531
7 0.5676470588235294 0.3686274509803923 0.5514705882352942 0.3686274509803923 0.5514705882352942 0.4379084967320263 0.5676470588235294 0.4379084967320263
7 0.5676470588235294 0.3267973856209152 0.5514705882352942 0.3267973856209152 0.5514705882352942 0.3921568627450982 0.5676470588235294 0.3921568627450982
7 0.6110294117647059 0.4169934640522877 0.5919117647058824 0.4169934640522877 0.5919117647058824 0.48627450980392173 0.6110294117647059 0.48627450980392173
7 0.6102941176470589 0.34771241830065375 0.5941176470588235 0.34771241830065375 0.5941176470588235 0.4143790849673204 0.6102941176470589 0.4143790849673204
7 0.6220588235294118 0.31764705882352956 0.6073529411764705 0.31764705882352956 0.6073529411764705 0.38039215686274525 0.6220588235294118 0.38039215686274525
7 0.6375 0.34117647058823547 0.6242647058823529 0.34117647058823547 0.6242647058823529 0.4078431372549021 0.6375 0.4078431372549021
7 0.6345588235294117 0.2549019607843139 0.6205882352941177 0.2549019607843139 0.6205882352941177 0.3137254901960786 0.6345588235294117 0.3137254901960786
7 0.6786764705882353 0.2875816993464054 0.6661764705882353 0.2875816993464054 0.6661764705882353 0.3464052287581701 0.6786764705882353 0.3464052287581701
7 0.7323529411764705 0.38039215686274525 0.7220588235294118 0.38039215686274525 0.7220588235294118 0.4470588235294119 0.7323529411764705 0.4470588235294119
7 0.7294117647058823 0.3647058823529413 0.7183823529411765 0.3647058823529413 0.7183823529411765 0.427450980392157 0.7294117647058823 0.427450980392157
7 0.9948529411764706 0.05620915032679761 0.9860294117647059 0.05620915032679761 0.9860294117647059 0.08627450980392179 0.9948529411764706 0.08627450980392179
7 0.9992647058823529 0.06013071895424859 0.9926470588235294 0.06013071895424859 0.9926470588235294 0.09019607843137277 0.9992647058823529 0.09019607843137277
7 0.9992647058823529 0.04183006535947735 0.9904411764705883 0.04183006535947735 0.9904411764705883 0.06928104575163421 0.9992647058823529 0.06928104575163421