5 1 0.4379084967320263 0.9786764705882353 0.4379084967320263 0.9786764705882353 0.4745098039215688 1 0.4745098039215688
5 0.9264705882352942 0.4196078431372551 0.8933823529411765 0.4196078431372551 0.8933823529411765 0.4575163398692812 0.9264705882352942 0.4575163398692812
8 0.9198529411764705 0.4052287581699348 0.9051470588235294 0.4052287581699348 0.9051470588235294 0.45620915032679754 0.9198529411764705 0.45620915032679754
7 0.8838235294117647 0.35294117647058837 0.8676470588235294 0.35294117647058837 0.8676470588235294 0.4013071895424838 0.8838235294117647 0.4013071895424838
10 0.8977941176470589 0.47581699346405243 0.7845588235294118 0.47581699346405243 0.7845588235294118 0.577777777777778 0.8977941176470589 0.577777777777778
7 0.8514705882352941 0.4901960784313727 0.8301470588235295 0.4901960784313727 0.8301470588235295 0.5346405228758171 0.8514705882352941 0.5346405228758171
7 0.8279411764705882 0.4771241830065361 0.8110294117647059 0.4771241830065361 0.8110294117647059 0.5254901960784315 0.8279411764705882 0.5254901960784315
7 0.7904411764705882 0.48235294117647076 0.7779411764705882 0.48235294117647076 0.7779411764705882 0.5333333333333334 0.7904411764705882 0.5333333333333334
7 0.7691176470588236 0.5398692810457518 0.7551470588235294 0.5398692810457518 0.7551470588235294 0.5934640522875818 0.7691176470588236 0.5934640522875818
8 0.7786764705882353 0.5359477124183007 0.7654411764705882 0.5359477124183007 0.7654411764705882 0.5725490196078433 0.7786764705882353 0.5725490196078433
7 0.7941176470588235 0.5294117647058825 0.7779411764705882 0.5294117647058825 0.7779411764705882 0.5725490196078433 0.7941176470588235 0.5725490196078433
11 0.8323529411764706 0.33464052287581714 0.7330882352941176 0.33464052287581714 0.7330882352941176 0.42352941176470604 0.8323529411764706 0.42352941176470604
11 0.7352941176470589 0.3437908496732028 0.6455882352941177 0.3437908496732028 0.6455882352941177 0.42352941176470604 0.7352941176470589 0.42352941176470604
7 0.6558823529411765 0.36339869281045767 0.6426470588235295 0.36339869281045767 0.6426470588235295 0.4222222222222224 0.6558823529411765 0.4222222222222224
9 0.6992647058823529 0.5215686274509805 0.6213235294117647 0.5215686274509805 0.6213235294117647 0.5882352941176472 0.6992647058823529 0.5882352941176472
8 0.6588235294117647 0.5098039215686276 0.6426470588235295 0.5098039215686276 0.6426470588235295 0.5555555555555557 0.6588235294117647 0.5555555555555557
8 0.6330882352941176 0.4980392156862747 0.6176470588235294 0.4980392156862747 0.6176470588235294 0.5333333333333334 0.6330882352941176 0.5333333333333334
8 0.5970588235294118 0.41045751633986943 0.5816176470588236 0.41045751633986943 0.5816176470588236 0.4418300653594773 0.5970588235294118 0.4418300653594773
7 0.5705882352941176 0.3790849673202616 0.5580882352941177 0.3790849673202616 0.5580882352941177 0.4379084967320263 0.5705882352941176 0.4379084967320263
7 0.5595588235294118 0.38562091503267987 0.5470588235294118 0.38562091503267987 0.5470588235294118 0.4418300653594773 0.5595588235294118 0.4418300653594773
7 0.5470588235294118 0.3816993464052289 0.5330882352941176 0.3816993464052289 0.5330882352941176 0.4444444444444446 0.5470588235294118 0.4444444444444446
7 0.5617647058823529 0.4640522875816995 0.5426470588235294 0.4640522875816995 0.5426470588235294 0.5241830065359478 0.5617647058823529 0.5241830065359478
7 0.5610294117647059 0.4496732026143792 0.5426470588235294 0.4496732026143792 0.5426470588235294 0.5137254901960786 0.5610294117647059 0.5137254901960786
8 0.5397058823529411 0.558169934640523 0.5227941176470589 0.558169934640523 0.5227941176470589 0.5960784313725491 0.5397058823529411 0.5960784313725491
7 0.46691176470588236 0.5098039215686276 0.45 0.5098039215686276 0.45 0.5764705882352943 0.46691176470588236 0.5764705882352943
7 0.45588235294117646 0.5411764705882355 0.4404411764705882 0.5411764705882355 0.4404411764705882 0.6078431372549021 0.45588235294117646 0.6078431372549021
3 0.4823529411764706 0.6078431372549021 0.3544117647058824 0.6078431372549021 0.3544117647058824 0.7254901960784313 0.4823529411764706 0.7254901960784313
7 0.28750000000000003 0.5477124183006536 0.26838235294117646 0.5477124183006536 0.2683823529411765 0.6183006535947713 0.2875000000000001 0.6183006535947713
7 0.2183823529411765 0.5751633986928104 0.19926470588235295 0.5751633986928104 0.19926470588235298 0.6405228758169934 0.21838235294117656 0.6405228758169934
9 0.20735294117647063 0.5803921568627451 0.12279411764705886 0.5803921568627451 0.12279411764705886 0.6797385620915033 0.20735294117647068 0.6797385620915033
9 0.33014705882352946 0.5228758169934641 0.24705882352941178 0.5228758169934641 0.2470588235294118 0.6078431372549019 0.3301470588235295 0.6078431372549019
9 0.4852941176470588 0.36078431372549036 0.4176470588235294 0.36078431372549036 0.4176470588235294 0.43267973856209163 0.4852941176470588 0.43267973856209163
7 0.4125 0.38300653594771256 0.39926470588235297 0.38300653594771256 0.39926470588235297 0.4405228758169936 0.4125 0.4405228758169936
8 0.4 0.42091503267973873 0.3786764705882353 0.42091503267973873 0.3786764705882353 0.4797385620915034 0.4 0.4797385620915034
8 0.38823529411764707 0.4418300653594773 0.37426470588235294 0.4418300653594773 0.37426470588235294 0.4797385620915034 0.38823529411764707 0.4797385620915034
5 0.40661764705882353 0.4196078431372551 0.3735294117647059 0.4196078431372551 0.3735294117647059 0.4836601307189544 0.40661764705882353 0.4836601307189544
5 0.36764705882352944 0.481045751633987 0.32426470588235295 0.48104575163398694 0.32426470588235295 0.5294117647058825 0.36764705882352944 0.5294117647058825
8 0.3558823529411765 0.4718954248366014 0.3352941176470588 0.4718954248366013 0.3352941176470588 0.5228758169934641 0.3558823529411765 0.5228758169934642
7 0.3573529411764706 0.42352941176470604 0.34338235294117647 0.42352941176470604 0.34338235294117647 0.4875816993464054 0.3573529411764706 0.4875816993464054
7 0.3536764705882353 0.3986928104575164 0.3411764705882353 0.39869281045751637 0.3411764705882353 0.4588235294117648 0.3536764705882353 0.45882352941176485
9 0.4051470588235294 0.36470588235294127 0.33088235294117646 0.36470588235294116 0.33088235294117646 0.4483660130718955 0.4051470588235294 0.44836601307189555
1 0.3426470588235294 0.4026143790849674 0.31323529411764706 0.40261437908496733 0.31323529411764706 0.46274509803921576 0.3426470588235294 0.4627450980392158
0 0.3125 0.3686274509803922 0.19852941176470587 0.3686274509803922 0.19852941176470587 0.4666666666666667 0.3125 0.4666666666666667
7 0.20073529411764707 0.39477124183006534 0.18602941176470592 0.39477124183006534 0.18602941176470592 0.46143790849673205 0.20073529411764707 0.46143790849673205
8 0.18750000000000006 0.43790849673202614 0.17132352941176474 0.43790849673202614 0.17132352941176474 0.4993464052287582 0.18750000000000006 0.4993464052287582
5 0.19852941176470587 0.4522875816993464 0.16102941176470592 0.4522875816993464 0.16102941176470592 0.5032679738562091 0.19852941176470587 0.5032679738562091
7 0.08676470588235297 0.3660130718954248 0.07058823529411767 0.3660130718954248 0.07058823529411767 0.4261437908496732 0.08676470588235297 0.4261437908496732
7 0.06250000000000003 0.3150326797385621 0.04338235294117649 0.3150326797385621 0.04338235294117649 0.37516339869281046 0.06250000000000003 0.37516339869281046
7 0.07500000000000002 0.29673202614379085 0.057352941176470607 0.29673202614379085 0.057352941176470607 0.35555555555555557 0.07500000000000002 0.35555555555555557
8 0.030147058823529426 0.22091503267973855 0.008823529411764721 0.22091503267973855 0.008823529411764723 0.26143790849673204 0.030147058823529433 0.26143790849673204
5 0.03308823529411766 0.22483660130718955 0.0044117647058823685 0.22483660130718955 0.00441176470588237 0.2758169934640523 0.03308823529411767 0.2758169934640523
11 0.25882352941176473 0.20522875816993472 0.175 0.20522875816993472 0.175 0.2784313725490197 0.25882352941176473 0.2784313725490197
3 0.638235294117647 0.2509803921568629 0.5625 0.2509803921568629 0.5625 0.3267973856209152 0.638235294117647 0.3267973856209152
3 0.13897058823529412 0.08496732026143793 0.07720588235294118 0.08496732026143791 0.07720588235294118 0.14248366013071898 0.13897058823529412 0.142483660130719
3 0.2823529411764706 0.1555555555555556 0.2 0.15555555555555559 0.2 0.22745098039215694 0.2823529411764706 0.22745098039215694
11 0.39705882352941174 0.14640522875817 0.33308823529411763 0.14640522875817 0.33308823529411763 0.2222222222222223 0.39705882352941174 0.2222222222222223
7 0.04852941176470588 0.0013071895424836698 0.03897058823529412 0.001307189542483669 0.03897058823529412 0.03921568627450981 0.04852941176470588 0.03921568627450981
8 0.19779411764705881 0.04575163398692814 0.1875 0.04575163398692814 0.1875 0.08104575163398696 0.19779411764705881 0.08104575163398696
8 0.2036764705882353 0.05228758169934644 0.19411764705882353 0.05228758169934644 0.19411764705882353 0.08235294117647063 0.2036764705882353 0.08235294117647063
5 0.2051470588235294 0.05620915032679742 0.1801470588235294 0.05620915032679742 0.1801470588235294 0.08366013071895428 0.2051470588235294 0.08366013071895428
8 0.27058823529411763 0.09281045751633994 0.2580882352941177 0.09281045751633994 0.2580882352941177 0.13594771241830073 0.27058823529411763 0.13594771241830073
1 0.27794117647058825 0.10718954248366018 0.2514705882352941 0.10718954248366017 0.2514705882352941 0.13856209150326804 0.27794117647058825 0.13856209150326804
8 0.34044117647058825 0.05751633986928112 0.32941176470588235 0.05751633986928112 0.32941176470588235 0.09019607843137262 0.34044117647058825 0.09019607843137262
8 0.3492647058823529 0.048366013071895496 0.3382352941176471 0.048366013071895496 0.3382352941176471 0.07320261437908504 0.3492647058823529 0.07320261437908504
8 0.3602941176470588 0.05882352941176478 0.35 0.05882352941176478 0.35 0.07843137254901968 0.3602941176470588 0.07843137254901968
9 0.36176470588235293 0.06405228758169942 0.3220588235294118 0.06405228758169942 0.3220588235294118 0.09673202614379092 0.36176470588235293 0.09673202614379092
3 0.4632352941176471 9.452992613026304e-17 0.4051470588235294 8.820658644839107e-17 0.4051470588235294 0.028758169934640615 0.4632352941176471 0.028758169934640625
8 0.4161764705882353 0.0588235294117648 0.4073529411764706 0.0588235294117648 0.4073529411764706 0.09281045751633994 0.4161764705882353 0.09281045751633994
8 0.4102941176470588 0.06143790849673212 0.4022058823529412 0.06143790849673212 0.4022058823529412 0.0941176470588236 0.4102941176470588 0.0941176470588236
5 0.41911764705882354 0.06928104575163407 0.3941176470588235 0.06928104575163407 0.3941176470588235 0.09803921568627458 0.41911764705882354 0.09803921568627458
3 0.6176470588235294 0.10196078431372561 0.5441176470588235 0.1019607843137256 0.5441176470588235 0.16339869281045766 0.6176470588235294 0.16339869281045766
5 0.5617647058823529 0.052287581699346525 0.5352941176470588 0.05228758169934652 0.5352941176470588 0.07843137254901973 0.5617647058823529 0.07843137254901973
3 0.8816176470588235 0.10588235294117665 0.8080882352941177 0.10588235294117665 0.8080882352941177 0.1568627450980394 0.8816176470588235 0.1568627450980394
3 0.9625 0.13986928104575183 0.8845588235294117 0.13986928104575183 0.8845588235294117 0.19607843137254924 0.9625 0.19607843137254924
3 0.7147058823529412 1.4991918005248317e-16 0.6625 1.4423617856624383e-16 0.6625 0.015686274509804074 0.7147058823529412 0.01568627450980408
3 0.6558823529411765 1.378327966099178e-16 0.6102941176470589 1.3287017559376512e-16 0.6102941176470589 0.020915032679738696 0.6558823529411765 0.020915032679738703