3 0.43645833333333334 0.5185185185185185 0.4041666666666667 0.5185185185185185 0.4041666666666667 0.549074074074074 0.43645833333333334 0.549074074074074
3 0.12395833333333339 0.7379629629629629 0.08593750000000006 0.7379629629629629 0.08593750000000006 0.8324074074074074 0.12395833333333339 0.8324074074074074
3 0.17395833333333338 0.5611111111111111 0.15260416666666674 0.5611111111111111 0.15260416666666674 0.5953703703703703 0.17395833333333338 0.5953703703703703
3 0.27187500000000014 0.950925925925926 0.19739583333333338 0.950925925925926 0.19739583333333338 1 0.27187500000000014 1
3 0.13593750000000002 0.4287037037037037 0.12239583333333336 0.4287037037037037 0.12239583333333336 0.4398148148148148 0.13593750000000007 0.4398148148148148
3 0.21562500000000004 0.42685185185185187 0.203125 0.42685185185185187 0.20312500000000003 0.44351851851851853 0.21562500000000007 0.44351851851851853
3 0.24687500000000007 0.43240740740740746 0.23072916666666674 0.4324074074074074 0.23072916666666674 0.4537037037037038 0.24687500000000007 0.45370370370370383
3 0.1890625 0.40185185185185185 0.18020833333333333 0.40185185185185185 0.18020833333333333 0.41388888888888886 0.1890625 0.41388888888888886
3 0.19895833333333332 0.3990740740740741 0.190625 0.3990740740740741 0.190625 0.40925925925925927 0.19895833333333332 0.40925925925925927
4 0.17916666666666667 0.3888888888888889 0.14947916666666666 0.3888888888888889 0.14947916666666666 0.3972222222222222 0.17916666666666667 0.3972222222222222
4 0.21145833333333333 0.3814814814814815 0.18802083333333333 0.3814814814814815 0.18802083333333333 0.39166666666666666 0.21145833333333333 0.39166666666666666