0 0.06617647058823534 0.5228758169934641 0.0007352941176470947 0.5228758169934641 0.0007352941176470978 0.6130718954248366 0.06617647058823534 0.6130718954248366
7 0.04485294117647063 0.5620915032679739 0.03161764705882357 0.5620915032679739 0.03161764705882357 0.6183006535947713 0.04485294117647063 0.6183006535947713
7 0.09779411764705886 0.5281045751633987 0.08897058823529416 0.5281045751633987 0.08897058823529416 0.5647058823529412 0.09779411764705886 0.5647058823529412
9 0.07647058823529417 0.5111111111111111 0.03823529411764709 0.5111111111111111 0.038235294117647096 0.5647058823529412 0.07647058823529417 0.5647058823529412
9 0.16470588235294123 0.5450980392156862 0.12279411764705886 0.5450980392156862 0.12279411764705886 0.6261437908496732 0.16470588235294123 0.6261437908496732
0 0.15147058823529416 0.5006535947712418 0.09044117647058827 0.5006535947712418 0.09044117647058827 0.6013071895424836 0.15147058823529416 0.6013071895424836
0 0.02573529411764709 0.47843137254901963 3.2957406506465535e-17 0.47843137254901963 3.4533238784780144e-17 0.5241830065359477 0.02573529411764709 0.5241830065359477
0 0.10882352941176475 0.45359477124183006 0.040441176470588265 0.45359477124183006 0.040441176470588265 0.515032679738562 0.10882352941176475 0.515032679738562
5 0.1257352941176471 0.47320261437908495 0.1007352941176471 0.47320261437908495 0.1007352941176471 0.4954248366013072 0.1257352941176471 0.4954248366013072
5 0.13235294117647062 0.46405228758169936 0.10735294117647062 0.46405228758169936 0.10735294117647062 0.48627450980392156 0.13235294117647062 0.48627450980392156
5 0.1330882352941177 0.43529411764705883 0.10882352941176475 0.43529411764705883 0.10882352941176475 0.4627450980392157 0.1330882352941177 0.4627450980392157
1 0.14338235294117652 0.4562091503267974 0.1308823529411765 0.4562091503267974 0.1308823529411765 0.49019607843137253 0.14338235294117652 0.49019607843137253
3 0.14264705882352946 0.4196078431372549 0.06691176470588238 0.4196078431372549 0.06691176470588238 0.4588235294117647 0.14264705882352946 0.4588235294117647
3 0.15147058823529416 0.3241830065359477 0.11029411764705886 0.3241830065359477 0.11029411764705886 0.34901960784313724 0.15147058823529416 0.34901960784313724
3 0.1132352941176471 0.33725490196078434 0.06764705882352944 0.33725490196078434 0.06764705882352944 0.3660130718954248 0.1132352941176471 0.3660130718954248
3 0.10294117647058826 0.2797385620915033 0.07132352941176473 0.2797385620915033 0.07132352941176473 0.3045751633986928 0.10294117647058827 0.3045751633986928
3 0.12867647058823528 0.27058823529411763 0.09485294117647058 0.27058823529411763 0.09485294117647058 0.2928104575163399 0.12867647058823528 0.2928104575163399
3 0.0698529411764706 0.2954248366013072 0.028676470588235314 0.2954248366013072 0.028676470588235314 0.3281045751633987 0.0698529411764706 0.3281045751633987
3 0.03455882352941179 0.2980392156862745 0.0007352941176470794 0.2980392156862745 0.0007352941176470805 0.330718954248366 0.03455882352941179 0.330718954248366
3 0.2036764705882353 0.5111111111111111 0.1544117647058824 0.5111111111111111 0.1544117647058824 0.5725490196078431 0.2036764705882353 0.5725490196078431
5 0.2073529411764706 0.49411764705882355 0.1963235294117647 0.49411764705882355 0.1963235294117647 0.5333333333333333 0.2073529411764706 0.5333333333333333
3 0.2470588235294118 0.5398692810457516 0.20955882352941177 0.5398692810457516 0.2095588235294118 0.615686274509804 0.24705882352941186 0.615686274509804
3 0.30294117647058827 0.5660130718954248 0.23602941176470588 0.5660130718954248 0.23602941176470593 0.6509803921568628 0.3029411764705883 0.6509803921568628
3 0.3470588235294118 0.5803921568627451 0.28308823529411764 0.5803921568627451 0.2830882352941177 0.6601307189542485 0.34705882352941186 0.6601307189542485
3 0.41544117647058826 0.5908496732026145 0.3522058823529412 0.5908496732026145 0.3522058823529412 0.673202614379085 0.41544117647058826 0.673202614379085
3 0.46397058823529413 0.6143790849673204 0.4051470588235294 0.6143790849673204 0.4051470588235294 0.6967320261437908 0.46397058823529413 0.6967320261437908
3 0.5176470588235295 0.6326797385620917 0.4632352941176471 0.6326797385620917 0.4632352941176471 0.7098039215686275 0.5176470588235295 0.7098039215686275
3 0.5566176470588236 0.6418300653594773 0.5036764705882353 0.6418300653594773 0.5036764705882353 0.7294117647058823 0.5566176470588236 0.7294117647058823
3 0.6036764705882353 0.6496732026143792 0.5536764705882353 0.6496732026143792 0.5536764705882353 0.734640522875817 0.6036764705882353 0.734640522875817
3 0.7161764705882353 0.6980392156862747 0.6639705882352941 0.6980392156862745 0.6639705882352941 0.7947712418300655 0.7161764705882353 0.7947712418300656
3 0.7852941176470588 0.7098039215686277 0.7301470588235294 0.7098039215686277 0.7301470588235294 0.8078431372549023 0.7852941176470588 0.8078431372549023
1 0.9051470588235294 0.8000000000000003 0.8845588235294117 0.8000000000000003 0.8845588235294117 0.8575163398692813 0.9051470588235294 0.8575163398692813
7 0.8022058823529412 0.7803921568627454 0.7889705882352941 0.7803921568627454 0.7889705882352941 0.8522875816993467 0.8022058823529412 0.8522875816993467
7 0.8183823529411764 0.8078431372549023 0.8022058823529412 0.8078431372549023 0.8022058823529412 0.8810457516339872 0.8183823529411764 0.8810457516339872
7 0.8272058823529411 0.7921568627450983 0.8117647058823529 0.7921568627450983 0.8117647058823529 0.8614379084967323 0.8272058823529411 0.8614379084967323
5 0.8242647058823529 0.7398692810457519 0.7963235294117647 0.7398692810457519 0.7963235294117647 0.797385620915033 0.8242647058823529 0.797385620915033
5 0.6191176470588236 0.5764705882352943 0.5941176470588235 0.5764705882352943 0.5941176470588235 0.6104575163398694 0.6191176470588236 0.6104575163398694
5 0.6264705882352941 0.5594771241830067 0.5955882352941176 0.5594771241830067 0.5955882352941176 0.5856209150326799 0.6264705882352941 0.5856209150326799
5 0.6272058823529412 0.5464052287581701 0.5977941176470588 0.5464052287581701 0.5977941176470588 0.5725490196078433 0.6272058823529412 0.5725490196078433
3 0.6558823529411765 0.6823529411764706 0.6014705882352941 0.6823529411764706 0.6014705882352941 0.7633986928104575 0.6558823529411765 0.7633986928104575
8 0.6625 0.7111111111111111 0.6411764705882353 0.7111111111111111 0.6411764705882353 0.7777777777777778 0.6625 0.7777777777777778
5 0.6639705882352941 0.722875816993464 0.6419117647058824 0.722875816993464 0.6419117647058824 0.7934640522875817 0.6639705882352941 0.7934640522875817
11 0.09411764705882357 0.7529411764705882 5.1867393846240845e-17 0.7529411764705882 5.551431997605466e-17 0.8588235294117647 0.09411764705882357 0.8588235294117647
3 0.1441176470588236 0.8117647058823529 0.02573529411764711 0.8117647058823529 0.025735294117647117 0.984313725490196 0.1441176470588236 0.984313725490196
3 0.20220588235294126 0.7751633986928105 0.174264705882353 0.7751633986928105 0.174264705882353 0.8248366013071895 0.20220588235294126 0.8248366013071895
7 0.23308823529411773 0.6888888888888889 0.2176470588235295 0.6888888888888889 0.2176470588235295 0.7490196078431373 0.23308823529411773 0.7490196078431373
7 0.41544117647058826 0.7084967320261438 0.4007352941176471 0.7084967320261438 0.4007352941176471 0.7660130718954249 0.41544117647058826 0.7660130718954249
7 0.4139705882352941 0.6915032679738562 0.4051470588235294 0.6915032679738562 0.4051470588235294 0.7320261437908496 0.4139705882352941 0.7320261437908496
7 0.5308823529411765 0.8052287581699347 0.5117647058823529 0.8052287581699347 0.5117647058823529 0.8771241830065359 0.5308823529411765 0.8771241830065359
7 0.5485294117647059 0.8026143790849674 0.5301470588235294 0.8026143790849674 0.5301470588235294 0.8758169934640523 0.5485294117647059 0.8758169934640523
7 0.5735294117647058 0.796078431372549 0.5566176470588236 0.796078431372549 0.5566176470588236 0.8679738562091504 0.5735294117647058 0.8679738562091504
7 0.6132352941176471 0.7790849673202614 0.5941176470588235 0.7790849673202614 0.5941176470588235 0.8483660130718954 0.6132352941176471 0.8483660130718954
3 0.4441176470588235 0.9228758169934641 0.336764705882353 0.9228758169934641 0.336764705882353 1 0.4441176470588235 1
3 0.5294117647058824 0.9490196078431372 0.4514705882352941 0.9490196078431372 0.4514705882352941 1 0.5294117647058824 1
5 0.9919117647058824 0.8470588235294121 0.9536764705882353 0.8470588235294121 0.9536764705882353 0.9124183006535951 0.9919117647058824 0.9124183006535951
0 0.9463235294117647 0.9647058823529415 0.8588235294117647 0.9647058823529415 0.8588235294117647 1.0000000000000002 0.9463235294117647 1.0000000000000002
8 0.9897058823529412 0.9673202614379088 0.9676470588235294 0.9673202614379088 0.9676470588235294 0.9986928104575167 0.9897058823529412 0.9986928104575167