3 0.6375 0.873202614379085 0.5227941176470589 0.873202614379085 0.5227941176470589 0.9895424836601308 0.6375 0.9895424836601308
7 0.6919117647058823 0.8849673202614381 0.6720588235294118 0.8849673202614379 0.6720588235294118 0.9516339869281047 0.6919117647058823 0.9516339869281049
7 0.6198529411764706 0.7856209150326797 0.6073529411764705 0.7856209150326797 0.6073529411764705 0.8326797385620915 0.6198529411764706 0.8326797385620915
7 0.5977941176470588 0.6967320261437908 0.5823529411764706 0.6967320261437908 0.5823529411764706 0.7490196078431373 0.5977941176470588 0.7490196078431373
5 0.586764705882353 0.738562091503268 0.5639705882352941 0.738562091503268 0.5639705882352941 0.8143790849673203 0.586764705882353 0.8143790849673203
8 0.5838235294117647 0.74640522875817 0.5654411764705882 0.74640522875817 0.5654411764705882 0.7986928104575164 0.5838235294117647 0.7986928104575164
3 0.21544117647058833 0.7542483660130719 0.15147058823529416 0.7542483660130719 0.1514705882352942 0.9437908496732026 0.21544117647058833 0.9437908496732026
7 0.09485294117647063 0.8379084967320262 0.06764705882352948 0.8379084967320262 0.06764705882352948 0.8915032679738563 0.09485294117647063 0.8915032679738563
3 0.08235294117647061 0.37254901960784315 0.03897058823529414 0.37254901960784315 0.038970588235294146 0.47581699346405226 0.08235294117647063 0.47581699346405226
7 0.48823529411764705 0.5830065359477126 0.4764705882352941 0.5830065359477126 0.4764705882352941 0.631372549019608 0.48823529411764705 0.631372549019608
5 0.4441176470588235 0.47189542483660146 0.4198529411764706 0.47189542483660146 0.4198529411764706 0.5150326797385623 0.4441176470588235 0.5150326797385623
7 0.3522058823529412 0.44052287581699356 0.3411764705882353 0.44052287581699345 0.3411764705882353 0.48758169934640533 0.3522058823529412 0.4875816993464054
8 0.3764705882352941 0.40000000000000013 0.3625 0.40000000000000013 0.3625 0.431372549019608 0.3764705882352941 0.431372549019608
5 0.4088235294117647 0.3124183006535948 0.38235294117647056 0.3124183006535948 0.38235294117647056 0.34509803921568644 0.4088235294117647 0.34509803921568644
9 0.3360294117647059 0.43137254901960786 0.3044117647058823 0.43137254901960786 0.3044117647058823 0.4993464052287582 0.3360294117647059 0.4993464052287582
9 0.31691176470588234 0.40522875816993464 0.27426470588235297 0.40522875816993464 0.27426470588235297 0.4797385620915033 0.31691176470588234 0.4797385620915033
7 0.31029411764705883 0.4418300653594771 0.3 0.4418300653594771 0.3 0.48627450980392156 0.31029411764705883 0.48627450980392156
7 0.2889705882352941 0.4143790849673203 0.28088235294117647 0.4143790849673203 0.28088235294117647 0.4562091503267974 0.2889705882352941 0.4562091503267974
7 0.2897058823529412 0.3843137254901961 0.2757352941176471 0.3843137254901961 0.2757352941176471 0.4326797385620915 0.2897058823529412 0.4326797385620915
9 0.2801470588235294 0.3712418300653595 0.2536764705882353 0.3712418300653595 0.2536764705882353 0.44313725490196076 0.2801470588235294 0.44313725490196076
7 0.26544117647058824 0.39738562091503266 0.25220588235294117 0.39738562091503266 0.25220588235294117 0.42091503267973857 0.26544117647058824 0.42091503267973857
9 0.3125 0.30588235294117655 0.2580882352941177 0.30588235294117655 0.2580882352941177 0.34901960784313724 0.3125 0.34901960784313724
7 0.29044117647058826 0.2941176470588236 0.2823529411764706 0.2941176470588236 0.2823529411764706 0.32549019607843144 0.29044117647058826 0.32549019607843144
9 0.39044117647058824 0.34771241830065375 0.3610294117647059 0.34771241830065375 0.3610294117647059 0.4117647058823531 0.39044117647058824 0.4117647058823531
10 0.36323529411764705 0.29019607843137263 0.3125 0.29019607843137263 0.3125 0.41437908496732034 0.36323529411764705 0.4143790849673204
5 0.39705882352941174 0.24705882352941183 0.3735294117647059 0.24705882352941183 0.3735294117647059 0.27581699346405236 0.39705882352941174 0.27581699346405236
5 0.3897058823529412 0.2287581699346406 0.35808823529411765 0.2287581699346406 0.35808823529411765 0.26274509803921575 0.3897058823529412 0.26274509803921575
1 0.3926470588235294 0.20915032679738568 0.3801470588235294 0.20915032679738568 0.3801470588235294 0.24052287581699353 0.3926470588235294 0.24052287581699353
11 0.37058823529411766 0.17908496732026152 0.3095588235294118 0.17908496732026152 0.3095588235294118 0.24705882352941183 0.37058823529411766 0.24705882352941183
3 0.3323529411764706 0.14771241830065368 0.28823529411764703 0.14771241830065368 0.28823529411764703 0.21045751633986937 0.3323529411764706 0.21045751633986937
11 0.30661764705882355 0.11895424836601315 0.2625 0.11895424836601315 0.2625 0.1830065359477125 0.30661764705882355 0.1830065359477125
5 0.34558823529411764 0.06274509803921575 0.3352941176470588 0.06274509803921575 0.3352941176470588 0.09281045751633994 0.34558823529411764 0.09281045751633994
8 0.30073529411764705 0.0745098039215687 0.2911764705882353 0.07450980392156868 0.2911764705882353 0.09673202614379092 0.30073529411764705 0.09673202614379092
9 0.32573529411764707 6.651513007133664e-17 0.2852941176470588 6.21128049763625e-17 0.2852941176470588 0.03529411764705889 0.32573529411764707 0.0352941176470589
7 0.2897058823529412 6.219284725081656e-17 0.28161764705882353 6.131238223182174e-17 0.28161764705882353 0.02614379084967327 0.2897058823529412 0.02614379084967327
11 0.03161764705882354 0.16470588235294117 1.1345992403865185e-17 0.16470588235294117 1.4407609401733567e-17 0.25359477124183005 0.03161764705882355 0.25359477124183005
3 0.9536764705882353 0.7267973856209153 0.875 0.7267973856209153 0.875 0.8104575163398696 0.9536764705882353 0.8104575163398696
3 0.7661764705882353 0.5830065359477126 0.6852941176470588 0.5830065359477126 0.6852941176470588 0.6732026143790852 0.7661764705882353 0.6732026143790852
5 0.6 0.5071895424836603 0.5639705882352941 0.5071895424836603 0.5639705882352941 0.5477124183006538 0.6 0.5477124183006538
8 0.5882352941176471 0.5019607843137256 0.575735294117647 0.5019607843137256 0.575735294117647 0.5464052287581701 0.5882352941176471 0.5464052287581701
9 0.5264705882352941 0.4627450980392158 0.47058823529411764 0.4627450980392158 0.47058823529411764 0.5150326797385623 0.5264705882352941 0.5150326797385623
8 0.49411764705882355 0.4627450980392158 0.4823529411764706 0.4627450980392158 0.4823529411764706 0.5032679738562092 0.49411764705882355 0.5032679738562092
7 0.46838235294117647 0.4418300653594773 0.4573529411764706 0.4418300653594773 0.4573529411764706 0.48627450980392173 0.46838235294117647 0.48627450980392173
7 0.4933823529411765 0.4300653594771243 0.4823529411764706 0.4300653594771243 0.4823529411764706 0.4705882352941178 0.4933823529411765 0.4705882352941178
7 0.48455882352941176 0.3973856209150328 0.47205882352941175 0.3973856209150328 0.47205882352941175 0.43921568627450996 0.48455882352941176 0.43921568627450996
9 0.47794117647058826 0.3843137254901962 0.4485294117647059 0.3843137254901962 0.4485294117647059 0.45882352941176485 0.47794117647058826 0.45882352941176485
7 0.5198529411764706 0.42352941176470604 0.5117647058823529 0.42352941176470604 0.5117647058823529 0.46143790849673216 0.5198529411764706 0.46143790849673216
7 0.5301470588235294 0.4169934640522877 0.5198529411764706 0.4169934640522877 0.5198529411764706 0.45882352941176485 0.5301470588235294 0.45882352941176485
8 0.5375 0.40000000000000013 0.5286764705882353 0.40000000000000013 0.5286764705882353 0.43660130718954265 0.5375 0.43660130718954265
8 0.5301470588235294 0.40261437908496744 0.5205882352941177 0.40261437908496744 0.5205882352941177 0.4379084967320263 0.5301470588235294 0.4379084967320263
9 0.525 0.38823529411764723 0.4919117647058823 0.38823529411764723 0.4919117647058823 0.45359477124183023 0.525 0.45359477124183023
9 0.5625 0.3764705882352943 0.5330882352941176 0.3764705882352943 0.5330882352941176 0.4405228758169936 0.5625 0.4405228758169936
5 0.5161764705882353 0.31633986928104585 0.49558823529411766 0.31633986928104585 0.49558823529411766 0.34771241830065375 0.5161764705882353 0.34771241830065375
1 0.5294117647058824 0.3176470588235295 0.5088235294117647 0.3176470588235295 0.5088235294117647 0.34117647058823547 0.5294117647058824 0.34117647058823547
7 0.5 0.2549019607843138 0.4889705882352941 0.2549019607843138 0.4889705882352941 0.2915032679738563 0.5 0.2915032679738563
5 0.5529411764705883 0.3111111111111113 0.5441176470588235 0.3111111111111113 0.5441176470588235 0.3437908496732028 0.5529411764705883 0.3437908496732028
7 0.55 0.30196078431372564 0.5463235294117647 0.30196078431372564 0.5463235294117647 0.32026143790849687 0.55 0.32026143790849687
8 0.4404411764705882 0.21437908496732033 0.4323529411764706 0.21437908496732033 0.4323529411764706 0.23921568627450987 0.4404411764705882 0.23921568627450987
8 0.5389705882352941 0.1986928104575165 0.5272058823529412 0.1986928104575165 0.5272058823529412 0.23006535947712434 0.5389705882352941 0.23006535947712434
8 0.5448529411764705 0.1947712418300655 0.5352941176470588 0.1947712418300655 0.5352941176470588 0.2248366013071897 0.5448529411764705 0.2248366013071897
1 0.5948529411764706 0.3084967320261439 0.5698529411764706 0.3084967320261439 0.5698529411764706 0.3424836601307191 0.5948529411764706 0.3424836601307191
1 0.6213235294117647 0.29281045751634 0.5977941176470588 0.29281045751634 0.5977941176470588 0.3267973856209152 0.6213235294117647 0.3267973856209152
5 0.6073529411764705 0.2758169934640524 0.5823529411764706 0.2758169934640524 0.5823529411764706 0.3098039215686276 0.6073529411764705 0.3098039215686276
7 0.6029411764705882 0.24836601307189557 0.5941176470588235 0.24836601307189557 0.5941176470588235 0.28496732026143806 0.6029411764705882 0.28496732026143806
5 0.5808823529411765 0.25620915032679753 0.5588235294117647 0.25620915032679753 0.5588235294117647 0.28888888888888903 0.5808823529411765 0.28888888888888903
5 0.5955882352941176 0.23267973856209165 0.5727941176470588 0.23267973856209165 0.5727941176470588 0.2653594771241832 0.5955882352941176 0.2653594771241832
7 0.6345588235294117 0.2509803921568629 0.6235294117647059 0.2509803921568629 0.6235294117647059 0.2901960784313727 0.6345588235294117 0.2901960784313727
7 0.6316176470588235 0.24705882352941191 0.6227941176470588 0.24705882352941191 0.6227941176470588 0.2836601307189544 0.6316176470588235 0.2836601307189544
7 0.6507352941176471 0.2509803921568629 0.6404411764705882 0.2509803921568629 0.6404411764705882 0.28888888888888903 0.6507352941176471 0.28888888888888903
8 0.6066176470588235 0.38300653594771256 0.5970588235294118 0.38300653594771256 0.5970588235294118 0.4169934640522877 0.6066176470588235 0.4169934640522877
8 0.6316176470588235 0.3725490196078433 0.6205882352941177 0.3725490196078433 0.6205882352941177 0.40261437908496744 0.6316176470588235 0.40261437908496744
9 0.6286764705882353 0.34771241830065375 0.5955882352941176 0.34771241830065375 0.5955882352941176 0.4196078431372551 0.6286764705882353 0.4196078431372551
9 0.6617647058823529 0.3437908496732028 0.6272058823529412 0.3437908496732028 0.6272058823529412 0.4052287581699348 0.6617647058823529 0.4052287581699348
9 0.6897058823529412 0.33071895424836617 0.6529411764705882 0.33071895424836617 0.6529411764705882 0.3947712418300655 0.6897058823529412 0.3947712418300655
8 0.6897058823529412 0.34509803921568644 0.6786764705882353 0.34509803921568644 0.6786764705882353 0.3790849673202616 0.6897058823529412 0.3790849673202616
7 0.7183823529411765 0.34771241830065375 0.7080882352941177 0.34771241830065375 0.7080882352941177 0.39084967320261454 0.7183823529411765 0.39084967320261454
7 0.7301470588235294 0.32810457516339886 0.7191176470588235 0.32810457516339886 0.7191176470588235 0.3725490196078433 0.7301470588235294 0.3725490196078433
7 0.7382352941176471 0.3163398692810459 0.7264705882352941 0.3163398692810459 0.7264705882352941 0.36078431372549036 0.7382352941176471 0.36078431372549036
7 0.7316176470588235 0.3555555555555557 0.7205882352941176 0.3555555555555557 0.7205882352941176 0.39607843137254917 0.7316176470588235 0.39607843137254917
7 0.7426470588235294 0.3555555555555557 0.7316176470588235 0.3555555555555557 0.7316176470588235 0.40261437908496744 0.7426470588235294 0.40261437908496744
9 0.7558823529411764 0.2941176470588237 0.7183823529411765 0.2941176470588237 0.7183823529411765 0.3568627450980394 0.7558823529411764 0.3568627450980394
5 0.6639705882352941 0.20915032679738577 0.6514705882352941 0.20915032679738577 0.6514705882352941 0.24705882352941191 0.6639705882352941 0.24705882352941191
3 0.7397058823529412 0.2052287581699348 0.6948529411764706 0.2052287581699348 0.6948529411764706 0.28888888888888903 0.7397058823529412 0.28888888888888903
3 0.7948529411764705 0.21307189542483676 0.7323529411764705 0.21307189542483676 0.7323529411764705 0.28496732026143806 0.7948529411764705 0.28496732026143806
3 0.8720588235294118 0.2679738562091505 0.8007352941176471 0.2679738562091505 0.8007352941176471 0.3307189542483662 0.8720588235294118 0.3307189542483662
7 0.8595588235294118 0.24052287581699364 0.8470588235294118 0.2405228758169936 0.8470588235294118 0.2758169934640525 0.8595588235294118 0.27581699346405253
11 0.8948529411764706 0.17254901960784333 0.8279411764705882 0.17254901960784327 0.8279411764705882 0.24313725490196098 0.8948529411764706 0.243137254901961
5 0.8198529411764706 0.104575163398693 0.8007352941176471 0.104575163398693 0.8007352941176471 0.13856209150326815 0.8198529411764706 0.13856209150326815
5 0.8544117647058823 0.09803921568627469 0.8352941176470589 0.09803921568627469 0.8352941176470589 0.12287581699346424 0.8544117647058823 0.12287581699346424
7 0.8941176470588236 0.2954248366013074 0.8794117647058823 0.2954248366013074 0.8794117647058823 0.33333333333333354 0.8941176470588236 0.33333333333333354
5 0.8316176470588236 0.3424836601307191 0.8066176470588236 0.3424836601307191 0.8066176470588236 0.37385620915032697 0.8316176470588236 0.37385620915032697
8 0.8294117647058824 0.3267973856209152 0.8154411764705882 0.3267973856209152 0.8154411764705882 0.3686274509803923 0.8294117647058824 0.3686274509803923
10 0.7389705882352942 0.45359477124183023 0.6125 0.45359477124183023 0.6125 0.6013071895424839 0.7389705882352942 0.6013071895424839
11 0.6963235294117647 0.41307189542483674 0.6257352941176471 0.41307189542483674 0.6257352941176471 0.5006535947712419 0.6963235294117647 0.5006535947712419
11 0.7911764705882353 0.36339869281045767 0.7022058823529411 0.36339869281045767 0.7022058823529411 0.45882352941176485 0.7911764705882353 0.45882352941176485
11 0.8154411764705882 0.4549019607843139 0.7426470588235294 0.4549019607843139 0.7426470588235294 0.5424836601307191 0.8154411764705882 0.5424836601307191
11 0.8904411764705882 0.33333333333333354 0.8044117647058824 0.3333333333333335 0.8044117647058824 0.427450980392157 0.8904411764705882 0.427450980392157
3 0.8720588235294118 0.5529411764705884 0.7794117647058824 0.5529411764705884 0.7794117647058824 0.6379084967320263 0.8720588235294118 0.6379084967320263
3 0.9257352941176471 0.4222222222222224 0.8470588235294118 0.4222222222222224 0.8470588235294118 0.49411764705882366 0.9257352941176471 0.49411764705882366
3 1 0.38823529411764723 0.95 0.38823529411764723 0.95 0.4575163398692812 1 0.4575163398692812
11 0.9588235294117647 0.5006535947712419 0.8808823529411764 0.5006535947712419 0.8808823529411764 0.5882352941176472 0.9588235294117647 0.5882352941176472
3 1 0.48104575163398705 0.9602941176470589 0.48104575163398705 0.9602941176470589 0.5529411764705884 1 0.5529411764705884
11 0.9639705882352941 0.24183006535947735 0.8963235294117647 0.24183006535947735 0.8963235294117647 0.312418300653595 0.9639705882352941 0.312418300653595
7 0.9720588235294118 0.26535947712418323 0.9602941176470589 0.26535947712418323 0.9602941176470589 0.3098039215686277 0.9720588235294118 0.3098039215686277