3 0.1859375 0.2092592592592593 0.17760416666666667 0.2092592592592593 0.17760416666666667 0.22129629629629635 0.1859375 0.22129629629629635
3 0.2046875 0.22777777777777783 0.19635416666666666 0.22777777777777783 0.19635416666666666 0.23796296296296296 0.2046875 0.23796296296296296
3 0.23072916666666668 0.2388888888888889 0.22135416666666666 0.2388888888888889 0.22135416666666666 0.2490740740740741 0.23072916666666668 0.2490740740740741
3 0.2546875 0.23703703703703713 0.24739583333333334 0.23703703703703713 0.24739583333333334 0.24722222222222232 0.2546875 0.24722222222222232
5 0.25729166666666664 0.24444444444444455 0.2526041666666667 0.24444444444444455 0.2526041666666667 0.25555555555555565 0.25729166666666664 0.25555555555555565
3 0.2520833333333333 0.24907407407407417 0.24322916666666666 0.24907407407407417 0.24322916666666666 0.26111111111111124 0.2520833333333333 0.26111111111111124
3 0.2484375 0.2731481481481482 0.23645833333333333 0.27314814814814814 0.23645833333333333 0.28796296296296303 0.2484375 0.2879629629629631
3 0.2760416666666667 0.27314814814814825 0.2635416666666667 0.27314814814814825 0.2635416666666667 0.2898148148148149 0.2760416666666667 0.2898148148148149
3 0.2869791666666667 0.2722222222222223 0.275 0.2722222222222223 0.275 0.2861111111111112 0.2869791666666667 0.2861111111111112
3 0.29270833333333335 0.29907407407407416 0.2796875 0.29907407407407416 0.2796875 0.3157407407407408 0.29270833333333335 0.3157407407407408
3 0.34479166666666666 0.34074074074074084 0.32864583333333336 0.34074074074074084 0.32864583333333336 0.36296296296296304 0.34479166666666666 0.36296296296296304
11 0.37604166666666666 0.4314814814814816 0.3515625 0.4314814814814816 0.3515625 0.48518518518518516 0.37604166666666666 0.48518518518518516
3 0.24791666666666667 0.3120370370370371 0.23229166666666667 0.31203703703703706 0.23229166666666667 0.33148148148148154 0.24791666666666667 0.3314814814814816
3 0.2677083333333333 0.3361111111111112 0.2520833333333333 0.3361111111111112 0.2520833333333333 0.35833333333333345 0.2677083333333333 0.35833333333333345
10 0.31979166666666664 0.3101851851851853 0.29270833333333335 0.3101851851851853 0.29270833333333335 0.37037037037037046 0.31979166666666664 0.37037037037037046
11 0.2869791666666667 0.3953703703703705 0.26979166666666665 0.3953703703703705 0.26979166666666665 0.4351851851851853 0.2869791666666667 0.4351851851851853
11 0.25104166666666666 0.3546296296296297 0.23489583333333333 0.35462962962962963 0.23489583333333333 0.38518518518518524 0.25104166666666666 0.3851851851851853
11 0.2786458333333333 0.4490740740740742 0.25468750000000007 0.4490740740740742 0.25468750000000007 0.4981481481481482 0.2786458333333333 0.4981481481481482
3 0.22760416666666672 0.475 0.19947916666666674 0.475 0.19947916666666674 0.5185185185185185 0.22760416666666672 0.5185185185185185
3 0.21822916666666672 0.5333333333333333 0.18593750000000006 0.5333333333333333 0.18593750000000006 0.5861111111111111 0.21822916666666672 0.5861111111111111
3 0.12135416666666672 0.7981481481481482 0.04687500000000006 0.7981481481481482 0.04687500000000006 0.9351851851851852 0.12135416666666672 0.9351851851851852
3 0.2114583333333334 0.8185185185185185 0.13437500000000005 0.8185185185185185 0.13437500000000005 0.9574074074074074 0.2114583333333334 0.9574074074074074
3 0.1822916666666667 0.6444444444444445 0.13750000000000007 0.6444444444444445 0.13750000000000007 0.7277777777777777 0.1822916666666667 0.7277777777777777
11 0.24166666666666672 0.6685185185185185 0.1927083333333334 0.6685185185185185 0.1927083333333334 0.7666666666666667 0.24166666666666672 0.7666666666666667
3 0.26041666666666674 0.6148148148148148 0.2192708333333334 0.6148148148148148 0.2192708333333334 0.6842592592592592 0.26041666666666674 0.6842592592592592
10 0.060937500000000026 0.38333333333333336 0.017708333333333364 0.38333333333333336 0.017708333333333364 0.462037037037037 0.060937500000000026 0.462037037037037