4 0.25833333333333336 0.037037037037037084 0.17604166666666668 0.03703703703703708 0.17604166666666668 0.1481481481481482 0.25833333333333336 0.1481481481481482
4 1 0.2888888888888891 0.903125 0.2888888888888891 0.903125 0.41666666666666685 1 0.41666666666666685
3 0.9760416666666667 0.7666666666666668 0.8739583333333333 0.7666666666666668 0.8739583333333333 0.9037037037037039 0.9760416666666667 0.9037037037037039
3 0.7375 0.5611111111111113 0.6677083333333333 0.5611111111111113 0.6677083333333333 0.6555555555555558 0.7375 0.6555555555555558
3 0.31875 0.20370370370370375 0.303125 0.20370370370370375 0.303125 0.22777777777777783 0.31875 0.22777777777777783
3 0.26979166666666665 0.1518518518518519 0.25625 0.1518518518518519 0.25625 0.17037037037037042 0.26979166666666665 0.17037037037037042
3 0.359375 0.22222222222222227 0.34375 0.22222222222222227 0.34375 0.2425925925925927 0.359375 0.2425925925925927
3 0.3458333333333333 0.21111111111111117 0.334375 0.21111111111111117 0.334375 0.23148148148148154 0.3458333333333333 0.23148148148148154
3 0.33645833333333336 0.2018518518518519 0.325 0.2018518518518519 0.325 0.2203703703703704 0.33645833333333336 0.2203703703703704
3 0.3302083333333333 0.19629629629629636 0.3177083333333333 0.19629629629629636 0.3177083333333333 0.21111111111111117 0.3302083333333333 0.21111111111111117
10 0.43645833333333334 0.2740740740740742 0.37395833333333334 0.2740740740740742 0.37395833333333334 0.3574074074074075 0.43645833333333334 0.3574074074074075
7 0.2760416666666667 0.1555555555555556 0.2708333333333333 0.1555555555555556 0.2708333333333333 0.16481481481481486 0.2760416666666667 0.16481481481481486
8 0.18541666666666667 0.29444444444444445 0.17916666666666667 0.29444444444444445 0.17916666666666667 0.3037037037037037 0.18541666666666667 0.3037037037037037
7 0.18541666666666667 0.28703703703703703 0.178125 0.28703703703703703 0.178125 0.30185185185185187 0.18541666666666667 0.30185185185185187
5 0.1875 0.29259259259259257 0.17708333333333334 0.29259259259259257 0.17708333333333334 0.3111111111111111 0.1875 0.3111111111111111
2 0.440625 0.3351851851851853 0.38958333333333334 0.3351851851851853 0.38958333333333334 0.4166666666666668 0.440625 0.4166666666666668
11 0.4864583333333333 0.3851851851851853 0.45625 0.3851851851851853 0.45625 0.43333333333333346 0.4864583333333333 0.43333333333333346
10 0.61875 0.4462962962962964 0.4864583333333333 0.4462962962962964 0.4864583333333333 0.6425925925925928 0.61875 0.6425925925925928
3 0.38229166666666664 0.2462962962962964 0.36666666666666664 0.2462962962962964 0.36666666666666664 0.2666666666666668 0.38229166666666664 0.2666666666666668
8 0.475 0.3648148148148149 0.46770833333333334 0.3648148148148149 0.46770833333333334 0.3814814814814816 0.475 0.3814814814814816
5 0.47708333333333336 0.37037037037037046 0.4635416666666667 0.37037037037037046 0.4635416666666667 0.3870370370370371 0.47708333333333336 0.3870370370370371
5 0.278125 0.15925925925925932 0.271875 0.15925925925925932 0.271875 0.17037037037037042 0.278125 0.17037037037037042
8 0.2875 0.15740740740740747 0.28229166666666666 0.15740740740740747 0.28229166666666666 0.16851851851851857 0.2875 0.16851851851851857
3 0.28958333333333336 0.162962962962963 0.28020833333333334 0.162962962962963 0.28020833333333334 0.17407407407407413 0.28958333333333336 0.17407407407407413
8 0.35625 0.23888888888888898 0.35104166666666664 0.23888888888888898 0.35104166666666664 0.24814814814814826 0.35625 0.24814814814814826
8 0.346875 0.23888888888888898 0.3416666666666667 0.23888888888888898 0.3416666666666667 0.2462962962962964 0.346875 0.2462962962962964
5 0.3572916666666667 0.2462962962962964 0.35 0.2462962962962964 0.35 0.25925925925925936 0.3572916666666667 0.25925925925925936
5 0.34791666666666665 0.24444444444444455 0.340625 0.24444444444444455 0.340625 0.25925925925925936 0.34791666666666665 0.25925925925925936
7 0.6416666666666667 0.30925925925925934 0.63125 0.30925925925925934 0.63125 0.338888888888889 0.6416666666666667 0.338888888888889
7 0.47708333333333336 0.21296296296296308 0.4708333333333333 0.21296296296296308 0.4708333333333333 0.23703703703703713 0.47708333333333336 0.23703703703703713
7 0.4864583333333333 0.22037037037037047 0.48020833333333335 0.22037037037037047 0.48020833333333335 0.23703703703703713 0.4864583333333333 0.23703703703703713
7 0.496875 0.21666666666666679 0.490625 0.21666666666666679 0.490625 0.23703703703703713 0.496875 0.23703703703703713
7 0.48125 0.21666666666666679 0.47708333333333336 0.21666666666666679 0.47708333333333336 0.2351851851851853 0.48125 0.2351851851851853
10 0.8760416666666667 0.6740740740740743 0.78125 0.6740740740740743 0.78125 0.7796296296296299 0.8760416666666667 0.7796296296296299
8 1 0.540740740740741 0.9875 0.540740740740741 0.9875 0.5685185185185188 1 0.5685185185185188
8 0.34791666666666665 0.45185185185185195 0.340625 0.45185185185185195 0.340625 0.4722222222222223 0.34791666666666665 0.4722222222222223
1 0.3489583333333333 0.4611111111111112 0.340625 0.4611111111111112 0.340625 0.48518518518518516 0.3489583333333333 0.48518518518518516