3 0.30000000000000004 0.825925925925926 0.2619791666666667 0.825925925925926 0.2619791666666667 0.8601851851851852 0.3000000000000001 0.8601851851851852
3 0.30833333333333335 0.6787037037037037 0.27291666666666664 0.6787037037037037 0.27291666666666664 0.7101851851851851 0.30833333333333335 0.7101851851851851
3 0.31614583333333335 0.5833333333333334 0.28229166666666666 0.5833333333333334 0.28229166666666666 0.6101851851851852 0.31614583333333335 0.6101851851851852
3 0.3140625 0.55 0.2833333333333333 0.55 0.2833333333333333 0.5768518518518518 0.3140625 0.5768518518518518
3 0.32864583333333336 0.4546296296296297 0.2947916666666667 0.4546296296296297 0.2947916666666667 0.48333333333333334 0.32864583333333336 0.48333333333333334
3 0.390625 0.7787037037037037 0.3567708333333333 0.7787037037037037 0.3567708333333333 0.8074074074074075 0.390625 0.8074074074074075
3 0.49635416666666676 0.9175925925925927 0.4796875000000001 0.9175925925925926 0.4796875000000001 0.9861111111111112 0.49635416666666676 0.9861111111111112
3 0.49531250000000004 0.8324074074074075 0.4786458333333333 0.8324074074074074 0.4786458333333334 0.9037037037037038 0.4953125000000001 0.9037037037037039
3 0.5552083333333333 0.8731481481481483 0.5385416666666667 0.8731481481481483 0.5385416666666667 0.9314814814814817 0.5552083333333333 0.9314814814814817
3 0.475 0.5546296296296296 0.4588541666666667 0.5546296296296296 0.4588541666666667 0.612037037037037 0.475 0.612037037037037
3 0.4708333333333333 0.4888888888888889 0.45416666666666666 0.4888888888888889 0.45416666666666666 0.5425925925925926 0.4708333333333333 0.5425925925925926
3 0.4640625 0.4111111111111112 0.4479166666666667 0.4111111111111112 0.4479166666666667 0.46759259259259267 0.4640625 0.46759259259259267
3 0.46197916666666666 0.3574074074074075 0.4473958333333333 0.3574074074074075 0.4473958333333333 0.40833333333333344 0.46197916666666666 0.40833333333333344
3 0.696875 0.6435185185185187 0.6786458333333333 0.6435185185185187 0.6786458333333333 0.7037037037037039 0.696875 0.7037037037037039
3 0.6916666666666667 0.5759259259259262 0.6723958333333333 0.5759259259259262 0.6723958333333333 0.6398148148148151 0.6916666666666667 0.6398148148148151
3 0.6802083333333333 0.49814814814814834 0.6619791666666667 0.49814814814814834 0.6619791666666667 0.5546296296296298 0.6802083333333333 0.5546296296296298
3 0.6708333333333333 0.4166666666666668 0.653125 0.4166666666666668 0.653125 0.4722222222222223 0.6708333333333333 0.4722222222222223
3 0.6625 0.3500000000000001 0.6463541666666667 0.3500000000000001 0.6463541666666667 0.4000000000000001 0.6625 0.4000000000000001
3 0.6578125 0.2935185185185186 0.6395833333333333 0.2935185185185186 0.6395833333333333 0.3416666666666668 0.6578125 0.3416666666666668
3 0.6489583333333333 0.23518518518518533 0.6338541666666667 0.23518518518518533 0.6338541666666667 0.2814814814814816 0.6489583333333333 0.2814814814814816
3 0.6427083333333333 0.1759259259259261 0.6265625 0.1759259259259261 0.6265625 0.22500000000000014 0.6427083333333333 0.22500000000000014
3 0.6364583333333333 0.10925925925925939 0.6197916666666666 0.10925925925925939 0.6197916666666666 0.1592592592592594 0.6364583333333333 0.1592592592592594
3 0.6291666666666667 0.0666666666666668 0.6161458333333333 0.0666666666666668 0.6161458333333333 0.10833333333333346 0.6291666666666667 0.10833333333333346
3 0.6239583333333333 0.004629629629629764 0.6072916666666667 0.004629629629629761 0.6072916666666667 0.04722222222222235 0.6239583333333333 0.04722222222222235
3 0.49375 0.023148148148148254 0.47708333333333336 0.023148148148148254 0.47708333333333336 0.07500000000000011 0.49375 0.07500000000000011
3 0.453125 0.11944444444444455 0.44114583333333335 0.11944444444444455 0.44114583333333335 0.17037037037037048 0.453125 0.17037037037037048
3 0.43802083333333336 0.17222222222222233 0.4140625 0.17222222222222233 0.4140625 0.21111111111111122 0.43802083333333336 0.21111111111111122
3 0.421875 0.15555555555555567 0.39114583333333336 0.15555555555555567 0.39114583333333336 0.1787037037037038 0.421875 0.1787037037037038
3 0.3651041666666667 0.18888888888888897 0.33177083333333335 0.18888888888888894 0.33177083333333335 0.21666666666666676 0.3651041666666667 0.21666666666666679
3 0.3880208333333333 0.15925925925925935 0.3567708333333333 0.15925925925925932 0.3567708333333333 0.1861111111111112 0.3880208333333333 0.18611111111111123
3 0.40208333333333335 0.12962962962962973 0.37864583333333335 0.12962962962962973 0.37864583333333335 0.15092592592592602 0.40208333333333335 0.15092592592592602
3 0.43385416666666665 0.12592592592592602 0.4046875 0.12592592592592602 0.4046875 0.15277777777777787 0.43385416666666665 0.15277777777777787
3 0.43125 0.10092592592592602 0.4015625 0.100925925925926 0.4015625 0.12592592592592602 0.43125 0.12592592592592602
3 0.39947916666666666 0.10648148148148157 0.37083333333333335 0.10648148148148157 0.37083333333333335 0.1324074074074075 0.39947916666666666 0.1324074074074075
3 0.36822916666666666 0.0796296296296297 0.340625 0.0796296296296297 0.340625 0.10277777777777786 0.36822916666666666 0.10277777777777786
3 0.4401041666666667 0.03981481481481491 0.4270833333333333 0.03981481481481491 0.4270833333333333 0.08703703703703715 0.4401041666666667 0.08703703703703715
11 0.39739583333333334 0.5546296296296296 0.371875 0.5546296296296296 0.371875 0.5824074074074074 0.39739583333333334 0.5824074074074074
11 0.5375 0.5314814814814817 0.521875 0.5314814814814817 0.521875 0.5833333333333336 0.5375 0.5833333333333336
11 0.38177083333333334 0.043518518518518595 0.35 0.043518518518518595 0.35 0.0796296296296297 0.38177083333333334 0.0796296296296297
11 0.3390625 0.04537037037037044 0.3265625 0.045370370370370436 0.3265625 0.09722222222222231 0.3390625 0.09722222222222231
11 0.37083333333333335 0.01111111111111119 0.3458333333333333 0.011111111111111186 0.3458333333333333 0.03796296296296304 0.37083333333333335 0.03796296296296304
3 0.459375 9.848201343143299e-17 0.4453125 9.69512049324988e-17 0.4453125 0.03796296296296306 0.459375 0.037962962962963066
3 0.4375 9.394628454570205e-17 0.42552083333333335 9.26422624910544e-17 0.42552083333333335 0.03518518518518528 0.4375 0.03518518518518528
2 0.6770833333333334 0.7981481481481484 0.6395833333333333 0.7981481481481484 0.6395833333333333 0.9629629629629629 0.6770833333333334 0.9629629629629629
7 0.721875 0.7342592592592595 0.715625 0.7342592592592595 0.715625 0.7462962962962965 0.721875 0.7462962962962965
7 0.7057291666666666 0.6981481481481484 0.7010416666666667 0.6981481481481484 0.7010416666666667 0.7083333333333336 0.7057291666666666 0.7083333333333336
7 0.6390625 0.5175925925925928 0.634375 0.5175925925925928 0.634375 0.5296296296296299 0.6390625 0.5296296296296299
7 0.6395833333333333 0.5240740740740742 0.6348958333333333 0.5240740740740742 0.6348958333333333 0.5324074074074077 0.6395833333333333 0.5324074074074077
5 0.6395833333333333 0.5111111111111113 0.6333333333333333 0.5111111111111113 0.6333333333333333 0.5361111111111113 0.6395833333333333 0.5361111111111113
7 0.6333333333333333 0.2675925925925927 0.6286458333333333 0.2675925925925927 0.6286458333333333 0.28333333333333344 0.6333333333333333 0.28333333333333344
7 0.4609375 0.1712962962962964 0.4557291666666667 0.1712962962962964 0.4557291666666667 0.18425925925925937 0.4609375 0.18425925925925937
7 0.4401041666666667 0.10462962962962974 0.4359375 0.10462962962962974 0.4359375 0.11851851851851862 0.4401041666666667 0.11851851851851862
7 0.4359375 0.10555555555555567 0.4328125 0.10555555555555567 0.4328125 0.11574074074074085 0.4359375 0.11574074074074085
7 0.32083333333333336 0.13888888888888895 0.315625 0.13888888888888895 0.315625 0.15277777777777782 0.32083333333333336 0.15277777777777782
7 0.32760416666666664 0.10740740740740749 0.3223958333333333 0.10740740740740749 0.3223958333333333 0.12037037037037042 0.32760416666666664 0.12037037037037042
7 0.3229166666666667 0.10740740740740749 0.3182291666666667 0.10740740740740749 0.3182291666666667 0.12222222222222227 0.3229166666666667 0.12222222222222227
7 0.32135416666666666 0.03425925925925932 0.31666666666666665 0.03425925925925932 0.31666666666666665 0.04907407407407414 0.32135416666666666 0.04907407407407414
7 0.284375 0.2157407407407408 0.28020833333333334 0.2157407407407408 0.28020833333333334 0.22870370370370377 0.284375 0.22870370370370377
7 0.3453125 0.2861111111111112 0.3385416666666667 0.2861111111111112 0.3385416666666667 0.301851851851852 0.3453125 0.301851851851852
7 0.35625 0.2712962962962964 0.35 0.2712962962962964 0.35 0.27962962962962973 0.35625 0.27962962962962973
7 0.3546875 0.25925925925925936 0.3489583333333333 0.25925925925925936 0.3489583333333333 0.2722222222222223 0.3546875 0.2722222222222223
7 0.3963541666666667 0.22962962962962974 0.39166666666666666 0.22962962962962974 0.39166666666666666 0.2425925925925927 0.3963541666666667 0.2425925925925927
7 0.3932291666666667 0.2314814814814816 0.3885416666666667 0.2314814814814816 0.3885416666666667 0.24351851851851863 0.3932291666666667 0.24351851851851863
7 0.40989583333333335 0.2935185185185186 0.4046875 0.2935185185185186 0.4046875 0.3064814814814816 0.40989583333333335 0.3064814814814816
7 0.46510416666666665 0.36203703703703716 0.46197916666666666 0.36203703703703716 0.46197916666666666 0.37685185185185194 0.46510416666666665 0.37685185185185194
7 0.421875 0.08981481481481489 0.41822916666666665 0.08981481481481489 0.41822916666666665 0.10648148148148157 0.421875 0.10648148148148157
7 0.4453125 0.4888888888888889 0.4401041666666667 0.4888888888888889 0.4401041666666667 0.5018518518518519 0.4453125 0.5018518518518519
7 0.59375 0.4814814814814817 0.5880208333333333 0.4814814814814817 0.5880208333333333 0.4962962962962965 0.59375 0.4962962962962965
5 0.5942708333333333 0.4787037037037039 0.5869791666666667 0.4787037037037039 0.5869791666666667 0.5000000000000002 0.5942708333333333 0.5000000000000002
7 0.4822916666666667 0.7277777777777777 0.4765625 0.7277777777777777 0.4765625 0.7398148148148148 0.4822916666666667 0.7398148148148148
7 0.4671875 0.7444444444444445 0.4625 0.7444444444444445 0.4625 0.7537037037037037 0.4671875 0.7537037037037037
7 0.459375 0.737037037037037 0.45416666666666666 0.737037037037037 0.45416666666666666 0.7481481481481481 0.459375 0.7481481481481481
7 0.46875 0.7703703703703704 0.46458333333333335 0.7703703703703704 0.46458333333333335 0.7814814814814814 0.46875 0.7814814814814814
7 0.47291666666666676 0.8731481481481481 0.4687500000000001 0.8731481481481481 0.4687500000000001 0.8851851851851852 0.47291666666666676 0.8851851851851852
7 0.4682291666666668 0.8712962962962963 0.46302083333333344 0.8712962962962963 0.46302083333333344 0.8814814814814815 0.4682291666666668 0.8814814814814815
7 0.4619791666666668 0.8759259259259259 0.45729166666666676 0.8759259259259259 0.45729166666666676 0.8888888888888888 0.4619791666666668 0.8888888888888888
1 0.5041666666666668 0.8425925925925928 0.4979166666666667 0.8425925925925928 0.49791666666666673 0.8685185185185187 0.5041666666666668 0.8685185185185187
1 0.5119791666666668 0.8462962962962965 0.5078125 0.8462962962962965 0.5078125000000001 0.8712962962962965 0.5119791666666668 0.8712962962962965
7 0.5130208333333334 0.8500000000000002 0.5083333333333333 0.8500000000000002 0.5083333333333334 0.8657407407407409 0.5130208333333335 0.8657407407407409
7 0.5041666666666668 0.8472222222222224 0.4973958333333333 0.8472222222222224 0.49739583333333337 0.8620370370370373 0.5041666666666668 0.8620370370370373
7 0.47291666666666665 0.687037037037037 0.4666666666666667 0.687037037037037 0.4666666666666667 0.6990740740740741 0.47291666666666665 0.6990740740740741
5 0.4713541666666667 0.6805555555555556 0.4661458333333333 0.6805555555555556 0.4661458333333333 0.7055555555555556 0.4713541666666667 0.7055555555555556
7 0.4630208333333333 0.6888888888888889 0.45729166666666665 0.6888888888888889 0.45729166666666665 0.7018518518518518 0.4630208333333333 0.7018518518518518
7 0.5031250000000002 0.9259259259259262 0.49843750000000014 0.9259259259259262 0.49843750000000014 0.939814814814815 0.5031250000000002 0.939814814814815
5 0.3140625 0.28055555555555567 0.3046875 0.28055555555555567 0.3046875 0.2898148148148149 0.3140625 0.2898148148148149
5 0.3177083333333333 0.288888888888889 0.3072916666666667 0.288888888888889 0.3072916666666667 0.30092592592592604 0.3177083333333333 0.30092592592592604
5 0.30885416666666665 0.16388888888888895 0.3026041666666667 0.16388888888888895 0.3026041666666667 0.18518518518518523 0.30885416666666665 0.18518518518518523
5 0.18385416666666668 0.1981481481481482 0.171875 0.1981481481481482 0.171875 0.2092592592592593 0.18385416666666668 0.2092592592592593
5 0.16770833333333332 0.18148148148148152 0.1625 0.18148148148148152 0.1625 0.20092592592592598 0.16770833333333332 0.20092592592592598
1 0.21302083333333333 0.19722222222222227 0.20260416666666667 0.19722222222222227 0.20260416666666667 0.20648148148148154 0.21302083333333333 0.20648148148148154
7 0.20885416666666667 0.19351851851851856 0.203125 0.19351851851851856 0.203125 0.21018518518518522 0.20885416666666667 0.21018518518518522
7 0.17916666666666667 0.19351851851851856 0.17447916666666666 0.19351851851851856 0.17447916666666666 0.21018518518518522 0.17916666666666667 0.21018518518518522
7 0.16510416666666666 0.18240740740740746 0.15885416666666666 0.18240740740740746 0.15885416666666666 0.19722222222222227 0.16510416666666666 0.19722222222222227
7 0.15885416666666666 0.17222222222222228 0.15520833333333334 0.17222222222222228 0.15520833333333334 0.18518518518518523 0.15885416666666666 0.18518518518518523
7 0.17864583333333334 0.11574074074074077 0.171875 0.11574074074074077 0.171875 0.1342592592592593 0.17864583333333334 0.1342592592592593
7 0.14635416666666667 0.2203703703703704 0.14166666666666666 0.2203703703703704 0.14166666666666666 0.2333333333333334 0.14635416666666667 0.2333333333333334
7 0.14166666666666666 0.22129629629629635 0.13802083333333334 0.22129629629629635 0.13802083333333334 0.23240740740740745 0.14166666666666666 0.23240740740740745
7 0.1125 0.19722222222222222 0.10625 0.19722222222222222 0.10625 0.21296296296296297 0.1125 0.21296296296296297
7 0.07604166666666666 0.19814814814814816 0.06562500000000002 0.19814814814814816 0.06562500000000002 0.21296296296296297 0.07604166666666666 0.21296296296296297
7 0.06406250000000001 0.21296296296296297 0.05937500000000002 0.21296296296296297 0.05937500000000002 0.22685185185185186 0.06406250000000001 0.22685185185185186
7 0.06354166666666668 0.22037037037037038 0.05833333333333335 0.22037037037037038 0.05833333333333335 0.23055555555555557 0.06354166666666668 0.23055555555555557
7 0.04375000000000002 0.20462962962962963 0.03385416666666668 0.20462962962962963 0.03385416666666668 0.2212962962962963 0.04375000000000002 0.2212962962962963
7 0.10052083333333334 0.09814814814814818 0.09479166666666666 0.09814814814814818 0.09479166666666666 0.11388888888888891 0.10052083333333334 0.11388888888888891
7 0.19635416666666666 0.03703703703703708 0.190625 0.03703703703703708 0.190625 0.05462962962962967 0.19635416666666666 0.05462962962962967
7 0.033854166666666664 0.03703703703703704 0.0265625 0.037037037037037035 0.0265625 0.05185185185185186 0.033854166666666664 0.051851851851851864
7 0.06041666666666667 0.08888888888888889 0.05416666666666667 0.08888888888888889 0.05416666666666667 0.10185185185185185 0.06041666666666667 0.10185185185185185
7 0.08489583333333334 0.10370370370370373 0.07708333333333334 0.10370370370370373 0.07708333333333334 0.11851851851851852 0.08489583333333334 0.11851851851851852
8 0.051562500000000004 0.10092592592592593 0.04739583333333333 0.10092592592592593 0.04739583333333334 0.11296296296296296 0.05156250000000002 0.11296296296296296
8 0.05781250000000001 0.10462962962962963 0.0515625 0.10462962962962963 0.051562500000000004 0.11388888888888889 0.05781250000000002 0.11388888888888889
7 0.17708333333333334 0.1407407407407408 0.16979166666666667 0.1407407407407408 0.16979166666666667 0.15370370370370376 0.17708333333333334 0.15370370370370376
5 0.1765625 0.14259259259259263 0.16979166666666667 0.14259259259259263 0.16979166666666667 0.162962962962963 0.1765625 0.162962962962963
7 0.178125 0.009259259259259299 0.17395833333333333 0.009259259259259299 0.17395833333333333 0.027777777777777818 0.178125 0.027777777777777818
8 0.06041666666666668 0.11851851851851852 0.055208333333333345 0.11851851851851852 0.055208333333333345 0.12962962962962962 0.06041666666666668 0.12962962962962962
8 0.06510416666666669 0.11574074074074076 0.05989583333333335 0.11574074074074074 0.05989583333333335 0.12685185185185185 0.06510416666666669 0.12685185185185185
8 0.06822916666666666 0.12129629629629629 0.06458333333333335 0.12129629629629629 0.06458333333333335 0.13333333333333333 0.06822916666666666 0.13333333333333333
8 0.06093750000000001 0.13240740740740742 0.054687500000000014 0.13240740740740742 0.054687500000000014 0.1425925925925926 0.06093750000000001 0.1425925925925926
7 0.128125 0.14629629629629634 0.12135416666666667 0.14629629629629634 0.12135416666666667 0.1620370370370371 0.128125 0.1620370370370371
7 0.284375 0.20740740740740746 0.28125 0.20740740740740746 0.28125 0.22129629629629635 0.284375 0.22129629629629635