4 0.2852941176470588 0.25751633986928113 0.22941176470588234 0.25751633986928113 0.22941176470588234 0.3137254901960785 0.2852941176470588 0.3137254901960785
4 0.8073529411764706 0.296732026143791 0.7073529411764706 0.296732026143791 0.7073529411764706 0.362091503267974 0.8073529411764706 0.362091503267974
3 0.6139705882352942 0.8640522875816994 0.5713235294117647 0.8640522875816994 0.5713235294117647 0.9607843137254902 0.6139705882352942 0.9607843137254902
3 0.2941176470588236 0.6143790849673203 0.26102941176470595 0.6143790849673203 0.26102941176470595 0.677124183006536 0.2941176470588236 0.677124183006536
5 0.5455882352941176 0.8470588235294118 0.5323529411764706 0.8470588235294118 0.5323529411764706 0.8941176470588236 0.5455882352941176 0.8941176470588236
7 0.5455882352941176 0.8300653594771242 0.5323529411764706 0.8300653594771242 0.5323529411764706 0.8771241830065359 0.5455882352941176 0.8771241830065359
3 0.649264705882353 0.45882352941176485 0.6352941176470588 0.45882352941176485 0.6352941176470588 0.48235294117647076 0.649264705882353 0.48235294117647076
2 0.6330882352941176 0.4013071895424838 0.6147058823529412 0.4013071895424838 0.6147058823529412 0.44313725490196093 0.6330882352941176 0.44313725490196093
3 0.6205882352941177 0.3986928104575165 0.6095588235294118 0.3986928104575165 0.6095588235294118 0.42091503267973873 0.6205882352941177 0.42091503267973873
2 0.5169117647058824 0.38823529411764723 0.4625 0.38823529411764723 0.4625 0.42875816993464066 0.5169117647058824 0.42875816993464066
2 0.4764705882352941 0.3725490196078433 0.42058823529411765 0.3725490196078433 0.42058823529411765 0.4169934640522877 0.4764705882352941 0.4169934640522877
11 0.5220588235294118 0.3947712418300655 0.4985294117647059 0.3947712418300655 0.4985294117647059 0.41568627450980405 0.5220588235294118 0.41568627450980405
3 0.5602941176470588 0.3973856209150328 0.5360294117647059 0.3973856209150328 0.5360294117647059 0.41568627450980405 0.5602941176470588 0.41568627450980405
11 0.5875 0.3973856209150328 0.5625 0.3973856209150328 0.5625 0.41830065359477137 0.5875 0.41830065359477137
3 0.5911764705882353 0.3947712418300655 0.5661764705882353 0.3947712418300655 0.5661764705882353 0.4143790849673204 0.5911764705882353 0.4143790849673204
3 0.6073529411764705 0.3869281045751635 0.5963235294117647 0.3869281045751635 0.5963235294117647 0.40392156862745116 0.6073529411764705 0.40392156862745116
3 0.6102941176470589 0.37777777777777793 0.5992647058823529 0.37777777777777793 0.5992647058823529 0.3921568627450982 0.6102941176470589 0.3921568627450982
10 0.6323529411764706 0.3594771241830067 0.6154411764705883 0.3594771241830067 0.6154411764705883 0.38562091503267987 0.6323529411764706 0.38562091503267987
10 0.6477941176470589 0.33464052287581714 0.6272058823529412 0.33464052287581714 0.6272058823529412 0.3725490196078433 0.6477941176470589 0.3725490196078433
10 0.6580882352941176 0.32026143790849687 0.6477941176470589 0.32026143790849687 0.6477941176470589 0.3424836601307191 0.6580882352941176 0.3424836601307191
3 0.6205882352941177 0.3385620915032681 0.6044117647058823 0.3385620915032681 0.6044117647058823 0.354248366013072 0.6205882352941177 0.354248366013072
0 0.6404411764705882 0.3843137254901962 0.6338235294117647 0.3843137254901962 0.6338235294117647 0.40392156862745116 0.6404411764705882 0.40392156862745116
3 0.7867647058823529 0.3647058823529413 0.7654411764705882 0.3647058823529413 0.7654411764705882 0.38300653594771256 0.7867647058823529 0.38300653594771256
3 0.5676470588235294 0.35032679738562106 0.5477941176470589 0.35032679738562106 0.5477941176470589 0.366013071895425 0.5676470588235294 0.366013071895425
3 0.5742647058823529 0.3424836601307191 0.5551470588235294 0.3424836601307191 0.5551470588235294 0.3568627450980394 0.5742647058823529 0.3568627450980394
3 0.538235294117647 0.35032679738562106 0.5183823529411765 0.35032679738562106 0.5183823529411765 0.3647058823529413 0.538235294117647 0.3647058823529413
11 0.5110294117647058 0.34117647058823547 0.4919117647058823 0.34117647058823547 0.4919117647058823 0.35816993464052305 0.5110294117647058 0.35816993464052305
3 0.4985294117647059 0.34771241830065375 0.47941176470588237 0.34771241830065375 0.47941176470588237 0.3594771241830067 0.4985294117647059 0.3594771241830067
9 0.6022058823529411 0.34117647058823547 0.5933823529411765 0.34117647058823547 0.5933823529411765 0.3516339869281047 0.6022058823529411 0.3516339869281047
8 0.5985294117647059 0.33986928104575176 0.5948529411764706 0.33986928104575176 0.5948529411764706 0.3490196078431374 0.5985294117647059 0.3490196078431374
11 0.7125 0.33464052287581714 0.6970588235294117 0.33464052287581714 0.6970588235294117 0.34771241830065375 0.7125 0.34771241830065375
11 0.7044117647058824 0.3189542483660132 0.6948529411764706 0.3189542483660132 0.6948529411764706 0.3294117647058825 0.7044117647058824 0.3294117647058825
3 0.6625 0.30196078431372564 0.6558823529411765 0.30196078431372564 0.6558823529411765 0.3111111111111113 0.6625 0.3111111111111113
3 0.6595588235294118 0.28888888888888903 0.6551470588235294 0.28888888888888903 0.6551470588235294 0.296732026143791 0.6595588235294118 0.296732026143791
10 0.6411764705882353 0.29150326797385634 0.6154411764705883 0.29150326797385634 0.6154411764705883 0.3228758169934642 0.6411764705882353 0.3228758169934642
1 0.24191176470588235 0.5594771241830065 0.23529411764705882 0.5594771241830065 0.23529411764705882 0.5830065359477125 0.24191176470588235 0.5830065359477125
8 0.24338235294117647 0.5490196078431373 0.23455882352941176 0.5490196078431373 0.23455882352941176 0.5790849673202615 0.24338235294117647 0.5790849673202615
3 0.3139705882352941 0.42745098039215684 0.29705882352941176 0.42745098039215684 0.29705882352941176 0.4562091503267974 0.3139705882352941 0.4562091503267974
3 0.35441176470588237 0.40130718954248373 0.3397058823529412 0.4013071895424837 0.3397058823529412 0.4287581699346406 0.35441176470588237 0.42875816993464066
3 0.3352941176470588 0.39869281045751637 0.31985294117647056 0.39869281045751637 0.31985294117647056 0.42091503267973857 0.3352941176470588 0.42091503267973857
10 0.16764705882352945 0.42745098039215684 0.1419117647058824 0.42745098039215684 0.1419117647058824 0.49019607843137253 0.16764705882352945 0.49019607843137253
3 0.21691176470588236 0.4549019607843137 0.1772058823529412 0.4549019607843137 0.1772058823529412 0.48627450980392156 0.21691176470588236 0.48627450980392156
10 0.13750000000000004 0.5411764705882353 0.041176470588235335 0.5411764705882353 0.041176470588235335 0.6078431372549019 0.13750000000000004 0.6078431372549019
10 0.09705882352941181 0.6091503267973856 0.017647058823529453 0.6091503267973856 0.017647058823529457 0.6562091503267974 0.09705882352941181 0.6562091503267974
3 0.07132352941176474 0.469281045751634 0.027205882352941208 0.469281045751634 0.027205882352941208 0.5045751633986928 0.07132352941176474 0.5045751633986928
10 0.2595588235294118 0.39215686274509803 0.18823529411764706 0.39215686274509803 0.18823529411764706 0.4326797385620915 0.2595588235294118 0.4326797385620915
10 0.2411764705882353 0.39215686274509803 0.1683823529411765 0.39215686274509803 0.1683823529411765 0.4326797385620915 0.2411764705882353 0.4326797385620915
10 0.2727941176470588 0.3869281045751634 0.2051470588235294 0.3869281045751634 0.2051470588235294 0.4235294117647059 0.2727941176470588 0.4235294117647059
6 0.28308823529411764 0.3869281045751634 0.2698529411764706 0.3869281045751634 0.2698529411764706 0.41568627450980394 0.28308823529411764 0.41568627450980394
3 0.3058823529411765 0.37516339869281046 0.2786764705882353 0.37516339869281046 0.2786764705882353 0.39477124183006534 0.3058823529411765 0.39477124183006534
3 0.3073529411764706 0.3686274509803922 0.29558823529411765 0.3686274509803922 0.29558823529411765 0.38562091503267976 0.3073529411764706 0.38562091503267976
7 0.2911764705882353 0.3568627450980392 0.2875 0.3568627450980392 0.2875 0.3738562091503268 0.2911764705882353 0.3738562091503268
2 0.36617647058823527 0.34379084967320267 0.34044117647058825 0.3437908496732026 0.34044117647058825 0.3934640522875818 0.36617647058823527 0.39346405228758186
10 0.3352941176470588 0.33725490196078434 0.31470588235294117 0.33725490196078434 0.31470588235294117 0.3895424836601307 0.3352941176470588 0.3895424836601307
2 0.4088235294117647 0.3294117647058824 0.3720588235294118 0.3294117647058824 0.3720588235294118 0.3686274509803923 0.4088235294117647 0.3686274509803923
3 0.33676470588235297 0.3307189542483661 0.32794117647058824 0.3307189542483661 0.32794117647058824 0.3464052287581699 0.33676470588235297 0.3464052287581699
7 0.27205882352941174 0.35294117647058826 0.2676470588235294 0.35294117647058826 0.2676470588235294 0.36993464052287583 0.27205882352941174 0.36993464052287583
3 0.2801470588235294 0.3516339869281046 0.26029411764705884 0.3516339869281046 0.26029411764705884 0.3673202614379085 0.2801470588235294 0.3673202614379085
3 0.24779411764705883 0.35555555555555557 0.22279411764705884 0.35555555555555557 0.22279411764705884 0.3712418300653595 0.24779411764705883 0.3712418300653595
3 0.22647058823529412 0.3581699346405229 0.19926470588235295 0.3581699346405229 0.19926470588235295 0.37516339869281046 0.22647058823529412 0.37516339869281046
6 0.17132352941176474 0.3581699346405229 0.1294117647058824 0.3581699346405229 0.1294117647058824 0.4130718954248366 0.17132352941176474 0.4130718954248366
3 0.06838235294117649 0.40261437908496733 0.055882352941176494 0.40261437908496733 0.055882352941176494 0.42483660130718953 0.06838235294117649 0.42483660130718953
6 0.2757352941176471 0.3333333333333334 0.2529411764705882 0.3333333333333334 0.2529411764705882 0.3607843137254902 0.2757352941176471 0.3607843137254902
3 0.26323529411764707 0.33464052287581697 0.24558823529411763 0.33464052287581697 0.24558823529411763 0.34901960784313724 0.26323529411764707 0.34901960784313724
6 0.2977941176470588 0.32156862745098047 0.28308823529411764 0.32156862745098047 0.28308823529411764 0.3516339869281046 0.2977941176470588 0.3516339869281046
10 0.09705882352941181 0.3150326797385621 0.055882352941176494 0.3150326797385621 0.055882352941176494 0.36993464052287583 0.09705882352941181 0.36993464052287583
3 0.19558823529411765 0.3568627450980392 0.17279411764705888 0.3568627450980392 0.17279411764705888 0.37516339869281046 0.19558823529411765 0.37516339869281046
3 0.22279411764705884 0.32156862745098047 0.20294117647058824 0.32156862745098047 0.20294117647058824 0.3359477124183007 0.22279411764705884 0.3359477124183007
3 0.22426470588235295 0.3202614379084968 0.20441176470588235 0.3202614379084968 0.20441176470588235 0.33202614379084977 0.22426470588235295 0.33202614379084977
3 0.32941176470588235 0.3294117647058824 0.32132352941176473 0.3294117647058824 0.32132352941176473 0.3411764705882353 0.32941176470588235 0.3411764705882353
3 0.33308823529411763 0.32156862745098047 0.32426470588235295 0.32156862745098047 0.32426470588235295 0.3333333333333334 0.33308823529411763 0.3333333333333334
11 0.33676470588235297 0.3124183006535948 0.3286764705882353 0.3124183006535948 0.3286764705882353 0.32810457516339875 0.33676470588235297 0.32810457516339875
3 0.3338235294117647 0.3045751633986929 0.3264705882352941 0.3045751633986929 0.3264705882352941 0.31633986928104585 0.3338235294117647 0.31633986928104585
7 0.31838235294117645 0.30849673202614386 0.3154411764705882 0.30849673202614386 0.3154411764705882 0.3202614379084968 0.31838235294117645 0.3202614379084968
3 0.33897058823529413 0.29803921568627456 0.3316176470588235 0.29803921568627456 0.3316176470588235 0.3071895424836602 0.33897058823529413 0.3071895424836602
3 0.3522058823529412 0.2993464052287582 0.3463235294117647 0.2993464052287582 0.3463235294117647 0.3098039215686275 0.3522058823529412 0.3098039215686275
9 0.35808823529411765 0.3137254901960785 0.3514705882352941 0.3137254901960785 0.3514705882352941 0.32549019607843144 0.35808823529411765 0.32549019607843144
3 0.3669117647058823 0.2967320261437909 0.35955882352941176 0.2967320261437909 0.35955882352941176 0.3045751633986929 0.3669117647058823 0.3045751633986929
3 0.3477941176470588 0.2718954248366014 0.34191176470588236 0.2718954248366014 0.34191176470588236 0.281045751633987 0.3477941176470588 0.281045751633987
3 0.3698529411764706 0.27320261437908505 0.3654411764705882 0.27320261437908505 0.3654411764705882 0.281045751633987 0.3698529411764706 0.281045751633987
10 0.3338235294117647 0.2718954248366014 0.325 0.2718954248366014 0.325 0.29542483660130725 0.3338235294117647 0.29542483660130725
3 0.35073529411764703 0.2666666666666667 0.3463235294117647 0.2666666666666667 0.3463235294117647 0.2718954248366014 0.35073529411764703 0.2718954248366014
10 0.3352941176470588 0.2562091503267975 0.3264705882352941 0.2562091503267975 0.3264705882352941 0.2784313725490197 0.3352941176470588 0.2784313725490197
3 0.34411764705882353 0.2509803921568628 0.34044117647058825 0.2509803921568628 0.34044117647058825 0.2588235294117648 0.34411764705882353 0.2588235294117648
3 0.34705882352941175 0.2483660130718955 0.34338235294117647 0.2483660130718955 0.34338235294117647 0.2562091503267975 0.34705882352941175 0.2562091503267975
3 0.3477941176470588 0.24313725490196086 0.34338235294117647 0.24313725490196086 0.34338235294117647 0.2483660130718955 0.3477941176470588 0.2483660130718955
3 0.3492647058823529 0.24052287581699353 0.34558823529411764 0.24052287581699353 0.34558823529411764 0.24444444444444452 0.3492647058823529 0.24444444444444452