8 0.30520833333333336 0.7555555555555555 0.27708333333333335 0.7555555555555555 0.27708333333333335 0.812962962962963 0.30520833333333336 0.812962962962963
7 0.38958333333333334 0.6759259259259259 0.37083333333333335 0.6759259259259259 0.37083333333333335 0.7462962962962963 0.38958333333333334 0.7462962962962963
7 0.40208333333333335 0.6537037037037037 0.3854166666666667 0.6537037037037037 0.3854166666666667 0.7185185185185186 0.40208333333333335 0.7185185185185186
7 0.42291666666666666 0.5907407407407408 0.4010416666666667 0.5907407407407408 0.4010416666666667 0.662962962962963 0.42291666666666666 0.662962962962963
5 0.41666666666666674 0.8111111111111111 0.390625 0.8111111111111111 0.39062500000000006 0.9 0.4166666666666668 0.9
7 0.4354166666666667 0.6648148148148149 0.4197916666666667 0.6648148148148149 0.4197916666666667 0.737037037037037 0.4354166666666667 0.737037037037037
7 0.59375 0.6185185185185187 0.5760416666666667 0.6185185185185187 0.5760416666666667 0.6796296296296298 0.59375 0.6796296296296298
7 0.628125 0.6481481481481484 0.6041666666666666 0.6481481481481484 0.6041666666666666 0.7092592592592595 0.628125 0.7092592592592595
7 0.7645833333333333 0.7407407407407409 0.7375 0.7407407407407409 0.7375 0.814814814814815 0.7645833333333333 0.814814814814815
7 0.7927083333333333 0.6055555555555557 0.7697916666666667 0.6055555555555557 0.7697916666666667 0.6833333333333336 0.7927083333333333 0.6833333333333336
7 0.84375 0.6833333333333336 0.8197916666666667 0.6833333333333336 0.8197916666666667 0.7481481481481483 0.84375 0.7481481481481483
7 0.89375 0.6314814814814816 0.865625 0.6314814814814816 0.865625 0.7018518518518521 0.89375 0.7018518518518521
7 0.9364583333333333 0.6629629629629632 0.9125 0.6629629629629632 0.9125 0.7259259259259261 0.9364583333333333 0.7259259259259261
7 0.9604166666666667 0.6648148148148151 0.9322916666666666 0.6648148148148151 0.9322916666666666 0.7388888888888892 0.9604166666666667 0.7388888888888892
7 0.9270833333333334 0.551851851851852 0.9052083333333333 0.551851851851852 0.9052083333333333 0.6166666666666669 0.9270833333333334 0.6166666666666669
7 0.9916666666666667 0.4055555555555558 0.965625 0.4055555555555558 0.965625 0.4685185185185187 0.9916666666666667 0.4685185185185187
8 0.9989583333333333 0.3962962962962965 0.9802083333333333 0.3962962962962965 0.9802083333333333 0.4462962962962965 0.9989583333333333 0.4462962962962965
7 0.934375 0.39814814814814836 0.9125 0.39814814814814836 0.9125 0.4611111111111113 0.934375 0.4611111111111113
7 0.9510416666666667 0.4351851851851854 0.9291666666666667 0.4351851851851854 0.9291666666666667 0.4851851851851854 0.9510416666666667 0.4851851851851854
7 0.8354166666666667 0.3351851851851854 0.8177083333333334 0.3351851851851854 0.8177083333333334 0.39074074074074094 0.8354166666666667 0.39074074074074094
7 0.8208333333333333 0.3462962962962965 0.809375 0.3462962962962965 0.809375 0.4000000000000002 0.8208333333333333 0.4000000000000002
7 0.8104166666666667 0.3611111111111113 0.7947916666666667 0.3611111111111113 0.7947916666666667 0.42037037037037056 0.8104166666666667 0.42037037037037056
7 0.8114583333333333 0.33333333333333354 0.7927083333333333 0.33333333333333354 0.7927083333333333 0.3851851851851854 0.8114583333333333 0.3851851851851854
7 0.634375 0.4629629629629631 0.621875 0.4629629629629631 0.621875 0.527777777777778 0.634375 0.527777777777778
7 0.6333333333333333 0.4166666666666668 0.6197916666666666 0.4166666666666668 0.6197916666666666 0.47407407407407426 0.6333333333333333 0.47407407407407426
7 0.65 0.34074074074074084 0.634375 0.34074074074074084 0.634375 0.40185185185185196 0.65 0.40185185185185196
7 0.6375 0.28518518518518526 0.6197916666666666 0.28518518518518526 0.6197916666666666 0.34444444444444455 0.6375 0.34444444444444455
7 0.5760416666666667 0.4000000000000001 0.5625 0.4000000000000001 0.5625 0.4629629629629631 0.5760416666666667 0.4629629629629631
7 0.5645833333333333 0.3870370370370371 0.553125 0.3870370370370371 0.553125 0.44444444444444453 0.5645833333333333 0.44444444444444453
7 0.5520833333333334 0.39814814814814825 0.540625 0.39814814814814825 0.540625 0.4629629629629631 0.5520833333333334 0.4629629629629631
7 0.5 0.37222222222222234 0.4875 0.37222222222222234 0.4875 0.42592592592592604 0.5 0.42592592592592604
7 0.4864583333333333 0.36296296296296304 0.475 0.36296296296296304 0.475 0.42592592592592604 0.4864583333333333 0.42592592592592604
7 0.36875 0.3870370370370371 0.35208333333333336 0.3870370370370371 0.35208333333333336 0.44814814814814824 0.36875 0.44814814814814824
7 0.43333333333333335 0.28518518518518526 0.4197916666666667 0.28518518518518526 0.4197916666666667 0.338888888888889 0.43333333333333335 0.338888888888889
7 0.5239583333333333 0.29444444444444456 0.5145833333333333 0.29444444444444456 0.5145833333333333 0.325925925925926 0.5239583333333333 0.325925925925926
7 0.54375 0.2351851851851853 0.53125 0.2351851851851853 0.53125 0.2925925925925927 0.54375 0.2925925925925927
7 0.525 0.24814814814814826 0.5177083333333333 0.24814814814814826 0.5177083333333333 0.29444444444444456 0.525 0.29444444444444456
7 0.5125 0.23333333333333345 0.49895833333333334 0.23333333333333345 0.49895833333333334 0.28703703703703715 0.5125 0.28703703703703715
7 0.484375 0.20185185185185195 0.478125 0.20185185185185195 0.478125 0.2314814814814816 0.484375 0.2314814814814816
7 0.46458333333333335 0.20925925925925937 0.45416666666666666 0.20925925925925937 0.45416666666666666 0.25555555555555565 0.46458333333333335 0.25555555555555565
7 0.30104166666666665 0.39444444444444454 0.27708333333333335 0.39444444444444454 0.27708333333333335 0.45555555555555566 0.30104166666666665 0.45555555555555566
7 0.17395833333333335 0.37222222222222223 0.15208333333333332 0.37222222222222223 0.15208333333333338 0.43333333333333335 0.17395833333333338 0.43333333333333335
7 0.16458333333333333 0.37592592592592594 0.14583333333333334 0.37592592592592594 0.14583333333333334 0.42777777777777776 0.16458333333333333 0.42777777777777776
7 0.284375 0.3000000000000001 0.271875 0.3000000000000001 0.271875 0.34814814814814826 0.284375 0.34814814814814826
7 0.29270833333333335 0.2981481481481483 0.278125 0.2981481481481483 0.278125 0.3574074074074075 0.29270833333333335 0.3574074074074075
7 0.13020833333333337 0.5425925925925926 0.10625000000000002 0.5425925925925926 0.10625000000000002 0.6 0.13020833333333337 0.6
7 0.11770833333333336 0.5407407407407407 0.0979166666666667 0.5407407407407407 0.0979166666666667 0.6 0.11770833333333336 0.6
7 0.10729166666666669 0.18518518518518517 0.084375 0.18518518518518517 0.08437500000000002 0.23333333333333334 0.1072916666666667 0.23333333333333334
7 0.046875000000000014 0.22592592592592592 0.021875000000000016 0.22592592592592592 0.02187500000000002 0.28703703703703703 0.046875000000000014 0.28703703703703703
8 0.17395833333333333 0.22222222222222227 0.15520833333333334 0.22222222222222227 0.15520833333333334 0.2611111111111111 0.17395833333333333 0.2611111111111111
8 0.19479166666666667 0.2018518518518519 0.17291666666666666 0.2018518518518519 0.17291666666666666 0.25 0.19479166666666667 0.25
7 0.33229166666666665 0.13518518518518524 0.32083333333333336 0.13518518518518524 0.32083333333333336 0.17777777777777784 0.33229166666666665 0.17777777777777784
7 0.3177083333333333 0.04814814814814821 0.30520833333333336 0.04814814814814821 0.30520833333333336 0.08333333333333341 0.3177083333333333 0.08333333333333341
7 0.26979166666666665 0.04629629629629635 0.259375 0.04629629629629635 0.259375 0.08333333333333338 0.26979166666666665 0.08333333333333338
7 0.2791666666666667 0.08333333333333338 0.26979166666666665 0.08333333333333338 0.26979166666666665 0.12407407407407413 0.2791666666666667 0.12407407407407413
8 0.31354166666666666 0.10185185185185193 0.30625 0.10185185185185193 0.30625 0.12592592592592597 0.31354166666666666 0.12592592592592597
8 0.30625 0.10185185185185192 0.2989583333333333 0.1018518518518519 0.2989583333333333 0.12407407407407413 0.30625 0.12407407407407413
7 0.5875 0.12222222222222233 0.5791666666666667 0.12222222222222233 0.5791666666666667 0.17037037037037048 0.5875 0.17037037037037048