2 0.4102941176470588 0.5202614379084968 0.325 0.5202614379084968 0.32500000000000007 0.7895424836601307 0.4102941176470588 0.7895424836601307
3 0.4933823529411765 0.6575163398692812 0.44191176470588234 0.6575163398692812 0.44191176470588234 0.7803921568627451 0.4933823529411765 0.7803921568627451
3 0.538235294117647 0.9228758169934641 0.4676470588235294 0.9228758169934641 0.4676470588235294 1 0.538235294117647 1
3 0.6889705882352941 0.8457516339869282 0.5919117647058824 0.8457516339869281 0.5919117647058824 1.0000000000000002 0.6889705882352941 1.0000000000000002
11 0.5419117647058823 0.6039215686274512 0.49558823529411766 0.6039215686274512 0.49558823529411766 0.7098039215686275 0.5419117647058823 0.7098039215686275
3 0.5573529411764706 0.5490196078431374 0.5169117647058824 0.5490196078431374 0.5169117647058824 0.6300653594771244 0.5573529411764706 0.6300653594771244
7 0.2727941176470589 0.6627450980392157 0.2588235294117648 0.6627450980392157 0.2588235294117648 0.7281045751633987 0.2727941176470589 0.7281045751633987
7 0.1595588235294118 0.5843137254901961 0.14779411764705885 0.5843137254901961 0.14779411764705885 0.6431372549019608 0.1595588235294118 0.6431372549019608
1 0.10735294117647062 0.8169934640522876 0.08235294117647066 0.8169934640522876 0.08235294117647066 0.8954248366013072 0.10735294117647062 0.8954248366013072
8 0.1080882352941177 0.7934640522875817 0.08676470588235301 0.7934640522875817 0.08676470588235301 0.869281045751634 0.1080882352941177 0.869281045751634
1 0.24632352941176472 0.5372549019607843 0.2338235294117647 0.5372549019607843 0.2338235294117647 0.5777777777777777 0.24632352941176472 0.5777777777777777
8 0.24558823529411763 0.5215686274509804 0.23308823529411765 0.5215686274509804 0.23308823529411765 0.5673202614379085 0.24558823529411763 0.5673202614379085
1 0.27426470588235297 0.4823529411764706 0.2639705882352941 0.4823529411764706 0.2639705882352941 0.5163398692810458 0.27426470588235297 0.5163398692810458
1 0.29411764705882354 0.469281045751634 0.28455882352941175 0.469281045751634 0.28455882352941175 0.5006535947712418 0.29411764705882354 0.5006535947712418
1 0.3029411764705882 0.44836601307189544 0.29558823529411765 0.44836601307189544 0.29558823529411765 0.4823529411764706 0.3029411764705882 0.4823529411764706
1 0.29191176470588237 0.4065359477124183 0.28308823529411764 0.4065359477124183 0.28308823529411764 0.4300653594771242 0.29191176470588237 0.4300653594771242
1 0.2772058823529412 0.4065359477124183 0.26838235294117646 0.4065359477124183 0.26838235294117646 0.4326797385620915 0.2772058823529412 0.4326797385620915
1 0.3029411764705882 0.38823529411764707 0.29558823529411765 0.38823529411764707 0.29558823529411765 0.4117647058823529 0.3029411764705882 0.4117647058823529
1 0.2852941176470588 0.3908496732026144 0.2786764705882353 0.3908496732026144 0.2786764705882353 0.4169934640522876 0.2852941176470588 0.4169934640522876
1 0.09705882352941181 0.4549019607843137 0.0735294117647059 0.4549019607843137 0.07352941176470591 0.4823529411764706 0.09705882352941181 0.4823529411764706
1 0.11176470588235299 0.4444444444444444 0.09191176470588237 0.4444444444444444 0.09191176470588239 0.47058823529411764 0.11176470588235299 0.47058823529411764
1 0.07867647058823532 0.4287581699346405 0.057352941176470607 0.4287581699346405 0.057352941176470607 0.4549019607843137 0.07867647058823532 0.4549019607843137
1 0.09264705882352944 0.43790849673202614 0.06911764705882355 0.43790849673202614 0.06911764705882356 0.46143790849673205 0.09264705882352946 0.46143790849673205
5 0.11544117647058828 0.4287581699346405 0.09338235294117649 0.4287581699346405 0.09338235294117649 0.4549019607843137 0.11544117647058828 0.4549019607843137
5 0.11250000000000004 0.4392156862745098 0.09191176470588237 0.4392156862745098 0.09191176470588239 0.4627450980392157 0.11250000000000004 0.4627450980392157
8 0.08602941176470591 0.43790849673202614 0.07426470588235297 0.43790849673202614 0.07426470588235297 0.47581699346405226 0.08602941176470592 0.47581699346405226
8 0.08676470588235297 0.4222222222222222 0.07500000000000002 0.4222222222222222 0.07500000000000002 0.4562091503267974 0.08676470588235298 0.4562091503267974
8 0.07426470588235297 0.41568627450980394 0.061764705882352965 0.41568627450980394 0.061764705882352965 0.4522875816993464 0.07426470588235297 0.4522875816993464
8 0.10367647058823534 0.4300653594771242 0.09411764705882357 0.4300653594771242 0.09411764705882357 0.47058823529411764 0.10367647058823534 0.47058823529411764
8 0.10514705882352945 0.42483660130718953 0.09632352941176475 0.42483660130718953 0.09632352941176475 0.46143790849673205 0.10514705882352945 0.46143790849673205
8 0.11176470588235299 0.41568627450980394 0.10000000000000005 0.41568627450980394 0.10000000000000005 0.4496732026143791 0.11176470588235299 0.4496732026143791
3 0.1330882352941177 0.3712418300653595 0.08161764705882354 0.3712418300653595 0.08161764705882354 0.4117647058823529 0.1330882352941177 0.4117647058823529
8 0.2757352941176471 0.46797385620915033 0.2639705882352941 0.46797385620915033 0.2639705882352941 0.5111111111111111 0.2757352941176471 0.5111111111111111
8 0.2948529411764706 0.4562091503267974 0.2852941176470588 0.4562091503267974 0.2852941176470588 0.4954248366013072 0.2948529411764706 0.4954248366013072
8 0.30220588235294116 0.43790849673202614 0.29558823529411765 0.43790849673202614 0.29558823529411765 0.47058823529411764 0.30220588235294116 0.47058823529411764
8 0.30367647058823527 0.4143790849673203 0.29558823529411765 0.4143790849673203 0.29558823529411765 0.44836601307189544 0.30367647058823527 0.44836601307189544
8 0.27794117647058825 0.39477124183006534 0.27058823529411763 0.39477124183006534 0.27058823529411763 0.4287581699346405 0.27794117647058825 0.4287581699346405
8 0.29191176470588237 0.3934640522875817 0.28455882352941175 0.3934640522875817 0.28455882352941175 0.4222222222222222 0.29191176470588237 0.4222222222222222
8 0.28602941176470587 0.38169934640522873 0.27794117647058825 0.38169934640522873 0.27794117647058825 0.40522875816993464 0.28602941176470587 0.40522875816993464
8 0.3029411764705882 0.37777777777777777 0.29558823529411765 0.37777777777777777 0.29558823529411765 0.4091503267973856 0.3029411764705882 0.4091503267973856
5 0.2926470588235294 0.33725490196078434 0.27647058823529413 0.33725490196078434 0.27647058823529413 0.35947712418300654 0.2926470588235294 0.35947712418300654
5 0.3338235294117647 0.34901960784313724 0.32794117647058824 0.34901960784313724 0.32794117647058824 0.36993464052287583 0.3338235294117647 0.36993464052287583
5 0.34191176470588236 0.33594771241830074 0.3360294117647059 0.3359477124183007 0.3360294117647059 0.35424836601307197 0.34191176470588236 0.354248366013072
5 0.3558823529411765 0.2993464052287582 0.35073529411764703 0.2993464052287582 0.35073529411764703 0.3150326797385622 0.3558823529411765 0.3150326797385622
5 0.3448529411764706 0.29542483660130725 0.3397058823529412 0.29542483660130725 0.3397058823529412 0.30849673202614386 0.3448529411764706 0.30849673202614386
5 0.35 0.29281045751633994 0.34558823529411764 0.29281045751633994 0.34558823529411764 0.3071895424836602 0.35 0.3071895424836602
8 0.2875 0.33202614379084977 0.2801470588235294 0.33202614379084977 0.2801470588235294 0.3607843137254902 0.2875 0.3607843137254902
8 0.3352941176470588 0.34248366013071896 0.32794117647058824 0.34248366013071896 0.32794117647058824 0.3633986928104575 0.3352941176470588 0.3633986928104575
8 0.34191176470588236 0.3267973856209151 0.3352941176470588 0.3267973856209151 0.3352941176470588 0.34901960784313735 0.34191176470588236 0.3490196078431374
8 0.3558823529411765 0.2967320261437909 0.3514705882352941 0.2967320261437909 0.3514705882352941 0.3098039215686275 0.3558823529411765 0.3098039215686275
8 0.35073529411764703 0.29019607843137263 0.3463235294117647 0.29019607843137263 0.3463235294117647 0.30326797385620924 0.35073529411764703 0.30326797385620924
8 0.3448529411764706 0.2941176470588236 0.34044117647058825 0.2941176470588236 0.34044117647058825 0.3045751633986929 0.3448529411764706 0.3045751633986929
7 0.3382352941176471 0.29019607843137263 0.3338235294117647 0.29019607843137263 0.3338235294117647 0.3071895424836602 0.3382352941176471 0.3071895424836602
7 0.3411764705882353 0.2993464052287582 0.33676470588235297 0.2993464052287582 0.33676470588235297 0.3228758169934641 0.3411764705882353 0.3228758169934641
7 0.3220588235294118 0.31895424836601316 0.3161764705882353 0.31895424836601316 0.3161764705882353 0.34509803921568627 0.3220588235294118 0.34509803921568627
7 0.32573529411764707 0.3137254901960785 0.31985294117647056 0.3137254901960785 0.31985294117647056 0.3411764705882353 0.32573529411764707 0.3411764705882353
10 0.31176470588235294 0.28235294117647064 0.2867647058823529 0.28235294117647064 0.2867647058823529 0.3294117647058824 0.31176470588235294 0.3294117647058824
1 0.9823529411764705 0.6496732026143792 0.9558823529411765 0.6496732026143792 0.9558823529411765 0.7032679738562094 0.9823529411764705 0.7032679738562094
1 0.85 0.5712418300653597 0.8294117647058824 0.5712418300653597 0.8294117647058824 0.6143790849673204 0.85 0.6143790849673204
1 0.8551470588235294 0.558169934640523 0.8323529411764706 0.558169934640523 0.8323529411764706 0.6000000000000002 0.8551470588235294 0.6000000000000002
1 0.9147058823529411 0.5398692810457518 0.8823529411764706 0.5398692810457518 0.8823529411764706 0.5803921568627453 0.9147058823529411 0.5803921568627453
1 0.8816176470588235 0.5150326797385623 0.861764705882353 0.5150326797385623 0.861764705882353 0.5555555555555557 0.8816176470588235 0.5555555555555557
1 0.8463235294117647 0.5098039215686276 0.825735294117647 0.5098039215686276 0.825735294117647 0.5450980392156864 0.8463235294117647 0.5450980392156864
1 0.8294117647058824 0.45620915032679754 0.8183823529411764 0.45620915032679754 0.8183823529411764 0.48888888888888904 0.8294117647058824 0.48888888888888904
1 0.8235294117647058 0.45359477124183023 0.8014705882352942 0.45359477124183023 0.8014705882352942 0.48235294117647076 0.8235294117647058 0.48235294117647076
1 0.8463235294117647 0.435294117647059 0.8264705882352941 0.435294117647059 0.8264705882352941 0.4575163398692812 0.8463235294117647 0.4575163398692812
1 0.8632352941176471 0.4405228758169936 0.8463235294117647 0.4405228758169936 0.8463235294117647 0.46666666666666684 0.8632352941176471 0.46666666666666684
5 0.9235294117647059 0.5346405228758171 0.8897058823529411 0.5346405228758171 0.8897058823529411 0.569934640522876 0.9235294117647059 0.569934640522876
5 0.9316176470588236 0.5307189542483661 0.9022058823529412 0.5307189542483661 0.9022058823529412 0.5633986928104576 0.9316176470588236 0.5633986928104576
5 0.7816176470588235 0.42875816993464066 0.7602941176470588 0.42875816993464066 0.7602941176470588 0.45359477124183023 0.7816176470588235 0.45359477124183023
8 0.9169117647058823 0.5228758169934642 0.9058823529411765 0.5228758169934642 0.9058823529411765 0.5594771241830067 0.9169117647058823 0.5594771241830067
8 0.9235294117647059 0.5202614379084969 0.9110294117647059 0.5202614379084969 0.9110294117647059 0.554248366013072 0.9235294117647059 0.554248366013072
8 0.9080882352941176 0.5254901960784315 0.8955882352941177 0.5254901960784315 0.8955882352941177 0.577777777777778 0.9080882352941176 0.577777777777778
8 0.8492647058823529 0.5555555555555557 0.8352941176470589 0.5555555555555557 0.8352941176470589 0.6065359477124185 0.8492647058823529 0.6065359477124185
8 0.8522058823529411 0.5437908496732028 0.836764705882353 0.5437908496732028 0.836764705882353 0.5921568627450982 0.8522058823529411 0.5921568627450982
8 0.8463235294117647 0.49411764705882366 0.8294117647058824 0.49411764705882366 0.8294117647058824 0.5398692810457518 0.8463235294117647 0.5398692810457518
8 0.8375 0.4875816993464054 0.8286764705882353 0.4875816993464054 0.8286764705882353 0.5241830065359478 0.8375 0.5241830065359478
8 0.8801470588235294 0.5071895424836603 0.8669117647058824 0.5071895424836603 0.8669117647058824 0.5477124183006538 0.8801470588235294 0.5477124183006538
5 0.8397058823529412 0.5006535947712419 0.8242647058823529 0.5006535947712419 0.8242647058823529 0.5320261437908498 0.8397058823529412 0.5320261437908498
7 0.7970588235294118 0.43267973856209163 0.7897058823529411 0.43267973856209163 0.7897058823529411 0.4640522875816995 0.7970588235294118 0.4640522875816995
7 0.8044117647058824 0.427450980392157 0.7955882352941176 0.427450980392157 0.7955882352941176 0.4679738562091505 0.8044117647058824 0.4679738562091505
7 0.9036764705882353 0.46143790849673216 0.8933823529411765 0.46143790849673216 0.8933823529411765 0.5071895424836603 0.9036764705882353 0.5071895424836603
1 0.9227941176470589 0.4771241830065361 0.9110294117647059 0.4771241830065361 0.9110294117647059 0.5137254901960786 0.9227941176470589 0.5137254901960786
5 0.9125 0.4705882352941178 0.8977941176470589 0.4705882352941178 0.8977941176470589 0.5032679738562092 0.9125 0.5032679738562092
3 0.6992647058823529 0.5385620915032682 0.6477941176470589 0.5385620915032682 0.6477941176470589 0.5986928104575164 0.6992647058823529 0.5986928104575164
2 0.6977941176470588 0.3869281045751635 0.6147058823529412 0.3869281045751635 0.6147058823529412 0.5058823529411767 0.6977941176470588 0.5058823529411767
3 0.6169117647058824 0.42875816993464066 0.5816176470588236 0.42875816993464066 0.5816176470588236 0.47581699346405243 0.6169117647058824 0.47581699346405243
3 0.4860294117647059 0.47581699346405243 0.45441176470588235 0.47581699346405243 0.45441176470588235 0.5333333333333334 0.4860294117647059 0.5333333333333334
11 0.4360294117647059 0.42091503267973873 0.4125 0.42091503267973873 0.4125 0.48235294117647076 0.4360294117647059 0.48235294117647076
3 0.46911764705882353 0.3895424836601309 0.44632352941176473 0.3895424836601309 0.44632352941176473 0.42875816993464066 0.46911764705882353 0.42875816993464066
3 0.4573529411764706 0.3555555555555557 0.4360294117647059 0.3555555555555557 0.4360294117647059 0.3869281045751635 0.4573529411764706 0.3869281045751635
3 0.4808823529411765 0.3568627450980394 0.4602941176470588 0.3568627450980394 0.4602941176470588 0.39084967320261454 0.4808823529411765 0.39084967320261454
2 0.5316176470588235 0.2980392156862746 0.4948529411764706 0.29803921568627456 0.4948529411764706 0.36078431372549036 0.5316176470588235 0.36078431372549036
3 0.5441176470588235 0.27843137254901973 0.5176470588235295 0.27843137254901973 0.5176470588235295 0.29803921568627467 0.5441176470588235 0.29803921568627467
3 0.4198529411764706 0.3006535947712419 0.40441176470588236 0.3006535947712419 0.40441176470588236 0.32549019607843144 0.4198529411764706 0.32549019607843144
3 0.4522058823529412 0.2915032679738563 0.43823529411764706 0.2915032679738563 0.43823529411764706 0.3098039215686275 0.4522058823529412 0.3098039215686275
3 0.4823529411764706 0.2875816993464053 0.4676470588235294 0.2875816993464053 0.4676470588235294 0.3098039215686275 0.4823529411764706 0.3098039215686275
3 0.49117647058823527 0.2784313725490197 0.4764705882352941 0.2784313725490197 0.4764705882352941 0.2993464052287582 0.49117647058823527 0.2993464052287582
3 0.48161764705882354 0.2692810457516341 0.4698529411764706 0.2692810457516341 0.4698529411764706 0.284967320261438 0.48161764705882354 0.284967320261438
3 0.48823529411764705 0.26274509803921575 0.47794117647058826 0.26274509803921575 0.47794117647058826 0.277124183006536 0.48823529411764705 0.277124183006536
3 0.4661764705882353 0.2718954248366014 0.4551470588235294 0.2718954248366014 0.4551470588235294 0.2875816993464053 0.4661764705882353 0.2875816993464053
2 0.5102941176470588 0.2549019607843138 0.4889705882352941 0.2549019607843138 0.4889705882352941 0.29542483660130725 0.5102941176470588 0.29542483660130725
3 0.45955882352941174 0.2562091503267975 0.4485294117647059 0.2562091503267975 0.4485294117647059 0.2718954248366014 0.45955882352941174 0.2718954248366014
3 0.46691176470588236 0.24967320261437917 0.4566176470588235 0.24967320261437917 0.4566176470588235 0.26274509803921575 0.46691176470588236 0.26274509803921575
3 0.4441176470588235 0.2666666666666667 0.43014705882352944 0.2666666666666667 0.43014705882352944 0.28627450980392166 0.4441176470588235 0.28627450980392166
3 0.42867647058823527 0.2718954248366014 0.4161764705882353 0.2718954248366014 0.4161764705882353 0.2915032679738563 0.42867647058823527 0.2915032679738563
3 0.41102941176470587 0.281045751633987 0.3977941176470588 0.281045751633987 0.3977941176470588 0.30326797385620924 0.41102941176470587 0.30326797385620924
3 0.4294117647058823 0.24967320261437917 0.4183823529411765 0.24967320261437917 0.4183823529411765 0.2666666666666667 0.4294117647058823 0.2666666666666667
3 0.4161764705882353 0.2483660130718955 0.4051470588235294 0.2483660130718955 0.4051470588235294 0.2640522875816994 0.4161764705882353 0.2640522875816994
3 0.41691176470588237 0.2418300653594772 0.40661764705882353 0.2418300653594772 0.40661764705882353 0.2562091503267975 0.41691176470588237 0.2562091503267975
3 0.4632352941176471 0.23398692810457525 0.4551470588235294 0.23398692810457525 0.4551470588235294 0.24575163398692818 0.4632352941176471 0.24575163398692818
3 0.45294117647058824 0.23398692810457525 0.4455882352941177 0.23398692810457525 0.4455882352941177 0.24575163398692818 0.45294117647058824 0.24575163398692818
3 0.4470588235294118 0.2261437908496733 0.4404411764705882 0.2261437908496733 0.4404411764705882 0.23921568627450987 0.4470588235294118 0.23921568627450987
3 0.4566176470588235 0.2261437908496733 0.44926470588235295 0.2261437908496733 0.44926470588235295 0.23660130718954256 0.4566176470588235 0.23660130718954256
3 0.43823529411764706 0.2261437908496733 0.4294117647058823 0.2261437908496733 0.4294117647058823 0.23921568627450987 0.43823529411764706 0.23921568627450987
3 0.4514705882352941 0.21699346405228764 0.44338235294117645 0.21699346405228764 0.44338235294117645 0.2287581699346406 0.4514705882352941 0.2287581699346406
3 0.44338235294117645 0.22352941176470595 0.43676470588235294 0.22352941176470595 0.43676470588235294 0.23267973856209156 0.44338235294117645 0.23267973856209156
3 0.4404411764705882 0.215686274509804 0.43308823529411766 0.215686274509804 0.43308823529411766 0.2261437908496733 0.4404411764705882 0.2261437908496733
11 0.4308823529411765 0.21437908496732033 0.425 0.21437908496732033 0.425 0.2287581699346406 0.4308823529411765 0.2287581699346406
2 0.4426470588235294 0.1986928104575164 0.43308823529411766 0.1986928104575164 0.43308823529411766 0.21830065359477133 0.4426470588235294 0.21830065359477133
2 0.4411764705882353 0.1895424836601308 0.43161764705882355 0.1895424836601308 0.43161764705882355 0.20915032679738568 0.4411764705882353 0.20915032679738568