3 0.5683823529411764 0.8418300653594771 0.5080882352941176 0.8418300653594771 0.5080882352941176 0.9947712418300654 0.5683823529411764 0.9947712418300654
3 0.13235294117647062 0.6849673202614379 0.052941176470588276 0.6849673202614379 0.05294117647058829 0.8156862745098039 0.13235294117647062 0.8156862745098039
3 0.2301470588235294 0.5228758169934641 0.174264705882353 0.5228758169934641 0.174264705882353 0.5882352941176471 0.2301470588235294 0.5882352941176471
5 0.06764705882352945 0.6718954248366014 0.035294117647058865 0.6718954248366014 0.03529411764705887 0.7084967320261438 0.06764705882352945 0.7084967320261438
5 0.048529411764705925 0.6483660130718955 0.019117647058823576 0.6483660130718955 0.019117647058823576 0.6862745098039216 0.048529411764705925 0.6862745098039216
5 0.06470588235294122 0.6509803921568628 0.030147058823529454 0.6509803921568628 0.030147058823529454 0.677124183006536 0.06470588235294122 0.677124183006536
7 0.24705882352941186 0.615686274509804 0.2338235294117648 0.615686274509804 0.2338235294117648 0.673202614379085 0.24705882352941186 0.673202614379085
7 0.27058823529411763 0.4496732026143791 0.2610294117647059 0.4496732026143791 0.2610294117647059 0.49673202614379086 0.27058823529411763 0.49673202614379086
7 0.27941176470588236 0.4588235294117647 0.2713235294117647 0.4588235294117647 0.2713235294117647 0.5019607843137255 0.27941176470588236 0.5019607843137255
3 0.21838235294117647 0.4496732026143791 0.15367647058823533 0.4496732026143791 0.15367647058823533 0.4980392156862745 0.21838235294117647 0.4980392156862745
3 0.2639705882352941 0.39477124183006534 0.21029411764705883 0.39477124183006534 0.21029411764705883 0.4300653594771242 0.2639705882352941 0.4300653594771242
3 0.32279411764705884 0.3516339869281046 0.2889705882352941 0.3516339869281046 0.2889705882352941 0.40784313725490196 0.32279411764705884 0.40784313725490196
7 0.3352941176470588 0.36209150326797385 0.32794117647058824 0.36209150326797385 0.32794117647058824 0.39869281045751637 0.3352941176470588 0.39869281045751637
7 0.33897058823529413 0.33725490196078434 0.3286764705882353 0.33725490196078434 0.3286764705882353 0.3686274509803922 0.33897058823529413 0.3686274509803922
7 0.34852941176470587 0.33594771241830074 0.3411764705882353 0.3359477124183007 0.3411764705882353 0.37124183006535955 0.34852941176470587 0.3712418300653596
3 0.325 0.29019607843137263 0.2897058823529412 0.29019607843137263 0.2897058823529412 0.32156862745098047 0.325 0.32156862745098047
3 0.40588235294117647 0.20784313725490203 0.39338235294117646 0.20784313725490203 0.39338235294117646 0.2261437908496733 0.40588235294117647 0.2261437908496733
3 0.4147058823529412 0.1921568627450981 0.4007352941176471 0.1921568627450981 0.4007352941176471 0.21307189542483668 0.4147058823529412 0.21307189542483668
3 0.425 0.17385620915032687 0.4147058823529412 0.17385620915032687 0.4147058823529412 0.1921568627450981 0.425 0.1921568627450981
3 0.41544117647058826 0.16993464052287588 0.40294117647058825 0.16993464052287588 0.40294117647058825 0.18692810457516348 0.41544117647058826 0.18692810457516348
3 0.4441176470588235 0.16470588235294129 0.4323529411764706 0.16470588235294129 0.4323529411764706 0.17908496732026152 0.4441176470588235 0.17908496732026152
3 0.4360294117647059 0.14901960784313736 0.4279411764705882 0.14901960784313736 0.4279411764705882 0.16339869281045763 0.4360294117647059 0.16339869281045763
3 0.44485294117647056 0.1411764705882354 0.43676470588235294 0.1411764705882354 0.43676470588235294 0.15294117647058836 0.44485294117647056 0.15294117647058836
11 0.44926470588235295 0.13071895424836613 0.4426470588235294 0.13071895424836613 0.4426470588235294 0.1450980392156864 0.44926470588235295 0.1450980392156864
3 0.4573529411764706 0.11895424836601318 0.4514705882352941 0.11895424836601318 0.4514705882352941 0.1281045751633988 0.4573529411764706 0.1281045751633988
4 0.5110294117647058 0.04183006535947723 0.4919117647058823 0.04183006535947723 0.4919117647058823 0.07320261437908508 0.5110294117647058 0.07320261437908508
4 0.5183823529411765 0.07581699346405239 0.4786764705882353 0.07581699346405239 0.4786764705882353 0.11372549019607854 0.5183823529411765 0.11372549019607854
3 0.47794117647058826 0.12941176470588248 0.47205882352941175 0.12941176470588248 0.47205882352941175 0.13986928104575175 0.47794117647058826 0.13986928104575175
3 0.4875 0.1281045751633988 0.48161764705882354 0.1281045751633988 0.48161764705882354 0.13986928104575175 0.4875 0.13986928104575175
3 0.48970588235294116 0.1477124183006537 0.4823529411764706 0.1477124183006537 0.4823529411764706 0.15947712418300664 0.48970588235294116 0.15947712418300664
11 0.4970588235294118 0.11633986928104587 0.4919117647058823 0.11633986928104587 0.4919117647058823 0.1320261437908498 0.4970588235294118 0.1320261437908498
11 0.4919117647058823 0.13725490196078444 0.4860294117647059 0.13725490196078444 0.4860294117647059 0.15294117647058836 0.4919117647058823 0.15294117647058836
3 0.4889705882352941 0.11633986928104587 0.4838235294117647 0.11633986928104587 0.4838235294117647 0.12418300653594783 0.4889705882352941 0.12418300653594783
3 0.5095588235294117 0.12679738562091514 0.5029411764705882 0.12679738562091514 0.5029411764705882 0.13986928104575175 0.5095588235294117 0.13986928104575175
3 0.5176470588235295 0.13071895424836613 0.5110294117647058 0.13071895424836613 0.5110294117647058 0.14379084967320271 0.5176470588235295 0.14379084967320271
3 0.5095588235294117 0.11633986928104587 0.5029411764705882 0.11633986928104587 0.5029411764705882 0.12418300653594783 0.5095588235294117 0.12418300653594783
3 0.5088235294117647 0.16339869281045763 0.5007352941176471 0.16339869281045763 0.5007352941176471 0.17647058823529418 0.5088235294117647 0.17647058823529418
3 0.4632352941176471 0.17908496732026152 0.4522058823529412 0.17908496732026152 0.4522058823529412 0.19477124183006544 0.4632352941176471 0.19477124183006544
3 0.4661764705882353 0.17124183006535956 0.45588235294117646 0.17124183006535956 0.45588235294117646 0.18823529411764714 0.4661764705882353 0.18823529411764714
3 0.4823529411764706 0.18823529411764714 0.47058823529411764 0.18823529411764714 0.47058823529411764 0.20653594771241837 0.4823529411764706 0.20653594771241837
11 0.4852941176470588 0.20392156862745106 0.47352941176470587 0.20392156862745106 0.47352941176470587 0.23006535947712425 0.4852941176470588 0.23006535947712425
3 0.5080882352941176 0.19346405228758176 0.4970588235294118 0.19346405228758176 0.4970588235294118 0.21307189542483668 0.5080882352941176 0.21307189542483668
3 0.5080882352941176 0.1830065359477125 0.49779411764705883 0.1830065359477125 0.49779411764705883 0.20000000000000007 0.5080882352941176 0.20000000000000007
3 0.5257352941176471 0.2052287581699348 0.5139705882352941 0.2052287581699348 0.5139705882352941 0.2248366013071897 0.5257352941176471 0.2248366013071897
3 0.5419117647058823 0.18431372549019623 0.5301470588235294 0.18431372549019623 0.5301470588235294 0.20392156862745112 0.5419117647058823 0.20392156862745112
3 0.5375 0.1686274509803923 0.5272058823529412 0.1686274509803923 0.5272058823529412 0.18300653594771257 0.5375 0.18300653594771257
3 0.5330882352941176 0.16209150326797397 0.525 0.16209150326797397 0.525 0.1751633986928106 0.5330882352941176 0.1751633986928106
3 0.5441176470588235 0.2078431372549021 0.5316176470588235 0.2078431372549021 0.5316176470588235 0.22614379084967334 0.5441176470588235 0.22614379084967334
3 0.5117647058823529 0.23267973856209156 0.49779411764705883 0.23267973856209156 0.49779411764705883 0.2562091503267975 0.5117647058823529 0.2562091503267975
3 0.5529411764705883 0.23660130718954264 0.5389705882352941 0.23660130718954264 0.5389705882352941 0.25882352941176484 0.5529411764705883 0.25882352941176484
3 0.5169117647058824 0.27843137254901973 0.49926470588235294 0.2784313725490197 0.49926470588235294 0.30718954248366026 0.5169117647058824 0.30718954248366026
3 0.5183823529411765 0.3307189542483661 0.49926470588235294 0.3307189542483661 0.49926470588235294 0.3647058823529413 0.5183823529411765 0.3647058823529413
3 0.5316176470588235 0.38823529411764723 0.5058823529411764 0.38823529411764723 0.5058823529411764 0.43267973856209163 0.5316176470588235 0.43267973856209163
3 0.6926470588235294 0.39346405228758186 0.6595588235294118 0.39346405228758186 0.6595588235294118 0.44836601307189555 0.6926470588235294 0.44836601307189555
3 0.674264705882353 0.36732026143790864 0.6448529411764706 0.36732026143790864 0.6448529411764706 0.4169934640522877 0.674264705882353 0.4169934640522877
3 0.6529411764705882 0.35032679738562106 0.6279411764705882 0.35032679738562106 0.6279411764705882 0.38300653594771256 0.6529411764705882 0.38300653594771256
3 0.6345588235294117 0.29803921568627467 0.6132352941176471 0.29803921568627467 0.6132352941176471 0.32418300653594784 0.6345588235294117 0.32418300653594784
3 0.6463235294117647 0.2836601307189544 0.6110294117647059 0.2836601307189544 0.6110294117647059 0.3084967320261439 0.6463235294117647 0.3084967320261439
3 0.6205882352941177 0.23921568627450995 0.5933823529411765 0.23921568627450995 0.5933823529411765 0.26143790849673215 0.6205882352941177 0.26143790849673215
3 0.6014705882352941 0.23267973856209165 0.5860294117647059 0.23267973856209165 0.5860294117647059 0.2535947712418302 0.6014705882352941 0.2535947712418302
3 0.5977941176470588 0.21437908496732042 0.5786764705882353 0.21437908496732042 0.5786764705882353 0.23660130718954264 0.5977941176470588 0.23660130718954264
4 0.5941176470588235 0.15816993464052298 0.5705882352941176 0.15816993464052298 0.5705882352941176 0.21437908496732042 0.5941176470588235 0.21437908496732042
4 0.5720588235294117 0.10980392156862756 0.538235294117647 0.10980392156862756 0.538235294117647 0.14379084967320271 0.5720588235294117 0.14379084967320271
4 0.5463235294117647 0.07712418300653606 0.5316176470588235 0.07712418300653606 0.5316176470588235 0.10588235294117658 0.5463235294117647 0.10588235294117658
5 0.5441176470588235 0.3359477124183008 0.5404411764705882 0.3359477124183008 0.5404411764705882 0.3555555555555557 0.5441176470588235 0.3555555555555557
8 0.5448529411764705 0.32549019607843155 0.5404411764705882 0.32549019607843155 0.5404411764705882 0.3464052287581701 0.5448529411764705 0.3464052287581701
7 0.5647058823529412 0.29803921568627467 0.5602941176470588 0.29803921568627467 0.5602941176470588 0.3228758169934642 0.5647058823529412 0.3228758169934642
7 0.5617647058823529 0.2941176470588237 0.5580882352941177 0.2941176470588237 0.5580882352941177 0.3215686274509805 0.5617647058823529 0.3215686274509805
7 0.5691176470588235 0.1921568627450982 0.5661764705882353 0.1921568627450982 0.5661764705882353 0.21045751633986942 0.5691176470588235 0.21045751633986942
7 0.4294117647058823 0.27320261437908505 0.4213235294117647 0.27320261437908505 0.4213235294117647 0.29803921568627456 0.4294117647058823 0.29803921568627456
5 0.4294117647058823 0.27973856209150333 0.425 0.27973856209150333 0.425 0.2993464052287582 0.4294117647058823 0.2993464052287582
5 0.4345588235294118 0.2509803921568628 0.4294117647058823 0.2509803921568628 0.4294117647058823 0.26535947712418306 0.4345588235294118 0.26535947712418306
8 0.43529411764705883 0.24444444444444452 0.4294117647058823 0.24444444444444452 0.4294117647058823 0.2640522875816994 0.43529411764705883 0.2640522875816994
8 0.45441176470588235 0.20653594771241837 0.45073529411764707 0.20653594771241837 0.45073529411764707 0.21960784313725498 0.45441176470588235 0.21960784313725498
5 0.45441176470588235 0.21176470588235302 0.45 0.21176470588235302 0.45 0.2261437908496733 0.45441176470588235 0.2261437908496733
7 0.5095588235294117 0.17254901960784322 0.5058823529411764 0.17254901960784322 0.5058823529411764 0.18823529411764714 0.5095588235294117 0.18823529411764714
7 0.5139705882352941 0.17254901960784325 0.5095588235294117 0.17254901960784322 0.5095588235294117 0.18954248366013082 0.5139705882352941 0.18954248366013088
7 0.5220588235294118 0.16993464052287596 0.5183823529411765 0.16993464052287596 0.5183823529411765 0.18562091503267988 0.5220588235294118 0.18562091503267988
5 0.524264705882353 0.14640522875817005 0.5205882352941177 0.14640522875817005 0.5205882352941177 0.15816993464052298 0.524264705882353 0.15816993464052298
8 0.524264705882353 0.1450980392156864 0.5205882352941177 0.1450980392156864 0.5205882352941177 0.15294117647058836 0.524264705882353 0.15294117647058836
8 0.5154411764705882 0.1477124183006537 0.5117647058823529 0.1477124183006537 0.5117647058823529 0.15555555555555567 0.5154411764705882 0.15555555555555567
5 0.5161764705882353 0.15294117647058836 0.5117647058823529 0.15294117647058836 0.5117647058823529 0.16078431372549032 0.5161764705882353 0.16078431372549032
3 0.44926470588235295 0.4980392156862747 0.4036764705882353 0.4980392156862747 0.4036764705882353 0.5633986928104576 0.44926470588235295 0.5633986928104576
3 0.5257352941176471 0.5111111111111113 0.49558823529411766 0.5111111111111113 0.49558823529411766 0.573856209150327 0.5257352941176471 0.573856209150327
1 0.6014705882352941 0.512418300653595 0.5904411764705882 0.512418300653595 0.5904411764705882 0.5607843137254903 0.6014705882352941 0.5607843137254903
8 0.6014705882352941 0.508496732026144 0.5911764705882353 0.508496732026144 0.5911764705882353 0.5490196078431374 0.6014705882352941 0.5490196078431374
3 0.7441176470588236 0.49934640522875834 0.7051470588235295 0.49934640522875834 0.7051470588235295 0.554248366013072 0.7441176470588236 0.554248366013072
8 0.6713235294117647 0.5098039215686276 0.6610294117647059 0.5098039215686276 0.6610294117647059 0.554248366013072 0.6713235294117647 0.554248366013072
1 0.6720588235294118 0.5267973856209152 0.6595588235294118 0.5267973856209152 0.6595588235294118 0.562091503267974 0.6720588235294118 0.562091503267974
3 0.8220588235294117 0.6405228758169936 0.7588235294117647 0.6405228758169936 0.7588235294117647 0.7333333333333336 0.8220588235294117 0.7333333333333336
3 0.8904411764705882 0.7032679738562094 0.8036764705882353 0.7032679738562094 0.8036764705882353 0.8000000000000003 0.8904411764705882 0.8000000000000003
8 0.8411764705882353 0.9176470588235297 0.8198529411764706 0.9176470588235297 0.8198529411764706 0.9777777777777781 0.8411764705882353 0.9777777777777781
1 0.8397058823529412 0.93202614379085 0.8183823529411764 0.93202614379085 0.8183823529411764 1.0000000000000002 0.8397058823529412 1.0000000000000002
3 1 0.6888888888888892 0.9147058823529411 0.6888888888888892 0.9147058823529411 0.7581699346405232 1 0.7581699346405232
3 1 0.7450980392156866 0.9522058823529411 0.7450980392156866 0.9522058823529411 0.8300653594771245 1 0.8300653594771245
3 0.9992647058823529 0.6052287581699348 0.9492647058823529 0.6052287581699348 0.9492647058823529 0.6967320261437911 0.9992647058823529 0.6967320261437911
0 0.9720588235294118 0.4575163398692812 0.9477941176470588 0.4575163398692812 0.9477941176470588 0.508496732026144 0.9720588235294118 0.508496732026144
3 0.7661764705882353 0.4078431372549021 0.7213235294117647 0.4078431372549021 0.7213235294117647 0.4444444444444446 0.7661764705882353 0.4444444444444446
3 0.7617647058823529 0.39346405228758186 0.700735294117647 0.39346405228758186 0.700735294117647 0.42614379084967335 0.7617647058823529 0.42614379084967335
9 0.8220588235294117 0.35816993464052305 0.7970588235294118 0.35816993464052305 0.7970588235294118 0.3843137254901962 0.8220588235294117 0.3843137254901962
8 0.8397058823529412 0.39607843137254917 0.8316176470588236 0.39607843137254917 0.8316176470588236 0.41830065359477137 0.8397058823529412 0.41830065359477137
3 0.8117647058823529 0.43267973856209163 0.7477941176470588 0.43267973856209163 0.7477941176470588 0.46666666666666684 0.8117647058823529 0.46666666666666684
3 0.8147058823529412 0.4496732026143792 0.7573529411764706 0.4496732026143792 0.7573529411764706 0.4732026143790851 0.8147058823529412 0.4732026143790851
3 0.8301470588235295 0.4627450980392158 0.7654411764705882 0.4627450980392158 0.7654411764705882 0.5045751633986929 0.8301470588235295 0.5045751633986929
3 1 0.3516339869281047 0.9544117647058824 0.3516339869281047 0.9544117647058824 0.38300653594771256 1 0.38300653594771256
8 0.9198529411764705 0.35294117647058837 0.9110294117647059 0.35294117647058837 0.9110294117647059 0.3764705882352943 0.9198529411764705 0.3764705882352943
11 0.7875 0.3111111111111113 0.7507352941176471 0.3111111111111113 0.7507352941176471 0.3424836601307191 0.7875 0.3424836601307191
11 0.8698529411764706 0.30326797385620935 0.8338235294117647 0.3032679738562093 0.8338235294117647 0.3359477124183008 0.8698529411764706 0.3359477124183008
4 0.9933823529411765 0.39607843137254917 0.975 0.39607843137254917 0.975 0.4300653594771243 0.9933823529411765 0.4300653594771243
7 0.6647058823529411 0.2679738562091505 0.6595588235294118 0.2679738562091505 0.6595588235294118 0.29281045751634 0.6647058823529411 0.29281045751634
7 0.6595588235294118 0.26666666666666683 0.6558823529411765 0.26666666666666683 0.6558823529411765 0.29150326797385634 0.6595588235294118 0.29150326797385634
4 0.5698529411764706 0.14640522875817005 0.5522058823529412 0.14640522875817005 0.5522058823529412 0.1882352941176472 0.5698529411764706 0.1882352941176472