11 0.5308823529411765 0.8640522875816994 0.4441176470588235 0.8640522875816994 0.4441176470588235 1 0.5308823529411765 1
3 1 0.7751633986928107 0.9308823529411765 0.7751633986928107 0.9308823529411765 0.9555555555555558 1 0.9555555555555558
7 0.08014705882352947 0.7895424836601307 0.04779411764705889 0.7895424836601307 0.04779411764705889 0.8823529411764706 0.08014705882352947 0.8823529411764706
1 0.09117647058823536 0.7986928104575164 0.06029411764705889 0.7986928104575164 0.06029411764705889 0.8993464052287582 0.09117647058823536 0.8993464052287582
7 0.19926470588235295 0.4235294117647059 0.18235294117647063 0.4235294117647059 0.18235294117647063 0.49019607843137253 0.19926470588235295 0.49019607843137253
5 0.21029411764705883 0.29281045751633994 0.17426470588235293 0.29281045751633994 0.17426470588235296 0.33202614379084977 0.21029411764705883 0.33202614379084977
8 0.23455882352941176 0.3660130718954248 0.2139705882352941 0.3660130718954248 0.2139705882352941 0.4235294117647059 0.23455882352941176 0.4235294117647059
5 0.23823529411764705 0.3895424836601307 0.2139705882352941 0.3895424836601307 0.2139705882352941 0.43137254901960786 0.23823529411764705 0.43137254901960786
3 0.5 0.3921568627450982 0.4485294117647059 0.3921568627450982 0.4485294117647059 0.4797385620915034 0.5 0.4797385620915034
8 0.6191176470588236 0.5450980392156864 0.6 0.5450980392156864 0.6 0.6052287581699348 0.6191176470588236 0.6052287581699348
5 0.6330882352941176 0.5673202614379086 0.586764705882353 0.5673202614379086 0.586764705882353 0.6169934640522877 0.6330882352941176 0.6169934640522877
8 0.5227941176470589 0.362091503267974 0.5088235294117647 0.362091503267974 0.5088235294117647 0.40653594771241847 0.5227941176470589 0.40653594771241847
5 0.5227941176470589 0.3686274509803923 0.5073529411764706 0.3686274509803923 0.5073529411764706 0.41830065359477137 0.5227941176470589 0.41830065359477137
7 0.7419117647058824 0.24183006535947726 0.7308823529411764 0.24183006535947726 0.7308823529411764 0.2862745098039217 0.7419117647058824 0.2862745098039217
7 0.75 0.24575163398692826 0.7382352941176471 0.24575163398692826 0.7382352941176471 0.29281045751634 0.75 0.29281045751634
11 1 0.2666666666666669 0.9330882352941177 0.2666666666666669 0.9330882352941177 0.34117647058823547 1 0.34117647058823547
3 1 0.4379084967320263 0.9286764705882353 0.4379084967320263 0.9286764705882353 0.5202614379084969 1 0.5202614379084969
8 0.9029411764705882 0.42614379084967335 0.8845588235294117 0.42614379084967335 0.8845588235294117 0.47843137254901974 0.9029411764705882 0.47843137254901974
1 0.9058823529411765 0.4405228758169936 0.8757352941176471 0.4405228758169936 0.8757352941176471 0.4836601307189544 0.9058823529411765 0.4836601307189544
3 0.9102941176470588 0.48235294117647076 0.7948529411764705 0.48235294117647076 0.7948529411764705 0.5764705882352943 0.9102941176470588 0.5764705882352943
3 0.9411764705882353 0.5450980392156864 0.8264705882352941 0.5450980392156864 0.8264705882352941 0.6457516339869283 0.9411764705882353 0.6457516339869283
3 0.48455882352941176 0.20784313725490203 0.44191176470588234 0.20784313725490203 0.44191176470588234 0.2718954248366014 0.48455882352941176 0.2718954248366014
3 0.35294117647058826 0.18169934640522883 0.31691176470588234 0.18169934640522883 0.31691176470588234 0.24575163398692818 0.35294117647058826 0.24575163398692818
8 0.2772058823529412 0.1633986928104576 0.2676470588235294 0.1633986928104576 0.2676470588235294 0.1986928104575164 0.2772058823529412 0.1986928104575164
8 0.27794117647058825 0.1660130718954249 0.26691176470588235 0.1660130718954249 0.26691176470588235 0.20000000000000007 0.27794117647058825 0.20000000000000007
5 0.27794117647058825 0.17254901960784322 0.26691176470588235 0.17254901960784322 0.26691176470588235 0.20784313725490203 0.27794117647058825 0.20784313725490203
3 0.33455882352941174 0.10457516339869288 0.30367647058823527 0.10457516339869288 0.30367647058823527 0.16470588235294126 0.33455882352941174 0.16470588235294126
11 0.3573529411764706 0.04705882352941184 0.3316176470588235 0.04705882352941184 0.3316176470588235 0.09019607843137262 0.3573529411764706 0.09019607843137262
1 0.538235294117647 0.06405228758169945 0.5316176470588235 0.06405228758169945 0.5316176470588235 0.09411764705882364 0.538235294117647 0.09411764705882364
3 0.45294117647058824 9.220870017109483e-17 0.3941176470588235 8.58053182147688e-17 0.3941176470588235 0.036601307189542576 0.45294117647058824 0.03660130718954258