7 0.01927083333333339 0.7824074074074074 0.006770833333333387 0.7824074074074074 0.00677083333333339 0.8490740740740741 0.019270833333333393 0.8490740740740741
7 0.03750000000000006 0.7814814814814814 0.015104166666666722 0.7814814814814814 0.015104166666666724 0.8574074074074074 0.03750000000000006 0.8574074074074074
8 0.02552083333333339 0.7546296296296297 0.01354166666666672 0.7546296296296297 0.013541666666666721 0.8138888888888889 0.025520833333333392 0.8138888888888889
8 0.08750000000000006 0.7592592592592593 0.06614583333333339 0.7592592592592593 0.06614583333333339 0.8185185185185185 0.08750000000000006 0.8185185185185185
8 0.04739583333333339 0.7481481481481481 0.028645833333333384 0.7481481481481481 0.028645833333333384 0.7972222222222223 0.047395833333333394 0.7972222222222223
8 0.061458333333333386 0.7398148148148148 0.042708333333333376 0.7398148148148148 0.04270833333333338 0.8 0.06145833333333339 0.8
1 0.041145833333333395 0.7796296296296297 0.003645833333333387 0.7796296296296297 0.0036458333333333885 0.8240740740740741 0.041145833333333395 0.8240740740740741
5 0.07291666666666673 0.7537037037037037 0.028125000000000053 0.7537037037037037 0.028125000000000053 0.8 0.07291666666666673 0.8
1 0.10104166666666672 0.775 0.05781250000000006 0.775 0.05781250000000006 0.825 0.10104166666666672 0.825
8 0.11875000000000005 0.6231481481481481 0.10677083333333336 0.6231481481481481 0.10677083333333338 0.6694444444444444 0.11875000000000006 0.6694444444444444
1 0.12500000000000006 0.6444444444444445 0.09583333333333337 0.6444444444444445 0.09583333333333338 0.6777777777777778 0.12500000000000006 0.6777777777777778
11 0.1380208333333334 0.5370370370370371 0.08593750000000003 0.5370370370370371 0.08593750000000003 0.5925925925925926 0.1380208333333334 0.5925925925925926
11 0.12031250000000003 0.5009259259259259 0.06770833333333336 0.5009259259259259 0.06770833333333336 0.5444444444444444 0.12031250000000003 0.5444444444444444
11 0.09270833333333336 0.5203703703703704 0.036979166666666695 0.5203703703703704 0.0369791666666667 0.5703703703703704 0.09270833333333336 0.5703703703703704
8 0.17031250000000006 0.6287037037037037 0.15572916666666672 0.6287037037037037 0.15572916666666672 0.6731481481481482 0.17031250000000006 0.6731481481481482
7 0.19375000000000006 0.6064814814814815 0.18072916666666672 0.6064814814814815 0.18072916666666672 0.6518518518518519 0.19375000000000006 0.6518518518518519
8 0.23385416666666672 0.6361111111111111 0.2192708333333334 0.6361111111111111 0.2192708333333334 0.6824074074074075 0.23385416666666672 0.6824074074074075
8 0.2291666666666667 0.6101851851851852 0.2161458333333334 0.6101851851851852 0.2161458333333334 0.6509259259259259 0.2291666666666667 0.6509259259259259
8 0.25000000000000006 0.6129629629629629 0.23645833333333338 0.6129629629629629 0.23645833333333338 0.6611111111111111 0.25000000000000006 0.6611111111111111
7 0.2192708333333334 0.5990740740740741 0.20781250000000007 0.5990740740740741 0.20781250000000007 0.6425925925925926 0.2192708333333334 0.6425925925925926
7 0.23906250000000007 0.6222222222222222 0.22864583333333338 0.6222222222222222 0.22864583333333338 0.6731481481481482 0.23906250000000007 0.6731481481481482
7 0.22968750000000007 0.6018518518518519 0.22187500000000007 0.6018518518518519 0.22187500000000007 0.6481481481481481 0.22968750000000007 0.6481481481481481
7 0.25781250000000006 0.5972222222222222 0.2505208333333334 0.5972222222222222 0.2505208333333334 0.6407407407407407 0.25781250000000006 0.6407407407407407
7 0.2541666666666667 0.5851851851851851 0.2447916666666667 0.5851851851851851 0.2447916666666667 0.6259259259259259 0.2541666666666667 0.6259259259259259
7 0.2661458333333334 0.562962962962963 0.2583333333333334 0.562962962962963 0.2583333333333334 0.6046296296296296 0.2661458333333334 0.6046296296296296
7 0.28125 0.5555555555555556 0.27291666666666664 0.5555555555555556 0.27291666666666664 0.5981481481481481 0.28125 0.5981481481481481
1 0.1786458333333334 0.6407407407407407 0.1489583333333334 0.6407407407407407 0.1489583333333334 0.6787037037037037 0.1786458333333334 0.6787037037037037
1 0.20468750000000005 0.6240740740740741 0.1770833333333334 0.6240740740740741 0.1770833333333334 0.6574074074074074 0.20468750000000005 0.6574074074074074
1 0.22760416666666672 0.6148148148148148 0.20468750000000005 0.6148148148148148 0.20468750000000005 0.6453703703703704 0.22760416666666672 0.6453703703703704
1 0.23281250000000006 0.625 0.21041666666666672 0.625 0.21041666666666672 0.6574074074074074 0.23281250000000006 0.6574074074074074
1 0.24427083333333338 0.6481481481481481 0.2145833333333334 0.6481481481481481 0.2145833333333334 0.687962962962963 0.24427083333333338 0.687962962962963
5 0.25729166666666675 0.6287037037037037 0.2317708333333334 0.6287037037037037 0.2317708333333334 0.6583333333333333 0.25729166666666675 0.6583333333333333
1 0.26562500000000006 0.5981481481481481 0.24062500000000006 0.5981481481481481 0.24062500000000006 0.6324074074074074 0.26562500000000006 0.6324074074074074
1 0.29010416666666666 0.5574074074074075 0.2765625 0.5574074074074075 0.2765625 0.5898148148148148 0.29010416666666666 0.5898148148148148
1 0.2369791666666667 0.5101851851851852 0.1786458333333334 0.5101851851851852 0.1786458333333334 0.5555555555555556 0.2369791666666667 0.5555555555555556
3 0.2833333333333333 0.6861111111111111 0.21562500000000007 0.6861111111111111 0.21562500000000007 0.7712962962962963 0.2833333333333333 0.7712962962962963
3 0.2947916666666667 0.7435185185185185 0.22031250000000005 0.7435185185185185 0.22031250000000005 0.8537037037037037 0.2947916666666667 0.8537037037037037
3 0.2255208333333334 0.850925925925926 0.12604166666666672 0.850925925925926 0.12604166666666672 0.9944444444444445 0.2255208333333334 0.9944444444444445
3 0.3963541666666667 0.5722222222222222 0.35625 0.5722222222222222 0.35625 0.6324074074074074 0.3963541666666667 0.6324074074074074
11 0.45677083333333335 0.6 0.41458333333333336 0.6 0.41458333333333336 0.6787037037037037 0.45677083333333335 0.6787037037037037
11 0.440625 0.4925925925925926 0.409375 0.4925925925925926 0.409375 0.5546296296296296 0.440625 0.5546296296296296
3 0.45 0.44351851851851865 0.42552083333333335 0.44351851851851865 0.42552083333333335 0.47685185185185186 0.45 0.47685185185185186
7 0.35520833333333335 0.49537037037037035 0.3458333333333333 0.49537037037037035 0.3458333333333333 0.5314814814814814 0.35520833333333335 0.5314814814814814
7 0.3625 0.4898148148148148 0.35520833333333335 0.4898148148148148 0.35520833333333335 0.5259259259259259 0.3625 0.5259259259259259
7 0.3703125 0.49074074074074076 0.36302083333333335 0.49074074074074076 0.36302083333333335 0.525 0.3703125 0.525
7 0.3807291666666667 0.4583333333333334 0.371875 0.4583333333333334 0.371875 0.4925925925925926 0.3807291666666667 0.4925925925925926
7 0.4328125 0.40555555555555567 0.42916666666666664 0.40555555555555567 0.42916666666666664 0.42777777777777787 0.4328125 0.42777777777777787
8 0.3578125 0.5111111111111111 0.3484375 0.5111111111111111 0.3484375 0.5462962962962963 0.3578125 0.5462962962962963
8 0.37447916666666664 0.5046296296296297 0.3651041666666667 0.5046296296296297 0.3651041666666667 0.5361111111111111 0.37447916666666664 0.5361111111111111
8 0.3984375 0.4962962962962963 0.38958333333333334 0.4962962962962963 0.38958333333333334 0.524074074074074 0.3984375 0.524074074074074
8 0.39947916666666666 0.4666666666666668 0.3927083333333333 0.4666666666666668 0.3927083333333333 0.4935185185185185 0.39947916666666666 0.4935185185185185
8 0.409375 0.44814814814814824 0.40260416666666665 0.44814814814814824 0.40260416666666665 0.475 0.409375 0.475
8 0.4557291666666667 0.3990740740740742 0.45 0.3990740740740742 0.45 0.4185185185185186 0.4557291666666667 0.4185185185185186
8 0.4625 0.38981481481481495 0.4583333333333333 0.38981481481481495 0.4583333333333333 0.41203703703703715 0.4625 0.41203703703703715
1 0.35625 0.5231481481481481 0.3489583333333333 0.5231481481481481 0.3489583333333333 0.55 0.35625 0.55
1 0.37395833333333334 0.5212962962962963 0.3645833333333333 0.5212962962962963 0.3645833333333333 0.5472222222222223 0.37395833333333334 0.5472222222222223
1 0.39895833333333336 0.47685185185185186 0.3921875 0.47685185185185186 0.3921875 0.4981481481481482 0.39895833333333336 0.4981481481481482
1 0.4083333333333333 0.4583333333333334 0.40260416666666665 0.4583333333333334 0.40260416666666665 0.47685185185185186 0.4083333333333333 0.47685185185185186
1 0.4625 0.3990740740740742 0.4578125 0.3990740740740742 0.4578125 0.4148148148148149 0.4625 0.4148148148148149
5 0.45625 0.40833333333333344 0.44895833333333335 0.40833333333333344 0.44895833333333335 0.42407407407407416 0.45625 0.42407407407407416
5 0.39895833333333336 0.5027777777777778 0.3890625 0.5027777777777778 0.3890625 0.5305555555555556 0.39895833333333336 0.5305555555555556
3 0.4786458333333333 0.7157407407407408 0.43697916666666664 0.7157407407407408 0.43697916666666664 0.7972222222222223 0.4786458333333333 0.7972222222222223
3 0.5671875 0.6370370370370373 0.5291666666666667 0.6370370370370373 0.5291666666666667 0.7064814814814817 0.5671875 0.7064814814814817
3 0.49270833333333336 0.5212962962962964 0.4666666666666667 0.5212962962962963 0.4666666666666667 0.5657407407407409 0.49270833333333336 0.565740740740741
3 0.49270833333333336 0.4462962962962964 0.47291666666666665 0.4462962962962964 0.47291666666666665 0.4750000000000001 0.49270833333333336 0.4750000000000002
3 0.5098958333333333 0.4685185185185186 0.48854166666666665 0.4685185185185186 0.48854166666666665 0.5064814814814816 0.5098958333333333 0.5064814814814816
3 0.5791666666666667 0.4750000000000002 0.5572916666666666 0.4750000000000002 0.5572916666666666 0.5148148148148151 0.5791666666666667 0.5148148148148151
3 0.5453125 0.4500000000000001 0.525 0.4500000000000001 0.525 0.48333333333333356 0.5453125 0.48333333333333356
3 0.5109375 0.42407407407407416 0.49322916666666666 0.42407407407407416 0.49322916666666666 0.45185185185185195 0.5109375 0.45185185185185195
3 0.48802083333333335 0.400925925925926 0.46822916666666664 0.400925925925926 0.46822916666666664 0.4287037037037038 0.48802083333333335 0.4287037037037038
3 0.5203125 0.3935185185185186 0.5046875 0.3935185185185186 0.5046875 0.41944444444444456 0.5203125 0.41944444444444456
3 0.496875 0.38055555555555565 0.48125 0.38055555555555565 0.48125 0.4037037037037038 0.496875 0.4037037037037038
3 0.5067708333333333 0.36203703703703716 0.49322916666666666 0.36203703703703716 0.49322916666666666 0.3833333333333334 0.5067708333333333 0.3833333333333334
3 0.525 0.3611111111111112 0.5130208333333334 0.3611111111111112 0.5130208333333334 0.3787037037037038 0.525 0.3787037037037038
8 0.028645833333333395 0.9083333333333333 6.257179739393508e-17 0.9083333333333333 6.54101714857089e-17 0.9907407407407407 0.0286458333333334 0.9907407407407407
1 0.0333333333333334 0.9462962962962963 6.518692857961432e-17 0.9462962962962963 6.703665551582647e-17 1 0.03333333333333341 1
8 0.5546875 0.7259259259259261 0.5421875 0.7259259259259261 0.5421875 0.7722222222222225 0.5546875 0.7722222222222225
1 0.5546875 0.7388888888888892 0.5427083333333333 0.7388888888888892 0.5427083333333333 0.7879629629629632 0.5546875 0.7879629629629632
1 0.6088541666666667 0.6092592592592595 0.5875 0.6092592592592595 0.5875 0.6342592592592595 0.6088541666666667 0.6342592592592595
4 0.6046875 0.5101851851851854 0.5838541666666667 0.5101851851851854 0.5838541666666667 0.6074074074074076 0.6046875 0.6074074074074076
7 0.6109375 0.49166666666666686 0.6046875 0.49166666666666686 0.6046875 0.5240740740740742 0.6109375 0.5240740740740742
7 0.5911458333333334 0.4666666666666668 0.5833333333333334 0.4666666666666668 0.5833333333333334 0.49814814814814834 0.5911458333333334 0.49814814814814834
7 0.5947916666666667 0.4500000000000001 0.5890625 0.4500000000000001 0.5890625 0.4787037037037039 0.5947916666666667 0.4787037037037039
7 0.5963541666666666 0.42962962962962975 0.590625 0.42962962962962975 0.590625 0.45925925925925937 0.5963541666666666 0.45925925925925937
8 0.525 0.5111111111111113 0.5182291666666666 0.5111111111111113 0.5182291666666666 0.5453703703703706 0.525 0.5453703703703706
1 0.5255208333333333 0.5250000000000002 0.51875 0.5250000000000002 0.51875 0.5509259259259262 0.5255208333333333 0.5509259259259262
8 0.5265625 0.42222222222222233 0.5197916666666667 0.42222222222222233 0.5197916666666667 0.44444444444444453 0.5265625 0.44444444444444453
8 0.5307291666666667 0.40555555555555567 0.525 0.40555555555555567 0.525 0.426851851851852 0.5307291666666667 0.426851851851852
8 0.5385416666666667 0.400925925925926 0.5333333333333333 0.400925925925926 0.5333333333333333 0.42222222222222233 0.5385416666666667 0.42222222222222233
8 0.5395833333333333 0.38425925925925936 0.5348958333333333 0.38425925925925936 0.5348958333333333 0.4037037037037038 0.5395833333333333 0.4037037037037038
1 0.5260416666666666 0.43055555555555564 0.5203125 0.43055555555555564 0.5203125 0.4490740740740742 0.5260416666666666 0.4490740740740742
1 0.5296875 0.413888888888889 0.5255208333333333 0.413888888888889 0.5255208333333333 0.4324074074074075 0.5296875 0.4324074074074075
1 0.5380208333333333 0.4074074074074075 0.5333333333333333 0.4074074074074075 0.5333333333333333 0.42407407407407416 0.5380208333333333 0.42407407407407416
1 0.5390625 0.3925925925925927 0.5348958333333333 0.3925925925925927 0.5348958333333333 0.4074074074074075 0.5390625 0.4074074074074075
3 0.47239583333333335 0.38055555555555565 0.45729166666666665 0.38055555555555565 0.45729166666666665 0.4064814814814816 0.47239583333333335 0.4064814814814816
3 0.4901041666666667 0.36851851851851863 0.47708333333333336 0.36851851851851863 0.47708333333333336 0.38981481481481495 0.4901041666666667 0.38981481481481495
3 0.49166666666666664 0.3574074074074075 0.4796875 0.3574074074074075 0.4796875 0.3777777777777779 0.49166666666666664 0.3777777777777779
3 0.4953125 0.3472222222222223 0.484375 0.3472222222222223 0.484375 0.36666666666666675 0.4953125 0.36666666666666675
3 0.5098958333333333 0.3500000000000001 0.496875 0.3500000000000001 0.496875 0.3694444444444446 0.5098958333333333 0.3694444444444446
3 0.5119791666666667 0.3416666666666668 0.5015625 0.3416666666666668 0.5015625 0.3611111111111112 0.5119791666666667 0.3611111111111112
3 0.5177083333333333 0.32314814814814824 0.5078125 0.32314814814814824 0.5078125 0.34259259259259267 0.5177083333333333 0.34259259259259267
3 0.5015625 0.3351851851851853 0.4942708333333333 0.3351851851851853 0.4942708333333333 0.34814814814814826 0.5015625 0.34814814814814826
3 0.5072916666666667 0.3379629629629631 0.4984375 0.3379629629629631 0.4984375 0.3537037037037038 0.5072916666666667 0.3537037037037038
3 0.5041666666666667 0.3277777777777779 0.49583333333333335 0.3277777777777779 0.49583333333333335 0.34074074074074084 0.5041666666666667 0.34074074074074084
4 0.5067708333333333 0.30925925925925934 0.5 0.30925925925925934 0.5 0.325925925925926 0.5067708333333333 0.325925925925926
3 0.515625 0.31203703703703717 0.5078125 0.31203703703703717 0.5078125 0.3250000000000001 0.515625 0.3250000000000001
10 0.5244791666666667 0.30555555555555564 0.5151041666666667 0.30555555555555564 0.5151041666666667 0.32685185185185195 0.5244791666666667 0.32685185185185195
4 0.53125 0.2916666666666668 0.5078125 0.2916666666666668 0.5078125 0.3037037037037038 0.53125 0.3037037037037038
3 0.5260416666666666 0.27962962962962973 0.5192708333333333 0.27962962962962973 0.5192708333333333 0.2898148148148149 0.5260416666666666 0.2898148148148149
3 0.5369791666666667 0.28055555555555567 0.5296875 0.28055555555555567 0.5296875 0.2916666666666668 0.5369791666666667 0.2916666666666668
3 0.5317708333333333 0.27685185185185196 0.5255208333333333 0.27685185185185196 0.5255208333333333 0.2879629629629631 0.5317708333333333 0.2879629629629631
4 0.5453125 0.26296296296296306 0.5322916666666667 0.26296296296296306 0.5322916666666667 0.27685185185185196 0.5453125 0.27685185185185196
7 0.465625 0.34814814814814826 0.46145833333333336 0.34814814814814826 0.46145833333333336 0.36666666666666675 0.465625 0.36666666666666675
7 0.4395833333333333 0.28333333333333344 0.43645833333333334 0.28333333333333344 0.43645833333333334 0.2962962962962964 0.4395833333333333 0.2962962962962964
3 0.4427083333333333 0.2962962962962964 0.428125 0.2962962962962964 0.428125 0.30925925925925934 0.4427083333333333 0.30925925925925934
3 0.4046875 0.35185185185185197 0.3770833333333333 0.35185185185185197 0.3770833333333333 0.37407407407407417 0.4046875 0.37407407407407417
3 0.4125 0.3500000000000001 0.38697916666666665 0.3500000000000001 0.38697916666666665 0.3712962962962964 0.4125 0.3712962962962964
3 0.4161458333333333 0.34814814814814826 0.3932291666666667 0.34814814814814826 0.3932291666666667 0.36666666666666675 0.4161458333333333 0.36666666666666675
3 0.42239583333333336 0.3435185185185186 0.4005208333333333 0.3435185185185186 0.4005208333333333 0.3611111111111112 0.42239583333333336 0.3611111111111112
3 0.4270833333333333 0.338888888888889 0.409375 0.338888888888889 0.409375 0.3537037037037038 0.4270833333333333 0.3537037037037038
3 0.425 0.3351851851851853 0.4010416666666667 0.3351851851851853 0.4010416666666667 0.35092592592592603 0.425 0.35092592592592603
3 0.43854166666666666 0.32870370370370383 0.409375 0.32870370370370383 0.409375 0.3490740740740742 0.43854166666666666 0.3490740740740742
3 0.44114583333333335 0.3240740740740742 0.421875 0.3240740740740742 0.421875 0.3398148148148149 0.44114583333333335 0.3398148148148149
3 0.44635416666666666 0.31481481481481494 0.43125 0.31481481481481494 0.43125 0.33055555555555566 0.44635416666666666 0.33055555555555566
7 0.44895833333333335 0.2777777777777779 0.4453125 0.2777777777777779 0.4453125 0.2925925925925927 0.44895833333333335 0.2925925925925927
7 0.5875 0.35185185185185197 0.5833333333333334 0.35185185185185197 0.5833333333333334 0.36851851851851863 0.5875 0.36851851851851863
4 0.428125 0.3787037037037038 0.4015625 0.3787037037037038 0.4015625 0.40185185185185196 0.428125 0.40185185185185196
4 0.38125 0.37592592592592605 0.35 0.37592592592592605 0.35 0.3972222222222223 0.38125 0.3972222222222223