3 0.6625 0.8861111111111113 0.628125 0.8861111111111113 0.628125 0.9648148148148148 0.6625 0.9648148148148148
7 0.6270833333333333 0.9231481481481484 0.6192708333333333 0.9231481481481484 0.6192708333333333 0.962037037037037 0.6270833333333333 0.962037037037037
7 0.6203125 0.9111111111111113 0.6104166666666667 0.9111111111111113 0.6104166666666667 0.9564814814814815 0.6203125 0.9564814814814815
8 0.6182291666666667 0.9527777777777777 0.6114583333333333 0.9527777777777777 0.6114583333333333 0.9666666666666667 0.6182291666666667 0.9666666666666667
6 0.6197916666666666 0.9435185185185188 0.609375 0.9435185185185188 0.609375 0.9796296296296296 0.6197916666666666 0.9796296296296296
8 0.5828125 0.8592592592592595 0.5713541666666667 0.8592592592592595 0.5713541666666667 0.8925925925925928 0.5828125 0.8925925925925928
5 0.5822916666666667 0.8666666666666669 0.5692708333333333 0.8666666666666669 0.5692708333333333 0.9148148148148151 0.5822916666666667 0.9148148148148151
5 0.5953125 0.7472222222222225 0.58125 0.7472222222222225 0.58125 0.7916666666666669 0.5953125 0.7916666666666669
5 0.6494791666666667 0.7592592592592595 0.6234375 0.7592592592592595 0.6234375 0.7879629629629632 0.6494791666666667 0.7879629629629632
3 0.5630208333333333 0.8435185185185188 0.5213541666666667 0.8435185185185188 0.5213541666666667 0.9379629629629632 0.5630208333333333 0.9379629629629632
3 0.5760416666666667 0.7481481481481483 0.5411458333333333 0.7481481481481483 0.5411458333333333 0.8240740740740743 0.5760416666666667 0.8240740740740743
3 0.4932291666666667 0.8583333333333334 0.4557291666666667 0.8583333333333333 0.45572916666666674 0.962037037037037 0.4932291666666668 0.962037037037037
11 0.5 0.6694444444444445 0.4708333333333333 0.6694444444444444 0.4708333333333333 0.750925925925926 0.5 0.7509259259259261
7 0.5796875 0.7083333333333336 0.571875 0.7083333333333336 0.571875 0.7509259259259261 0.5796875 0.7509259259259261
7 0.5817708333333333 0.6703703703703706 0.5739583333333333 0.6703703703703706 0.5739583333333333 0.7157407407407409 0.5817708333333333 0.7157407407407409
7 0.5729166666666666 0.6731481481481484 0.5635416666666667 0.6731481481481484 0.5635416666666667 0.7166666666666669 0.5729166666666666 0.7166666666666669
3 0.5354166666666667 0.589814814814815 0.5114583333333333 0.589814814814815 0.5114583333333333 0.6379629629629632 0.5354166666666667 0.6379629629629632
3 0.4265625 0.7555555555555555 0.3927083333333333 0.7555555555555555 0.3927083333333333 0.8490740740740741 0.4265625 0.8490740740740741
3 0.43020833333333336 0.637962962962963 0.40572916666666664 0.637962962962963 0.40572916666666664 0.6981481481481482 0.43020833333333336 0.6981481481481482
8 0.45677083333333335 0.6842592592592592 0.44947916666666665 0.6842592592592592 0.44947916666666665 0.7 0.45677083333333335 0.7
8 0.4583333333333333 0.6787037037037037 0.4510416666666667 0.6787037037037037 0.4510416666666667 0.7 0.4583333333333333 0.7
5 0.4578125 0.6925925925925925 0.45 0.6925925925925925 0.45 0.725 0.4578125 0.725
8 0.11770833333333339 0.9712962962962963 0.1036458333333334 0.9712962962962963 0.1036458333333334 1 0.11770833333333339 1
7 0.04531250000000007 0.9351851851851852 0.03437500000000006 0.9351851851851852 0.034375000000000065 0.975 0.045312500000000075 0.975
8 0.17031250000000006 0.8601851851851852 0.16093750000000007 0.8601851851851852 0.16093750000000007 0.8888888888888888 0.17031250000000006 0.8888888888888888
8 0.1677083333333334 0.8407407407407408 0.15937500000000007 0.8407407407407408 0.15937500000000007 0.8666666666666667 0.1677083333333334 0.8666666666666667
8 0.15572916666666672 0.8675925925925926 0.14375000000000007 0.8675925925925926 0.14375000000000007 0.9018518518518519 0.15572916666666672 0.9018518518518519
8 0.14375000000000007 0.8657407407407407 0.13229166666666672 0.8657407407407407 0.13229166666666672 0.8953703703703704 0.14375000000000007 0.8953703703703704
8 0.13697916666666674 0.8555555555555555 0.1276041666666667 0.8555555555555555 0.1276041666666667 0.8842592592592593 0.13697916666666674 0.8842592592592593
5 0.18125000000000005 0.8287037037037037 0.15260416666666674 0.8287037037037037 0.15260416666666674 0.8648148148148148 0.18125000000000005 0.8648148148148148
5 0.19635416666666672 0.8037037037037037 0.16406250000000006 0.8037037037037037 0.16406250000000006 0.8314814814814815 0.19635416666666672 0.8314814814814815
7 0.18697916666666672 0.7796296296296297 0.17500000000000007 0.7796296296296297 0.17500000000000007 0.8231481481481482 0.18697916666666672 0.8231481481481482
5 0.2114583333333334 0.7611111111111111 0.18281250000000007 0.7611111111111111 0.18281250000000007 0.7916666666666666 0.2114583333333334 0.7916666666666666
7 0.19635416666666672 0.6231481481481481 0.18854166666666672 0.6231481481481481 0.18854166666666672 0.662962962962963 0.19635416666666672 0.662962962962963
7 0.21197916666666672 0.6157407407407407 0.20416666666666672 0.6157407407407407 0.20416666666666672 0.6592592592592592 0.21197916666666672 0.6592592592592592
7 0.2302083333333334 0.6314814814814815 0.22187500000000007 0.6314814814814815 0.22187500000000007 0.6712962962962963 0.2302083333333334 0.6712962962962963
5 0.26927083333333335 0.6407407407407407 0.24531250000000007 0.6407407407407407 0.24531250000000007 0.674074074074074 0.26927083333333335 0.674074074074074
8 0.4510416666666667 0.5962962962962963 0.4421875 0.5962962962962963 0.4421875 0.6268518518518519 0.4510416666666667 0.6268518518518519
1 0.44947916666666665 0.6083333333333333 0.4453125 0.6083333333333333 0.4453125 0.6333333333333333 0.44947916666666665 0.6333333333333333
5 0.5942708333333333 0.5861111111111114 0.5796875 0.5861111111111114 0.5796875 0.6083333333333335 0.5942708333333333 0.6083333333333335
7 0.5770833333333333 0.5638888888888891 0.5682291666666667 0.5638888888888891 0.5682291666666667 0.6000000000000002 0.5770833333333333 0.6000000000000002
7 0.5625 0.5222222222222225 0.55625 0.5222222222222225 0.55625 0.5555555555555558 0.5625 0.5555555555555558
8 0.5453125 0.49814814814814834 0.5390625 0.49814814814814834 0.5390625 0.5240740740740742 0.5453125 0.5240740740740742
5 0.54375 0.5092592592592595 0.5401041666666667 0.5092592592592595 0.5401041666666667 0.5259259259259261 0.54375 0.5259259259259261
3 0.5541666666666667 0.4500000000000001 0.5348958333333333 0.4500000000000001 0.5348958333333333 0.47777777777777797 0.5541666666666667 0.47777777777777797
5 0.5723958333333333 0.48703703703703727 0.5666666666666667 0.48703703703703727 0.5666666666666667 0.5111111111111113 0.5723958333333333 0.5111111111111113
3 0.3802083333333333 0.3101851851851853 0.3609375 0.3101851851851853 0.3609375 0.325925925925926 0.3802083333333333 0.325925925925926
11 0.38697916666666665 0.32037037037037047 0.37135416666666665 0.32037037037037047 0.37135416666666665 0.338888888888889 0.38697916666666665 0.338888888888889
3 0.40677083333333336 0.325925925925926 0.3854166666666667 0.325925925925926 0.3854166666666667 0.3435185185185186 0.40677083333333336 0.3435185185185186
3 0.4041666666666667 0.31203703703703717 0.38333333333333336 0.31203703703703717 0.38333333333333336 0.325925925925926 0.4041666666666667 0.325925925925926
7 0.3921875 0.313888888888889 0.38958333333333334 0.313888888888889 0.38958333333333334 0.32870370370370383 0.3921875 0.32870370370370383
4 0.5125 0.15925925925925938 0.4552083333333333 0.15925925925925938 0.4552083333333333 0.213888888888889 0.5125 0.213888888888889
3 0.49375 0.23333333333333345 0.4791666666666667 0.23333333333333345 0.4791666666666667 0.24166666666666678 0.49375 0.24166666666666678
8 0.4734375 0.2314814814814816 0.4713541666666667 0.2314814814814816 0.4713541666666667 0.23888888888888898 0.4734375 0.23888888888888898
5 0.475 0.23425925925925936 0.46979166666666666 0.23425925925925936 0.46979166666666666 0.24074074074074084 0.475 0.24074074074074084
8 0.5052083333333334 0.24166666666666678 0.503125 0.24166666666666678 0.503125 0.24907407407407417 0.5052083333333334 0.24907407407407417
1 0.5052083333333334 0.2453703703703705 0.5036458333333333 0.2453703703703705 0.5036458333333333 0.2527777777777779 0.5052083333333334 0.2527777777777779
8 0.5015625 0.2462962962962964 0.4979166666666667 0.2462962962962964 0.4979166666666667 0.25462962962962976 0.5015625 0.25462962962962976
5 0.5005208333333333 0.25092592592592605 0.4973958333333333 0.25092592592592605 0.4973958333333333 0.26111111111111124 0.5005208333333333 0.26111111111111124
8 0.5015625 0.24166666666666678 0.49895833333333334 0.24166666666666678 0.49895833333333334 0.24907407407407417 0.5015625 0.24907407407407417
8 0.4921875 0.24166666666666678 0.4901041666666667 0.24166666666666678 0.4901041666666667 0.24722222222222232 0.4921875 0.24722222222222232
5 0.49270833333333336 0.2462962962962964 0.490625 0.2462962962962964 0.490625 0.25185185185185194 0.49270833333333336 0.25185185185185194
8 0.4890625 0.2425925925925927 0.4864583333333333 0.2425925925925927 0.4864583333333333 0.24814814814814826 0.4890625 0.24814814814814826
5 0.4890625 0.24722222222222232 0.4869791666666667 0.24722222222222232 0.4869791666666667 0.2537037037037038 0.4890625 0.2537037037037038
8 0.48489583333333336 0.23796296296296307 0.4828125 0.23796296296296307 0.4828125 0.24444444444444455 0.48489583333333336 0.24444444444444455
5 0.484375 0.24074074074074084 0.4828125 0.24074074074074084 0.4828125 0.24814814814814826 0.484375 0.24814814814814826
8 0.46875 0.25925925925925936 0.4661458333333333 0.25925925925925936 0.4661458333333333 0.2666666666666668 0.46875 0.2666666666666668
5 0.46822916666666664 0.25740740740740753 0.4661458333333333 0.25740740740740753 0.4661458333333333 0.2703703703703705 0.46822916666666664 0.2703703703703705
9 0.49635416666666665 0.2601851851851853 0.490625 0.2601851851851853 0.490625 0.2712962962962964 0.49635416666666665 0.2712962962962964
8 0.5046875 0.2675925925925927 0.5015625 0.2675925925925927 0.5015625 0.2740740740740742 0.5046875 0.2740740740740742
5 0.5046875 0.26944444444444454 0.5010416666666667 0.26944444444444454 0.5010416666666667 0.27962962962962973 0.5046875 0.27962962962962973
8 0.5098958333333333 0.2685185185185186 0.5067708333333333 0.2685185185185186 0.5067708333333333 0.2787037037037038 0.5098958333333333 0.2787037037037038
5 0.5098958333333333 0.2722222222222223 0.5067708333333333 0.2722222222222223 0.5067708333333333 0.28055555555555567 0.5098958333333333 0.28055555555555567
8 0.4796875 0.4685185185185186 0.475 0.4685185185185186 0.475 0.487962962962963 0.4796875 0.487962962962963
5 0.4796875 0.47685185185185186 0.47552083333333334 0.47685185185185186 0.47552083333333334 0.49537037037037035 0.4796875 0.49537037037037035
8 0.4708333333333333 0.426851851851852 0.4671875 0.426851851851852 0.4671875 0.438888888888889 0.4708333333333333 0.438888888888889
8 0.4703125 0.426851851851852 0.4666666666666667 0.426851851851852 0.4666666666666667 0.43703703703703717 0.4703125 0.43703703703703717
5 0.4708333333333333 0.4361111111111112 0.4666666666666667 0.4361111111111112 0.4666666666666667 0.4500000000000001 0.4708333333333333 0.4500000000000001
8 0.509375 0.42037037037037045 0.5052083333333334 0.42037037037037045 0.5052083333333334 0.4351851851851853 0.509375 0.4351851851851853
5 0.5088541666666667 0.42777777777777787 0.5046875 0.42777777777777787 0.5046875 0.44166666666666676 0.5088541666666667 0.44166666666666676
0 0.5427083333333333 0.4212962962962964 0.5338541666666666 0.4212962962962964 0.5338541666666666 0.44814814814814824 0.5427083333333333 0.44814814814814824
9 0.5244791666666667 0.4250000000000001 0.5161458333333333 0.4250000000000001 0.5161458333333333 0.45185185185185195 0.5244791666666667 0.45185185185185195
3 0.4578125 0.3870370370370371 0.44583333333333336 0.3870370370370371 0.44583333333333336 0.41203703703703715 0.4578125 0.41203703703703715
9 0.4625 0.3712962962962964 0.45416666666666666 0.3712962962962964 0.45416666666666666 0.38981481481481495 0.4625 0.38981481481481495
0 0.45208333333333334 0.36203703703703716 0.4421875 0.36203703703703716 0.4421875 0.38981481481481495 0.45208333333333334 0.38981481481481495
8 0.46875 0.37407407407407417 0.4640625 0.37407407407407417 0.4640625 0.3870370370370371 0.46875 0.3870370370370371
1 0.46770833333333334 0.38240740740740753 0.46458333333333335 0.38240740740740753 0.46458333333333335 0.39444444444444454 0.46770833333333334 0.39444444444444454
7 0.5296875 0.3972222222222223 0.525 0.3972222222222223 0.525 0.4185185185185186 0.5296875 0.4185185185185186
8 0.5203125 0.3953703703703705 0.5145833333333333 0.3953703703703705 0.5145833333333333 0.4148148148148149 0.5203125 0.4148148148148149
5 0.5192708333333333 0.40185185185185196 0.5151041666666667 0.40185185185185196 0.5151041666666667 0.4185185185185186 0.5192708333333333 0.4185185185185186
7 0.528125 0.3712962962962964 0.5255208333333333 0.3712962962962964 0.5255208333333333 0.3935185185185186 0.528125 0.3935185185185186
9 0.5286458333333334 0.3277777777777779 0.5197916666666667 0.3277777777777779 0.5197916666666667 0.3472222222222223 0.5286458333333334 0.3472222222222223
3 0.5239583333333333 0.3111111111111112 0.5145833333333333 0.3111111111111112 0.5145833333333333 0.3250000000000001 0.5239583333333333 0.3250000000000001
0 0.5239583333333333 0.29722222222222233 0.5125 0.29722222222222233 0.5125 0.31203703703703717 0.5239583333333333 0.31203703703703717
8 0.5125 0.37685185185185194 0.5088541666666667 0.37685185185185194 0.5088541666666667 0.39074074074074083 0.5125 0.39074074074074083
1 0.5119791666666667 0.38611111111111124 0.5088541666666667 0.38611111111111124 0.5088541666666667 0.39814814814814825 0.5119791666666667 0.39814814814814825
8 0.5026041666666666 0.38796296296296306 0.4984375 0.38796296296296306 0.4984375 0.4027777777777779 0.5026041666666666 0.4027777777777779
5 0.5015625 0.3935185185185186 0.4979166666666667 0.3935185185185186 0.4979166666666667 0.40833333333333344 0.5015625 0.40833333333333344
8 0.49947916666666664 0.36574074074074087 0.49583333333333335 0.36574074074074087 0.49583333333333335 0.37685185185185194 0.49947916666666664 0.37685185185185194
5 0.49947916666666664 0.37314814814814823 0.49635416666666665 0.37314814814814823 0.49635416666666665 0.3851851851851853 0.49947916666666664 0.3851851851851853
8 0.5020833333333333 0.3574074074074075 0.49947916666666664 0.3574074074074075 0.49947916666666664 0.36666666666666675 0.5020833333333333 0.36666666666666675
5 0.5026041666666666 0.3611111111111112 0.4979166666666667 0.3611111111111112 0.4979166666666667 0.37407407407407417 0.5026041666666666 0.37407407407407417
8 0.5078125 0.3500000000000001 0.5046875 0.3500000000000001 0.5046875 0.3592592592592594 0.5078125 0.3592592592592594
5 0.5078125 0.35648148148148157 0.5046875 0.35648148148148157 0.5046875 0.36666666666666675 0.5078125 0.36666666666666675
8 0.5114583333333333 0.34444444444444455 0.5083333333333333 0.34444444444444455 0.5083333333333333 0.35833333333333345 0.5114583333333333 0.35833333333333345
8 0.5119791666666667 0.36296296296296304 0.5088541666666667 0.36296296296296304 0.5088541666666667 0.37314814814814823 0.5119791666666667 0.37314814814814823
5 0.5130208333333334 0.3601851851851853 0.5078125 0.3601851851851853 0.5078125 0.37962962962962976 0.5130208333333334 0.37962962962962976
3 0.5135416666666667 0.33055555555555566 0.5015625 0.33055555555555566 0.5015625 0.3500000000000001 0.5135416666666667 0.3500000000000001
3 0.4947916666666667 0.32685185185185195 0.48541666666666666 0.32685185185185195 0.48541666666666666 0.34259259259259267 0.4947916666666667 0.34259259259259267
8 0.48541666666666666 0.3351851851851853 0.4822916666666667 0.3351851851851853 0.4822916666666667 0.3453703703703705 0.48541666666666666 0.3453703703703705
5 0.4859375 0.3333333333333334 0.48125 0.3333333333333334 0.48125 0.3500000000000001 0.4859375 0.3500000000000001
8 0.48541666666666666 0.3212962962962964 0.4822916666666667 0.3212962962962964 0.4822916666666667 0.33055555555555566 0.48541666666666666 0.33055555555555566
5 0.4864583333333333 0.325925925925926 0.48125 0.325925925925926 0.48125 0.3351851851851853 0.4864583333333333 0.3351851851851853
3 0.45989583333333334 0.33055555555555566 0.45 0.33055555555555566 0.45 0.3500000000000001 0.45989583333333334 0.3500000000000001
3 0.47291666666666665 0.313888888888889 0.4625 0.313888888888889 0.4625 0.33055555555555566 0.47291666666666665 0.33055555555555566
8 0.46979166666666666 0.27962962962962973 0.4666666666666667 0.27962962962962973 0.4666666666666667 0.28703703703703715 0.46979166666666666 0.28703703703703715
5 0.46927083333333336 0.2842592592592594 0.4666666666666667 0.2842592592592594 0.4666666666666667 0.29444444444444456 0.46927083333333336 0.29444444444444456
8 0.47239583333333335 0.28518518518518526 0.46927083333333336 0.28518518518518526 0.46927083333333336 0.2925925925925927 0.47239583333333335 0.2925925925925927
5 0.47239583333333335 0.2898148148148149 0.46979166666666666 0.2898148148148149 0.46979166666666666 0.29722222222222233 0.47239583333333335 0.29722222222222233
8 0.48802083333333335 0.2750000000000001 0.484375 0.2750000000000001 0.484375 0.2842592592592594 0.48802083333333335 0.2842592592592594
5 0.4875 0.28055555555555567 0.484375 0.28055555555555567 0.484375 0.288888888888889 0.4875 0.288888888888889
8 0.49375 0.27685185185185196 0.49114583333333334 0.27685185185185196 0.49114583333333334 0.28518518518518526 0.49375 0.28518518518518526
5 0.49375 0.2814814814814816 0.49114583333333334 0.2814814814814816 0.49114583333333334 0.29074074074074086 0.49375 0.29074074074074086
8 0.4979166666666667 0.28518518518518526 0.4947916666666667 0.28518518518518526 0.4947916666666667 0.29444444444444456 0.4979166666666667 0.29444444444444456
5 0.4973958333333333 0.29074074074074086 0.49583333333333335 0.29074074074074086 0.49583333333333335 0.29907407407407416 0.4973958333333333 0.29907407407407416
8 0.5052083333333334 0.2814814814814816 0.503125 0.2814814814814816 0.503125 0.2916666666666668 0.5052083333333334 0.2916666666666668
5 0.5052083333333334 0.2861111111111112 0.5015625 0.2861111111111112 0.5015625 0.29537037037037045 0.5052083333333334 0.29537037037037045
7 0.5088541666666667 0.3000000000000001 0.5052083333333334 0.3000000000000001 0.5052083333333334 0.313888888888889 0.5088541666666667 0.313888888888889
8 0.49895833333333334 0.30833333333333346 0.49635416666666665 0.30833333333333346 0.49635416666666665 0.31481481481481494 0.49895833333333334 0.31481481481481494
8 0.49895833333333334 0.30462962962962975 0.4953125 0.30462962962962975 0.4953125 0.313888888888889 0.49895833333333334 0.313888888888889
5 0.4984375 0.3101851851851853 0.49583333333333335 0.3101851851851853 0.49583333333333335 0.31944444444444453 0.4984375 0.31944444444444453
8 0.4796875 0.3101851851851853 0.47708333333333336 0.3101851851851853 0.47708333333333336 0.3175925925925927 0.4796875 0.3175925925925927
5 0.48072916666666665 0.31481481481481494 0.47708333333333336 0.31481481481481494 0.47708333333333336 0.3250000000000001 0.48072916666666665 0.3250000000000001
8 0.4828125 0.30277777777777787 0.48020833333333335 0.30277777777777787 0.48020833333333335 0.3111111111111112 0.4828125 0.3111111111111112
5 0.48333333333333334 0.30833333333333346 0.4791666666666667 0.30833333333333346 0.4791666666666667 0.31666666666666676 0.48333333333333334 0.31666666666666676
8 0.47604166666666664 0.301851851851852 0.47239583333333335 0.301851851851852 0.47239583333333335 0.31203703703703717 0.47604166666666664 0.31203703703703717
5 0.47552083333333334 0.3074074074074075 0.47291666666666665 0.3074074074074075 0.47291666666666665 0.31666666666666676 0.47552083333333334 0.31666666666666676