3 0.6029411764705882 0.8771241830065359 0.5323529411764706 0.8771241830065359 0.5323529411764706 1 0.6029411764705882 1
3 0.5036764705882353 0.9202614379084967 0.44632352941176473 0.9202614379084967 0.44632352941176473 1 0.5036764705882353 1
3 0.4852941176470588 0.7633986928104575 0.43161764705882355 0.7633986928104575 0.43161764705882355 0.9045751633986928 0.4852941176470588 0.9045751633986928
3 0.5529411764705883 0.7294117647058823 0.49779411764705883 0.7294117647058823 0.49779411764705883 0.8522875816993464 0.5529411764705883 0.8522875816993464
3 0.5352941176470588 0.6366013071895427 0.48823529411764705 0.6366013071895427 0.48823529411764705 0.7254901960784313 0.5352941176470588 0.7254901960784313
3 0.46544117647058825 0.6470588235294119 0.42205882352941176 0.6470588235294119 0.42205882352941176 0.7411764705882353 0.46544117647058825 0.7411764705882353
3 0.5169117647058824 0.5516339869281047 0.475 0.5516339869281047 0.475 0.6261437908496733 0.5169117647058824 0.6261437908496733
3 0.4485294117647059 0.558169934640523 0.41102941176470587 0.558169934640523 0.41102941176470587 0.63921568627451 0.4485294117647059 0.63921568627451
3 0.4970588235294118 0.4836601307189544 0.45955882352941174 0.4836601307189544 0.45955882352941174 0.5503267973856211 0.4970588235294118 0.5503267973856211
3 0.43676470588235294 0.47843137254901974 0.40147058823529413 0.47843137254901974 0.40147058823529413 0.5529411764705884 0.43676470588235294 0.5529411764705884
3 0.47941176470588237 0.427450980392157 0.44485294117647056 0.427450980392157 0.44485294117647056 0.48104575163398705 0.47941176470588237 0.48104575163398705
3 0.42867647058823527 0.42091503267973873 0.39705882352941174 0.42091503267973873 0.39705882352941174 0.47581699346405243 0.42867647058823527 0.47581699346405243
11 0.4772058823529412 0.3647058823529413 0.4441176470588235 0.3647058823529413 0.4441176470588235 0.427450980392157 0.4772058823529412 0.427450980392157
3 0.42205882352941176 0.366013071895425 0.3963235294117647 0.366013071895425 0.3963235294117647 0.4078431372549021 0.42205882352941176 0.4078431372549021
3 0.4610294117647059 0.32810457516339875 0.4360294117647059 0.32810457516339875 0.4360294117647059 0.3725490196078433 0.4610294117647059 0.3725490196078433
3 0.41691176470588237 0.31633986928104585 0.39338235294117646 0.31633986928104585 0.39338235294117646 0.3647058823529413 0.41691176470588237 0.3647058823529413
10 0.4602941176470588 0.2588235294117648 0.4308823529411765 0.2588235294117648 0.4308823529411765 0.3307189542483661 0.4602941176470588 0.3307189542483661
3 0.40808823529411764 0.281045751633987 0.38676470588235295 0.281045751633987 0.38676470588235295 0.31633986928104585 0.40808823529411764 0.31633986928104585
3 0.4102941176470588 0.25228758169934645 0.3897058823529412 0.25228758169934645 0.3897058823529412 0.284967320261438 0.4102941176470588 0.284967320261438
3 0.44191176470588234 0.25751633986928113 0.4227941176470588 0.25751633986928113 0.4227941176470588 0.29019607843137263 0.44191176470588234 0.29019607843137263
10 0.43823529411764706 0.1960784313725491 0.4102941176470588 0.1960784313725491 0.4102941176470588 0.2588235294117648 0.43823529411764706 0.2588235294117648
3 0.40147058823529413 0.22091503267973864 0.38235294117647056 0.22091503267973864 0.38235294117647056 0.2549019607843138 0.40147058823529413 0.2549019607843138
11 0.3963235294117647 0.19346405228758176 0.3786764705882353 0.19346405228758176 0.3786764705882353 0.22745098039215694 0.3963235294117647 0.22745098039215694
11 0.4176470588235294 0.17516339869281053 0.4022058823529412 0.17516339869281053 0.4022058823529412 0.20784313725490203 0.4176470588235294 0.20784313725490203
3 0.39338235294117646 0.17254901960784322 0.3764705882352941 0.17254901960784322 0.3764705882352941 0.2026143790849674 0.39338235294117646 0.2026143790849674
3 0.4161764705882353 0.15555555555555564 0.4 0.15555555555555564 0.4 0.18039215686274518 0.4161764705882353 0.18039215686274518
3 0.3816176470588235 0.14248366013071903 0.36617647058823527 0.14248366013071903 0.36617647058823527 0.16732026143790857 0.3816176470588235 0.16732026143790857
10 0.4147058823529412 0.08627450980392164 0.3875 0.08627450980392164 0.3875 0.15816993464052295 0.4147058823529412 0.15816993464052295
2 0.38235294117647056 0.06666666666666674 0.3625 0.06666666666666674 0.3625 0.12287581699346413 0.38235294117647056 0.12287581699346413
10 0.3963235294117647 0.049673202614379165 0.38088235294117645 0.04967320261437916 0.38088235294117645 0.08104575163398701 0.3963235294117647 0.08104575163398701
2 0.37426470588235294 0.026143790849673283 0.35955882352941176 0.026143790849673276 0.35955882352941176 0.06535947712418308 0.37426470588235294 0.06535947712418308
3 0.3875 0.035294117647058906 0.3779411764705882 0.035294117647058906 0.3779411764705882 0.04836601307189551 0.3875 0.04836601307189552
3 0.38529411764705884 0.019607843137254985 0.3764705882352941 0.019607843137254985 0.3764705882352941 0.033986928104575244 0.38529411764705884 0.033986928104575244
3 0.36911764705882355 0.015686274509804 0.3602941176470588 0.015686274509804 0.3602941176470588 0.027450980392156942 0.36911764705882355 0.027450980392156946
3 0.3698529411764706 0.009150326797385701 0.3610294117647059 0.0091503267973857 0.3610294117647059 0.01960784313725498 0.3698529411764706 0.01960784313725498
11 0.3698529411764706 7.948197853289685e-17 0.3602941176470588 7.844142896499387e-17 0.3602941176470588 0.01437908496732034 0.3698529411764706 0.01437908496732034
3 0.3830882352941177 0.0052287581699347226 0.37573529411764706 0.005228758169934722 0.37573529411764706 0.016993464052287664 0.3830882352941177 0.016993464052287664
11 0.38235294117647056 8.244354268769764e-17 0.375 8.164311994315688e-17 0.375 0.010457516339869365 0.38235294117647056 0.010457516339869365