10 0.42291666666666666 0.3555555555555557 0.32708333333333334 0.3555555555555557 0.32708333333333334 0.4648148148148149 0.42291666666666666 0.4648148148148149
3 0.409375 0.4351851851851853 0.37604166666666666 0.4351851851851853 0.37604166666666666 0.4740740740740741 0.409375 0.4740740740740741
8 0.37916666666666665 0.4962962962962963 0.3697916666666667 0.4962962962962963 0.3697916666666667 0.5185185185185185 0.37916666666666665 0.5185185185185185
8 0.375 0.5055555555555555 0.36666666666666664 0.5055555555555555 0.36666666666666664 0.524074074074074 0.375 0.524074074074074
5 0.38125 0.5111111111111111 0.3697916666666667 0.5111111111111111 0.3697916666666667 0.5333333333333333 0.38125 0.5333333333333333
3 0.453125 0.4425925925925927 0.43645833333333334 0.4425925925925927 0.43645833333333334 0.4740740740740741 0.453125 0.4740740740740741
3 0.5010416666666667 0.37962962962962976 0.47708333333333336 0.37962962962962976 0.47708333333333336 0.4185185185185186 0.5010416666666667 0.4185185185185186
3 0.5229166666666667 0.3537037037037038 0.5052083333333334 0.3537037037037038 0.5052083333333334 0.3833333333333334 0.5229166666666667 0.3833333333333334
3 0.546875 0.3314814814814816 0.525 0.3314814814814816 0.525 0.3592592592592594 0.546875 0.3592592592592594
3 0.5572916666666666 0.31481481481481494 0.5395833333333333 0.31481481481481494 0.5395833333333333 0.34074074074074084 0.5572916666666666 0.34074074074074084
10 0.5354166666666667 0.2722222222222223 0.515625 0.2722222222222223 0.515625 0.3074074074074075 0.5354166666666667 0.3074074074074075
3 0.540625 0.20925925925925937 0.5260416666666666 0.20925925925925937 0.5260416666666666 0.22592592592592603 0.540625 0.22592592592592603
3 0.5833333333333334 0.20185185185185195 0.571875 0.20185185185185195 0.571875 0.2185185185185186 0.5833333333333334 0.2185185185185186
10 0.6364583333333333 0.11851851851851868 0.61875 0.11851851851851868 0.61875 0.15185185185185202 0.6364583333333333 0.15185185185185202
7 0.859375 0.5907407407407409 0.8479166666666667 0.5907407407407409 0.8479166666666667 0.6351851851851854 0.859375 0.6351851851851854
7 0.8604166666666667 0.6500000000000002 0.8510416666666667 0.6500000000000002 0.8510416666666667 0.6888888888888891 0.8604166666666667 0.6888888888888891
8 0.865625 0.490740740740741 0.8583333333333333 0.490740740740741 0.8583333333333333 0.5129629629629632 0.865625 0.5129629629629632
8 0.8677083333333333 0.48333333333333356 0.8572916666666667 0.48333333333333356 0.8572916666666667 0.5111111111111113 0.8677083333333333 0.5111111111111113
5 0.8645833333333334 0.4962962962962965 0.8552083333333333 0.4962962962962965 0.8552083333333333 0.527777777777778 0.8645833333333334 0.527777777777778
8 0.9541666666666667 0.8518518518518521 0.9447916666666667 0.8518518518518521 0.9447916666666667 0.8814814814814816 0.9541666666666667 0.8814814814814816
8 0.9541666666666667 0.8351851851851854 0.9427083333333334 0.8351851851851854 0.9427083333333334 0.8722222222222225 0.9541666666666667 0.8722222222222225
5 0.9520833333333333 0.8444444444444447 0.9427083333333334 0.8444444444444447 0.9427083333333334 0.8888888888888891 0.9520833333333333 0.8888888888888891
4 0.44583333333333336 0.28333333333333344 0.4375 0.28333333333333344 0.4375 0.301851851851852 0.44583333333333336 0.301851851851852