3 0.07604166666666673 0.7796296296296297 5.3705864837607886e-17 0.7796296296296297 5.826639849068266e-17 0.9120370370370371 0.07604166666666673 0.9120370370370371
11 0.11562500000000006 0.8111111111111111 0.01875000000000006 0.8111111111111111 0.018750000000000062 0.95 0.11562500000000006 0.95
2 0.17291666666666672 0.549074074074074 0.0020833333333333715 0.549074074074074 0.0020833333333333784 0.7546296296296297 0.17291666666666672 0.7546296296296297
3 0.15729166666666672 0.675 0.07447916666666672 0.675 0.07447916666666672 0.775 0.15729166666666672 0.775
11 0.1833333333333334 0.7 0.11510416666666673 0.7 0.11510416666666673 0.8148148148148148 0.1833333333333334 0.8148148148148148
3 0.22031250000000005 0.5944444444444444 0.15937500000000007 0.5944444444444444 0.15937500000000007 0.6703703703703704 0.22031250000000005 0.6703703703703704
11 0.2098958333333334 0.5416666666666666 0.1666666666666667 0.5416666666666666 0.1666666666666667 0.5990740740740741 0.2098958333333334 0.5990740740740741
3 0.23645833333333338 0.6435185185185185 0.17395833333333338 0.6435185185185185 0.17395833333333338 0.7268518518518519 0.23645833333333338 0.7268518518518519
3 0.278125 0.5777777777777777 0.2270833333333334 0.5777777777777777 0.2270833333333334 0.6472222222222223 0.278125 0.6472222222222223
11 0.2619791666666667 0.5287037037037037 0.21510416666666674 0.5287037037037037 0.21510416666666674 0.5944444444444444 0.2619791666666667 0.5944444444444444
3 0.2598958333333334 0.49166666666666664 0.21718750000000006 0.49166666666666664 0.21718750000000006 0.5435185185185185 0.2598958333333334 0.5435185185185185
11 0.2942708333333333 0.44537037037037047 0.25625000000000003 0.44537037037037047 0.25625000000000003 0.4925925925925926 0.2942708333333333 0.4925925925925926
3 0.30520833333333336 0.48333333333333334 0.2619791666666667 0.48333333333333334 0.2619791666666667 0.5351851851851852 0.30520833333333336 0.5351851851851852
3 0.3255208333333333 0.5175925925925926 0.2828125 0.5175925925925926 0.2828125 0.5740740740740741 0.3255208333333333 0.5740740740740741
11 0.34739583333333335 0.46203703703703713 0.31197916666666664 0.46203703703703713 0.31197916666666664 0.5259259259259259 0.34739583333333335 0.5259259259259259
3 0.3333333333333333 0.44537037037037047 0.2947916666666667 0.44537037037037047 0.2947916666666667 0.49074074074074076 0.3333333333333333 0.49074074074074076
3 0.32447916666666665 0.4212962962962964 0.2890625 0.4212962962962964 0.2890625 0.46203703703703713 0.32447916666666665 0.46203703703703713
3 0.3307291666666667 0.3833333333333334 0.3 0.3833333333333334 0.3 0.4166666666666668 0.3307291666666667 0.4166666666666668
11 0.365625 0.4037037037037038 0.3328125 0.4037037037037038 0.3328125 0.44814814814814824 0.365625 0.44814814814814824
11 0.378125 0.41944444444444456 0.34427083333333336 0.41944444444444456 0.34427083333333336 0.4759259259259259 0.378125 0.4759259259259259
8 0.5302083333333333 0.5444444444444446 0.5197916666666667 0.5444444444444446 0.5197916666666667 0.5731481481481484 0.5302083333333333 0.5731481481481484
5 0.5307291666666667 0.5481481481481484 0.51875 0.5481481481481484 0.51875 0.5851851851851854 0.5307291666666667 0.5851851851851854
9 0.5833333333333334 0.45370370370370383 0.5713541666666667 0.45370370370370383 0.5713541666666667 0.4824074074074076 0.5833333333333334 0.4824074074074076
8 0.5890625 0.44722222222222235 0.5822916666666667 0.44722222222222235 0.5822916666666667 0.4685185185185186 0.5890625 0.4685185185185186
3 0.47552083333333334 0.47314814814814826 0.4421875 0.47314814814814826 0.4421875 0.5203703703703704 0.47552083333333334 0.5203703703703704
3 0.5005208333333333 0.36666666666666675 0.48020833333333335 0.36666666666666675 0.48020833333333335 0.39814814814814825 0.5005208333333333 0.39814814814814825
7 0.61875 0.34814814814814826 0.6135416666666667 0.34814814814814826 0.6135416666666667 0.37592592592592605 0.61875 0.37592592592592605
3 0.4432291666666667 0.2750000000000001 0.4244791666666667 0.2750000000000001 0.4244791666666667 0.29722222222222233 0.4432291666666667 0.29722222222222233
3 0.5020833333333333 0.2527777777777779 0.4890625 0.2527777777777779 0.4890625 0.2722222222222223 0.5020833333333333 0.2722222222222223
11 0.49270833333333336 0.23703703703703713 0.48020833333333335 0.23703703703703713 0.48020833333333335 0.25462962962962976 0.49270833333333336 0.25462962962962976
8 0.4822916666666667 0.21018518518518528 0.4786458333333333 0.21018518518518528 0.4786458333333333 0.2212962962962964 0.4822916666666667 0.2212962962962964
9 0.48489583333333336 0.21203703703703713 0.4786458333333333 0.21203703703703713 0.4786458333333333 0.22500000000000012 0.48489583333333336 0.22500000000000012
3 0.5166666666666667 0.20833333333333343 0.50625 0.20833333333333343 0.50625 0.22222222222222232 0.5166666666666667 0.22222222222222232
10 0.5130208333333334 0.19444444444444456 0.503125 0.19444444444444456 0.503125 0.21111111111111122 0.5130208333333334 0.21111111111111122
7 0.5 0.1740740740740742 0.4973958333333333 0.1740740740740742 0.4973958333333333 0.18796296296296308 0.5 0.18796296296296308
3 0.5333333333333333 0.19166666666666676 0.5234375 0.19166666666666676 0.5234375 0.20555555555555566 0.5333333333333333 0.20555555555555566
3 0.5489583333333333 0.21481481481481493 0.5375 0.21481481481481493 0.5375 0.23055555555555565 0.5489583333333333 0.23055555555555565
3 0.5765625 0.23055555555555565 0.5645833333333333 0.23055555555555565 0.5645833333333333 0.24814814814814826 0.5765625 0.24814814814814826
3 0.5385416666666667 0.1740740740740742 0.5291666666666667 0.1740740740740742 0.5291666666666667 0.18611111111111123 0.5385416666666667 0.18611111111111123
3 0.5390625 0.16666666666666677 0.53125 0.16666666666666677 0.53125 0.17685185185185195 0.5390625 0.17685185185185195
11 0.5630208333333333 0.16296296296296306 0.5552083333333333 0.16296296296296306 0.5552083333333333 0.17685185185185195 0.5630208333333333 0.17685185185185195
11 0.5520833333333334 0.14814814814814825 0.5458333333333333 0.14814814814814825 0.5458333333333333 0.1601851851851853 0.5520833333333334 0.1601851851851853
8 0.5453125 0.14351851851851863 0.5432291666666667 0.14351851851851863 0.5432291666666667 0.15092592592592602 0.5453125 0.15092592592592602
5 0.5453125 0.1462962962962964 0.54375 0.1462962962962964 0.54375 0.15185185185185196 0.5453125 0.15185185185185196
3 0.5552083333333333 0.1462962962962964 0.5484375 0.1462962962962964 0.5484375 0.15555555555555567 0.5552083333333333 0.15555555555555567
3 0.5666666666666667 0.13703703703703715 0.5609375 0.13703703703703715 0.5609375 0.14537037037037048 0.5666666666666667 0.14537037037037048
3 0.5640625 0.15092592592592602 0.5572916666666666 0.15092592592592602 0.5572916666666666 0.1601851851851853 0.5640625 0.1601851851851853
11 0.571875 0.15092592592592602 0.565625 0.15092592592592602 0.565625 0.16296296296296306 0.571875 0.16296296296296306
3 0.575 0.1361111111111112 0.5692708333333333 0.1361111111111112 0.5692708333333333 0.14444444444444454 0.575 0.14444444444444454
11 0.5786458333333333 0.12962962962962973 0.5734375 0.12962962962962973 0.5734375 0.13981481481481492 0.5786458333333333 0.13981481481481492
3 0.5776041666666667 0.1250000000000001 0.5729166666666666 0.1250000000000001 0.5729166666666666 0.1324074074074075 0.5776041666666667 0.1324074074074075
3 0.5854166666666667 0.12592592592592602 0.5802083333333333 0.12592592592592602 0.5802083333333333 0.1324074074074075 0.5854166666666667 0.1324074074074075
8 0.590625 0.12407407407407418 0.5895833333333333 0.12407407407407418 0.5895833333333333 0.12962962962962973 0.590625 0.12962962962962973
3 0.5776041666666667 0.16481481481481491 0.5692708333333333 0.16481481481481491 0.5692708333333333 0.1750000000000001 0.5776041666666667 0.1750000000000001
3 0.5786458333333333 0.16203703703703715 0.5713541666666667 0.16203703703703715 0.5713541666666667 0.17222222222222233 0.5786458333333333 0.17222222222222233
3 0.5807291666666666 0.15925925925925938 0.5734375 0.15925925925925938 0.5734375 0.16851851851851862 0.5807291666666666 0.16851851851851862
3 0.5838541666666667 0.15555555555555567 0.5765625 0.15555555555555567 0.5765625 0.163888888888889 0.5838541666666667 0.163888888888889
11 0.5864583333333333 0.1500000000000001 0.5786458333333333 0.1500000000000001 0.5786458333333333 0.1601851851851853 0.5864583333333333 0.1601851851851853
11 0.5875 0.1462962962962964 0.5807291666666666 0.1462962962962964 0.5807291666666666 0.15462962962962973 0.5875 0.15462962962962973
3 0.5885416666666666 0.14444444444444454 0.5822916666666667 0.14444444444444454 0.5822916666666667 0.15277777777777787 0.5885416666666666 0.15277777777777787
11 0.5916666666666667 0.14074074074074083 0.5854166666666667 0.14074074074074083 0.5854166666666667 0.15092592592592602 0.5916666666666667 0.15092592592592602
11 0.59375 0.13703703703703715 0.5869791666666667 0.13703703703703715 0.5869791666666667 0.14722222222222234 0.59375 0.14722222222222234
3 0.5953125 0.13333333333333344 0.5895833333333333 0.13333333333333344 0.5895833333333333 0.1425925925925927 0.5953125 0.1425925925925927
3 0.5963541666666666 0.1324074074074075 0.5916666666666667 0.1324074074074075 0.5916666666666667 0.138888888888889 0.5963541666666666 0.138888888888889
3 0.5994791666666667 0.13055555555555567 0.5942708333333333 0.13055555555555567 0.5942708333333333 0.13796296296296306 0.5994791666666667 0.13796296296296306
3 0.5994791666666667 0.12870370370370382 0.59375 0.12870370370370382 0.59375 0.1361111111111112 0.5994791666666667 0.1361111111111112
3 0.6005208333333333 0.12592592592592602 0.5953125 0.12592592592592602 0.5953125 0.13333333333333344 0.6005208333333333 0.13333333333333344
10 0.6041666666666666 0.11018518518518532 0.5963541666666666 0.11018518518518532 0.5963541666666666 0.13055555555555567 0.6041666666666666 0.13055555555555567
3 0.6197916666666666 0.12222222222222238 0.615625 0.12222222222222238 0.615625 0.12870370370370385 0.6197916666666666 0.12870370370370385
3 0.6119791666666666 0.12037037037037053 0.6072916666666667 0.12037037037037053 0.6072916666666667 0.12685185185185202 0.6119791666666666 0.12685185185185202
3 0.6135416666666667 0.11851851851851868 0.6088541666666667 0.11851851851851868 0.6088541666666667 0.12407407407407423 0.6135416666666667 0.12407407407407423
3 0.5895833333333333 0.11111111111111124 0.5854166666666667 0.11111111111111124 0.5854166666666667 0.1166666666666668 0.5895833333333333 0.1166666666666668
4 0.6348958333333333 0.08518518518518532 0.5901041666666667 0.08518518518518532 0.5901041666666667 0.10925925925925939 0.6348958333333333 0.10925925925925939
4 0.6234375 0.10925925925925939 0.6067708333333334 0.10925925925925939 0.6067708333333334 0.11759259259259272 0.6234375 0.11759259259259272
4 0.7802083333333333 0.15092592592592607 0.7380208333333333 0.15092592592592607 0.7380208333333333 0.19166666666666682 0.7802083333333333 0.19166666666666682