4 0.039062500000000014 0.19537037037037036 0.010416666666666682 0.19537037037037036 0.010416666666666682 0.21388888888888888 0.039062500000000014 0.21388888888888888
3 0.17291666666666666 0.2046296296296297 0.15833333333333333 0.2046296296296297 0.15833333333333333 0.21388888888888893 0.17291666666666666 0.21388888888888893
3 0.19322916666666667 0.20277777777777783 0.17864583333333334 0.20277777777777783 0.17864583333333334 0.21388888888888893 0.19322916666666667 0.21388888888888893
3 0.22760416666666666 0.2018518518518519 0.21145833333333333 0.2018518518518519 0.21145833333333333 0.21296296296296302 0.22760416666666666 0.21296296296296302
3 0.25052083333333336 0.2018518518518519 0.23854166666666668 0.2018518518518519 0.23854166666666668 0.21203703703703708 0.25052083333333336 0.21203703703703708
3 0.26927083333333335 0.20000000000000004 0.2557291666666667 0.20000000000000004 0.2557291666666667 0.21111111111111117 0.26927083333333335 0.21111111111111117
3 0.2875 0.20092592592592598 0.2713541666666667 0.20092592592592598 0.2713541666666667 0.21018518518518522 0.2875 0.21018518518518522
3 0.30572916666666666 0.19907407407407413 0.28958333333333336 0.19907407407407413 0.28958333333333336 0.2083333333333334 0.30572916666666666 0.2083333333333334
3 0.340625 0.19722222222222227 0.325 0.19722222222222227 0.325 0.20740740740740746 0.340625 0.20740740740740746
3 0.35989583333333336 0.19629629629629636 0.34322916666666664 0.19629629629629636 0.34322916666666664 0.20648148148148154 0.35989583333333336 0.20648148148148154
3 0.37864583333333335 0.19537037037037047 0.36302083333333335 0.19537037037037047 0.36302083333333335 0.20555555555555566 0.37864583333333335 0.20555555555555566
3 0.39791666666666664 0.19351851851851862 0.3807291666666667 0.19351851851851862 0.3807291666666667 0.2037037037037038 0.39791666666666664 0.2037037037037038
3 0.41354166666666664 0.19351851851851862 0.4010416666666667 0.19351851851851862 0.4010416666666667 0.2027777777777779 0.41354166666666664 0.2027777777777779
3 0.41770833333333335 0.18425925925925937 0.403125 0.18425925925925937 0.403125 0.19444444444444456 0.41770833333333335 0.19444444444444456
3 0.43385416666666665 0.19351851851851862 0.41770833333333335 0.19351851851851862 0.41770833333333335 0.20185185185185195 0.43385416666666665 0.20185185185185195
3 0.45260416666666664 0.1898148148148149 0.4375 0.1898148148148149 0.4375 0.2000000000000001 0.45260416666666664 0.2000000000000001
3 0.45260416666666664 0.18240740740740752 0.4375 0.18240740740740752 0.4375 0.19166666666666676 0.45260416666666664 0.19166666666666676
3 0.4739583333333333 0.18796296296296308 0.45729166666666665 0.18796296296296308 0.45729166666666665 0.19814814814814824 0.4739583333333333 0.19814814814814824
3 0.4791666666666667 0.18796296296296308 0.46458333333333335 0.18796296296296308 0.46458333333333335 0.19722222222222233 0.4791666666666667 0.19722222222222233
3 0.49270833333333336 0.18703703703703714 0.47708333333333336 0.18703703703703714 0.47708333333333336 0.19722222222222233 0.49270833333333336 0.19722222222222233
3 0.5177083333333333 0.18611111111111123 0.5015625 0.18611111111111123 0.5015625 0.19537037037037047 0.5177083333333333 0.19537037037037047
3 0.515625 0.1750000000000001 0.49895833333333334 0.1750000000000001 0.49895833333333334 0.18796296296296308 0.515625 0.18796296296296308
3 0.5385416666666667 0.18333333333333343 0.5229166666666667 0.18333333333333343 0.5229166666666667 0.19351851851851862 0.5385416666666667 0.19351851851851862
3 0.5770833333333333 0.1787037037037038 0.5609375 0.1787037037037038 0.5609375 0.188888888888889 0.5770833333333333 0.188888888888889
3 0.6015625 0.17685185185185195 0.5869791666666667 0.17685185185185195 0.5869791666666667 0.18703703703703714 0.6015625 0.18703703703703714
3 0.6796875 0.1694444444444446 0.6640625 0.1694444444444446 0.6640625 0.18055555555555572 0.6796875 0.18055555555555572
3 0.7255208333333333 0.16388888888888906 0.7104166666666667 0.16388888888888906 0.7104166666666667 0.17500000000000016 0.7255208333333333 0.17500000000000016
7 0.5583333333333333 0.18333333333333343 0.55625 0.18333333333333343 0.55625 0.19444444444444456 0.5583333333333333 0.19444444444444456
7 0.5614583333333333 0.18055555555555566 0.5583333333333333 0.18055555555555566 0.5583333333333333 0.19166666666666676 0.5614583333333333 0.19166666666666676
3 0.028125000000000056 0.7546296296296297 5.198370527630692e-17 0.7546296296296297 5.4311809868436e-17 0.8222222222222222 0.02812500000000006 0.8222222222222222
3 0.0723958333333334 0.700925925925926 4.828425140388262e-17 0.700925925925926 5.06761396834673e-17 0.7703703703703704 0.0723958333333334 0.7703703703703704
3 0.1411458333333334 0.7435185185185185 0.06927083333333339 0.7435185185185185 0.06927083333333339 0.825 0.1411458333333334 0.825
3 0.15729166666666672 0.5740740740740741 0.09218750000000003 0.5740740740740741 0.09218750000000003 0.6240740740740741 0.15729166666666672 0.6240740740740741
3 0.2317708333333334 0.6129629629629629 0.15781250000000005 0.6129629629629629 0.15781250000000005 0.6861111111111111 0.2317708333333334 0.6861111111111111
3 0.30572916666666666 0.6157407407407407 0.24062500000000006 0.6157407407407407 0.24062500000000006 0.6851851851851852 0.30572916666666666 0.6851851851851852
3 0.44114583333333335 0.5305555555555556 0.3927083333333333 0.5305555555555556 0.3927083333333333 0.575925925925926 0.44114583333333335 0.575925925925926
3 0.4895833333333333 0.563888888888889 0.4317708333333333 0.5638888888888889 0.4317708333333333 0.6175925925925927 0.4895833333333333 0.6175925925925928
3 0.5442708333333334 0.5768518518518521 0.49375 0.5768518518518521 0.49375 0.6287037037037039 0.5442708333333334 0.6287037037037039
3 0.6192708333333333 0.6870370370370372 0.5567708333333333 0.6870370370370372 0.5567708333333333 0.752777777777778 0.6192708333333333 0.752777777777778
3 0.6942708333333333 0.714814814814815 0.6203125 0.714814814814815 0.6203125 0.7953703703703706 0.6942708333333333 0.7953703703703706
11 0.6817708333333333 0.8722222222222225 0.603125 0.8722222222222225 0.603125 0.9851851851851852 0.6817708333333333 0.9851851851851852
9 0.37447916666666664 0.5222222222222223 0.34791666666666665 0.5222222222222223 0.34791666666666665 0.5453703703703704 0.37447916666666664 0.5453703703703704
8 0.3609375 0.512962962962963 0.3515625 0.512962962962963 0.3515625 0.5370370370370371 0.3609375 0.5370370370370371
11 0.5302083333333333 0.501851851851852 0.48125 0.5018518518518519 0.48125 0.5601851851851853 0.5302083333333333 0.5601851851851853
11 0.5942708333333333 0.4250000000000001 0.559375 0.4250000000000001 0.559375 0.4703703703703705 0.5942708333333333 0.4703703703703705
11 0.73125 0.45648148148148165 0.6932291666666667 0.4564814814814816 0.6932291666666667 0.5064814814814816 0.73125 0.5064814814814816
11 0.759375 0.389814814814815 0.7270833333333333 0.389814814814815 0.7270833333333333 0.4314814814814817 0.759375 0.4314814814814817
11 0.8010416666666667 0.3740740740740743 0.7692708333333333 0.3740740740740743 0.7692708333333333 0.414814814814815 0.8010416666666667 0.414814814814815
3 0.5677083333333334 0.4685185185185186 0.5265625 0.4685185185185186 0.5265625 0.5101851851851854 0.5677083333333334 0.5101851851851854
3 0.6276041666666666 0.48333333333333356 0.5776041666666667 0.48333333333333356 0.5776041666666667 0.5370370370370372 0.6276041666666666 0.5370370370370372
3 0.6463541666666667 0.4583333333333334 0.6026041666666667 0.4583333333333334 0.6026041666666667 0.49814814814814834 0.6463541666666667 0.49814814814814834
3 0.8119791666666667 0.728703703703704 0.7505208333333333 0.728703703703704 0.7505208333333333 0.8000000000000002 0.8119791666666667 0.8000000000000002
3 0.6692708333333334 0.4990740740740743 0.6203125 0.4990740740740743 0.6203125 0.552777777777778 0.6692708333333334 0.552777777777778
3 0.7161458333333334 0.44722222222222235 0.6755208333333333 0.44722222222222235 0.6755208333333333 0.48981481481481504 0.7161458333333334 0.48981481481481504
3 0.9338541666666667 0.6879629629629632 0.8796875 0.6879629629629632 0.8796875 0.7564814814814816 0.9338541666666667 0.7564814814814816
3 0.90625 0.4703703703703706 0.86875 0.4703703703703706 0.86875 0.5120370370370373 0.90625 0.5120370370370373
3 0.9838541666666667 0.42685185185185204 0.9458333333333333 0.42685185185185204 0.9458333333333333 0.46203703703703725 0.9838541666666667 0.46203703703703725
3 0.7729166666666667 0.4490740740740743 0.7333333333333333 0.4490740740740743 0.7333333333333333 0.48796296296296315 0.7729166666666667 0.48796296296296315
3 0.7604166666666666 0.37870370370370393 0.7260416666666667 0.37870370370370393 0.7260416666666667 0.40833333333333355 0.7604166666666666 0.40833333333333355
3 0.6848958333333334 0.413888888888889 0.6432291666666666 0.413888888888889 0.6432291666666666 0.450925925925926 0.6848958333333334 0.450925925925926
3 0.8151041666666666 0.4212962962962965 0.7765625 0.4212962962962965 0.7765625 0.4601851851851854 0.8151041666666666 0.4601851851851854
3 0.8229166666666666 0.3935185185185187 0.7880208333333333 0.3935185185185187 0.7880208333333333 0.42685185185185204 0.8229166666666666 0.42685185185185204
3 0.8489583333333334 0.39814814814814836 0.8114583333333333 0.39814814814814836 0.8114583333333333 0.43981481481481505 0.8489583333333334 0.43981481481481505
5 0.9729166666666667 0.7055555555555557 0.9604166666666667 0.7055555555555557 0.9604166666666667 0.7453703703703706 0.9729166666666667 0.7453703703703706
8 0.9729166666666667 0.6925925925925928 0.9604166666666667 0.6925925925925928 0.9604166666666667 0.7305555555555557 0.9729166666666667 0.7305555555555557
3 1 0.4601851851851854 0.9609375 0.4601851851851854 0.9609375 0.5018518518518521 1 0.5018518518518521
10 0.9734375 0.5435185185185187 0.8963541666666667 0.5435185185185187 0.8963541666666667 0.6361111111111113 0.9734375 0.6361111111111113
3 1 0.7074074074074076 0.9703125 0.7074074074074076 0.9703125 0.776851851851852 1 0.776851851851852
3 0.8427083333333333 0.35277777777777797 0.8088541666666667 0.35277777777777797 0.8088541666666667 0.3879629629629632 0.8427083333333333 0.3879629629629632
3 0.8203125 0.34722222222222243 0.7901041666666667 0.34722222222222243 0.7901041666666667 0.37870370370370393 0.8203125 0.37870370370370393
3 0.8833333333333333 0.3379629629629632 0.8567708333333334 0.3379629629629632 0.8567708333333334 0.36666666666666686 0.8833333333333333 0.36666666666666686
3 0.9166666666666666 0.3064814814814817 0.8932291666666666 0.3064814814814817 0.8932291666666666 0.3324074074074076 0.9166666666666666 0.3324074074074076
3 0.9911458333333333 0.25555555555555576 0.9708333333333333 0.25555555555555576 0.9708333333333333 0.2750000000000002 0.9911458333333333 0.2750000000000002
3 0.8713541666666667 0.3240740740740743 0.8432291666666667 0.3240740740740743 0.8432291666666667 0.3500000000000002 0.8713541666666667 0.3500000000000002
3 0.8604166666666667 0.30833333333333357 0.834375 0.30833333333333357 0.834375 0.33333333333333354 0.8604166666666667 0.33333333333333354
3 0.8932291666666666 0.3101851851851854 0.8661458333333333 0.3101851851851854 0.8661458333333333 0.33333333333333354 0.8932291666666666 0.33333333333333354
3 0.9359375 0.33333333333333354 0.9067708333333333 0.33333333333333354 0.9067708333333333 0.36296296296296315 0.9359375 0.36296296296296315
3 0.9458333333333333 0.30462962962962986 0.9177083333333333 0.30462962962962986 0.9177083333333333 0.3351851851851854 0.9458333333333333 0.3351851851851854
3 0.9348958333333334 0.2824074074074076 0.9119791666666667 0.2824074074074076 0.9119791666666667 0.30555555555555575 0.9348958333333334 0.30555555555555575
3 0.984375 0.289814814814815 0.9619791666666667 0.289814814814815 0.9619791666666667 0.31296296296296316 0.984375 0.31296296296296316
3 0.9854166666666667 0.27685185185185207 0.9630208333333333 0.27685185185185207 0.9630208333333333 0.30092592592592615 0.9854166666666667 0.30092592592592615
3 0.9994791666666667 0.29351851851851873 0.9744791666666667 0.29351851851851873 0.9744791666666667 0.32314814814814835 0.9994791666666667 0.32314814814814835
10 0.9479166666666666 0.2851851851851854 0.921875 0.2851851851851854 0.921875 0.3175925925925928 0.9479166666666666 0.3175925925925928