3 0.08455882352941183 0.9267973856209151 6.384371916143187e-17 0.9267973856209151 6.636505080673525e-17 1 0.08455882352941183 1
3 0.3551470588235295 0.8366013071895425 0.20441176470588243 0.8366013071895425 0.20441176470588243 0.9490196078431372 0.3551470588235295 0.9490196078431372
11 0.4838235294117647 0.9437908496732026 0.33308823529411774 0.9437908496732026 0.33308823529411774 1 0.4838235294117647 1
8 0.3419117647058824 0.6366013071895426 0.32205882352941184 0.6366013071895424 0.32205882352941184 0.6875816993464052 0.3419117647058824 0.6875816993464052
9 0.37573529411764717 0.6339869281045752 0.3125000000000001 0.6339869281045751 0.3125000000000001 0.681045751633987 0.37573529411764717 0.681045751633987
11 0.23602941176470593 0.6013071895424836 0.13235294117647062 0.6013071895424836 0.13235294117647062 0.6888888888888889 0.23602941176470596 0.6888888888888889
3 0.11838235294117651 0.5973856209150327 0.016176470588235337 0.5973856209150327 0.016176470588235337 0.6666666666666666 0.11838235294117651 0.6666666666666666
11 0.36764705882352944 0.542483660130719 0.2911764705882353 0.5424836601307189 0.2911764705882353 0.6196078431372549 0.3676470588235295 0.619607843137255
11 0.38676470588235295 0.5163398692810458 0.31470588235294117 0.5163398692810458 0.31470588235294117 0.5712418300653596 0.38676470588235295 0.5712418300653597
11 0.3941176470588235 0.48758169934640533 0.31176470588235294 0.4875816993464052 0.31176470588235294 0.5516339869281046 0.3941176470588235 0.5516339869281047
3 0.3875 0.4758169934640524 0.31691176470588234 0.47581699346405226 0.31691176470588234 0.5150326797385621 0.3875 0.5150326797385623
3 0.4088235294117647 0.4562091503267975 0.3338235294117647 0.4562091503267974 0.3338235294117647 0.5058823529411766 0.4088235294117647 0.5058823529411767
10 0.42205882352941176 0.42091503267973873 0.3536764705882353 0.42091503267973873 0.3536764705882353 0.47581699346405243 0.42205882352941176 0.47581699346405243
3 0.46544117647058825 0.5071895424836603 0.42867647058823527 0.5071895424836603 0.42867647058823527 0.5751633986928106 0.46544117647058825 0.5751633986928106
3 0.5110294117647058 0.5058823529411767 0.475 0.5058823529411767 0.475 0.5751633986928106 0.5110294117647058 0.5751633986928106
11 0.5147058823529411 0.44836601307189555 0.48161764705882354 0.44836601307189555 0.48161764705882354 0.5150326797385623 0.5147058823529411 0.5150326797385623
11 0.5264705882352941 0.41307189542483674 0.4985294117647059 0.41307189542483674 0.4985294117647059 0.4705882352941178 0.5264705882352941 0.4705882352941178
3 0.5286764705882353 0.38300653594771256 0.5044117647058823 0.38300653594771256 0.5044117647058823 0.42352941176470604 0.5286764705882353 0.42352941176470604
3 0.5360294117647059 0.35294117647058837 0.5139705882352941 0.35294117647058837 0.5139705882352941 0.38823529411764723 0.5360294117647059 0.38823529411764723
3 0.45073529411764707 0.4117647058823531 0.3897058823529412 0.4117647058823531 0.3897058823529412 0.4575163398692812 0.45073529411764707 0.4575163398692812
3 0.4514705882352941 0.3973856209150328 0.38823529411764707 0.3973856209150328 0.38823529411764707 0.4339869281045753 0.4514705882352941 0.4339869281045753
3 0.46544117647058825 0.38039215686274525 0.4073529411764706 0.38039215686274525 0.4073529411764706 0.4196078431372551 0.46544117647058825 0.4196078431372551
11 0.4698529411764706 0.3594771241830067 0.4183823529411765 0.3594771241830067 0.4183823529411765 0.4013071895424838 0.4698529411764706 0.4013071895424838
8 0.5014705882352941 0.362091503267974 0.4933823529411765 0.362091503267974 0.4933823529411765 0.39084967320261454 0.5014705882352941 0.39084967320261454
5 0.5014705882352941 0.36993464052287595 0.49264705882352944 0.36993464052287595 0.49264705882352944 0.3947712418300655 0.5014705882352941 0.3947712418300655
8 0.5007352941176471 0.3647058823529413 0.4933823529411765 0.3647058823529413 0.4933823529411765 0.39084967320261454 0.5007352941176471 0.39084967320261454
0 0.46691176470588236 0.33202614379084977 0.43676470588235294 0.33202614379084977 0.43676470588235294 0.3647058823529413 0.46691176470588236 0.3647058823529413
3 0.4801470588235294 0.3267973856209151 0.4360294117647059 0.3267973856209151 0.4360294117647059 0.3568627450980394 0.4801470588235294 0.3568627450980394
3 0.48823529411764705 0.3137254901960785 0.4441176470588235 0.3137254901960785 0.4441176470588235 0.34117647058823547 0.48823529411764705 0.34117647058823547
7 0.5051470588235294 0.3228758169934641 0.5 0.3228758169934641 0.5 0.35032679738562106 0.5051470588235294 0.35032679738562106
7 0.5110294117647058 0.32549019607843144 0.5044117647058823 0.32549019607843144 0.5044117647058823 0.3555555555555557 0.5110294117647058 0.3555555555555557
7 0.5110294117647058 0.3019607843137256 0.5066176470588235 0.3019607843137256 0.5066176470588235 0.3294117647058824 0.5110294117647058 0.3294117647058824
7 0.5161764705882353 0.29934640522875827 0.5110294117647058 0.2993464052287582 0.5110294117647058 0.3281045751633988 0.5161764705882353 0.32810457516339886
7 0.5801470588235295 0.36078431372549036 0.5735294117647058 0.36078431372549036 0.5735294117647058 0.39346405228758186 0.5801470588235295 0.39346405228758186
3 0.5977941176470588 0.36339869281045767 0.5742647058823529 0.36339869281045767 0.5742647058823529 0.3973856209150328 0.5977941176470588 0.3973856209150328
8 0.6308823529411764 0.6614379084967322 0.6154411764705883 0.6614379084967322 0.6154411764705883 0.726797385620915 0.6308823529411764 0.726797385620915
5 0.6411764705882353 0.6797385620915033 0.6044117647058823 0.6797385620915033 0.6044117647058823 0.7281045751633987 0.6411764705882353 0.7281045751633987
9 0.6323529411764706 0.6117647058823531 0.6066176470588235 0.6117647058823531 0.6066176470588235 0.7006535947712418 0.6323529411764706 0.7006535947712418
7 0.6419117647058824 0.6379084967320263 0.6308823529411764 0.6379084967320263 0.6308823529411764 0.7032679738562092 0.6419117647058824 0.7032679738562092
7 0.6514705882352941 0.6509803921568629 0.6389705882352941 0.6509803921568629 0.6389705882352941 0.7098039215686275 0.6514705882352941 0.7098039215686275
11 0.9323529411764706 0.5647058823529413 0.8595588235294118 0.5647058823529413 0.8595588235294118 0.6627450980392159 0.9323529411764706 0.6627450980392159
3 0.7926470588235294 0.5934640522875818 0.6889705882352941 0.5934640522875818 0.6889705882352941 0.6758169934640526 0.7926470588235294 0.6758169934640526
11 0.774264705882353 0.5398692810457518 0.6838235294117647 0.5398692810457518 0.6838235294117647 0.6130718954248368 0.774264705882353 0.6130718954248368
7 0.6698529411764705 0.5372549019607845 0.6588235294117647 0.5372549019607845 0.6588235294117647 0.5856209150326799 0.6698529411764705 0.5856209150326799
7 0.6713235294117647 0.49281045751634 0.6647058823529411 0.49281045751634 0.6647058823529411 0.5398692810457518 0.6713235294117647 0.5398692810457518
7 0.6992647058823529 0.5006535947712419 0.6867647058823529 0.5006535947712419 0.6867647058823529 0.5437908496732028 0.6992647058823529 0.5437908496732028
7 0.7095588235294118 0.48104575163398705 0.7014705882352941 0.48104575163398705 0.7014705882352941 0.5254901960784315 0.7095588235294118 0.5254901960784315
7 0.7463235294117647 0.49150326797385635 0.7352941176470589 0.49150326797385635 0.7352941176470589 0.5281045751633988 0.7463235294117647 0.5281045751633988
5 0.6551470588235294 0.5058823529411767 0.6323529411764706 0.5058823529411767 0.6323529411764706 0.5372549019607845 0.6551470588235294 0.5372549019607845
11 0.75 0.431372549019608 0.6919117647058823 0.431372549019608 0.6919117647058823 0.4901960784313727 0.75 0.4901960784313727
11 0.7426470588235294 0.42091503267973873 0.6919117647058823 0.42091503267973873 0.6919117647058823 0.4732026143790851 0.7426470588235294 0.4732026143790851
11 0.7382352941176471 0.40653594771241847 0.6875 0.40653594771241847 0.6875 0.46143790849673216 0.7382352941176471 0.46143790849673216
3 0.4875 0.2967320261437909 0.45588235294117646 0.2967320261437909 0.45588235294117646 0.3176470588235295 0.4875 0.3176470588235295
3 0.49779411764705883 0.2784313725490197 0.46838235294117647 0.2784313725490197 0.46838235294117647 0.2993464052287582 0.49779411764705883 0.2993464052287582
3 0.5213235294117647 0.27450980392156876 0.5058823529411764 0.2745098039215687 0.5058823529411764 0.2980392156862746 0.5213235294117647 0.29803921568627467
8 0.5294117647058824 0.2810457516339871 0.5257352941176471 0.2810457516339871 0.5257352941176471 0.29542483660130736 0.5294117647058824 0.29542483660130736
8 0.5301470588235294 0.27843137254901973 0.525 0.27843137254901973 0.525 0.2993464052287583 0.5301470588235294 0.2993464052287583
9 0.5294117647058824 0.2875816993464054 0.525 0.2875816993464054 0.525 0.30196078431372564 0.5294117647058824 0.30196078431372564
7 0.538235294117647 0.26928104575163414 0.5323529411764706 0.26928104575163414 0.5323529411764706 0.2941176470588237 0.538235294117647 0.2941176470588237
7 0.5323529411764706 0.2627450980392158 0.5286764705882353 0.2627450980392158 0.5286764705882353 0.2810457516339871 0.5323529411764706 0.2810457516339871
7 0.5375 0.24183006535947726 0.5338235294117647 0.24183006535947726 0.5338235294117647 0.2601307189542485 0.5375 0.2601307189542485
11 0.5257352941176471 0.24967320261437922 0.5125 0.24967320261437922 0.5125 0.26928104575163414 0.5257352941176471 0.26928104575163414
11 0.5669117647058823 0.26666666666666683 0.5522058823529412 0.26666666666666683 0.5522058823529412 0.2901960784313727 0.5669117647058823 0.2901960784313727
7 0.5786764705882353 0.28235294117647075 0.575 0.28235294117647075 0.575 0.30457516339869295 0.5786764705882353 0.30457516339869295
7 0.5823529411764706 0.2810457516339871 0.5779411764705882 0.2810457516339871 0.5779411764705882 0.30718954248366026 0.5823529411764706 0.30718954248366026
7 0.5860294117647059 0.2862745098039217 0.5830882352941177 0.2862745098039217 0.5830882352941177 0.3111111111111113 0.5860294117647059 0.3111111111111113
8 0.5897058823529412 0.29150326797385634 0.5852941176470589 0.29150326797385634 0.5852941176470589 0.3111111111111113 0.5897058823529412 0.3111111111111113
5 0.5911764705882353 0.29542483660130736 0.5845588235294118 0.29542483660130736 0.5845588235294118 0.31241830065359494 0.5911764705882353 0.31241830065359494
11 0.5977941176470588 0.26666666666666683 0.5779411764705882 0.26666666666666683 0.5779411764705882 0.2901960784313727 0.5977941176470588 0.2901960784313727
7 0.5786764705882353 0.24967320261437922 0.5742647058823529 0.24967320261437922 0.5742647058823529 0.2679738562091505 0.5786764705882353 0.2679738562091505
7 0.5823529411764706 0.24836601307189557 0.5786764705882353 0.24836601307189557 0.5786764705882353 0.2679738562091505 0.5823529411764706 0.2679738562091505
11 0.5955882352941176 0.2339869281045753 0.5830882352941177 0.2339869281045753 0.5830882352941177 0.25620915032679753 0.5955882352941176 0.25620915032679753
3 0.6242647058823529 0.24836601307189557 0.5970588235294118 0.24836601307189557 0.5970588235294118 0.26666666666666683 0.6242647058823529 0.26666666666666683
11 0.6264705882352941 0.23921568627450995 0.5948529411764706 0.23921568627450995 0.5948529411764706 0.2627450980392158 0.6264705882352941 0.2627450980392158
10 0.6110294117647059 0.227450980392157 0.5992647058823529 0.227450980392157 0.5992647058823529 0.2509803921568629 0.6110294117647059 0.2509803921568629
3 0.6036764705882353 0.227450980392157 0.586764705882353 0.227450980392157 0.586764705882353 0.24575163398692826 0.6036764705882353 0.24575163398692826
11 0.5286764705882353 0.23921568627450993 0.5014705882352941 0.23921568627450987 0.5014705882352941 0.26143790849673215 0.5286764705882353 0.26143790849673215
3 0.5330882352941176 0.2339869281045753 0.5183823529411765 0.2339869281045753 0.5183823529411765 0.2535947712418302 0.5330882352941176 0.2535947712418302
3 0.5330882352941176 0.22614379084967332 0.5110294117647058 0.2261437908496733 0.5110294117647058 0.24183006535947724 0.5330882352941176 0.24183006535947726
3 0.5308823529411765 0.2169934640522877 0.5073529411764706 0.21699346405228764 0.5073529411764706 0.23267973856209162 0.5308823529411765 0.23267973856209165
11 0.5323529411764706 0.20915032679738574 0.5117647058823529 0.20915032679738568 0.5117647058823529 0.22875816993464063 0.5323529411764706 0.22875816993464068
7 0.5330882352941176 0.21568627450980407 0.5286764705882353 0.21568627450980407 0.5286764705882353 0.23006535947712434 0.5330882352941176 0.23006535947712434
3 0.5632352941176471 0.1947712418300655 0.5544117647058824 0.1947712418300655 0.5544117647058824 0.21045751633986942 0.5632352941176471 0.21045751633986942
3 0.5389705882352941 0.19346405228758184 0.5169117647058824 0.19346405228758184 0.5169117647058824 0.20915032679738577 0.5389705882352941 0.20915032679738577
4 0.5955882352941176 0.09803921568627462 0.5301470588235294 0.09803921568627462 0.5301470588235294 0.19084967320261453 0.5955882352941176 0.19084967320261453
3 0.6022058823529411 0.21437908496732042 0.5823529411764706 0.21437908496732042 0.5823529411764706 0.22875816993464068 0.6022058823529411 0.22875816993464068
11 0.5897058823529412 0.20392156862745112 0.5786764705882353 0.20392156862745112 0.5786764705882353 0.22091503267973872 0.5897058823529412 0.22091503267973872
3 0.638235294117647 0.29542483660130736 0.6066176470588235 0.29542483660130736 0.6066176470588235 0.3267973856209152 0.638235294117647 0.3267973856209152
4 0.6588235294117647 0.2535947712418302 0.6338235294117647 0.2535947712418302 0.6338235294117647 0.2862745098039217 0.6588235294117647 0.2862745098039217