3 0.35220588235294126 0.7372549019607844 0.16764705882352945 0.7372549019607844 0.16764705882352948 0.9163398692810457 0.35220588235294126 0.9163398692810457
5 0.16250000000000003 0.615686274509804 0.11397058823529416 0.615686274509804 0.11397058823529416 0.6901960784313725 0.16250000000000003 0.6901960784313725
8 0.15147058823529416 0.596078431372549 0.1257352941176471 0.596078431372549 0.1257352941176471 0.673202614379085 0.15147058823529416 0.673202614379085
5 0.3830882352941177 0.48627450980392173 0.34852941176470587 0.48627450980392173 0.34852941176470587 0.5751633986928106 0.3830882352941177 0.5751633986928106
8 0.37720588235294117 0.4771241830065361 0.3536764705882353 0.4771241830065361 0.3536764705882353 0.5490196078431374 0.37720588235294117 0.5490196078431374
3 0.3235294117647059 0.3228758169934641 0.22279411764705884 0.3228758169934641 0.22279411764705884 0.44836601307189544 0.3235294117647059 0.44836601307189544
3 0.4022058823529412 0.2784313725490197 0.3125 0.2784313725490197 0.3125 0.3660130718954249 0.4022058823529412 0.366013071895425
7 0.10220588235294122 0.3581699346405229 0.07941176470588238 0.3581699346405229 0.07941176470588238 0.4418300653594771 0.10220588235294122 0.4418300653594771
3 0.5375 0.4117647058823531 0.4441176470588235 0.4117647058823531 0.4441176470588235 0.5424836601307191 0.5375 0.5424836601307191
3 0.6036764705882353 0.3111111111111113 0.5301470588235294 0.3111111111111113 0.5301470588235294 0.42352941176470604 0.6036764705882353 0.42352941176470604
3 0.6595588235294118 0.25620915032679753 0.5977941176470588 0.25620915032679753 0.5977941176470588 0.3424836601307191 0.6595588235294118 0.3424836601307191
3 0.700735294117647 0.19738562091503284 0.6433823529411765 0.19738562091503284 0.6433823529411765 0.27843137254901973 0.700735294117647 0.27843137254901973
3 0.6191176470588236 0.1751633986928106 0.5419117647058823 0.1751633986928106 0.5419117647058823 0.24575163398692826 0.6191176470588236 0.24575163398692826
11 0.5235294117647059 0.19084967320261448 0.4536764705882353 0.19084967320261445 0.4536764705882353 0.27450980392156876 0.5235294117647059 0.27450980392156876
7 0.3735294117647059 0.15163398692810465 0.35955882352941176 0.15163398692810465 0.35955882352941176 0.20653594771241837 0.3735294117647059 0.20653594771241837
7 0.5411764705882353 0.1281045751633988 0.5316176470588235 0.1281045751633988 0.5316176470588235 0.17908496732026158 0.5411764705882353 0.17908496732026158
7 0.549264705882353 0.13333333333333344 0.5404411764705882 0.13333333333333344 0.5404411764705882 0.17908496732026158 0.549264705882353 0.17908496732026158
5 0.5286764705882353 0.16339869281045763 0.5044117647058823 0.16339869281045763 0.5044117647058823 0.19738562091503278 0.5286764705882353 0.19738562091503284
3 0.6279411764705882 0.1189542483660132 0.5588235294117647 0.11895424836601318 0.5588235294117647 0.1686274509803923 0.6279411764705882 0.1686274509803923
5 0.6397058823529411 0.16993464052287596 0.6279411764705882 0.16993464052287596 0.6279411764705882 0.20915032679738577 0.6397058823529411 0.20915032679738577
5 0.6544117647058824 0.18300653594771257 0.6426470588235295 0.18300653594771257 0.6426470588235295 0.21307189542483676 0.6544117647058824 0.21307189542483676
8 0.6404411764705882 0.15816993464052304 0.6301470588235294 0.15816993464052304 0.6301470588235294 0.1921568627450982 0.6404411764705882 0.1921568627450982
8 0.6544117647058824 0.16993464052287596 0.6441176470588236 0.16993464052287596 0.6441176470588236 0.20261437908496746 0.6544117647058824 0.20261437908496746
11 0.6514705882352941 0.09411764705882365 0.5955882352941176 0.09411764705882364 0.5955882352941176 0.15032679738562105 0.6514705882352941 0.15032679738562107
3 0.7301470588235294 0.10718954248366028 0.6830882352941177 0.10718954248366028 0.6830882352941177 0.162091503267974 0.7301470588235294 0.162091503267974
9 0.6985294117647058 0.10457516339869295 0.6720588235294118 0.10457516339869295 0.6720588235294118 0.14509803921568643 0.6985294117647058 0.14509803921568643
0 0.7595588235294117 0.12810457516339885 0.7316176470588235 0.12810457516339885 0.7316176470588235 0.18169934640522892 0.7595588235294117 0.18169934640522892
5 0.7639705882352941 0.1098039215686276 0.7463235294117647 0.1098039215686276 0.7463235294117647 0.13986928104575178 0.7639705882352941 0.13986928104575178
8 0.7625 0.09411764705882368 0.75 0.09411764705882368 0.75 0.13071895424836616 0.7625 0.13071895424836616
1 0.6735294117647059 0.07450980392156878 0.6588235294117647 0.07450980392156878 0.6588235294117647 0.10588235294117662 0.6735294117647059 0.10588235294117662
7 0.7455882352941177 0.060130718954248534 0.7360294117647059 0.060130718954248534 0.7360294117647059 0.09673202614379099 0.7455882352941177 0.09673202614379099
7 0.7404411764705883 0.057516339869281216 0.7323529411764705 0.057516339869281216 0.7323529411764705 0.10065359477124197 0.7404411764705883 0.10065359477124197
7 0.7352941176470589 0.056209150326797554 0.7264705882352941 0.056209150326797554 0.7264705882352941 0.09673202614379099 0.7352941176470589 0.09673202614379099
3 0.7110294117647059 0.04444444444444459 0.6602941176470588 0.04444444444444459 0.6602941176470588 0.08758169934640538 0.7110294117647059 0.08758169934640538