10 0.4279411764705882 0.08627450980392166 0.4036764705882353 0.08627450980392164 0.4036764705882353 0.21045751633986937 0.4279411764705882 0.21045751633986937
3 0.55 0.17124183006535962 0.5220588235294118 0.17124183006535962 0.5220588235294118 0.2679738562091505 0.55 0.2679738562091505
3 0.46838235294117647 0.22745098039215694 0.4470588235294118 0.22745098039215694 0.4470588235294118 0.30588235294117655 0.46838235294117647 0.30588235294117655
3 0.43970588235294117 0.3751633986928106 0.4161764705882353 0.3751633986928106 0.4161764705882353 0.46143790849673216 0.43970588235294117 0.46143790849673216
3 0.5117647058823529 0.27058823529411774 0.49117647058823527 0.27058823529411774 0.49117647058823527 0.36078431372549036 0.5117647058823529 0.36078431372549036
3 0.5544117647058824 0.30196078431372564 0.5301470588235294 0.30196078431372564 0.5301470588235294 0.38823529411764723 0.5544117647058824 0.38823529411764723
3 0.5169117647058824 0.435294117647059 0.4933823529411765 0.435294117647059 0.4933823529411765 0.5294117647058825 0.5169117647058824 0.5294117647058825
3 0.5507352941176471 0.4444444444444446 0.5286764705882353 0.4444444444444446 0.5286764705882353 0.5281045751633988 0.5507352941176471 0.5281045751633988
3 0.6235294117647059 0.32026143790849687 0.5669117647058823 0.32026143790849687 0.5669117647058823 0.366013071895425 0.6235294117647059 0.366013071895425
7 0.586764705882353 0.2444444444444446 0.5823529411764706 0.2444444444444446 0.5823529411764706 0.2627450980392158 0.586764705882353 0.2627450980392158
7 0.5860294117647059 0.2758169934640524 0.5808823529411765 0.2758169934640524 0.5808823529411765 0.29281045751634 0.5860294117647059 0.29281045751634
11 0.6566176470588235 0.0836601307189544 0.6176470588235294 0.0836601307189544 0.6176470588235294 0.12156862745098054 0.6566176470588235 0.12156862745098054
5 0.7264705882352941 0.02091503267973872 0.7147058823529412 0.02091503267973872 0.7147058823529412 0.047058823529411924 0.7264705882352941 0.04705882352941193
7 0.7242647058823529 0.02091503267973872 0.7161764705882353 0.02091503267973872 0.7161764705882353 0.040522875816993625 0.7242647058823529 0.040522875816993625
5 0.6735294117647059 0.06274509803921584 0.6536764705882353 0.06274509803921584 0.6536764705882353 0.07712418300653609 0.6735294117647059 0.07712418300653609
5 0.6507352941176471 0.03529411764705896 0.6345588235294117 0.03529411764705896 0.6345588235294117 0.05098039215686288 0.6507352941176471 0.0509803921568629
5 0.6514705882352941 0.020915032679738703 0.6360294117647058 0.020915032679738703 0.6360294117647058 0.036601307189542624 0.6514705882352941 0.036601307189542624
5 0.649264705882353 0.00522875816993478 0.6345588235294117 0.005228758169934777 0.6345588235294117 0.020915032679738703 0.649264705882353 0.020915032679738703
5 0.6691176470588235 0.0039215686274511235 0.6522058823529412 0.003921568627451122 0.6522058823529412 0.022222222222222365 0.6691176470588235 0.022222222222222372
5 0.6735294117647059 0.028758169934640667 0.6573529411764706 0.028758169934640664 0.6573529411764706 0.043137254901960936 0.6735294117647059 0.043137254901960936
5 0.6764705882352942 0.03921568627450995 0.6588235294117647 0.03921568627450994 0.6588235294117647 0.0509803921568629 0.6764705882352942 0.0509803921568629
5 0.6757352941176471 0.04705882352941192 0.6595588235294118 0.04705882352941192 0.6595588235294118 0.06274509803921584 0.6757352941176471 0.06274509803921584
7 0.174264705882353 0.3084967320261438 0.16250000000000003 0.3084967320261438 0.16250000000000003 0.32026143790849676 0.174264705882353 0.3202614379084968
3 0.2875 0.46013071895424834 0.2375 0.46013071895424834 0.2375 0.5045751633986928 0.2875 0.5045751633986928
3 0.22647058823529412 0.46143790849673205 0.17205882352941182 0.46143790849673205 0.17205882352941182 0.5058823529411764 0.22647058823529412 0.5058823529411764
3 0.13676470588235298 0.465359477124183 0.07867647058823533 0.465359477124183 0.07867647058823533 0.5084967320261438 0.13676470588235298 0.5084967320261438
5 0.149264705882353 0.6836601307189543 0.14117647058823535 0.6836601307189543 0.14117647058823535 0.7176470588235294 0.149264705882353 0.7176470588235294
0 0.21985294117647067 0.6967320261437908 0.18014705882352947 0.6967320261437908 0.18014705882352947 0.7254901960784313 0.21985294117647067 0.7254901960784313
5 0.3514705882352941 0.5699346405228759 0.3323529411764706 0.5699346405228758 0.3323529411764706 0.5843137254901961 0.3514705882352941 0.5843137254901962
8 0.3463235294117647 0.5699346405228759 0.3360294117647059 0.5699346405228758 0.3360294117647059 0.5856209150326798 0.3463235294117647 0.5856209150326799
8 0.2588235294117648 0.7124183006535948 0.2500000000000001 0.7124183006535948 0.2500000000000001 0.7294117647058823 0.2588235294117648 0.7294117647058823
8 0.2654411764705883 0.6993464052287581 0.25441176470588245 0.6993464052287581 0.25441176470588245 0.7124183006535948 0.2654411764705883 0.7124183006535948
8 0.26911764705882363 0.6862745098039216 0.2602941176470589 0.6862745098039216 0.2602941176470589 0.6980392156862745 0.26911764705882363 0.6980392156862745
8 0.2522058823529413 0.6941176470588235 0.2426470588235295 0.6941176470588235 0.2426470588235295 0.7098039215686275 0.2522058823529413 0.7098039215686275
3 0.3750000000000001 0.7084967320261438 0.3544117647058824 0.7084967320261438 0.3544117647058824 0.788235294117647 0.3750000000000001 0.788235294117647
3 0.40588235294117647 0.9071895424836601 0.3500000000000001 0.9071895424836601 0.3500000000000001 0.9673202614379085 0.40588235294117647 0.9673202614379085
5 0.3588235294117647 0.5294117647058825 0.3397058823529412 0.5294117647058824 0.3397058823529412 0.5437908496732027 0.3588235294117647 0.5437908496732028
8 0.34705882352941175 0.5281045751633988 0.34044117647058825 0.5281045751633987 0.34044117647058825 0.5450980392156863 0.34705882352941175 0.5450980392156864
8 0.35294117647058826 0.5294117647058825 0.34558823529411764 0.5294117647058825 0.34558823529411764 0.5450980392156864 0.35294117647058826 0.5450980392156864
9 0.4264705882352941 0.5464052287581701 0.4139705882352941 0.5464052287581701 0.4139705882352941 0.5986928104575164 0.4264705882352941 0.5986928104575164
8 0.42573529411764705 0.5725490196078433 0.4161764705882353 0.5725490196078433 0.4161764705882353 0.5908496732026145 0.42573529411764705 0.5908496732026145
2 0.4764705882352941 0.5424836601307191 0.44191176470588234 0.5424836601307191 0.44191176470588234 0.722875816993464 0.4764705882352941 0.722875816993464
3 0.5566176470588236 0.5764705882352943 0.5330882352941176 0.5764705882352943 0.5330882352941176 0.6679738562091505 0.5566176470588236 0.6679738562091505
3 0.5286764705882353 0.8431372549019608 0.5044117647058823 0.8431372549019608 0.5044117647058823 0.9464052287581699 0.5286764705882353 0.9464052287581699
3 0.5669117647058823 0.8392156862745098 0.5426470588235294 0.8392156862745098 0.5426470588235294 0.9464052287581699 0.5669117647058823 0.9464052287581699
5 0.7242647058823529 0.15816993464052304 0.7066176470588236 0.15816993464052304 0.7066176470588236 0.1882352941176472 0.7242647058823529 0.1882352941176472
5 0.7470588235294118 0.14509803921568643 0.7397058823529412 0.14509803921568643 0.7397058823529412 0.17254901960784327 0.7470588235294118 0.17254901960784327
5 0.7588235294117647 0.15294117647058839 0.7507352941176471 0.15294117647058839 0.7507352941176471 0.18039215686274523 0.7588235294117647 0.18039215686274523
1 0.7426470588235294 0.23660130718954264 0.7330882352941176 0.23660130718954264 0.7330882352941176 0.2640522875816995 0.7426470588235294 0.2640522875816995
7 0.6477941176470589 0.41568627450980405 0.6389705882352941 0.41568627450980405 0.6389705882352941 0.4300653594771243 0.6477941176470589 0.4300653594771243
3 0.6352941176470588 0.8418300653594771 0.6132352941176471 0.8418300653594771 0.6132352941176471 0.9398692810457516 0.6352941176470588 0.9398692810457516
5 0.5772058823529411 0.5372549019607845 0.5691176470588235 0.5372549019607845 0.5691176470588235 0.569934640522876 0.5772058823529411 0.569934640522876
8 0.5772058823529411 0.5477124183006538 0.5683823529411764 0.5477124183006538 0.5683823529411764 0.5607843137254903 0.5772058823529411 0.5607843137254903
5 0.6647058823529411 0.577777777777778 0.6441176470588236 0.577777777777778 0.6441176470588236 0.5882352941176472 0.6647058823529411 0.5882352941176472
8 0.6595588235294118 0.5764705882352943 0.6529411764705882 0.5764705882352943 0.6529411764705882 0.5895424836601308 0.6595588235294118 0.5895424836601308
4 0.5794117647058824 0.6614379084967322 0.5727941176470588 0.6614379084967322 0.5727941176470588 0.6993464052287581 0.5794117647058824 0.6993464052287581
7 0.7522058823529412 0.6078431372549021 0.7397058823529412 0.6078431372549021 0.7397058823529412 0.6169934640522877 0.7522058823529412 0.6169934640522877
5 0.7345588235294118 0.7307189542483663 0.7161764705882353 0.7307189542483663 0.7161764705882353 0.7437908496732029 0.7345588235294118 0.7437908496732029
11 0.7176470588235294 0.38823529411764723 0.6536764705882353 0.38823529411764723 0.6536764705882353 0.4248366013071897 0.7176470588235294 0.4248366013071897
11 0.7786764705882353 0.39346405228758186 0.7330882352941176 0.39346405228758186 0.7330882352941176 0.4248366013071897 0.7786764705882353 0.4248366013071897
9 0.8227941176470588 0.3869281045751635 0.7889705882352941 0.3869281045751635 0.7889705882352941 0.4091503267973858 0.8227941176470588 0.4091503267973858
8 0.8080882352941177 0.3895424836601309 0.7977941176470589 0.3895424836601309 0.7977941176470589 0.40653594771241847 0.8080882352941177 0.40653594771241847
3 0.7808823529411765 0.3267973856209152 0.7316176470588235 0.3267973856209152 0.7316176470588235 0.36732026143790864 0.7808823529411765 0.36732026143790864
5 0.7125 0.2405228758169936 0.7036764705882353 0.2405228758169936 0.7036764705882353 0.2705882352941178 0.7125 0.2705882352941178
7 0.7161764705882353 0.24705882352941191 0.7088235294117647 0.24705882352941191 0.7088235294117647 0.2679738562091505 0.7161764705882353 0.2679738562091505
7 0.7676470588235295 0.03137254901960801 0.7566176470588235 0.03137254901960801 0.7566176470588235 0.05490196078431389 0.7676470588235295 0.05490196078431389
7 0.7875 0.1176470588235296 0.7801470588235294 0.1176470588235296 0.7801470588235294 0.13333333333333353 0.7875 0.13333333333333353
5 0.8279411764705882 0.2549019607843139 0.8095588235294118 0.2549019607843139 0.8095588235294118 0.26666666666666683 0.8279411764705882 0.26666666666666683
5 0.6823529411764706 0.32549019607843155 0.6588235294117647 0.32549019607843155 0.6588235294117647 0.3424836601307191 0.6823529411764706 0.3424836601307191
5 0.6448529411764706 0.3058823529411766 0.6257352941176471 0.3058823529411766 0.6257352941176471 0.31764705882352956 0.6448529411764706 0.31764705882352956
8 0.6397058823529411 0.3032679738562093 0.6308823529411764 0.3032679738562093 0.6308823529411764 0.3189542483660132 0.6397058823529411 0.3189542483660132
5 0.6235294117647059 0.300653594771242 0.6036764705882353 0.300653594771242 0.6036764705882353 0.31503267973856225 0.6235294117647059 0.31503267973856225
8 0.6191176470588236 0.296732026143791 0.6125 0.296732026143791 0.6125 0.3137254901960786 0.6191176470588236 0.3137254901960786
5 0.8169117647058823 0.6967320261437911 0.8073529411764706 0.6967320261437911 0.8073529411764706 0.7346405228758173 0.8169117647058823 0.7346405228758173
5 0.9882352941176471 0.7254901960784317 0.9742647058823529 0.7254901960784317 0.9742647058823529 0.7516339869281049 0.9882352941176471 0.7516339869281049
5 0.986764705882353 0.6993464052287585 0.9779411764705882 0.6993464052287585 0.9779411764705882 0.728104575163399 0.986764705882353 0.728104575163399
3 0.8661764705882353 0.6248366013071897 0.8198529411764706 0.6248366013071897 0.8198529411764706 0.7111111111111114 0.8661764705882353 0.7111111111111114
3 0.8823529411764706 0.5725490196078433 0.8316176470588236 0.5725490196078433 0.8316176470588236 0.6130718954248368 0.8823529411764706 0.6130718954248368
3 0.9036764705882353 0.63921568627451 0.861764705882353 0.63921568627451 0.861764705882353 0.7228758169934644 0.9036764705882353 0.7228758169934644
3 0.9330882352941177 0.6143790849673204 0.8926470588235295 0.6143790849673204 0.8926470588235295 0.708496732026144 0.9330882352941177 0.708496732026144
3 0.9691176470588235 0.6130718954248368 0.9323529411764706 0.6130718954248368 0.9323529411764706 0.7006535947712421 0.9691176470588235 0.7006535947712421
3 1 0.6104575163398694 0.9639705882352941 0.6104575163398694 0.9639705882352941 0.7006535947712421 1 0.7006535947712421
3 0.9654411764705882 0.2496732026143793 0.9191176470588235 0.2496732026143793 0.9191176470588235 0.3150326797385623 0.9654411764705882 0.3150326797385623
3 1 0.19607843137254924 0.9735294117647059 0.19607843137254924 0.9735294117647059 0.2562091503267976 1 0.2562091503267976
5 0.9345588235294118 0.08627450980392175 0.9139705882352941 0.08627450980392175 0.9139705882352941 0.104575163398693 0.9345588235294118 0.104575163398693
5 0.9220588235294118 0.18039215686274532 0.9066176470588235 0.18039215686274532 0.9066176470588235 0.20000000000000023 0.9220588235294118 0.20000000000000023
7 0.3161764705882354 0.8261437908496732 0.30735294117647066 0.8261437908496732 0.30735294117647066 0.8431372549019608 0.3161764705882354 0.8431372549019608