4 0.5385416666666667 0.501851851851852 0.471875 0.5018518518518519 0.471875 0.5685185185185186 0.5385416666666667 0.5685185185185188
3 0.2880208333333334 0.7666666666666667 0.20260416666666672 0.7666666666666667 0.20260416666666672 0.8962962962962963 0.28802083333333345 0.8962962962962963
5 0.2989583333333333 0.7194444444444444 0.2765625 0.7194444444444444 0.2765625 0.787962962962963 0.2989583333333333 0.787962962962963
5 0.2875 0.7166666666666667 0.26666666666666666 0.7166666666666667 0.26666666666666666 0.7685185185185185 0.2875 0.7685185185185185
3 0.703125 0.8546296296296299 0.5994791666666667 0.8546296296296299 0.5994791666666667 1 0.703125 1
1 0.5640625 0.8824074074074076 0.5338541666666666 0.8824074074074076 0.5338541666666666 1 0.5640625 1
8 0.5651041666666666 0.8472222222222224 0.534375 0.8472222222222224 0.534375 0.975 0.5651041666666666 0.975
3 0.3890625 0.7175925925925926 0.315625 0.7175925925925926 0.315625 0.8111111111111111 0.3890625 0.8111111111111111
3 0.47708333333333336 0.7157407407407408 0.41458333333333336 0.7157407407407408 0.41458333333333336 0.8064814814814815 0.47708333333333336 0.8064814814814815
3 0.425 0.6555555555555556 0.38125 0.6555555555555556 0.38125 0.7231481481481481 0.425 0.7231481481481481
3 0.41770833333333335 0.6129629629629629 0.3515625 0.6129629629629629 0.3515625 0.6583333333333333 0.41770833333333335 0.6583333333333333
3 0.6479166666666667 0.7638888888888891 0.5760416666666667 0.7638888888888891 0.5760416666666667 0.877777777777778 0.6479166666666667 0.877777777777778
3 0.6255208333333333 0.7009259259259262 0.5598958333333334 0.7009259259259262 0.5598958333333334 0.7981481481481484 0.6255208333333333 0.7981481481481484
3 0.603125 0.6750000000000002 0.5552083333333333 0.6750000000000002 0.5552083333333333 0.7314814814814817 0.603125 0.7314814814814817
3 0.5911458333333334 0.6481481481481484 0.5489583333333333 0.6481481481481484 0.5489583333333333 0.7064814814814817 0.5911458333333334 0.7064814814814817
3 0.5822916666666667 0.6305555555555558 0.5458333333333333 0.6305555555555558 0.5458333333333333 0.676851851851852 0.5822916666666667 0.676851851851852
3 0.5770833333333333 0.6120370370370373 0.5473958333333333 0.6120370370370373 0.5473958333333333 0.6490740740740742 0.5770833333333333 0.6490740740740742
3 0.5614583333333333 0.5824074074074076 0.5385416666666667 0.5824074074074076 0.5385416666666667 0.6175925925925928 0.5614583333333333 0.6175925925925928
3 0.49114583333333334 0.6342592592592594 0.453125 0.6342592592592593 0.453125 0.6851851851851853 0.49114583333333334 0.6851851851851853
3 0.4635416666666667 0.5824074074074074 0.4401041666666667 0.5824074074074074 0.4401041666666667 0.6166666666666667 0.4635416666666667 0.6166666666666667
3 0.49635416666666665 0.5990740740740742 0.46770833333333334 0.5990740740740741 0.46770833333333334 0.6416666666666667 0.49635416666666665 0.6416666666666668
3 0.509375 0.564814814814815 0.49114583333333334 0.564814814814815 0.49114583333333334 0.5916666666666669 0.509375 0.5916666666666669
3 0.5260416666666666 0.5712962962962965 0.5036458333333333 0.5712962962962965 0.5036458333333333 0.6064814814814817 0.5260416666666666 0.6064814814814817
1 0.4734375 0.5888888888888889 0.4661458333333333 0.5888888888888889 0.4661458333333333 0.6129629629629629 0.4734375 0.6129629629629629
8 0.4734375 0.5796296296296296 0.4630208333333333 0.5796296296296296 0.4630208333333333 0.6101851851851852 0.4734375 0.6101851851851852
3 0.4744791666666667 0.5694444444444444 0.45208333333333334 0.5694444444444444 0.45208333333333334 0.5990740740740741 0.4744791666666667 0.5990740740740741
3 0.47604166666666664 0.5638888888888889 0.45729166666666665 0.5638888888888889 0.45729166666666665 0.587037037037037 0.47604166666666664 0.587037037037037
1 0.5270833333333333 0.614814814814815 0.5171875 0.614814814814815 0.5171875 0.6472222222222225 0.5270833333333333 0.6472222222222225
8 0.5270833333333333 0.6009259259259261 0.5182291666666666 0.6009259259259261 0.5182291666666666 0.6388888888888891 0.5270833333333333 0.6388888888888891
5 0.5369791666666667 0.5722222222222224 0.5286458333333334 0.5722222222222224 0.5286458333333334 0.5925925925925928 0.5369791666666667 0.5925925925925928
8 0.5364583333333334 0.564814814814815 0.5291666666666667 0.564814814814815 0.5291666666666667 0.589814814814815 0.5364583333333334 0.589814814814815
1 0.5385416666666667 0.6101851851851854 0.5302083333333333 0.6101851851851854 0.5302083333333333 0.6435185185185187 0.5385416666666667 0.6435185185185187
8 0.5390625 0.5972222222222224 0.5307291666666667 0.5972222222222224 0.5307291666666667 0.6351851851851854 0.5390625 0.6351851851851854
1 0.5364583333333334 0.5953703703703705 0.528125 0.5953703703703705 0.528125 0.6194444444444447 0.5364583333333334 0.6194444444444447
8 0.5359375 0.5879629629629631 0.5296875 0.5879629629629631 0.5296875 0.6083333333333335 0.5359375 0.6083333333333335
3 0.43802083333333347 0.9277777777777778 0.3182291666666668 0.9277777777777778 0.3182291666666668 1 0.43802083333333347 1