3 0.42205882352941176 0.8901960784313725 0.3125000000000001 0.8901960784313725 0.3125000000000001 0.9712418300653595 0.42205882352941176 0.9712418300653595
3 0.7139705882352941 0.8326797385620917 0.6610294117647059 0.8326797385620915 0.6610294117647059 0.9464052287581701 0.7139705882352941 0.9464052287581702
3 0.6691176470588235 0.7111111111111111 0.6272058823529412 0.7111111111111111 0.6272058823529412 0.7895424836601307 0.6691176470588235 0.7895424836601307
3 0.6433823529411765 0.6366013071895427 0.6044117647058823 0.6366013071895427 0.6044117647058823 0.7084967320261438 0.6433823529411765 0.7084967320261438
3 0.3941176470588235 0.4196078431372551 0.3463235294117647 0.4196078431372551 0.3463235294117647 0.4549019607843139 0.3941176470588235 0.4549019607843139
3 0.5352941176470588 0.4078431372549021 0.5125 0.4078431372549021 0.5125 0.44575163398692824 0.5352941176470588 0.44575163398692824
3 0.475 0.4405228758169936 0.4522058823529412 0.4405228758169936 0.4522058823529412 0.48888888888888904 0.475 0.48888888888888904
3 0.44926470588235295 0.3176470588235295 0.43161764705882355 0.3176470588235295 0.43161764705882355 0.35294117647058837 0.44926470588235295 0.35294117647058837
3 0.46838235294117647 0.27320261437908505 0.4485294117647059 0.27320261437908505 0.4485294117647059 0.3019607843137256 0.46838235294117647 0.3019607843137256
3 0.5522058823529412 0.3228758169934642 0.5352941176470588 0.3228758169934642 0.5352941176470588 0.3490196078431374 0.5522058823529412 0.3490196078431374
3 0.4102941176470588 0.30588235294117655 0.3735294117647059 0.30588235294117655 0.3735294117647059 0.3307189542483661 0.4102941176470588 0.3307189542483661
3 0.43308823529411766 0.35032679738562106 0.39044117647058824 0.35032679738562106 0.39044117647058824 0.37777777777777793 0.43308823529411766 0.37777777777777793
3 0.4632352941176471 0.4117647058823531 0.4323529411764706 0.4117647058823531 0.4323529411764706 0.45359477124183023 0.4632352941176471 0.45359477124183023
3 0.5125 0.42875816993464066 0.4904411764705882 0.42875816993464066 0.4904411764705882 0.47581699346405243 0.5125 0.47581699346405243
11 0.6110294117647059 0.496732026143791 0.586764705882353 0.496732026143791 0.586764705882353 0.562091503267974 0.6110294117647059 0.562091503267974
11 0.5477941176470589 0.27973856209150344 0.524264705882353 0.27973856209150344 0.524264705882353 0.3111111111111113 0.5477941176470589 0.3111111111111113
3 0.5676470588235294 0.38300653594771256 0.5463235294117647 0.38300653594771256 0.5463235294117647 0.4169934640522877 0.5676470588235294 0.4169934640522877
11 0.5985294117647059 0.4078431372549021 0.5617647058823529 0.4078431372549021 0.5617647058823529 0.4444444444444446 0.5985294117647059 0.4444444444444446
7 0.5602941176470588 0.42091503267973873 0.5522058823529412 0.42091503267973873 0.5522058823529412 0.4470588235294119 0.5602941176470588 0.4470588235294119
9 0.5875 0.47189542483660146 0.575735294117647 0.47189542483660146 0.575735294117647 0.49934640522875834 0.5875 0.49934640522875834
8 0.5544117647058824 0.47843137254901974 0.5477941176470589 0.47843137254901974 0.5477941176470589 0.5006535947712419 0.5544117647058824 0.5006535947712419
8 0.5551470588235294 0.46928104575163415 0.5463235294117647 0.46928104575163415 0.5463235294117647 0.4954248366013073 0.5551470588235294 0.4954248366013073
5 0.5566176470588236 0.47581699346405243 0.5455882352941176 0.47581699346405243 0.5455882352941176 0.5045751633986929 0.5566176470588236 0.5045751633986929
11 0.45 0.3647058823529413 0.41102941176470587 0.3647058823529413 0.41102941176470587 0.40261437908496744 0.45 0.40261437908496744
4 0.6095588235294118 0.13594771241830078 0.4808823529411765 0.13594771241830075 0.4808823529411765 0.18823529411764717 0.6095588235294118 0.1882352941176472
10 0.39191176470588235 0.2915032679738563 0.3492647058823529 0.2915032679738563 0.3492647058823529 0.31895424836601316 0.39191176470588235 0.31895424836601316
3 0.4125 0.288888888888889 0.3816176470588235 0.288888888888889 0.3816176470588235 0.3124183006535948 0.4125 0.3124183006535948
3 0.40808823529411764 0.27973856209150333 0.37720588235294117 0.27973856209150333 0.37720588235294117 0.30326797385620924 0.40808823529411764 0.30326797385620924
3 0.3985294117647059 0.2679738562091504 0.3669117647058823 0.2679738562091504 0.3669117647058823 0.29019607843137263 0.3985294117647059 0.29019607843137263
3 0.4455882352941177 0.288888888888889 0.4183823529411765 0.288888888888889 0.4183823529411765 0.3150326797385622 0.4455882352941177 0.3150326797385622
10 0.4198529411764706 0.2549019607843138 0.3845588235294118 0.2549019607843138 0.3845588235294118 0.2836601307189543 0.4198529411764706 0.2836601307189543
3 0.44779411764705884 0.2549019607843138 0.4338235294117647 0.2549019607843138 0.4338235294117647 0.2784313725490197 0.44779411764705884 0.2784313725490197
3 0.4235294117647059 0.2418300653594772 0.39338235294117646 0.2418300653594772 0.39338235294117646 0.26535947712418306 0.4235294117647059 0.26535947712418306
3 0.42205882352941176 0.23660130718954256 0.39338235294117646 0.23660130718954256 0.39338235294117646 0.2588235294117648 0.42205882352941176 0.2588235294117648
3 0.4139705882352941 0.23006535947712425 0.38676470588235295 0.23006535947712425 0.38676470588235295 0.24967320261437917 0.4139705882352941 0.24967320261437917
3 0.41544117647058826 0.22091503267973864 0.38823529411764707 0.22091503267973864 0.38823529411764707 0.24052287581699353 0.41544117647058826 0.24052287581699353
3 0.4147058823529412 0.215686274509804 0.3875 0.215686274509804 0.3875 0.23660130718954256 0.4147058823529412 0.23660130718954256
3 0.4139705882352941 0.20915032679738568 0.38676470588235295 0.20915032679738568 0.38676470588235295 0.23006535947712425 0.4139705882352941 0.23006535947712425
11 0.4470588235294118 0.23398692810457525 0.4294117647058823 0.23398692810457525 0.4294117647058823 0.26274509803921575 0.4470588235294118 0.26274509803921575
11 0.44779411764705884 0.22352941176470595 0.4264705882352941 0.22352941176470595 0.4264705882352941 0.2483660130718955 0.44779411764705884 0.2483660130718955
10 0.43308823529411766 0.21307189542483668 0.4198529411764706 0.21307189542483668 0.4198529411764706 0.23398692810457525 0.43308823529411766 0.23398692810457525
10 0.39338235294117646 0.18823529411764714 0.37058823529411766 0.18823529411764714 0.37058823529411766 0.21176470588235302 0.39338235294117646 0.21176470588235302
10 0.42426470588235293 0.17516339869281053 0.3963235294117647 0.17516339869281053 0.3963235294117647 0.2026143790849674 0.42426470588235293 0.2026143790849674
8 0.6911764705882353 0.40392156862745116 0.6845588235294118 0.40392156862745116 0.6845588235294118 0.4248366013071897 0.6911764705882353 0.4248366013071897
5 0.6573529411764706 0.33725490196078445 0.6433823529411765 0.33725490196078445 0.6433823529411765 0.3594771241830067 0.6573529411764706 0.3594771241830067
7 0.5985294117647059 0.23921568627450995 0.5933823529411765 0.23921568627450995 0.5933823529411765 0.2627450980392158 0.5985294117647059 0.2627450980392158
8 0.5985294117647059 0.21176470588235308 0.5926470588235294 0.21176470588235308 0.5926470588235294 0.22352941176470603 0.5985294117647059 0.22352941176470603
7 0.6139705882352942 0.23267973856209165 0.6088235294117647 0.23267973856209165 0.6088235294117647 0.2509803921568629 0.6139705882352942 0.2509803921568629
8 0.6161764705882353 0.25228758169934656 0.6102941176470589 0.25228758169934656 0.6102941176470589 0.2679738562091505 0.6161764705882353 0.2679738562091505
8 0.6205882352941177 0.24836601307189557 0.6154411764705883 0.24836601307189557 0.6154411764705883 0.2601307189542485 0.6205882352941177 0.2601307189542485
7 0.6235294117647059 0.24183006535947726 0.6191176470588236 0.24183006535947726 0.6191176470588236 0.2601307189542485 0.6235294117647059 0.2601307189542485
7 0.6191176470588236 0.23529411764705896 0.6147058823529412 0.23529411764705896 0.6147058823529412 0.2535947712418302 0.6191176470588236 0.2535947712418302
3 0.39191176470588235 0.15816993464052295 0.37941176470588234 0.15816993464052295 0.37941176470588234 0.17647058823529418 0.39191176470588235 0.17647058823529418
5 0.38529411764705884 0.17385620915032687 0.3779411764705882 0.17385620915032687 0.3779411764705882 0.1830065359477125 0.38529411764705884 0.1830065359477125
8 0.37941176470588234 0.16732026143790857 0.375 0.16732026143790857 0.375 0.18169934640522883 0.37941176470588234 0.18169934640522883
3 0.38676470588235295 0.13856209150326804 0.37058823529411766 0.13856209150326804 0.37058823529411766 0.15555555555555564 0.38676470588235295 0.15555555555555564
8 0.3911764705882353 0.13986928104575172 0.38676470588235295 0.13986928104575172 0.38676470588235295 0.14771241830065368 0.3911764705882353 0.14771241830065368
5 0.39338235294117646 0.1437908496732027 0.3860294117647059 0.1437908496732027 0.3860294117647059 0.15163398692810465 0.39338235294117646 0.15163398692810465
3 0.40955882352941175 0.1437908496732027 0.39338235294117646 0.1437908496732027 0.39338235294117646 0.15816993464052295 0.40955882352941175 0.15816993464052295
3 0.45588235294117646 0.16470588235294129 0.44191176470588234 0.16470588235294129 0.44191176470588234 0.18431372549019615 0.45588235294117646 0.18431372549019615
8 0.4676470588235294 0.21960784313725498 0.4632352941176471 0.21960784313725498 0.4632352941176471 0.23267973856209156 0.4676470588235294 0.23267973856209156
9 0.4522058823529412 0.20784313725490203 0.44338235294117645 0.20784313725490203 0.44338235294117645 0.2287581699346406 0.4522058823529412 0.2287581699346406
8 0.4772058823529412 0.27320261437908505 0.47058823529411764 0.27320261437908505 0.47058823529411764 0.29281045751633994 0.4772058823529412 0.29281045751633994
8 0.49411764705882355 0.2026143790849674 0.4889705882352941 0.2026143790849674 0.4889705882352941 0.215686274509804 0.49411764705882355 0.215686274509804
5 0.4933823529411765 0.21045751633986937 0.48823529411764705 0.21045751633986937 0.48823529411764705 0.22091503267973864 0.4933823529411765 0.22091503267973864
4 0.5338235294117647 0.050980392156862835 0.36176470588235293 0.05098039215686282 0.36176470588235293 0.1346405228758171 0.5338235294117647 0.1346405228758171
9 0.4786764705882353 0.154248366013072 0.4713235294117647 0.154248366013072 0.4713235294117647 0.17124183006535956 0.4786764705882353 0.17124183006535956
7 0.45 0.1477124183006537 0.4470588235294118 0.1477124183006537 0.4470588235294118 0.16078431372549032 0.45 0.16078431372549032
8 0.4522058823529412 0.15947712418300664 0.44926470588235295 0.15947712418300664 0.44926470588235295 0.16993464052287588 0.4522058823529412 0.16993464052287588
5 0.4536764705882353 0.15816993464052298 0.44779411764705884 0.15816993464052298 0.44779411764705884 0.16732026143790857 0.4536764705882353 0.16732026143790857
8 0.4566176470588235 0.17777777777777784 0.4514705882352941 0.17777777777777784 0.4514705882352941 0.18692810457516348 0.4566176470588235 0.18692810457516348
1 0.4566176470588235 0.1830065359477125 0.4514705882352941 0.1830065359477125 0.4514705882352941 0.19346405228758176 0.4566176470588235 0.19346405228758176
8 0.44191176470588234 0.21176470588235302 0.4360294117647059 0.21176470588235302 0.4360294117647059 0.22091503267973864 0.44191176470588234 0.22091503267973864
9 0.5080882352941176 0.1921568627450981 0.49926470588235294 0.1921568627450981 0.49926470588235294 0.21176470588235302 0.5080882352941176 0.21176470588235302
8 0.5110294117647058 0.20392156862745106 0.5066176470588235 0.20392156862745106 0.5066176470588235 0.21437908496732033 0.5110294117647058 0.21437908496732033
1 0.5117647058823529 0.21045751633986937 0.5073529411764706 0.21045751633986937 0.5073529411764706 0.21960784313725498 0.5117647058823529 0.21960784313725498
5 0.4676470588235294 0.2261437908496733 0.4632352941176471 0.2261437908496733 0.4632352941176471 0.23921568627450987 0.4676470588235294 0.23921568627450987
5 0.4764705882352941 0.2836601307189543 0.4713235294117647 0.2836601307189543 0.4713235294117647 0.29803921568627456 0.4764705882352941 0.29803921568627456
5 0.4742647058823529 0.33464052287581714 0.46838235294117647 0.33464052287581714 0.46838235294117647 0.354248366013072 0.4742647058823529 0.354248366013072
8 0.47352941176470587 0.32549019607843144 0.46838235294117647 0.32549019607843144 0.46838235294117647 0.34509803921568644 0.47352941176470587 0.34509803921568644
3 0.5463235294117647 0.27843137254901973 0.5205882352941177 0.27843137254901973 0.5205882352941177 0.29803921568627467 0.5463235294117647 0.29803921568627467
3 0.538235294117647 0.2653594771241832 0.513235294117647 0.2653594771241832 0.513235294117647 0.28496732026143806 0.538235294117647 0.28496732026143806
3 0.5345588235294118 0.24444444444444455 0.5095588235294117 0.24444444444444452 0.5095588235294117 0.26405228758169946 0.5345588235294118 0.2640522875816995
3 0.5338235294117647 0.23137254901960796 0.5095588235294117 0.2313725490196079 0.5095588235294117 0.24836601307189554 0.5338235294117647 0.24836601307189557
3 0.4610294117647059 0.4797385620915034 0.4294117647058823 0.4797385620915034 0.4294117647058823 0.5359477124183007 0.4610294117647059 0.5359477124183007
3 0.5227941176470589 0.2169934640522877 0.5044117647058823 0.21699346405228764 0.5044117647058823 0.23790849673202624 0.5227941176470589 0.2379084967320263
11 0.5397058823529411 0.20000000000000015 0.5125 0.20000000000000015 0.5125 0.22091503267973872 0.5397058823529411 0.22091503267973872
3 0.5970588235294118 0.1921568627450982 0.5852941176470589 0.1921568627450982 0.5852941176470589 0.2078431372549021 0.5970588235294118 0.2078431372549021
7 0.6338235294117647 0.2993464052287583 0.6272058823529412 0.2993464052287583 0.6272058823529412 0.3215686274509805 0.6338235294117647 0.3215686274509805
1 0.6455882352941177 0.29542483660130736 0.638235294117647 0.29542483660130736 0.638235294117647 0.31241830065359494 0.6455882352941177 0.31241830065359494
7 0.7382352941176471 0.496732026143791 0.7316176470588235 0.496732026143791 0.7316176470588235 0.5294117647058825 0.7382352941176471 0.5294117647058825
9 0.7860294117647059 0.5803921568627453 0.7522058823529412 0.5803921568627453 0.7522058823529412 0.6366013071895427 0.7860294117647059 0.6366013071895427
11 0.7735294117647059 0.8261437908496735 0.7316176470588235 0.8261437908496735 0.7316176470588235 0.9137254901960787 0.7735294117647059 0.9137254901960787
3 0.8316176470588236 0.935947712418301 0.7308823529411764 0.935947712418301 0.7308823529411764 1.0000000000000002 0.8316176470588236 1.0000000000000002
5 0.8588235294117647 0.8431372549019611 0.8345588235294118 0.8431372549019611 0.8345588235294118 0.8836601307189546 0.8588235294117647 0.8836601307189546
5 0.9205882352941176 0.8823529411764709 0.8889705882352941 0.8823529411764709 0.8889705882352941 0.9307189542483663 0.9205882352941176 0.9307189542483663
8 0.9176470588235294 0.8496732026143794 0.9029411764705882 0.8496732026143794 0.9029411764705882 0.8758169934640526 0.9176470588235294 0.8758169934640526
8 0.9264705882352942 0.8640522875816996 0.9117647058823529 0.8640522875816996 0.9117647058823529 0.8901960784313728 0.9264705882352942 0.8901960784313728
7 0.8727941176470588 0.7947712418300656 0.8588235294117647 0.7947712418300656 0.8588235294117647 0.8457516339869284 0.8727941176470588 0.8457516339869284
7 0.8911764705882353 0.7686274509803924 0.8830882352941176 0.7686274509803924 0.8830882352941176 0.8183006535947716 0.8911764705882353 0.8183006535947716
7 0.8875 0.7542483660130722 0.875 0.7542483660130722 0.875 0.8052287581699349 0.8875 0.8052287581699349
7 0.8808823529411764 0.7372549019607846 0.8661764705882353 0.7372549019607846 0.8661764705882353 0.7843137254901964 0.8808823529411764 0.7843137254901964
7 0.8088235294117647 0.7555555555555559 0.7941176470588235 0.7555555555555559 0.7941176470588235 0.8078431372549023 0.8088235294117647 0.8078431372549023
7 0.3558823529411765 0.5424836601307191 0.34191176470588236 0.5424836601307191 0.34191176470588236 0.5895424836601308 0.3558823529411765 0.5895424836601308
7 0.3713235294117647 0.5359477124183007 0.3573529411764706 0.5359477124183007 0.3573529411764706 0.5843137254901962 0.3713235294117647 0.5843137254901962
11 0.5522058823529412 0.7137254901960784 0.5051470588235294 0.7137254901960784 0.5051470588235294 0.8444444444444444 0.5522058823529412 0.8444444444444444
11 0.45441176470588235 0.5294117647058825 0.4294117647058823 0.5294117647058825 0.4294117647058823 0.6000000000000002 0.45441176470588235 0.6000000000000002
11 0.46691176470588236 0.6052287581699348 0.44191176470588234 0.6052287581699348 0.44191176470588234 0.6928104575163399 0.46691176470588236 0.6928104575163399
10 0.4602941176470588 0.6862745098039216 0.4213235294117647 0.6862745098039216 0.4213235294117647 0.8235294117647058 0.4602941176470588 0.8235294117647058