3 0.07864583333333339 0.95 0.0239583333333334 0.95 0.0239583333333334 0.9990740740740741 0.07864583333333339 0.9990740740740741
3 0.06822916666666673 0.8324074074074074 0.025520833333333392 0.8324074074074074 0.025520833333333392 0.8916666666666667 0.06822916666666673 0.8916666666666667
3 0.20885416666666673 0.8027777777777778 0.16614583333333338 0.8027777777777778 0.16614583333333338 0.8555555555555555 0.20885416666666673 0.8555555555555555
3 0.1255208333333334 0.7898148148148149 0.09479166666666673 0.7898148148148149 0.09479166666666673 0.837037037037037 0.1255208333333334 0.837037037037037
3 0.15000000000000005 0.7101851851851851 0.11354166666666672 0.7101851851851851 0.11354166666666672 0.7657407407407407 0.15000000000000005 0.7657407407407407
3 0.17656250000000007 0.712037037037037 0.1432291666666667 0.712037037037037 0.1432291666666667 0.7620370370370371 0.17656250000000007 0.7620370370370371
3 0.1822916666666667 0.7324074074074074 0.1411458333333334 0.7324074074074074 0.1411458333333334 0.8018518518518518 0.1822916666666667 0.8018518518518518
3 0.21302083333333338 0.6944444444444444 0.18072916666666672 0.6944444444444444 0.18072916666666672 0.7444444444444445 0.21302083333333338 0.7444444444444445
3 0.2427083333333334 0.6555555555555556 0.21510416666666674 0.6555555555555556 0.21510416666666674 0.7 0.2427083333333334 0.7
3 0.21510416666666674 0.6546296296296297 0.18385416666666674 0.6546296296296297 0.18385416666666674 0.7018518518518518 0.21510416666666674 0.7018518518518518
3 0.20937500000000006 0.6305555555555555 0.1833333333333334 0.6305555555555555 0.1833333333333334 0.6694444444444444 0.20937500000000006 0.6694444444444444
3 0.18177083333333338 0.6342592592592593 0.15312500000000007 0.6342592592592593 0.15312500000000007 0.675 0.18177083333333338 0.675
3 0.2213541666666667 0.5833333333333334 0.1958333333333334 0.5833333333333334 0.1958333333333334 0.6166666666666667 0.2213541666666667 0.6166666666666667
3 0.23854166666666674 0.5879629629629629 0.21302083333333338 0.5879629629629629 0.21302083333333338 0.6259259259259259 0.23854166666666674 0.6259259259259259
3 0.2447916666666667 0.6101851851851852 0.21666666666666673 0.6101851851851852 0.21666666666666673 0.6518518518518519 0.2447916666666667 0.6518518518518519
3 0.26927083333333335 0.6175925925925926 0.24166666666666672 0.6175925925925926 0.24166666666666672 0.6564814814814814 0.26927083333333335 0.6564814814814814
3 0.2911458333333333 0.5796296296296296 0.26406250000000003 0.5796296296296296 0.26406250000000003 0.6212962962962963 0.2911458333333333 0.6212962962962963
3 0.2677083333333333 0.5814814814814815 0.24322916666666672 0.5814814814814815 0.24322916666666672 0.6166666666666667 0.2677083333333333 0.6166666666666667
3 0.26927083333333335 0.5444444444444444 0.2447916666666667 0.5444444444444444 0.2447916666666667 0.5796296296296296 0.26927083333333335 0.5796296296296296
3 0.24843750000000006 0.5462962962962963 0.2239583333333334 0.5462962962962963 0.2239583333333334 0.5805555555555556 0.24843750000000006 0.5805555555555556
3 0.2177083333333334 0.5370370370370371 0.1958333333333334 0.5370370370370371 0.1958333333333334 0.5712962962962963 0.2177083333333334 0.5712962962962963
3 0.24010416666666673 0.5175925925925926 0.2161458333333334 0.5175925925925926 0.2161458333333334 0.5462962962962963 0.24010416666666673 0.5462962962962963
3 0.2645833333333334 0.4824074074074074 0.2411458333333334 0.4824074074074074 0.2411458333333334 0.5185185185185185 0.2645833333333334 0.5185185185185185
3 0.28177083333333336 0.5064814814814815 0.2614583333333334 0.5064814814814815 0.2614583333333334 0.5425925925925926 0.28177083333333336 0.5425925925925926
3 0.3796875 0.6546296296296297 0.35208333333333336 0.6546296296296297 0.35208333333333336 0.6962962962962963 0.3796875 0.6962962962962963
3 0.3921875 0.6231481481481481 0.37395833333333334 0.6231481481481481 0.37395833333333334 0.6537037037037037 0.3921875 0.6537037037037037
3 0.3984375 0.5157407407407407 0.3802083333333333 0.5157407407407407 0.3802083333333333 0.5425925925925926 0.3984375 0.5425925925925926
3 0.3614583333333333 0.5333333333333333 0.33697916666666666 0.5333333333333333 0.33697916666666666 0.5666666666666667 0.3614583333333333 0.5666666666666667
3 0.3489583333333333 0.5768518518518518 0.32760416666666664 0.5768518518518518 0.32760416666666664 0.6074074074074074 0.3489583333333333 0.6074074074074074
3 0.34322916666666664 0.6194444444444445 0.3229166666666667 0.6194444444444445 0.3229166666666667 0.6509259259259259 0.34322916666666664 0.6509259259259259
3 0.31875 0.6268518518518519 0.2921875 0.6268518518518519 0.2921875 0.662962962962963 0.31875 0.662962962962963
3 0.28802083333333334 0.5435185185185185 0.2708333333333333 0.5435185185185185 0.2708333333333333 0.5768518518518518 0.28802083333333334 0.5768518518518518
2 0.3333333333333333 0.49444444444444446 0.28125 0.49444444444444446 0.28125 0.5842592592592593 0.3333333333333333 0.5842592592592593
3 0.3125 0.49166666666666664 0.28802083333333334 0.49166666666666664 0.28802083333333334 0.5231481481481481 0.3125 0.5231481481481481
3 0.29583333333333334 0.4824074074074074 0.271875 0.4824074074074074 0.271875 0.512962962962963 0.29583333333333334 0.512962962962963
3 0.2833333333333333 0.4648148148148149 0.2614583333333334 0.4648148148148149 0.2614583333333334 0.4935185185185185 0.2833333333333333 0.4935185185185185
3 0.3171875 0.4564814814814816 0.296875 0.4564814814814816 0.296875 0.48148148148148145 0.3171875 0.48148148148148145
3 0.32916666666666666 0.4629629629629631 0.3098958333333333 0.4629629629629631 0.3098958333333333 0.4898148148148148 0.32916666666666666 0.4898148148148148
3 0.346875 0.48148148148148145 0.32916666666666666 0.48148148148148145 0.32916666666666666 0.5111111111111111 0.346875 0.5111111111111111
3 0.36302083333333335 0.45370370370370383 0.3453125 0.45370370370370383 0.3453125 0.4824074074074074 0.36302083333333335 0.4824074074074074
3 0.34479166666666666 0.42222222222222233 0.3234375 0.42222222222222233 0.3234375 0.44537037037037047 0.34479166666666666 0.44537037037037047
3 0.3145833333333333 0.4175925925925927 0.28541666666666665 0.4175925925925927 0.28541666666666665 0.4407407407407408 0.3145833333333333 0.4407407407407408
3 0.3541666666666667 0.3990740740740742 0.33645833333333336 0.3990740740740742 0.33645833333333336 0.42037037037037045 0.3541666666666667 0.42037037037037045
3 0.3453125 0.38796296296296306 0.32864583333333336 0.38796296296296306 0.32864583333333336 0.4092592592592594 0.3453125 0.4092592592592594
3 0.3572916666666667 0.3694444444444446 0.3416666666666667 0.3694444444444446 0.3416666666666667 0.3925925925925927 0.3572916666666667 0.3925925925925927
3 0.375 0.37592592592592605 0.3572916666666667 0.37592592592592605 0.3572916666666667 0.4000000000000001 0.375 0.4000000000000001
3 0.371875 0.35462962962962974 0.3567708333333333 0.35462962962962974 0.3567708333333333 0.3750000000000001 0.371875 0.3750000000000001
3 0.384375 0.338888888888889 0.36770833333333336 0.338888888888889 0.36770833333333336 0.3611111111111112 0.384375 0.3611111111111112
3 0.3958333333333333 0.35648148148148157 0.3765625 0.35648148148148157 0.3765625 0.3777777777777779 0.3958333333333333 0.3777777777777779
3 0.40208333333333335 0.36574074074074087 0.3854166666666667 0.36574074074074087 0.3854166666666667 0.3925925925925927 0.40208333333333335 0.3925925925925927
3 0.40625 0.38796296296296306 0.38958333333333334 0.38796296296296306 0.38958333333333334 0.413888888888889 0.40625 0.413888888888889
3 0.41875 0.36851851851851863 0.40260416666666665 0.36851851851851863 0.40260416666666665 0.39074074074074083 0.41875 0.39074074074074083
2 0.39427083333333335 0.388888888888889 0.3567708333333333 0.388888888888889 0.3567708333333333 0.45185185185185195 0.39427083333333335 0.45185185185185195
3 0.5864583333333333 0.6240740740740743 0.5515625 0.6240740740740743 0.5515625 0.6564814814814817 0.5864583333333333 0.6564814814814817
3 0.6276041666666666 0.5990740740740743 0.6041666666666666 0.5990740740740743 0.6041666666666666 0.6324074074074076 0.6276041666666666 0.6324074074074076
3 0.6380208333333334 0.552777777777778 0.6234375 0.552777777777778 0.6234375 0.5824074074074076 0.6380208333333334 0.5824074074074076
3 0.6317708333333333 0.5101851851851854 0.61875 0.5101851851851854 0.61875 0.5416666666666669 0.6317708333333333 0.5416666666666669
3 0.6333333333333333 0.4750000000000002 0.6192708333333333 0.4750000000000002 0.6192708333333333 0.502777777777778 0.6333333333333333 0.502777777777778
3 0.640625 0.4500000000000001 0.6270833333333333 0.4500000000000001 0.6270833333333333 0.47407407407407426 0.640625 0.47407407407407426
3 0.6473958333333333 0.41944444444444456 0.6333333333333333 0.41944444444444456 0.6333333333333333 0.4462962962962964 0.6473958333333333 0.4462962962962964
3 0.575 0.42962962962962975 0.5588541666666667 0.42962962962962975 0.5588541666666667 0.4601851851851853 0.575 0.4601851851851853
3 0.5609375 0.46574074074074084 0.5447916666666667 0.46574074074074084 0.5447916666666667 0.49444444444444463 0.5609375 0.49444444444444463
3 0.5526041666666667 0.48981481481481504 0.534375 0.48981481481481504 0.534375 0.5222222222222225 0.5526041666666667 0.5222222222222225
3 0.5395833333333333 0.5342592592592594 0.5208333333333334 0.5342592592592594 0.5208333333333334 0.5685185185185188 0.5395833333333333 0.5685185185185188
3 0.5239583333333333 0.5787037037037039 0.5104166666666666 0.5787037037037039 0.5104166666666666 0.6166666666666669 0.5239583333333333 0.6166666666666669
7 0.665625 0.6564814814814817 0.6604166666666667 0.6564814814814817 0.6604166666666667 0.6796296296296298 0.665625 0.6796296296296298
4 0.7520833333333333 0.1120370370370372 0.6723958333333333 0.1120370370370372 0.6723958333333333 0.18518518518518534 0.7520833333333333 0.18518518518518534
4 0.6677083333333333 0.11203703703703718 0.6291666666666667 0.11203703703703717 0.6291666666666667 0.1657407407407409 0.6677083333333333 0.1657407407407409
4 0.6411458333333333 0.17222222222222236 0.5817708333333333 0.17222222222222233 0.5817708333333333 0.23611111111111124 0.6411458333333333 0.23611111111111127
4 0.6020833333333333 0.2351851851851853 0.5567708333333333 0.2351851851851853 0.5567708333333333 0.3101851851851853 0.6020833333333333 0.3101851851851853
7 0.7296875 0.23703703703703724 0.7265625 0.23703703703703724 0.7265625 0.25092592592592616 0.7296875 0.25092592592592616
7 0.7375 0.25185185185185205 0.7348958333333333 0.25185185185185205 0.7348958333333333 0.264814814814815 0.7375 0.264814814814815
7 0.671875 0.22314814814814832 0.6692708333333334 0.22314814814814832 0.6692708333333334 0.23425925925925942 0.671875 0.23425925925925942
7 0.6692708333333334 0.22222222222222238 0.6671875 0.22222222222222238 0.6671875 0.23518518518518533 0.6692708333333334 0.23518518518518533
4 0.5572916666666666 0.3398148148148149 0.5229166666666667 0.3398148148148149 0.5229166666666667 0.4074074074074075 0.5572916666666666 0.4074074074074075
4 0.40364583333333337 0.8592592592592593 0.2838541666666667 0.8592592592592593 0.28385416666666674 1 0.4036458333333334 1
4 0.5838541666666667 0.6925925925925926 0.29375 0.6925925925925925 0.29375000000000007 0.8870370370370372 0.5838541666666667 0.8870370370370373
4 0.4192708333333333 0.6157407407407407 0.3859375 0.6157407407407407 0.3859375 0.6666666666666666 0.4192708333333333 0.6666666666666666
3 0.48020833333333335 0.33703703703703713 0.4666666666666667 0.33703703703703713 0.4666666666666667 0.35462962962962974 0.48020833333333335 0.35462962962962974
3 0.4317708333333333 0.34444444444444455 0.415625 0.34444444444444455 0.415625 0.3694444444444446 0.4317708333333333 0.3694444444444446
3 0.44479166666666664 0.3296296296296297 0.43020833333333336 0.3296296296296297 0.43020833333333336 0.3500000000000001 0.44479166666666664 0.3500000000000001
3 0.42604166666666665 0.33055555555555566 0.4140625 0.33055555555555566 0.4140625 0.35277777777777786 0.42604166666666665 0.35277777777777786
3 0.4140625 0.3250000000000001 0.40208333333333335 0.3250000000000001 0.40208333333333335 0.3462962962962964 0.4140625 0.3462962962962964
3 0.3953125 0.3240740740740742 0.38125 0.3240740740740742 0.38125 0.3435185185185186 0.3953125 0.3435185185185186
3 0.40625 0.30833333333333346 0.3932291666666667 0.30833333333333346 0.3932291666666667 0.32870370370370383 0.40625 0.32870370370370383
3 0.41510416666666666 0.2981481481481483 0.40260416666666665 0.2981481481481483 0.40260416666666665 0.3157407407407408 0.41510416666666666 0.3157407407407408
3 0.4265625 0.2861111111111112 0.4140625 0.2861111111111112 0.4140625 0.30277777777777787 0.4265625 0.30277777777777787
3 0.43645833333333334 0.2712962962962964 0.4234375 0.2712962962962964 0.4234375 0.288888888888889 0.43645833333333334 0.288888888888889
3 0.4453125 0.2601851851851853 0.43333333333333335 0.2601851851851853 0.43333333333333335 0.27685185185185196 0.4453125 0.27685185185185196
3 0.45208333333333334 0.25185185185185194 0.4427083333333333 0.25185185185185194 0.4427083333333333 0.2666666666666668 0.45208333333333334 0.2666666666666668
3 0.46197916666666666 0.24074074074074084 0.44947916666666665 0.24074074074074084 0.44947916666666665 0.25555555555555565 0.46197916666666666 0.25555555555555565
3 0.46145833333333336 0.2675925925925927 0.4479166666666667 0.2675925925925927 0.4479166666666667 0.28333333333333344 0.46145833333333336 0.28333333333333344
3 0.4375 0.3111111111111112 0.4244791666666667 0.3111111111111112 0.4244791666666667 0.3314814814814816 0.4375 0.3314814814814816
3 0.44895833333333335 0.31203703703703717 0.4390625 0.31203703703703717 0.4390625 0.33425925925925937 0.44895833333333335 0.33425925925925937
3 0.465625 0.2981481481481483 0.45208333333333334 0.2981481481481483 0.45208333333333334 0.32037037037037047 0.465625 0.32037037037037047
3 0.47552083333333334 0.288888888888889 0.4635416666666667 0.288888888888889 0.4635416666666667 0.30555555555555564 0.47552083333333334 0.30555555555555564
3 0.48385416666666664 0.2722222222222223 0.4713541666666667 0.2722222222222223 0.4713541666666667 0.288888888888889 0.48385416666666664 0.288888888888889
3 0.46979166666666666 0.23055555555555565 0.4625 0.23055555555555565 0.4625 0.25092592592592605 0.46979166666666666 0.25092592592592605
3 0.47604166666666664 0.22222222222222232 0.4661458333333333 0.22222222222222232 0.4661458333333333 0.2351851851851853 0.47604166666666664 0.2351851851851853
3 0.484375 0.21018518518518528 0.4744791666666667 0.21018518518518528 0.4744791666666667 0.22500000000000012 0.484375 0.22500000000000012
3 0.4890625 0.2027777777777779 0.4828125 0.2027777777777779 0.4828125 0.21574074074074084 0.4890625 0.21574074074074084
3 0.5041666666666667 0.21296296296296308 0.4921875 0.21296296296296308 0.4921875 0.22962962962962974 0.5041666666666667 0.22962962962962974
3 0.49635416666666665 0.19814814814814824 0.48802083333333335 0.19814814814814824 0.48802083333333335 0.21018518518518528 0.49635416666666665 0.21018518518518528
3 0.5026041666666666 0.18703703703703714 0.4942708333333333 0.18703703703703714 0.4942708333333333 0.20092592592592604 0.5026041666666666 0.20092592592592604
3 0.5140625 0.19537037037037047 0.503125 0.19537037037037047 0.503125 0.21111111111111122 0.5140625 0.21111111111111122
3 0.5203125 0.2212962962962964 0.5098958333333333 0.2212962962962964 0.5098958333333333 0.23611111111111122 0.5203125 0.23611111111111122
3 0.5270833333333333 0.20925925925925937 0.5197916666666667 0.20925925925925937 0.5197916666666667 0.22222222222222232 0.5270833333333333 0.22222222222222232
3 0.5098958333333333 0.23425925925925936 0.5015625 0.23425925925925936 0.5015625 0.2500000000000001 0.5098958333333333 0.2500000000000001
3 0.4869791666666667 0.2351851851851853 0.475 0.2351851851851853 0.475 0.25092592592592605 0.4869791666666667 0.25092592592592605
2 0.5026041666666666 0.23611111111111122 0.4786458333333333 0.23611111111111122 0.4786458333333333 0.27314814814814825 0.5026041666666666 0.27314814814814825
3 0.578125 0.17592592592592604 0.5703125 0.17592592592592604 0.5703125 0.188888888888889 0.578125 0.188888888888889
3 0.5083333333333333 0.18055555555555566 0.5010416666666667 0.18055555555555566 0.5010416666666667 0.1925925925925927 0.5083333333333333 0.1925925925925927
3 0.5140625 0.17222222222222233 0.5067708333333333 0.17222222222222233 0.5067708333333333 0.18425925925925937 0.5140625 0.18425925925925937
3 0.521875 0.16296296296296306 0.5130208333333334 0.16296296296296306 0.5130208333333334 0.1777777777777779 0.521875 0.1777777777777779
3 0.5265625 0.15833333333333344 0.5197916666666667 0.15833333333333344 0.5197916666666667 0.17037037037037048 0.5265625 0.17037037037037048
3 0.5338541666666666 0.15185185185185196 0.5239583333333333 0.15185185185185196 0.5239583333333333 0.16296296296296306 0.5338541666666666 0.16296296296296306
3 0.5427083333333333 0.14351851851851863 0.5348958333333333 0.14351851851851863 0.5348958333333333 0.15462962962962973 0.5427083333333333 0.15462962962962973
3 0.5541666666666667 0.1250000000000001 0.5458333333333333 0.1250000000000001 0.5458333333333333 0.1361111111111112 0.5541666666666667 0.1361111111111112
3 0.5651041666666666 0.11851851851851862 0.5572916666666666 0.11851851851851862 0.5572916666666666 0.12962962962962973 0.5651041666666666 0.12962962962962973
3 0.5770833333333333 0.11018518518518532 0.5692708333333333 0.11018518518518532 0.5692708333333333 0.11944444444444455 0.5770833333333333 0.11944444444444455
3 0.5854166666666667 0.10092592592592606 0.5791666666666667 0.10092592592592606 0.5791666666666667 0.11203703703703717 0.5854166666666667 0.11203703703703717
3 0.5921875 0.1166666666666668 0.5854166666666667 0.1166666666666668 0.5854166666666667 0.12685185185185197 0.5921875 0.12685185185185197
3 0.5927083333333333 0.14074074074074083 0.5854166666666667 0.14074074074074083 0.5854166666666667 0.15092592592592602 0.5927083333333333 0.15092592592592602
3 0.5765625 0.09444444444444458 0.5697916666666667 0.09444444444444458 0.5697916666666667 0.10462962962962977 0.5765625 0.10462962962962977
3 0.5791666666666667 0.09074074074074087 0.5739583333333333 0.09074074074074087 0.5739583333333333 0.10185185185185198 0.5791666666666667 0.10185185185185198
3 0.5833333333333334 0.08518518518518532 0.5776041666666667 0.08518518518518532 0.5776041666666667 0.09444444444444458 0.5833333333333334 0.09444444444444458
3 0.5875 0.08240740740740754 0.58125 0.08240740740740754 0.58125 0.08981481481481494 0.5875 0.08981481481481494
3 0.590625 0.07685185185185198 0.5848958333333333 0.07685185185185198 0.5848958333333333 0.08518518518518532 0.590625 0.08518518518518532
3 0.59375 0.09722222222222235 0.5875 0.09722222222222235 0.5875 0.11111111111111124 0.59375 0.11111111111111124
3 0.6015625 0.09722222222222235 0.5963541666666666 0.09722222222222235 0.5963541666666666 0.1055555555555557 0.6015625 0.1055555555555557
3 0.6026041666666667 0.08611111111111125 0.5963541666666666 0.08611111111111125 0.5963541666666666 0.09629629629629642 0.6026041666666667 0.09629629629629642
3 0.6182291666666667 0.10370370370370384 0.6125 0.10370370370370384 0.6125 0.11388888888888903 0.6182291666666667 0.11388888888888903
3 0.63125 0.08518518518518532 0.625 0.08518518518518532 0.625 0.09351851851851865 0.63125 0.09351851851851865
3 0.634375 0.055555555555555684 0.6286458333333333 0.055555555555555684 0.6286458333333333 0.06388888888888902 0.634375 0.06388888888888902
3 0.6338541666666667 0.041666666666666796 0.6291666666666667 0.041666666666666796 0.6291666666666667 0.050000000000000135 0.6338541666666667 0.050000000000000135
3 0.6151041666666667 0.06944444444444457 0.6098958333333333 0.06944444444444457 0.6098958333333333 0.07870370370370383 0.6151041666666667 0.07870370370370383
3 0.5963541666666666 0.06851851851851865 0.5911458333333334 0.06851851851851865 0.5911458333333334 0.07685185185185198 0.5963541666666666 0.07685185185185198
3 0.5994791666666667 0.06574074074074088 0.5953125 0.06574074074074088 0.5953125 0.07222222222222235 0.5994791666666667 0.07222222222222235
3 0.6046875 0.06111111111111124 0.6 0.06111111111111124 0.6 0.0703703703703705 0.6046875 0.0703703703703705
3 0.60625 0.05648148148148161 0.6020833333333333 0.05648148148148161 0.6020833333333333 0.06851851851851865 0.60625 0.06851851851851865
3 0.6088541666666667 0.05277777777777791 0.6041666666666666 0.05277777777777791 0.6041666666666666 0.060185185185185314 0.6088541666666667 0.060185185185185314
3 0.6125 0.050000000000000135 0.6078125 0.050000000000000135 0.6078125 0.05740740740740754 0.6125 0.05740740740740754
3 0.6197916666666666 0.045370370370370505 0.6135416666666667 0.045370370370370505 0.6135416666666667 0.05740740740740754 0.6197916666666666 0.05740740740740754
3 0.6229166666666667 0.03518518518518532 0.61875 0.03518518518518532 0.61875 0.04259259259259272 0.6229166666666667 0.04259259259259272
3 0.6255208333333333 0.03148148148148161 0.6213541666666667 0.03148148148148161 0.6213541666666667 0.03981481481481495 0.6255208333333333 0.03981481481481495
3 0.6276041666666666 0.028703703703703842 0.6244791666666667 0.028703703703703842 0.6244791666666667 0.03518518518518532 0.6276041666666666 0.03518518518518532
3 0.6322916666666667 0.024074074074074213 0.6286458333333333 0.024074074074074213 0.6286458333333333 0.029629629629629763 0.6322916666666667 0.029629629629629763
3 0.634375 0.019444444444444584 0.6307291666666667 0.019444444444444584 0.6307291666666667 0.025925925925926064 0.634375 0.025925925925926064
3 0.6369791666666667 0.017592592592592732 0.6333333333333333 0.017592592592592732 0.6333333333333333 0.023148148148148286 0.6369791666666667 0.023148148148148286
3 0.64375 0.008333333333333474 0.6401041666666667 0.008333333333333472 0.6401041666666667 0.016666666666666805 0.64375 0.016666666666666805
3 0.013541666666666709 0.6111111111111112 4.209723372069027e-17 0.6111111111111112 4.2990205345068545e-17 0.6370370370370371 0.01354166666666671 0.6370370370370371
3 0.018750000000000037 0.5675925925925925 3.909940041027747e-17 0.5675925925925925 3.986480465974457e-17 0.5898148148148148 0.018750000000000037 0.5898148148148148
3 0.028125000000000042 0.587037037037037 4.0438857846844896e-17 0.587037037037037 4.152318053358994e-17 0.6185185185185185 0.028125000000000046 0.6185185185185185
3 0.043750000000000046 0.5722222222222222 0.011979166666666707 0.5722222222222222 0.011979166666666707 0.6037037037037037 0.043750000000000046 0.6037037037037037
3 0.06041666666666671 0.5574074074074075 0.026041666666666703 0.5574074074074075 0.026041666666666703 0.5851851851851851 0.06041666666666671 0.5851851851851851
3 0.07083333333333336 0.5462962962962963 0.042187500000000044 0.5462962962962963 0.042187500000000044 0.5731481481481482 0.07083333333333336 0.5731481481481482
3 0.08281250000000002 0.5333333333333333 0.0557291666666667 0.5333333333333333 0.055729166666666705 0.5583333333333333 0.08281250000000002 0.5583333333333333
3 0.09895833333333336 0.512962962962963 0.07031250000000003 0.512962962962963 0.07031250000000003 0.5435185185185185 0.09895833333333336 0.5435185185185185
3 0.0729166666666667 0.5148148148148148 0.04843750000000003 0.5148148148148148 0.048437500000000036 0.5388888888888889 0.0729166666666667 0.5388888888888889
3 0.1364583333333334 0.5092592592592593 0.11041666666666669 0.5092592592592593 0.11041666666666669 0.537962962962963 0.1364583333333334 0.537962962962963
3 0.11562500000000003 0.5037037037037037 0.09062500000000002 0.5037037037037037 0.09062500000000002 0.525 0.11562500000000003 0.525
3 0.1088541666666667 0.4759259259259259 0.0807291666666667 0.4759259259259259 0.0807291666666667 0.5046296296296297 0.1088541666666667 0.5046296296296297
3 0.1322916666666667 0.48703703703703705 0.10156250000000003 0.48703703703703705 0.10156250000000003 0.5120370370370371 0.1322916666666667 0.5120370370370371
3 0.1458333333333334 0.4740740740740741 0.11822916666666669 0.4740740740740741 0.11822916666666669 0.4981481481481482 0.1458333333333334 0.4981481481481482
3 0.13020833333333337 0.45555555555555555 0.10781250000000003 0.45555555555555555 0.10781250000000003 0.4759259259259259 0.13020833333333337 0.4759259259259259
3 0.15312500000000007 0.43148148148148147 0.1307291666666667 0.43148148148148147 0.1307291666666667 0.45740740740740743 0.15312500000000007 0.45740740740740743
3 0.15416666666666673 0.462037037037037 0.12968750000000004 0.462037037037037 0.12968750000000004 0.487962962962963 0.15416666666666673 0.487962962962963
3 0.17500000000000007 0.4583333333333333 0.15260416666666674 0.4583333333333333 0.15260416666666674 0.4925925925925926 0.17500000000000007 0.4925925925925926
3 0.17395833333333338 0.4398148148148148 0.14791666666666672 0.4398148148148148 0.14791666666666672 0.462037037037037 0.17395833333333338 0.462037037037037
3 0.1822916666666667 0.4361111111111111 0.15781250000000005 0.4361111111111111 0.15781250000000005 0.4537037037037037 0.1822916666666667 0.4537037037037037
3 0.19375000000000003 0.4222222222222222 0.16927083333333334 0.4222222222222222 0.16927083333333337 0.4462962962962963 0.19375000000000006 0.4462962962962963
3 0.17656250000000004 0.412962962962963 0.1578125 0.412962962962963 0.15781250000000002 0.43333333333333335 0.17656250000000007 0.43333333333333335
3 0.2708333333333333 0.388888888888889 0.25364583333333335 0.388888888888889 0.25364583333333335 0.41018518518518526 0.2708333333333333 0.41018518518518526
3 0.2630208333333333 0.37407407407407417 0.246875 0.37407407407407417 0.246875 0.39444444444444454 0.2630208333333333 0.39444444444444454
3 0.24479166666666666 0.3740740740740741 0.22083333333333333 0.37407407407407406 0.22083333333333333 0.39351851851851855 0.24479166666666666 0.3935185185185186
3 0.24947916666666667 0.3657407407407408 0.2296875 0.36574074074074076 0.2296875 0.38518518518518524 0.24947916666666667 0.3851851851851853
3 0.23333333333333334 0.33611111111111114 0.22135416666666666 0.33611111111111114 0.22135416666666666 0.35462962962962963 0.23333333333333334 0.35462962962962963
3 0.24427083333333333 0.32777777777777783 0.23541666666666666 0.3277777777777778 0.23541666666666666 0.3444444444444445 0.24427083333333333 0.34444444444444455
3 0.25625 0.31944444444444453 0.24583333333333332 0.31944444444444453 0.24583333333333332 0.3361111111111112 0.25625 0.3361111111111112
3 0.26614583333333336 0.3074074074074075 0.25625 0.3074074074074075 0.25625 0.32685185185185195 0.26614583333333336 0.32685185185185195
3 0.28125 0.35648148148148157 0.2625 0.35648148148148157 0.2625 0.37407407407407417 0.28125 0.37407407407407417
3 0.259375 0.3564814814814815 0.2390625 0.35648148148148145 0.2390625 0.3740740740740741 0.259375 0.37407407407407417
3 0.26510416666666664 0.3500000000000001 0.24583333333333332 0.3500000000000001 0.24583333333333332 0.3694444444444446 0.26510416666666664 0.3694444444444446
3 0.2765625 0.3416666666666668 0.25364583333333335 0.3416666666666668 0.25364583333333335 0.35833333333333345 0.2765625 0.35833333333333345
3 0.2828125 0.33425925925925937 0.2625 0.33425925925925937 0.2625 0.35185185185185197 0.2828125 0.35185185185185197
3 0.3046875 0.3296296296296297 0.2864583333333333 0.3296296296296297 0.2864583333333333 0.35092592592592603 0.3046875 0.35092592592592603
3 0.2890625 0.3277777777777779 0.26875 0.3277777777777779 0.26875 0.3462962962962964 0.2890625 0.3462962962962964
3 0.2947916666666667 0.3212962962962964 0.275 0.3212962962962964 0.275 0.33703703703703713 0.2947916666666667 0.33703703703703713
3 0.2994791666666667 0.31481481481481494 0.2828125 0.31481481481481494 0.2828125 0.33055555555555566 0.2994791666666667 0.33055555555555566
3 0.30625 0.30833333333333346 0.29010416666666666 0.30833333333333346 0.29010416666666666 0.3240740740740742 0.30625 0.3240740740740742
3 0.31979166666666664 0.29537037037037045 0.3 0.29537037037037045 0.3 0.3101851851851853 0.31979166666666664 0.3101851851851853
3 0.325 0.30833333333333346 0.3072916666666667 0.30833333333333346 0.3072916666666667 0.3296296296296297 0.325 0.3296296296296297
3 0.34010416666666665 0.29537037037037045 0.3255208333333333 0.29537037037037045 0.3255208333333333 0.31296296296296305 0.34010416666666665 0.31296296296296305
3 0.3567708333333333 0.2787037037037038 0.3421875 0.2787037037037038 0.3421875 0.29444444444444456 0.3567708333333333 0.29444444444444456
3 0.32760416666666664 0.28518518518518526 0.3078125 0.28518518518518526 0.3078125 0.3037037037037038 0.32760416666666664 0.3037037037037038
3 0.3338541666666667 0.28333333333333344 0.31875 0.28333333333333344 0.31875 0.2962962962962964 0.3338541666666667 0.2962962962962964
3 0.33958333333333335 0.27685185185185196 0.32395833333333335 0.27685185185185196 0.32395833333333335 0.29074074074074086 0.33958333333333335 0.29074074074074086
3 0.34427083333333336 0.2675925925925927 0.3260416666666667 0.2675925925925927 0.3260416666666667 0.2842592592592594 0.34427083333333336 0.2842592592592594
3 0.35208333333333336 0.26481481481481495 0.3338541666666667 0.26481481481481495 0.3338541666666667 0.27962962962962973 0.35208333333333336 0.27962962962962973
3 0.3572916666666667 0.2601851851851853 0.3375 0.2601851851851853 0.3375 0.2750000000000001 0.3572916666666667 0.2750000000000001
3 0.3619791666666667 0.25462962962962976 0.34427083333333336 0.25462962962962976 0.34427083333333336 0.26944444444444454 0.3619791666666667 0.26944444444444454
3 0.3692708333333333 0.24907407407407417 0.35104166666666664 0.24907407407407417 0.35104166666666664 0.26574074074074083 0.3692708333333333 0.26574074074074083
3 0.37395833333333334 0.24444444444444455 0.35572916666666665 0.24444444444444455 0.35572916666666665 0.25740740740740753 0.37395833333333334 0.25740740740740753
3 0.28125 0.2935185185185186 0.27291666666666664 0.2935185185185186 0.27291666666666664 0.30925925925925934 0.28125 0.30925925925925934
3 0.2953125 0.27962962962962973 0.284375 0.27962962962962973 0.284375 0.29722222222222233 0.2953125 0.29722222222222233
3 0.3046875 0.2703703703703705 0.2942708333333333 0.2703703703703705 0.2942708333333333 0.28703703703703715 0.3046875 0.28703703703703715
3 0.3182291666666667 0.25740740740740753 0.3067708333333333 0.25740740740740753 0.3067708333333333 0.27685185185185196 0.3182291666666667 0.27685185185185196
3 0.32447916666666665 0.2527777777777779 0.3145833333333333 0.2527777777777779 0.3145833333333333 0.2685185185185186 0.32447916666666665 0.2685185185185186
3 0.33125 0.2453703703703705 0.3223958333333333 0.2453703703703705 0.3223958333333333 0.26111111111111124 0.33125 0.26111111111111124
3 0.33958333333333335 0.23703703703703713 0.3302083333333333 0.23703703703703713 0.3302083333333333 0.25462962962962976 0.33958333333333335 0.25462962962962976
3 0.34791666666666665 0.23148148148148154 0.3375 0.23148148148148154 0.3375 0.24722222222222232 0.34791666666666665 0.24722222222222232
3 0.35989583333333336 0.22592592592592597 0.3421875 0.22592592592592597 0.3421875 0.23981481481481493 0.35989583333333336 0.23981481481481493
3 0.36614583333333334 0.21759259259259267 0.3489583333333333 0.21759259259259264 0.3489583333333333 0.23055555555555562 0.36614583333333334 0.23055555555555565
3 0.3729166666666667 0.2120370370370371 0.3567708333333333 0.21203703703703708 0.3567708333333333 0.2250000000000001 0.3729166666666667 0.22500000000000012
3 0.38385416666666666 0.20092592592592604 0.371875 0.20092592592592604 0.371875 0.2185185185185186 0.38385416666666666 0.2185185185185186
3 0.3890625 0.19814814814814824 0.3765625 0.19814814814814824 0.3765625 0.20925925925925937 0.3890625 0.20925925925925937
3 0.396875 0.19074074074074085 0.3828125 0.19074074074074085 0.3828125 0.19907407407407418 0.396875 0.19907407407407418
3 0.4015625 0.18055555555555566 0.38958333333333334 0.18055555555555566 0.38958333333333334 0.19351851851851862 0.4015625 0.19351851851851862
3 0.4083333333333333 0.17592592592592604 0.39791666666666664 0.17592592592592604 0.39791666666666664 0.18796296296296308 0.4083333333333333 0.18796296296296308
3 0.41510416666666666 0.1712962962962964 0.403125 0.1712962962962964 0.403125 0.18240740740740752 0.41510416666666666 0.18240740740740752
3 0.4192708333333333 0.16666666666666677 0.40677083333333336 0.16666666666666677 0.40677083333333336 0.1777777777777779 0.4192708333333333 0.1777777777777779
3 0.43385416666666665 0.15462962962962973 0.4234375 0.15462962962962973 0.4234375 0.1675925925925927 0.43385416666666665 0.1675925925925927
3 0.4401041666666667 0.14722222222222234 0.43072916666666666 0.14722222222222234 0.43072916666666666 0.15925925925925938 0.4401041666666667 0.15925925925925938
3 0.446875 0.14166666666666677 0.43854166666666666 0.14166666666666677 0.43854166666666666 0.15370370370370381 0.446875 0.15370370370370381
3 0.4515625 0.1351851851851853 0.4453125 0.1351851851851853 0.4453125 0.1462962962962964 0.4515625 0.1462962962962964
3 0.459375 0.1314814814814816 0.4515625 0.1314814814814816 0.4515625 0.1425925925925927 0.459375 0.1425925925925927
3 0.465625 0.1250000000000001 0.45729166666666665 0.1250000000000001 0.45729166666666665 0.1361111111111112 0.465625 0.1361111111111112
3 0.4708333333333333 0.11944444444444455 0.4625 0.11944444444444455 0.4625 0.12962962962962973 0.4708333333333333 0.12962962962962973
3 0.478125 0.10833333333333343 0.4703125 0.10833333333333343 0.4703125 0.11851851851851862 0.478125 0.11851851851851862
3 0.3859375 0.22962962962962974 0.3697916666666667 0.22962962962962974 0.3697916666666667 0.24444444444444455 0.3859375 0.24444444444444455
3 0.40260416666666665 0.23055555555555565 0.3890625 0.23055555555555565 0.3890625 0.2462962962962964 0.40260416666666665 0.2462962962962964
3 0.4119791666666667 0.21481481481481493 0.4010416666666667 0.21481481481481493 0.4010416666666667 0.22962962962962974 0.4119791666666667 0.22962962962962974
3 0.42135416666666664 0.20833333333333343 0.41041666666666665 0.20833333333333343 0.41041666666666665 0.2212962962962964 0.42135416666666664 0.2212962962962964
3 0.3963541666666667 0.2212962962962964 0.378125 0.2212962962962964 0.378125 0.23425925925925936 0.3963541666666667 0.23425925925925936
3 0.40677083333333336 0.21018518518518528 0.3921875 0.21018518518518528 0.3921875 0.22500000000000012 0.40677083333333336 0.22500000000000012
3 0.4119791666666667 0.2027777777777779 0.39427083333333335 0.2027777777777779 0.39427083333333335 0.21574074074074084 0.4119791666666667 0.21574074074074084
3 0.4166666666666667 0.19722222222222233 0.40260416666666665 0.19722222222222233 0.40260416666666665 0.21111111111111122 0.4166666666666667 0.21111111111111122
3 0.4203125 0.19351851851851862 0.40677083333333336 0.19351851851851862 0.40677083333333336 0.20925925925925937 0.4203125 0.20925925925925937
3 0.4244791666666667 0.19166666666666676 0.4114583333333333 0.19166666666666676 0.4114583333333333 0.20462962962962974 0.4244791666666667 0.20462962962962974
3 0.42864583333333334 0.18796296296296308 0.4140625 0.18796296296296308 0.4140625 0.20185185185185195 0.42864583333333334 0.20185185185185195
3 0.4317708333333333 0.18240740740740752 0.4171875 0.18240740740740752 0.4171875 0.19537037037037047 0.4317708333333333 0.19537037037037047
3 0.4359375 0.17962962962962972 0.42291666666666666 0.17962962962962972 0.42291666666666666 0.1925925925925927 0.4359375 0.1925925925925927
3 0.4395833333333333 0.1750000000000001 0.425 0.1750000000000001 0.425 0.18796296296296308 0.4395833333333333 0.18796296296296308
3 0.44479166666666664 0.16944444444444454 0.4270833333333333 0.16944444444444454 0.4270833333333333 0.18425925925925937 0.44479166666666664 0.18425925925925937
3 0.4484375 0.16944444444444454 0.4322916666666667 0.16944444444444454 0.4322916666666667 0.18240740740740752 0.4484375 0.18240740740740752
3 0.45260416666666664 0.16666666666666677 0.43645833333333334 0.16666666666666677 0.43645833333333334 0.17592592592592604 0.45260416666666664 0.17592592592592604
3 0.4546875 0.1611111111111112 0.4375 0.1611111111111112 0.4375 0.1750000000000001 0.4546875 0.1750000000000001
3 0.45625 0.15833333333333344 0.4427083333333333 0.15833333333333344 0.4427083333333333 0.16851851851851862 0.45625 0.16851851851851862
3 0.459375 0.15370370370370381 0.44583333333333336 0.15370370370370381 0.44583333333333336 0.16574074074074086 0.459375 0.16574074074074086
3 0.46510416666666665 0.15185185185185196 0.4484375 0.15185185185185196 0.4484375 0.163888888888889 0.46510416666666665 0.163888888888889
3 0.46770833333333334 0.15092592592592602 0.45208333333333334 0.15092592592592602 0.45208333333333334 0.1601851851851853 0.46770833333333334 0.1601851851851853
3 0.4713541666666667 0.1425925925925927 0.4557291666666667 0.1425925925925927 0.4557291666666667 0.15555555555555567 0.4713541666666667 0.15555555555555567
3 0.4734375 0.14074074074074083 0.45989583333333334 0.14074074074074083 0.45989583333333334 0.15277777777777787 0.4734375 0.15277777777777787
3 0.47760416666666666 0.1361111111111112 0.4640625 0.1361111111111112 0.4640625 0.14722222222222234 0.47760416666666666 0.14722222222222234
3 0.48125 0.13333333333333344 0.46822916666666664 0.13333333333333344 0.46822916666666664 0.1425925925925927 0.48125 0.1425925925925927
3 0.4869791666666667 0.12685185185185197 0.47291666666666665 0.12685185185185197 0.47291666666666665 0.13796296296296306 0.4869791666666667 0.13796296296296306
3 0.49375 0.1212962962962964 0.4796875 0.1212962962962964 0.4796875 0.13333333333333344 0.49375 0.13333333333333344
3 0.49635416666666665 0.11944444444444455 0.48385416666666664 0.11944444444444455 0.48385416666666664 0.12962962962962973 0.49635416666666665 0.12962962962962973
3 0.4973958333333333 0.11574074074074085 0.4859375 0.11574074074074085 0.4859375 0.12314814814814826 0.4973958333333333 0.12314814814814826
3 0.5036458333333333 0.11111111111111122 0.48854166666666665 0.11111111111111122 0.48854166666666665 0.12222222222222233 0.5036458333333333 0.12222222222222233
4 0.5713541666666667 0.03425925925925937 0.5067708333333333 0.034259259259259364 0.5067708333333333 0.10185185185185197 0.5713541666666667 0.10185185185185198
4 0.6151041666666667 1.2921157663226007e-16 0.571875 1.2450575791331425e-16 0.571875 0.0453703703703705 0.6151041666666667 0.045370370370370505
4 0.4661458333333333 0.08240740740740751 0.4322916666666667 0.08240740740740751 0.4322916666666667 0.11296296296296307 0.4661458333333333 0.11296296296296307
7 0.19739583333333338 0.9472222222222222 0.1911458333333334 0.9472222222222222 0.1911458333333334 0.9722222222222222 0.19739583333333338 0.9722222222222222
1 0.20156250000000006 0.9490740740740741 0.18541666666666673 0.9490740740740741 0.18541666666666673 0.9740740740740741 0.20156250000000006 0.9740740740740741
8 0.10833333333333339 0.9703703703703703 0.09791666666666672 0.9703703703703703 0.09791666666666672 0.9935185185185185 0.10833333333333339 0.9935185185185185
1 0.11510416666666673 0.9768518518518519 0.09635416666666673 0.9768518518518519 0.09635416666666673 0.9990740740740741 0.11510416666666673 0.9990740740740741