7 0.6375 0.6629629629629632 0.63125 0.6629629629629632 0.63125 0.6990740740740743 0.6375 0.6990740740740743
3 0.3468750000000001 0.9111111111111111 0.2942708333333334 0.9111111111111111 0.2942708333333334 1 0.3468750000000001 1
7 0.3307291666666668 0.8740740740740741 0.32083333333333347 0.8740740740740741 0.32083333333333347 0.9222222222222223 0.3307291666666668 0.9222222222222223
8 0.3307291666666668 0.8898148148148148 0.3260416666666668 0.8898148148148148 0.3260416666666668 0.9120370370370371 0.3307291666666668 0.9120370370370371
8 0.33645833333333347 0.8861111111111111 0.32239583333333344 0.8861111111111111 0.32239583333333344 0.9222222222222223 0.33645833333333347 0.9222222222222223
5 0.3390625000000001 0.8962962962962963 0.3197916666666668 0.8962962962962963 0.3197916666666668 0.9194444444444444 0.3390625000000001 0.9194444444444444
11 0.3583333333333334 0.8268518518518518 0.32135416666666666 0.8268518518518518 0.3213541666666667 0.9009259259259259 0.35833333333333345 0.9009259259259259
3 0.38385416666666666 0.7685185185185185 0.34739583333333335 0.7685185185185185 0.34739583333333335 0.8314814814814815 0.38385416666666666 0.8314814814814815
8 0.4973958333333334 0.9009259259259261 0.4869791666666668 0.9009259259259261 0.4869791666666668 0.9416666666666669 0.4973958333333334 0.9416666666666669
1 0.4968750000000001 0.9074074074074077 0.48645833333333344 0.9074074074074077 0.48645833333333344 0.95 0.4968750000000001 0.95
8 0.5250000000000001 0.9138888888888891 0.5151041666666668 0.9138888888888891 0.5151041666666668 0.9537037037037037 0.5250000000000001 0.9537037037037037
1 0.5255208333333334 0.9212962962962965 0.5145833333333335 0.9212962962962965 0.5145833333333335 0.9611111111111111 0.5255208333333334 0.9611111111111111
8 0.6359375 0.9546296296296296 0.6265625 0.9546296296296296 0.6265625 0.9935185185185185 0.6359375 0.9935185185185185
8 0.6463541666666667 0.9666666666666667 0.6348958333333333 0.9666666666666667 0.6348958333333333 0.9990740740740741 0.6463541666666667 0.9990740740740741
8 0.4468750000000001 0.8305555555555556 0.4375 0.8305555555555556 0.43750000000000006 0.8657407407407407 0.44687500000000013 0.8657407407407407
5 0.44843750000000004 0.8398148148148148 0.4375 0.8398148148148148 0.43750000000000006 0.8768518518518519 0.4484375000000001 0.8768518518518519
8 0.4713541666666667 0.825925925925926 0.46197916666666666 0.825925925925926 0.46197916666666666 0.8592592592592593 0.4713541666666667 0.8592592592592593
5 0.4723958333333334 0.8277777777777777 0.4609375 0.8277777777777777 0.46093750000000006 0.8685185185185185 0.47239583333333346 0.8685185185185185
7 0.4197916666666667 0.7398148148148148 0.4114583333333333 0.7398148148148148 0.4114583333333333 0.7796296296296297 0.4197916666666667 0.7796296296296297
7 0.4083333333333333 0.7379629629629629 0.4005208333333333 0.7379629629629629 0.4005208333333333 0.7787037037037037 0.4083333333333333 0.7787037037037037
7 0.39895833333333336 0.7462962962962963 0.390625 0.7462962962962963 0.390625 0.7870370370370371 0.39895833333333336 0.7870370370370371
3 0.4036458333333333 0.6935185185185185 0.37135416666666665 0.6935185185185185 0.37135416666666665 0.7620370370370371 0.4036458333333333 0.7620370370370371
8 0.42239583333333336 0.6731481481481482 0.41302083333333334 0.6731481481481482 0.41302083333333334 0.7074074074074074 0.42239583333333336 0.7074074074074074
5 0.42083333333333334 0.6824074074074075 0.41302083333333334 0.6824074074074075 0.41302083333333334 0.7111111111111111 0.42083333333333334 0.7111111111111111
7 0.43333333333333335 0.6472222222222223 0.42604166666666665 0.6472222222222223 0.42604166666666665 0.6814814814814815 0.43333333333333335 0.6814814814814815
5 0.01614583333333339 0.825 5.683126552293186e-17 0.825 5.766045345985454e-17 0.8490740740740741 0.016145833333333394 0.8490740740740741
5 0.10989583333333339 0.7388888888888889 0.08177083333333339 0.7388888888888889 0.08177083333333339 0.7666666666666667 0.10989583333333339 0.7666666666666667
7 0.10833333333333339 0.7333333333333333 0.09635416666666673 0.7333333333333333 0.09635416666666673 0.7685185185185185 0.10833333333333339 0.7685185185185185
5 0.17031250000000006 0.7527777777777778 0.1395833333333334 0.7527777777777778 0.1395833333333334 0.7842592592592592 0.17031250000000006 0.7842592592592592
5 0.16041666666666674 0.7703703703703704 0.14010416666666672 0.7703703703703704 0.14010416666666672 0.799074074074074 0.16041666666666674 0.799074074074074
5 0.2098958333333334 0.6990740740740741 0.1848958333333334 0.6990740740740741 0.1848958333333334 0.7287037037037037 0.2098958333333334 0.7287037037037037
5 0.22343750000000007 0.6064814814814815 0.20468750000000005 0.6064814814814815 0.20468750000000005 0.6314814814814815 0.22343750000000007 0.6314814814814815
11 0.1911458333333334 0.6212962962962963 0.1489583333333334 0.6212962962962963 0.1489583333333334 0.6842592592592592 0.1911458333333334 0.6842592592592592
5 0.2541666666666667 0.5787037037037037 0.24062500000000006 0.5787037037037037 0.24062500000000006 0.600925925925926 0.2541666666666667 0.600925925925926
5 0.25781250000000006 0.5731481481481482 0.2427083333333334 0.5731481481481482 0.2427083333333334 0.5962962962962963 0.25781250000000006 0.5962962962962963
8 0.2427083333333334 0.5611111111111111 0.23437500000000006 0.5611111111111111 0.23437500000000006 0.5787037037037037 0.2427083333333334 0.5787037037037037
5 0.275 0.5555555555555556 0.25781250000000006 0.5555555555555556 0.25781250000000006 0.5768518518518518 0.275 0.5768518518518518
8 0.2703125 0.5518518518518518 0.2645833333333334 0.5518518518518518 0.2645833333333334 0.562037037037037 0.2703125 0.562037037037037
1 0.28020833333333334 0.5518518518518518 0.26302083333333337 0.5518518518518518 0.26302083333333337 0.5703703703703704 0.28020833333333334 0.5703703703703704
5 0.2916666666666667 0.5296296296296297 0.284375 0.5296296296296297 0.284375 0.5509259259259259 0.2916666666666667 0.5509259259259259
7 0.3098958333333333 0.5101851851851852 0.30572916666666666 0.5101851851851852 0.30572916666666666 0.5259259259259259 0.3098958333333333 0.5259259259259259
7 0.3171875 0.5009259259259259 0.3125 0.5009259259259259 0.3125 0.5203703703703704 0.3171875 0.5203703703703704
7 0.32135416666666666 0.487962962962963 0.3151041666666667 0.487962962962963 0.3151041666666667 0.5138888888888888 0.32135416666666666 0.5138888888888888
8 0.36354166666666665 0.42777777777777787 0.3578125 0.42777777777777787 0.3578125 0.44351851851851865 0.36354166666666665 0.44351851851851865
3 0.39739583333333334 0.5796296296296296 0.37135416666666665 0.5796296296296296 0.37135416666666665 0.6138888888888889 0.39739583333333334 0.6138888888888889
8 0.28020833333333334 0.5787037037037037 0.27447916666666666 0.5787037037037037 0.27447916666666666 0.6 0.28020833333333334 0.6
8 0.28489583333333335 0.5805555555555556 0.2791666666666667 0.5805555555555556 0.2791666666666667 0.6 0.28489583333333335 0.6
8 0.28125 0.5722222222222222 0.2755208333333333 0.5722222222222222 0.2755208333333333 0.5962962962962963 0.28125 0.5962962962962963
8 0.28958333333333336 0.5731481481481482 0.2833333333333333 0.5731481481481482 0.2833333333333333 0.5944444444444444 0.28958333333333336 0.5944444444444444
8 0.29635416666666664 0.575 0.29010416666666666 0.575 0.29010416666666666 0.5935185185185186 0.29635416666666664 0.5935185185185186
8 0.30416666666666664 0.5675925925925925 0.29739583333333336 0.5675925925925925 0.29739583333333336 0.5907407407407408 0.30416666666666664 0.5907407407407408
8 0.296875 0.5675925925925925 0.290625 0.5675925925925925 0.290625 0.5879629629629629 0.296875 0.5879629629629629
8 0.30104166666666665 0.5601851851851852 0.29583333333333334 0.5601851851851852 0.29583333333333334 0.5787037037037037 0.30104166666666665 0.5787037037037037
8 0.30520833333333336 0.5453703703703704 0.29739583333333336 0.5453703703703704 0.29739583333333336 0.5611111111111111 0.30520833333333336 0.5611111111111111
8 0.31197916666666664 0.5472222222222223 0.3046875 0.5472222222222223 0.3046875 0.5648148148148148 0.31197916666666664 0.5648148148148148
8 0.31927083333333334 0.5435185185185185 0.3145833333333333 0.5435185185185185 0.3145833333333333 0.5611111111111111 0.31927083333333334 0.5611111111111111
8 0.315625 0.5407407407407407 0.309375 0.5407407407407407 0.309375 0.5601851851851852 0.315625 0.5601851851851852
8 0.32864583333333336 0.5203703703703704 0.321875 0.5203703703703704 0.321875 0.5407407407407407 0.32864583333333336 0.5407407407407407
8 0.33541666666666664 0.5185185185185185 0.32864583333333336 0.5185185185185185 0.32864583333333336 0.5361111111111111 0.33541666666666664 0.5361111111111111
8 0.3390625 0.49722222222222223 0.33125 0.49722222222222223 0.33125 0.5212962962962963 0.3390625 0.5212962962962963
8 0.3453125 0.5037037037037037 0.3380208333333333 0.5037037037037037 0.3380208333333333 0.5203703703703704 0.3453125 0.5203703703703704
8 0.3411458333333333 0.49444444444444446 0.3359375 0.49444444444444446 0.3359375 0.5138888888888888 0.3411458333333333 0.5138888888888888
8 0.3385416666666667 0.49166666666666664 0.33541666666666664 0.49166666666666664 0.33541666666666664 0.5101851851851852 0.3385416666666667 0.5101851851851852
4 0.35208333333333336 0.4898148148148148 0.34322916666666664 0.4898148148148148 0.34322916666666664 0.5009259259259259 0.35208333333333336 0.5009259259259259
5 0.3729166666666667 0.4611111111111112 0.3572916666666667 0.4611111111111112 0.3572916666666667 0.4787037037037037 0.3729166666666667 0.4787037037037037
8 0.39791666666666664 0.4166666666666668 0.3927083333333333 0.4166666666666668 0.3927083333333333 0.43333333333333346 0.39791666666666664 0.43333333333333346
3 0.5729166666666666 0.6259259259259261 0.5484375 0.6259259259259261 0.5484375 0.6666666666666669 0.5729166666666666 0.6666666666666669
3 0.5609375 0.5574074074074076 0.5411458333333333 0.5574074074074076 0.5411458333333333 0.5935185185185188 0.5609375 0.5935185185185188
3 0.5703125 0.5166666666666668 0.5520833333333334 0.5166666666666668 0.5520833333333334 0.5500000000000002 0.5703125 0.5500000000000002
7 0.5411458333333333 0.5509259259259262 0.534375 0.5509259259259262 0.534375 0.5768518518518521 0.5411458333333333 0.5768518518518521
0 0.5520833333333334 0.603703703703704 0.5421875 0.603703703703704 0.5421875 0.6425925925925928 0.5520833333333334 0.6425925925925928
8 0.5229166666666667 0.6444444444444447 0.5151041666666667 0.6444444444444447 0.5151041666666667 0.6694444444444446 0.5229166666666667 0.6694444444444446
5 0.5223958333333333 0.6500000000000002 0.5151041666666667 0.6500000000000002 0.5151041666666667 0.677777777777778 0.5223958333333333 0.677777777777778
3 0.4317708333333333 0.5814814814814815 0.4078125 0.5814814814814815 0.4078125 0.6333333333333333 0.4317708333333333 0.6333333333333333
8 0.459375 0.6259259259259259 0.45208333333333334 0.6259259259259259 0.45208333333333334 0.6509259259259259 0.459375 0.6509259259259259
5 0.459375 0.6324074074074074 0.45260416666666664 0.6324074074074074 0.45260416666666664 0.6601851851851852 0.459375 0.6601851851851852
8 0.4869791666666667 0.6046296296296297 0.48020833333333335 0.6046296296296296 0.48020833333333335 0.625925925925926 0.4869791666666667 0.6259259259259261
8 0.49895833333333334 0.6064814814814817 0.49166666666666664 0.6064814814814817 0.49166666666666664 0.627777777777778 0.49895833333333334 0.627777777777778
8 0.4979166666666667 0.6157407407407409 0.49270833333333336 0.6157407407407409 0.49270833333333336 0.6314814814814816 0.4979166666666667 0.6314814814814816
5 0.49947916666666664 0.6120370370370373 0.49270833333333336 0.6120370370370373 0.49270833333333336 0.6342592592592595 0.49947916666666664 0.6342592592592595
8 0.5416666666666666 0.6009259259259261 0.5333333333333333 0.6009259259259261 0.5333333333333333 0.6240740740740743 0.5416666666666666 0.6240740740740743
8 0.5416666666666666 0.5981481481481483 0.5333333333333333 0.5981481481481483 0.5333333333333333 0.6250000000000002 0.5416666666666666 0.6250000000000002
5 0.5421875 0.6000000000000002 0.5333333333333333 0.6000000000000002 0.5333333333333333 0.6268518518518521 0.5421875 0.6268518518518521
3 0.5276041666666667 0.5731481481481484 0.5072916666666667 0.5731481481481484 0.5072916666666667 0.614814814814815 0.5276041666666667 0.614814814814815
8 0.5296875 0.552777777777778 0.5239583333333333 0.552777777777778 0.5239583333333333 0.5750000000000002 0.5296875 0.5750000000000002
5 0.5286458333333334 0.5574074074074076 0.5223958333333333 0.5574074074074076 0.5223958333333333 0.5787037037037039 0.5286458333333334 0.5787037037037039
7 0.4453125 0.5833333333333334 0.4401041666666667 0.5833333333333334 0.4401041666666667 0.6074074074074074 0.4453125 0.6074074074074074
7 0.44166666666666665 0.5777777777777777 0.43697916666666664 0.5777777777777777 0.43697916666666664 0.6037037037037037 0.44166666666666665 0.6037037037037037
7 0.43645833333333334 0.575 0.43125 0.575 0.43125 0.6046296296296296 0.43645833333333334 0.6046296296296296
7 0.44375 0.5703703703703704 0.4395833333333333 0.5703703703703704 0.4395833333333333 0.5990740740740741 0.44375 0.5990740740740741
3 0.446875 0.5564814814814815 0.4244791666666667 0.5564814814814815 0.4244791666666667 0.5925925925925926 0.446875 0.5925925925925926
3 0.4557291666666667 0.5296296296296297 0.43385416666666665 0.5296296296296297 0.43385416666666665 0.5648148148148148 0.4557291666666667 0.5648148148148148
8 0.46145833333333336 0.5861111111111111 0.4546875 0.5861111111111111 0.4546875 0.6092592592592593 0.46145833333333336 0.6092592592592593
8 0.47552083333333334 0.5675925925925925 0.46979166666666666 0.5675925925925925 0.46979166666666666 0.5888888888888889 0.47552083333333334 0.5888888888888889
8 0.47760416666666666 0.5361111111111111 0.471875 0.5361111111111111 0.471875 0.5564814814814815 0.47760416666666666 0.5564814814814815
8 0.5119791666666667 0.5324074074074077 0.5026041666666666 0.5324074074074077 0.5026041666666666 0.5537037037037039 0.5119791666666667 0.5537037037037039
8 0.5119791666666667 0.5296296296296299 0.5057291666666667 0.5296296296296299 0.5057291666666667 0.551851851851852 0.5119791666666667 0.551851851851852
5 0.5125 0.5351851851851854 0.5041666666666667 0.5351851851851854 0.5041666666666667 0.5574074074074076 0.5125 0.5574074074074076
5 0.46041666666666664 0.5935185185185186 0.4546875 0.5935185185185186 0.4546875 0.6157407407407407 0.46041666666666664 0.6157407407407407
5 0.47552083333333334 0.5731481481481482 0.46927083333333336 0.5731481481481482 0.46927083333333336 0.5962962962962963 0.47552083333333334 0.5962962962962963
5 0.47760416666666666 0.5425925925925926 0.471875 0.5425925925925926 0.471875 0.5648148148148148 0.47760416666666666 0.5648148148148148
8 0.48854166666666665 0.5101851851851853 0.4828125 0.5101851851851852 0.4828125 0.5305555555555557 0.48854166666666665 0.5305555555555558
5 0.48854166666666665 0.514814814814815 0.4822916666666667 0.5148148148148148 0.4822916666666667 0.5370370370370371 0.48854166666666665 0.5370370370370372
5 0.4890625 0.5000000000000002 0.484375 0.5000000000000002 0.484375 0.5148148148148151 0.4890625 0.5148148148148151
8 0.4890625 0.49444444444444463 0.48489583333333336 0.49444444444444463 0.48489583333333336 0.5120370370370373 0.4890625 0.5120370370370373
3 0.5229166666666667 0.48796296296296315 0.5057291666666667 0.48796296296296315 0.5057291666666667 0.5194444444444447 0.5229166666666667 0.5194444444444447
7 0.46979166666666666 0.5009259259259259 0.46458333333333335 0.5009259259259259 0.46458333333333335 0.524074074074074 0.46979166666666666 0.524074074074074
9 0.46197916666666666 0.5037037037037037 0.4505208333333333 0.5037037037037037 0.4505208333333333 0.5333333333333333 0.46197916666666666 0.5333333333333333
3 0.46927083333333336 0.4759259259259259 0.44947916666666665 0.4759259259259259 0.44947916666666665 0.5101851851851852 0.46927083333333336 0.5101851851851852
3 0.4765625 0.4425925925925927 0.4635416666666667 0.4425925925925927 0.4635416666666667 0.46944444444444455 0.4765625 0.46944444444444455
3 0.48489583333333336 0.4231481481481483 0.4703125 0.4231481481481483 0.4703125 0.44537037037037047 0.48489583333333336 0.44537037037037047
7 0.4895833333333333 0.43055555555555564 0.48489583333333336 0.43055555555555564 0.48489583333333336 0.4527777777777779 0.4895833333333333 0.4527777777777779
10 0.5375 0.42222222222222233 0.5114583333333333 0.42222222222222233 0.5114583333333333 0.450925925925926 0.5375 0.450925925925926
8 0.5473958333333333 0.438888888888889 0.5416666666666666 0.438888888888889 0.5416666666666666 0.4564814814814816 0.5473958333333333 0.4564814814814816
5 0.5484375 0.4407407407407408 0.5427083333333333 0.4407407407407408 0.5427083333333333 0.45740740740740754 0.5484375 0.45740740740740754
8 0.5473958333333333 0.4074074074074075 0.5427083333333333 0.4074074074074075 0.5427083333333333 0.4212962962962964 0.5473958333333333 0.4212962962962964
5 0.5479166666666667 0.4092592592592594 0.5427083333333333 0.4092592592592594 0.5427083333333333 0.4250000000000001 0.5479166666666667 0.4250000000000001
8 0.5036458333333333 0.3935185185185186 0.5 0.3935185185185186 0.5 0.40833333333333344 0.5036458333333333 0.40833333333333344
5 0.5036458333333333 0.3972222222222223 0.49947916666666664 0.3972222222222223 0.49947916666666664 0.41203703703703715 0.5036458333333333 0.41203703703703715
7 0.4973958333333333 0.3777777777777779 0.49375 0.3777777777777779 0.49375 0.39444444444444454 0.4973958333333333 0.39444444444444454
5 0.49270833333333336 0.38240740740740753 0.48385416666666664 0.38240740740740753 0.48385416666666664 0.3953703703703705 0.49270833333333336 0.3953703703703705
9 0.4942708333333333 0.3675925925925927 0.48541666666666666 0.3675925925925927 0.48541666666666666 0.38611111111111124 0.4942708333333333 0.38611111111111124
8 0.5229166666666667 0.3601851851851853 0.5192708333333333 0.3601851851851853 0.5192708333333333 0.37314814814814823 0.5229166666666667 0.37314814814814823
8 0.5244791666666667 0.3462962962962964 0.5208333333333334 0.3462962962962964 0.5208333333333334 0.3574074074074075 0.5244791666666667 0.3574074074074075
8 0.525 0.34444444444444455 0.5208333333333334 0.34444444444444455 0.5208333333333334 0.35648148148148157 0.525 0.35648148148148157
8 0.5276041666666667 0.3351851851851853 0.5239583333333333 0.3351851851851853 0.5239583333333333 0.3472222222222223 0.5276041666666667 0.3472222222222223
8 0.546875 0.3398148148148149 0.54375 0.3398148148148149 0.54375 0.3500000000000001 0.546875 0.3500000000000001
5 0.5229166666666667 0.36296296296296304 0.51875 0.36296296296296304 0.51875 0.37592592592592605 0.5229166666666667 0.37592592592592605
5 0.525 0.34814814814814826 0.5208333333333334 0.34814814814814826 0.5208333333333334 0.3611111111111112 0.525 0.3611111111111112
5 0.5276041666666667 0.3379629629629631 0.5239583333333333 0.3379629629629631 0.5239583333333333 0.3500000000000001 0.5276041666666667 0.3500000000000001
5 0.546875 0.3435185185185186 0.54375 0.3435185185185186 0.54375 0.35462962962962974 0.546875 0.35462962962962974
3 0.5125 0.34814814814814826 0.5020833333333333 0.34814814814814826 0.5020833333333333 0.37037037037037046 0.5125 0.37037037037037046
3 0.5140625 0.33240740740740754 0.5046875 0.33240740740740754 0.5046875 0.3472222222222223 0.5140625 0.3472222222222223
9 0.51875 0.3240740740740742 0.5135416666666667 0.3240740740740742 0.5135416666666667 0.3361111111111112 0.51875 0.3361111111111112
3 0.465625 0.2814814814814816 0.45208333333333334 0.2814814814814816 0.45208333333333334 0.2935185185185186 0.465625 0.2935185185185186
11 0.4708333333333333 0.288888888888889 0.4557291666666667 0.288888888888889 0.4557291666666667 0.3037037037037038 0.4708333333333333 0.3037037037037038
3 0.48333333333333334 0.2935185185185186 0.46875 0.2935185185185186 0.46875 0.3064814814814816 0.48333333333333334 0.3064814814814816
3 0.4828125 0.28333333333333344 0.46770833333333334 0.28333333333333344 0.46770833333333334 0.29537037037037045 0.4828125 0.29537037037037045
8 0.5541666666666667 0.32314814814814824 0.5515625 0.32314814814814824 0.5515625 0.3333333333333334 0.5541666666666667 0.3333333333333334
5 0.5546875 0.3250000000000001 0.5515625 0.3250000000000001 0.5515625 0.3361111111111112 0.5546875 0.3361111111111112
3 0.5229166666666667 0.29722222222222233 0.5114583333333333 0.29722222222222233 0.5114583333333333 0.31203703703703717 0.5229166666666667 0.31203703703703717
7 0.5239583333333333 0.30462962962962975 0.5213541666666667 0.30462962962962975 0.5213541666666667 0.31666666666666676 0.5239583333333333 0.31666666666666676
8 0.51875 0.3101851851851853 0.5145833333333333 0.3101851851851853 0.5145833333333333 0.3212962962962964 0.51875 0.3212962962962964
5 0.5182291666666666 0.31203703703703717 0.5145833333333333 0.31203703703703717 0.5145833333333333 0.32222222222222235 0.5182291666666666 0.32222222222222235
7 0.5395833333333333 0.30833333333333346 0.5375 0.30833333333333346 0.5375 0.32222222222222235 0.5395833333333333 0.32222222222222235
8 0.5354166666666667 0.31296296296296305 0.5328125 0.31296296296296305 0.5328125 0.3240740740740742 0.5354166666666667 0.3240740740740742
5 0.5354166666666667 0.31481481481481494 0.5328125 0.31481481481481494 0.5328125 0.3250000000000001 0.5354166666666667 0.3250000000000001
8 0.5291666666666667 0.31203703703703717 0.525 0.31203703703703717 0.525 0.3212962962962964 0.5291666666666667 0.3212962962962964
5 0.5286458333333334 0.31296296296296305 0.5255208333333333 0.31296296296296305 0.5255208333333333 0.3240740740740742 0.5286458333333334 0.3240740740740742
3 0.5625 0.30277777777777787 0.5520833333333334 0.30277777777777787 0.5520833333333334 0.31666666666666676 0.5625 0.31666666666666676
8 0.5338541666666666 0.30462962962962975 0.53125 0.30462962962962975 0.53125 0.313888888888889 0.5338541666666666 0.313888888888889
5 0.534375 0.3064814814814816 0.53125 0.3064814814814816 0.53125 0.3157407407407408 0.534375 0.3157407407407408
8 0.55 0.30462962962962975 0.5473958333333333 0.30462962962962975 0.5473958333333333 0.31481481481481494 0.55 0.31481481481481494
5 0.5505208333333333 0.3064814814814816 0.5473958333333333 0.3064814814814816 0.5473958333333333 0.3157407407407408 0.5505208333333333 0.3157407407407408
7 0.5302083333333333 0.2925925925925927 0.5270833333333333 0.2925925925925927 0.5270833333333333 0.30462962962962975 0.5302083333333333 0.30462962962962975
7 0.534375 0.28333333333333344 0.5317708333333333 0.28333333333333344 0.5317708333333333 0.29537037037037045 0.534375 0.29537037037037045
5 0.5697916666666667 0.3212962962962964 0.5625 0.3212962962962964 0.5625 0.3296296296296297 0.5697916666666667 0.3296296296296297
5 0.5734375 0.3101851851851853 0.565625 0.3101851851851853 0.565625 0.31944444444444453 0.5734375 0.31944444444444453
4 0.5755208333333334 0.29444444444444456 0.5651041666666666 0.29444444444444456 0.5651041666666666 0.30925925925925934 0.5755208333333334 0.30925925925925934
4 0.5765625 0.27685185185185196 0.5677083333333334 0.27685185185185196 0.5677083333333334 0.2935185185185186 0.5765625 0.2935185185185186
8 0.5479166666666667 0.288888888888889 0.5453125 0.288888888888889 0.5453125 0.2981481481481483 0.5479166666666667 0.2981481481481483
5 0.5479166666666667 0.2916666666666668 0.5453125 0.2916666666666668 0.5453125 0.3000000000000001 0.5479166666666667 0.3000000000000001
3 0.5296875 0.26944444444444454 0.5192708333333333 0.26944444444444454 0.5192708333333333 0.2787037037037038 0.5296875 0.2787037037037038
3 0.5328125 0.25925925925925936 0.5265625 0.25925925925925936 0.5265625 0.2685185185185186 0.5328125 0.2685185185185186
8 0.5536458333333333 0.2898148148148149 0.5510416666666667 0.2898148148148149 0.5510416666666667 0.29907407407407416 0.5536458333333333 0.29907407407407416
8 0.5588541666666667 0.28518518518518526 0.5567708333333333 0.28518518518518526 0.5567708333333333 0.29444444444444456 0.5588541666666667 0.29444444444444456
8 0.5567708333333333 0.2814814814814816 0.5546875 0.2814814814814816 0.5546875 0.29074074074074086 0.5567708333333333 0.29074074074074086
8 0.5510416666666667 0.28333333333333344 0.5484375 0.28333333333333344 0.5484375 0.29074074074074086 0.5510416666666667 0.29074074074074086
5 0.5536458333333333 0.2916666666666668 0.5510416666666667 0.2916666666666668 0.5510416666666667 0.30092592592592604 0.5536458333333333 0.30092592592592604
5 0.5510416666666667 0.2861111111111112 0.5489583333333333 0.2861111111111112 0.5489583333333333 0.2935185185185186 0.5510416666666667 0.2935185185185186
5 0.559375 0.2879629629629631 0.5567708333333333 0.2879629629629631 0.5567708333333333 0.2962962962962964 0.559375 0.2962962962962964
5 0.5572916666666666 0.2842592592592594 0.5546875 0.2842592592592594 0.5546875 0.2935185185185186 0.5572916666666666 0.2935185185185186
8 0.5494791666666666 0.275925925925926 0.5463541666666667 0.275925925925926 0.5463541666666667 0.2861111111111112 0.5494791666666666 0.2861111111111112
5 0.5494791666666666 0.2777777777777779 0.5473958333333333 0.2777777777777779 0.5473958333333333 0.28703703703703715 0.5494791666666666 0.28703703703703715
8 0.5552083333333333 0.27314814814814825 0.5526041666666667 0.27314814814814825 0.5526041666666667 0.2814814814814816 0.5552083333333333 0.2814814814814816
5 0.5552083333333333 0.2750000000000001 0.553125 0.2750000000000001 0.553125 0.28333333333333344 0.5552083333333333 0.28333333333333344
7 0.5671875 0.2750000000000001 0.5651041666666666 0.2750000000000001 0.5651041666666666 0.28518518518518526 0.5671875 0.28518518518518526
8 0.5651041666666666 0.2750000000000001 0.5619791666666667 0.2750000000000001 0.5619791666666667 0.2861111111111112 0.5651041666666666 0.2861111111111112
5 0.5651041666666666 0.27685185185185196 0.5625 0.27685185185185196 0.5625 0.2861111111111112 0.5651041666666666 0.2861111111111112
7 0.5338541666666666 0.2537037037037038 0.5317708333333333 0.2537037037037038 0.5317708333333333 0.26481481481481495 0.5338541666666666 0.26481481481481495
7 0.5677083333333334 0.2666666666666668 0.565625 0.2666666666666668 0.565625 0.27685185185185196 0.5677083333333334 0.27685185185185196
8 0.5661458333333333 0.26481481481481495 0.5640625 0.26481481481481495 0.5640625 0.27314814814814825 0.5661458333333333 0.27314814814814825
5 0.5661458333333333 0.26574074074074083 0.5640625 0.26574074074074083 0.5640625 0.2740740740740742 0.5661458333333333 0.2740740740740742
8 0.5572916666666666 0.26574074074074083 0.5546875 0.26574074074074083 0.5546875 0.27314814814814825 0.5572916666666666 0.27314814814814825
5 0.5572916666666666 0.2675925925925927 0.5546875 0.2675925925925927 0.5546875 0.2750000000000001 0.5572916666666666 0.2750000000000001
8 0.5609375 0.2666666666666668 0.5588541666666667 0.2666666666666668 0.5588541666666667 0.27314814814814825 0.5609375 0.27314814814814825
5 0.5614583333333333 0.2685185185185186 0.5588541666666667 0.2685185185185186 0.5588541666666667 0.275925925925926 0.5614583333333333 0.275925925925926
8 0.5401041666666667 0.2564814814814816 0.5385416666666667 0.2564814814814816 0.5385416666666667 0.26296296296296306 0.5401041666666667 0.26296296296296306
9 0.5411458333333333 0.2564814814814816 0.5375 0.2564814814814816 0.5375 0.263888888888889 0.5411458333333333 0.263888888888889
3 0.5489583333333333 0.2527777777777779 0.5421875 0.2527777777777779 0.5421875 0.26296296296296306 0.5489583333333333 0.26296296296296306
8 0.5401041666666667 0.24722222222222232 0.5375 0.24722222222222232 0.5375 0.25462962962962976 0.5401041666666667 0.25462962962962976
5 0.5401041666666667 0.2500000000000001 0.5380208333333333 0.2500000000000001 0.5380208333333333 0.2564814814814816 0.5401041666666667 0.2564814814814816
3 0.559375 0.25740740740740753 0.5526041666666667 0.25740740740740753 0.5526041666666667 0.2685185185185186 0.559375 0.2685185185185186
8 0.5526041666666667 0.2537037037037038 0.5505208333333333 0.2537037037037038 0.5505208333333333 0.26111111111111124 0.5526041666666667 0.26111111111111124
5 0.553125 0.25462962962962976 0.55 0.25462962962962976 0.55 0.26296296296296306 0.553125 0.26296296296296306
4 0.56875 0.2453703703703705 0.565625 0.2453703703703705 0.565625 0.2601851851851853 0.56875 0.2601851851851853
3 0.5604166666666667 0.24722222222222232 0.5541666666666667 0.24722222222222232 0.5541666666666667 0.2564814814814816 0.5604166666666667 0.2564814814814816
3 0.5619791666666667 0.2453703703703705 0.5572916666666666 0.2453703703703705 0.5572916666666666 0.2537037037037038 0.5619791666666667 0.2537037037037038
3 0.5640625 0.2425925925925927 0.5588541666666667 0.2425925925925927 0.5588541666666667 0.2500000000000001 0.5640625 0.2500000000000001
8 0.5536458333333333 0.23981481481481493 0.5520833333333334 0.23981481481481493 0.5520833333333334 0.24722222222222232 0.5536458333333333 0.24722222222222232
5 0.5541666666666667 0.24074074074074084 0.5515625 0.24074074074074084 0.5515625 0.24814814814814826 0.5541666666666667 0.24814814814814826
8 0.5677083333333334 0.23425925925925936 0.565625 0.23425925925925936 0.565625 0.24166666666666678 0.5677083333333334 0.24166666666666678
5 0.5677083333333334 0.23611111111111122 0.565625 0.23611111111111122 0.565625 0.24166666666666678 0.5677083333333334 0.24166666666666678
4 0.5739583333333333 0.2351851851851853 0.5703125 0.2351851851851853 0.5703125 0.2425925925925927 0.5739583333333333 0.2425925925925927
11 0.5713541666666667 0.22777777777777788 0.5609375 0.22777777777777788 0.5609375 0.23888888888888898 0.5713541666666667 0.23888888888888898
3 0.5447916666666667 0.2287037037037038 0.5354166666666667 0.2287037037037038 0.5354166666666667 0.23611111111111122 0.5447916666666667 0.23611111111111122
3 0.5536458333333333 0.22685185185185194 0.5421875 0.22685185185185194 0.5421875 0.23611111111111122 0.5536458333333333 0.23611111111111122
11 0.5453125 0.2175925925925927 0.540625 0.2175925925925927 0.540625 0.22685185185185194 0.5453125 0.22685185185185194
3 0.5489583333333333 0.213888888888889 0.5442708333333334 0.213888888888889 0.5442708333333334 0.2212962962962964 0.5489583333333333 0.2212962962962964
4 0.54375 0.19351851851851862 0.5354166666666667 0.19351851851851862 0.5354166666666667 0.20555555555555566 0.54375 0.20555555555555566
7 0.5760416666666667 0.19351851851851862 0.5744791666666667 0.19351851851851862 0.5744791666666667 0.20092592592592604 0.5760416666666667 0.20092592592592604
7 0.5765625 0.18796296296296308 0.5755208333333334 0.18796296296296308 0.5755208333333334 0.19351851851851862 0.5765625 0.19351851851851862
4 0.5458333333333333 0.1787037037037038 0.5380208333333333 0.1787037037037038 0.5380208333333333 0.18796296296296308 0.5458333333333333 0.18796296296296308