4 0.6411764705882353 0.16993464052287596 0.5875 0.16993464052287596 0.5875 0.24967320261437922 0.6411764705882353 0.24967320261437922
4 0.5845588235294118 0.2379084967320263 0.5522058823529412 0.2379084967320263 0.5522058823529412 0.28235294117647075 0.5845588235294118 0.28235294117647075
4 0.7080882352941177 0.34771241830065375 0.6955882352941176 0.34771241830065375 0.6955882352941176 0.3751633986928106 0.7080882352941177 0.3751633986928106
7 0.9477941176470588 0.5372549019607845 0.9397058823529412 0.5372549019607845 0.9397058823529412 0.5647058823529413 0.9477941176470588 0.5647058823529413
7 0.9463235294117647 0.5411764705882355 0.9411764705882353 0.5411764705882355 0.9411764705882353 0.562091503267974 0.9463235294117647 0.562091503267974
3 1 0.6065359477124185 0.9301470588235294 0.6065359477124185 0.9301470588235294 0.6614379084967322 1 0.6614379084967322
3 0.9191176470588235 0.6326797385620917 0.8602941176470589 0.6326797385620917 0.8602941176470589 0.6836601307189546 0.9191176470588235 0.6836601307189546
7 0.8397058823529412 0.5032679738562092 0.8316176470588236 0.5032679738562092 0.8316176470588236 0.5307189542483661 0.8397058823529412 0.5307189542483661
7 0.8 0.45359477124183023 0.7926470588235294 0.45359477124183023 0.7926470588235294 0.4849673202614381 0.8 0.4849673202614381
7 0.8066176470588236 0.5137254901960786 0.7985294117647059 0.5137254901960786 0.7985294117647059 0.5437908496732028 0.8066176470588236 0.5437908496732028
7 0.8154411764705882 0.48627450980392173 0.8102941176470588 0.48627450980392173 0.8102941176470588 0.5189542483660132 0.8154411764705882 0.5189542483660132
7 0.8235294117647058 0.5150326797385623 0.8169117647058823 0.5150326797385623 0.8169117647058823 0.5464052287581701 0.8235294117647058 0.5464052287581701
7 0.825735294117647 0.508496732026144 0.8183823529411764 0.508496732026144 0.8183823529411764 0.5372549019607845 0.825735294117647 0.5372549019607845
3 0.7286764705882353 0.8470588235294119 0.6823529411764706 0.8470588235294118 0.6823529411764706 0.9450980392156865 0.7286764705882353 0.9450980392156866
7 0.30661764705882355 0.5372549019607843 0.2977941176470588 0.5372549019607843 0.2977941176470588 0.5777777777777777 0.30661764705882355 0.5777777777777777
3 0.3963235294117647 0.5542483660130719 0.33676470588235297 0.5542483660130719 0.33676470588235297 0.5973856209150328 0.3963235294117647 0.5973856209150328
5 0.3375 0.6 0.31470588235294117 0.6 0.3147058823529412 0.6261437908496732 0.3375000000000001 0.6261437908496732
8 0.33014705882352946 0.5856209150326798 0.31985294117647056 0.5856209150326798 0.3198529411764706 0.615686274509804 0.3301470588235295 0.615686274509804
3 0.16029411764705886 0.4915032679738562 0.1095588235294118 0.4915032679738562 0.1095588235294118 0.5333333333333333 0.16029411764705886 0.5333333333333333
3 0.7595588235294117 0.32549019607843155 0.7485294117647059 0.32549019607843155 0.7485294117647059 0.3437908496732028 0.7595588235294117 0.3437908496732028
3 0.6963235294117647 0.3267973856209152 0.6838235294117647 0.3267973856209152 0.6838235294117647 0.3424836601307191 0.6963235294117647 0.3424836601307191
3 0.6911764705882353 0.31764705882352956 0.6816176470588236 0.31764705882352956 0.6816176470588236 0.3320261437908498 0.6911764705882353 0.3320261437908498
3 0.6860294117647059 0.3058823529411766 0.675 0.3058823529411766 0.675 0.32026143790849687 0.6860294117647059 0.32026143790849687
3 0.7169117647058824 0.3712418300653596 0.700735294117647 0.3712418300653596 0.700735294117647 0.40000000000000013 0.7169117647058824 0.40000000000000013
3 0.774264705882353 0.4901960784313727 0.7485294117647059 0.4901960784313727 0.7485294117647059 0.5307189542483661 0.774264705882353 0.5307189542483661
3 0.7639705882352941 0.46928104575163415 0.7404411764705883 0.46928104575163415 0.7404411764705883 0.5019607843137256 0.7639705882352941 0.5019607843137256
3 0.7529411764705882 0.4470588235294119 0.7308823529411764 0.4470588235294119 0.7308823529411764 0.47843137254901974 0.7529411764705882 0.47843137254901974
3 0.7448529411764706 0.43267973856209163 0.7242647058823529 0.43267973856209163 0.7242647058823529 0.45620915032679754 0.7448529411764706 0.45620915032679754
5 0.7345588235294118 0.4836601307189544 0.7279411764705882 0.4836601307189544 0.7279411764705882 0.5071895424836603 0.7345588235294118 0.5071895424836603
8 0.7345588235294118 0.4745098039215688 0.7294117647058823 0.4745098039215688 0.7294117647058823 0.5019607843137256 0.7345588235294118 0.5019607843137256
1 0.4904411764705882 0.7202614379084967 0.46397058823529413 0.7202614379084967 0.46397058823529413 0.7542483660130719 0.4904411764705882 0.7542483660130719
8 0.4823529411764706 0.7071895424836602 0.47058823529411764 0.7071895424836602 0.47058823529411764 0.7516339869281046 0.4823529411764706 0.7516339869281046
7 0.6397058823529411 0.4901960784313727 0.6316176470588235 0.4901960784313727 0.6316176470588235 0.5228758169934642 0.6397058823529411 0.5228758169934642
3 0.4573529411764706 0.44575163398692824 0.4323529411764706 0.44575163398692824 0.4323529411764706 0.4771241830065361 0.4573529411764706 0.4771241830065361
9 0.4661764705882353 0.4196078431372551 0.4588235294117647 0.4196078431372551 0.4588235294117647 0.43921568627450996 0.4661764705882353 0.43921568627450996
3 0.48970588235294116 0.38562091503267987 0.47205882352941175 0.38562091503267987 0.47205882352941175 0.41307189542483674 0.48970588235294116 0.41307189542483674
3 0.5264705882352941 0.47189542483660146 0.5014705882352941 0.47189542483660146 0.5014705882352941 0.5111111111111113 0.5264705882352941 0.5111111111111113
3 0.5470588235294118 0.4797385620915034 0.5205882352941177 0.4797385620915034 0.5205882352941177 0.5307189542483661 0.5470588235294118 0.5307189542483661
3 0.5551470588235294 0.43267973856209163 0.5367647058823529 0.43267973856209163 0.5367647058823529 0.46928104575163415 0.5551470588235294 0.46928104575163415
3 0.5860294117647059 0.4980392156862747 0.5625 0.4980392156862747 0.5625 0.5385620915032682 0.5860294117647059 0.5385620915032682
5 0.5794117647058824 0.5633986928104576 0.5588235294117647 0.5633986928104576 0.5588235294117647 0.5895424836601308 0.5794117647058824 0.5895424836601308
8 0.5639705882352941 0.562091503267974 0.5580882352941177 0.562091503267974 0.5580882352941177 0.5856209150326799 0.5639705882352941 0.5856209150326799
8 0.5713235294117647 0.5529411764705884 0.5639705882352941 0.5529411764705884 0.5639705882352941 0.5921568627450982 0.5713235294117647 0.5921568627450982
1 0.5610294117647059 0.5568627450980393 0.5397058823529411 0.5568627450980393 0.5397058823529411 0.5816993464052289 0.5610294117647059 0.5816993464052289
8 0.5558823529411765 0.5450980392156864 0.5470588235294118 0.5450980392156864 0.5470588235294118 0.5790849673202616 0.5558823529411765 0.5790849673202616
7 0.5330882352941176 0.5411764705882355 0.524264705882353 0.5411764705882355 0.524264705882353 0.5764705882352943 0.5330882352941176 0.5764705882352943
7 0.5338235294117647 0.5411764705882355 0.5264705882352941 0.5411764705882355 0.5264705882352941 0.5751633986928106 0.5338235294117647 0.5751633986928106
7 0.5301470588235294 0.5346405228758171 0.525 0.5346405228758171 0.525 0.569934640522876 0.5301470588235294 0.569934640522876
3 0.55 0.3869281045751635 0.5352941176470588 0.3869281045751635 0.5352941176470588 0.41307189542483674 0.55 0.41307189542483674
3 0.5102941176470588 0.34509803921568644 0.4970588235294118 0.34509803921568644 0.4970588235294118 0.36732026143790864 0.5102941176470588 0.36732026143790864
3 0.5154411764705882 0.34117647058823547 0.5036764705882353 0.34117647058823547 0.5036764705882353 0.3594771241830067 0.5154411764705882 0.3594771241830067
3 0.5220588235294118 0.3333333333333334 0.5102941176470588 0.3333333333333334 0.5102941176470588 0.3516339869281047 0.5220588235294118 0.3516339869281047
3 0.5397058823529411 0.296732026143791 0.5294117647058824 0.296732026143791 0.5294117647058824 0.31241830065359494 0.5397058823529411 0.31241830065359494
3 0.5683823529411764 0.37777777777777793 0.5529411764705883 0.37777777777777793 0.5529411764705883 0.40261437908496744 0.5683823529411764 0.40261437908496744
3 0.5882352941176471 0.4496732026143792 0.5654411764705882 0.4496732026143792 0.5654411764705882 0.4954248366013073 0.5882352941176471 0.4954248366013073
3 0.5875 0.4300653594771243 0.5669117647058823 0.4300653594771243 0.5669117647058823 0.46666666666666684 0.5875 0.46666666666666684
3 0.5889705882352941 0.4117647058823531 0.5735294117647058 0.4117647058823531 0.5735294117647058 0.4418300653594773 0.5889705882352941 0.4418300653594773
3 0.5911764705882353 0.3947712418300655 0.575 0.3947712418300655 0.575 0.4222222222222224 0.5911764705882353 0.4222222222222224
3 0.5919117647058824 0.38039215686274525 0.5779411764705882 0.38039215686274525 0.5779411764705882 0.40392156862745116 0.5919117647058824 0.40392156862745116
3 0.5823529411764706 0.3267973856209152 0.5713235294117647 0.3267973856209152 0.5713235294117647 0.3464052287581701 0.5823529411764706 0.3464052287581701
3 0.6 0.2993464052287583 0.5904411764705882 0.2993464052287583 0.5904411764705882 0.31503267973856225 0.6 0.31503267973856225
7 0.5882352941176471 0.25620915032679753 0.5852941176470589 0.25620915032679753 0.5852941176470589 0.2679738562091505 0.5882352941176471 0.2679738562091505
3 0.6051470588235294 0.2509803921568629 0.5977941176470588 0.2509803921568629 0.5977941176470588 0.26143790849673215 0.6051470588235294 0.26143790849673215
5 0.5904411764705882 0.26928104575163414 0.5875 0.26928104575163414 0.5875 0.27973856209150344 0.5904411764705882 0.27973856209150344
8 0.5904411764705882 0.26928104575163414 0.5875 0.26928104575163414 0.5875 0.2771241830065361 0.5904411764705882 0.2771241830065361
3 0.6316176470588235 0.33071895424836617 0.6198529411764706 0.33071895424836617 0.6198529411764706 0.3490196078431374 0.6316176470588235 0.3490196078431374
3 0.6213235294117647 0.3098039215686276 0.611764705882353 0.3098039215686276 0.611764705882353 0.32418300653594784 0.6213235294117647 0.32418300653594784
3 0.6205882352941177 0.29542483660130736 0.611764705882353 0.29542483660130736 0.611764705882353 0.3084967320261439 0.6205882352941177 0.3084967320261439
3 0.6220588235294118 0.2758169934640524 0.6147058823529412 0.2758169934640524 0.6147058823529412 0.2862745098039217 0.6220588235294118 0.2862745098039217
3 0.6227941176470588 0.2653594771241832 0.6147058823529412 0.2653594771241832 0.6147058823529412 0.2758169934640524 0.6227941176470588 0.2758169934640524
3 0.6301470588235294 0.25620915032679753 0.6227941176470588 0.25620915032679753 0.6227941176470588 0.26666666666666683 0.6301470588235294 0.26666666666666683
3 0.6213235294117647 0.25228758169934656 0.6154411764705883 0.25228758169934656 0.6154411764705883 0.26143790849673215 0.6213235294117647 0.26143790849673215
4 0.6463235294117647 0.27973856209150344 0.6345588235294117 0.27973856209150344 0.6345588235294117 0.3385620915032681 0.6463235294117647 0.3385620915032681