7 0.23125000000000007 0.7203703703703703 0.21875000000000006 0.7203703703703703 0.21875000000000006 0.7888888888888889 0.23125000000000007 0.7888888888888889
7 0.2114583333333334 0.7 0.19166666666666674 0.7 0.19166666666666674 0.7722222222222223 0.2114583333333334 0.7722222222222223
8 0.2333333333333334 0.7222222222222222 0.2135416666666667 0.7222222222222222 0.2135416666666667 0.7462962962962963 0.2333333333333334 0.7462962962962963
7 0.18958333333333338 0.6777777777777778 0.17291666666666672 0.6777777777777778 0.17291666666666672 0.7611111111111111 0.18958333333333338 0.7611111111111111
0 0.5739583333333333 0.8185185185185188 0.51875 0.8185185185185188 0.51875 0.9814814814814815 0.5739583333333333 0.9814814814814815
8 0.575 0.7611111111111113 0.5625 0.7611111111111113 0.5625 0.801851851851852 0.575 0.801851851851852
8 0.578125 0.7333333333333335 0.55625 0.7333333333333335 0.55625 0.8092592592592595 0.578125 0.8092592592592595
5 0.5760416666666667 0.7500000000000002 0.559375 0.7500000000000002 0.559375 0.8166666666666669 0.5760416666666667 0.8166666666666669
8 0.5552083333333333 0.7000000000000002 0.534375 0.7000000000000002 0.534375 0.7629629629629632 0.5552083333333333 0.7629629629629632
5 0.553125 0.7129629629629631 0.5364583333333334 0.7129629629629631 0.5364583333333334 0.7740740740740742 0.553125 0.7740740740740742
7 0.6052083333333333 0.6796296296296298 0.5864583333333333 0.6796296296296298 0.5864583333333333 0.7537037037037039 0.6052083333333333 0.7537037037037039
3 0.6625 0.6444444444444447 0.6104166666666667 0.6444444444444447 0.6104166666666667 0.7462962962962965 0.6625 0.7462962962962965
3 0.6958333333333333 0.5611111111111113 0.6291666666666667 0.5611111111111113 0.6291666666666667 0.6388888888888891 0.6958333333333333 0.6388888888888891
8 0.571875 0.5185185185185187 0.5552083333333333 0.5185185185185187 0.5552083333333333 0.5611111111111113 0.571875 0.5611111111111113
5 0.578125 0.5296296296296299 0.5427083333333333 0.5296296296296299 0.5427083333333333 0.5703703703703705 0.578125 0.5703703703703705
8 0.315625 0.5314814814814814 0.30416666666666664 0.5314814814814814 0.30416666666666664 0.5666666666666667 0.315625 0.5666666666666667
8 0.3229166666666667 0.5259259259259259 0.3104166666666667 0.5259259259259259 0.3104166666666667 0.575925925925926 0.3229166666666667 0.575925925925926
5 0.33229166666666665 0.5296296296296297 0.2989583333333333 0.5296296296296297 0.2989583333333333 0.5796296296296296 0.33229166666666665 0.5796296296296296
8 0.028125000000000035 0.5037037037037037 0.0135416666666667 0.5037037037037037 0.013541666666666702 0.5462962962962963 0.028125000000000035 0.5462962962962963
5 0.03645833333333337 0.5203703703703704 0.0072916666666667015 0.5203703703703704 0.007291666666666704 0.5555555555555556 0.03645833333333338 0.5555555555555556
8 0.05520833333333338 0.6851851851851852 0.03229166666666671 0.6851851851851852 0.03229166666666671 0.7444444444444445 0.05520833333333338 0.7444444444444445
5 0.07187500000000006 0.7 0.010416666666666715 0.7 0.010416666666666716 0.7537037037037037 0.07187500000000006 0.7537037037037037
8 0.058333333333333376 0.6648148148148149 0.04583333333333338 0.6648148148148149 0.04583333333333338 0.725925925925926 0.058333333333333376 0.725925925925926
8 0.04583333333333338 0.6777777777777778 0.03645833333333338 0.6777777777777778 0.03645833333333338 0.7148148148148148 0.04583333333333338 0.7148148148148148
5 0.08125000000000006 0.6759259259259259 0.03229166666666671 0.6759259259259259 0.03229166666666671 0.7277777777777777 0.08125000000000006 0.7277777777777777
8 0.06250000000000004 0.6351851851851852 0.050000000000000044 0.6351851851851852 0.050000000000000044 0.6925925925925925 0.06250000000000004 0.6925925925925925
5 0.08541666666666671 0.6444444444444445 0.03958333333333338 0.6444444444444445 0.03958333333333338 0.6962962962962963 0.08541666666666672 0.6962962962962963
8 0.1291666666666667 0.6388888888888888 0.11041666666666669 0.6388888888888888 0.1104166666666667 0.7037037037037037 0.12916666666666674 0.7037037037037037
5 0.14270833333333338 0.6537037037037037 0.10312500000000006 0.6537037037037037 0.10312500000000006 0.7 0.14270833333333338 0.7
8 0.13125000000000003 0.6222222222222222 0.11562500000000003 0.6222222222222222 0.11562500000000005 0.6703703703703704 0.13125000000000006 0.6703703703703704
8 0.1354166666666667 0.6129629629629629 0.12395833333333336 0.6129629629629629 0.12395833333333338 0.6592592592592592 0.1354166666666667 0.6592592592592592
5 0.15729166666666672 0.6222222222222222 0.1135416666666667 0.6222222222222222 0.11354166666666671 0.6685185185185185 0.15729166666666672 0.6685185185185185
10 0.07500000000000002 0.43703703703703706 3.0105900479039097e-17 0.43703703703703706 3.2083194790162426e-17 0.49444444444444446 0.07500000000000002 0.49444444444444446
10 0.11145833333333337 0.4203703703703704 0.022916666666666696 0.4203703703703704 0.022916666666666696 0.4685185185185185 0.11145833333333337 0.4685185185185185
3 0.04270833333333336 0.37962962962962965 0.001041666666666693 0.37962962962962965 0.0010416666666666942 0.4185185185185185 0.04270833333333336 0.4185185185185185
5 0.16041666666666674 0.46296296296296297 0.1354166666666667 0.46296296296296297 0.1354166666666667 0.4981481481481482 0.16041666666666674 0.4981481481481482
3 0.12500000000000003 0.40925925925925927 0.05625000000000003 0.40925925925925927 0.05625000000000003 0.44814814814814813 0.12500000000000003 0.44814814814814813
11 0.13541666666666669 0.3907407407407407 0.0760416666666667 0.3907407407407407 0.0760416666666667 0.43333333333333335 0.1354166666666667 0.43333333333333335
7 0.14375000000000002 0.4 0.13333333333333333 0.4 0.13333333333333336 0.44074074074074077 0.14375000000000007 0.44074074074074077
8 0.14895833333333333 0.37592592592592594 0.0885416666666667 0.37592592592592594 0.0885416666666667 0.4185185185185185 0.14895833333333333 0.4185185185185185
7 0.15833333333333335 0.39814814814814814 0.146875 0.39814814814814814 0.14687500000000003 0.4388888888888889 0.15833333333333338 0.4388888888888889
7 0.16666666666666669 0.3962962962962963 0.15833333333333333 0.3962962962962963 0.15833333333333335 0.4388888888888889 0.1666666666666667 0.4388888888888889
7 0.1729166666666667 0.39444444444444443 0.16354166666666667 0.39444444444444443 0.1635416666666667 0.4388888888888889 0.17291666666666672 0.4388888888888889
7 0.18958333333333335 0.3962962962962963 0.17916666666666667 0.3962962962962963 0.1791666666666667 0.4388888888888889 0.18958333333333338 0.4388888888888889
3 0.16979166666666667 0.362962962962963 0.10937500000000003 0.362962962962963 0.10937500000000003 0.4074074074074074 0.16979166666666667 0.4074074074074074
3 0.18125 0.3592592592592593 0.1291666666666667 0.3592592592592593 0.1291666666666667 0.3888888888888889 0.18125 0.3888888888888889
11 0.184375 0.3388888888888889 0.13125000000000003 0.3388888888888889 0.13125000000000003 0.37592592592592594 0.184375 0.37592592592592594
3 0.20208333333333334 0.3333333333333333 0.15520833333333334 0.3333333333333333 0.15520833333333334 0.36666666666666664 0.20208333333333334 0.36666666666666664
3 0.21458333333333332 0.32222222222222224 0.16458333333333333 0.32222222222222224 0.16458333333333333 0.35555555555555557 0.21458333333333332 0.35555555555555557
11 0.22083333333333333 0.337037037037037 0.19375 0.337037037037037 0.19375 0.3851851851851852 0.22083333333333333 0.3851851851851852
5 0.017708333333333357 0.34444444444444444 2.3727531733479968e-17 0.34444444444444444 2.4620503357858244e-17 0.37037037037037035 0.017708333333333357 0.37037037037037035
5 0.020833333333333356 0.3388888888888889 0.005208333333333357 0.3388888888888889 0.005208333333333358 0.362962962962963 0.020833333333333356 0.362962962962963
5 0.037500000000000026 0.32592592592592595 0.02291666666666669 0.32592592592592595 0.02291666666666669 0.34629629629629627 0.037500000000000026 0.34629629629629627
5 0.06354166666666669 0.3111111111111111 0.05000000000000002 0.3111111111111111 0.050000000000000024 0.3314814814814815 0.06354166666666669 0.3314814814814815
5 0.07916666666666669 0.30925925925925923 0.05937500000000002 0.30925925925925923 0.059375000000000025 0.32592592592592595 0.07916666666666669 0.32592592592592595
5 0.0854166666666667 0.30185185185185187 0.0697916666666667 0.30185185185185187 0.0697916666666667 0.32037037037037036 0.0854166666666667 0.32037037037037036
8 0.08020833333333337 0.2962962962962963 0.07500000000000002 0.2962962962962963 0.07500000000000002 0.31666666666666665 0.08020833333333337 0.31666666666666665
7 0.09895833333333336 0.3037037037037037 0.09583333333333337 0.3037037037037037 0.09583333333333337 0.32222222222222224 0.09895833333333336 0.32222222222222224
7 0.11458333333333336 0.29074074074074074 0.10937500000000003 0.29074074074074074 0.10937500000000003 0.31851851851851853 0.11458333333333336 0.31851851851851853
7 0.11770833333333336 0.2777777777777778 0.11145833333333337 0.2777777777777778 0.11145833333333337 0.3037037037037037 0.11770833333333336 0.3037037037037037
11 0.19791666666666666 0.2740740740740741 0.15833333333333333 0.2740740740740741 0.15833333333333333 0.3074074074074074 0.19791666666666666 0.3074074074074074
7 0.23333333333333334 0.3685185185185185 0.22708333333333333 0.3685185185185185 0.22708333333333333 0.40370370370370373 0.23333333333333334 0.40370370370370373
7 0.23645833333333333 0.37962962962962965 0.23125 0.37962962962962965 0.23125 0.40185185185185185 0.23645833333333333 0.40185185185185185
8 0.5875 0.4703703703703705 0.5770833333333333 0.4703703703703705 0.5770833333333333 0.5148148148148151 0.5875 0.5148148148148151
1 0.5875 0.4888888888888891 0.578125 0.4888888888888891 0.578125 0.5259259259259261 0.5875 0.5259259259259261
8 0.640625 0.4888888888888891 0.6239583333333333 0.4888888888888891 0.6239583333333333 0.5296296296296299 0.640625 0.5296296296296299
1 0.6479166666666667 0.5092592592592595 0.6166666666666667 0.5092592592592595 0.6166666666666667 0.540740740740741 0.6479166666666667 0.540740740740741
8 0.5385416666666667 0.44444444444444453 0.5291666666666667 0.44444444444444453 0.5291666666666667 0.48703703703703727 0.5385416666666667 0.48703703703703727
8 0.5447916666666667 0.4425925925925927 0.5385416666666667 0.4425925925925927 0.5385416666666667 0.47407407407407426 0.5447916666666667 0.47407407407407426
5 0.5489583333333333 0.4500000000000001 0.5197916666666667 0.4500000000000001 0.5197916666666667 0.48703703703703727 0.5489583333333333 0.48703703703703727
8 0.596875 0.4074074074074075 0.5875 0.4074074074074075 0.5875 0.4425925925925927 0.596875 0.4425925925925927
8 0.6010416666666667 0.4166666666666668 0.5947916666666667 0.4166666666666668 0.5947916666666667 0.4425925925925927 0.6010416666666667 0.4425925925925927
5 0.6 0.42037037037037045 0.5822916666666667 0.42037037037037045 0.5822916666666667 0.4462962962962964 0.6 0.4462962962962964
8 0.6802083333333333 0.45925925925925937 0.6677083333333333 0.45925925925925937 0.6677083333333333 0.5037037037037039 0.6802083333333333 0.5037037037037039
5 0.68125 0.4722222222222223 0.6604166666666667 0.4722222222222223 0.6604166666666667 0.5037037037037039 0.68125 0.5037037037037039
8 0.6291666666666667 0.45740740740740754 0.621875 0.45740740740740754 0.621875 0.48703703703703727 0.6291666666666667 0.48703703703703727
8 0.6333333333333333 0.45185185185185195 0.625 0.45185185185185195 0.625 0.4888888888888891 0.6333333333333333 0.4888888888888891
8 0.6385416666666667 0.45370370370370383 0.6333333333333333 0.45370370370370383 0.6333333333333333 0.47962962962962985 0.6385416666666667 0.47962962962962985
5 0.64375 0.4611111111111112 0.6135416666666667 0.4611111111111112 0.6135416666666667 0.49444444444444463 0.64375 0.49444444444444463
8 0.6385416666666667 0.37592592592592605 0.6291666666666667 0.37592592592592605 0.6291666666666667 0.4037037037037038 0.6385416666666667 0.4037037037037038
5 0.6416666666666667 0.3870370370370371 0.6239583333333333 0.3870370370370371 0.6239583333333333 0.4111111111111112 0.6416666666666667 0.4111111111111112
8 0.6333333333333333 0.4148148148148149 0.6260416666666667 0.4148148148148149 0.6260416666666667 0.45185185185185195 0.6333333333333333 0.45185185185185195
5 0.6364583333333333 0.42592592592592604 0.6229166666666667 0.42592592592592604 0.6229166666666667 0.45740740740740754 0.6364583333333333 0.45740740740740754
8 0.646875 0.43703703703703717 0.6375 0.43703703703703717 0.6375 0.47407407407407426 0.646875 0.47407407407407426
5 0.653125 0.4500000000000001 0.63125 0.4500000000000001 0.63125 0.48333333333333356 0.653125 0.48333333333333356
8 0.6458333333333334 0.42037037037037045 0.6364583333333333 0.42037037037037045 0.6364583333333333 0.45740740740740754 0.6458333333333334 0.45740740740740754
5 0.65 0.4314814814814816 0.6302083333333334 0.4314814814814816 0.6302083333333334 0.45925925925925937 0.65 0.45925925925925937
8 0.6541666666666667 0.42407407407407416 0.6447916666666667 0.42407407407407416 0.6447916666666667 0.4685185185185186 0.6541666666666667 0.4685185185185186
5 0.65625 0.4407407407407408 0.6354166666666666 0.4407407407407408 0.6354166666666666 0.4722222222222223 0.65625 0.4722222222222223
8 0.6697916666666667 0.4425925925925927 0.659375 0.4425925925925927 0.659375 0.48703703703703727 0.6697916666666667 0.48703703703703727
8 0.671875 0.44444444444444453 0.665625 0.44444444444444453 0.665625 0.4685185185185186 0.671875 0.4685185185185186
5 0.6729166666666667 0.45555555555555566 0.6541666666666667 0.45555555555555566 0.6541666666666667 0.48703703703703727 0.6729166666666667 0.48703703703703727
8 0.6916666666666667 0.4111111111111112 0.68125 0.4111111111111112 0.68125 0.4500000000000001 0.6916666666666667 0.4500000000000001
8 0.6958333333333333 0.42407407407407416 0.6885416666666667 0.42407407407407416 0.6885416666666667 0.45370370370370383 0.6958333333333333 0.45370370370370383
8 0.7 0.42222222222222233 0.69375 0.42222222222222233 0.69375 0.45185185185185195 0.7 0.45185185185185195
5 0.7041666666666667 0.4314814814814816 0.6802083333333333 0.4314814814814816 0.6802083333333333 0.4611111111111112 0.7041666666666667 0.4611111111111112
3 0.828125 0.427777777777778 0.7479166666666667 0.427777777777778 0.7479166666666667 0.4851851851851854 0.828125 0.4851851851851854
8 0.753125 0.37592592592592616 0.74375 0.37592592592592616 0.74375 0.4000000000000002 0.753125 0.4000000000000002
8 0.7645833333333333 0.3796296296296298 0.7552083333333334 0.3796296296296298 0.7552083333333334 0.4037037037037039 0.7645833333333333 0.4037037037037039
5 0.60625 0.3296296296296297 0.5989583333333334 0.3296296296296297 0.5989583333333334 0.3555555555555557 0.60625 0.3555555555555557
7 0.6354166666666666 0.31851851851851865 0.6302083333333334 0.31851851851851865 0.6302083333333334 0.3462962962962964 0.6354166666666666 0.3462962962962964
5 0.6614583333333334 0.325925925925926 0.653125 0.325925925925926 0.653125 0.34814814814814826 0.6614583333333334 0.34814814814814826
5 0.6729166666666667 0.3296296296296297 0.659375 0.3296296296296297 0.659375 0.3537037037037038 0.6729166666666667 0.3537037037037038
5 0.6416666666666667 0.3240740740740742 0.634375 0.3240740740740742 0.634375 0.3462962962962964 0.6416666666666667 0.3462962962962964
7 0.625 0.31666666666666676 0.6197916666666666 0.31666666666666676 0.6197916666666666 0.3462962962962964 0.625 0.3462962962962964
5 0.6197916666666666 0.3277777777777779 0.6083333333333333 0.3277777777777779 0.6083333333333333 0.3537037037037038 0.6197916666666666 0.3537037037037038
1 0.5802083333333333 0.31296296296296305 0.5708333333333333 0.31296296296296305 0.5708333333333333 0.33703703703703713 0.5802083333333333 0.33703703703703713
7 0.575 0.28703703703703715 0.5697916666666667 0.28703703703703715 0.5697916666666667 0.31666666666666676 0.575 0.31666666666666676
7 0.534375 0.3574074074074075 0.528125 0.3574074074074075 0.528125 0.3814814814814816 0.534375 0.3814814814814816
8 0.5385416666666667 0.3574074074074075 0.5322916666666667 0.3574074074074075 0.5322916666666667 0.3833333333333334 0.5385416666666667 0.3833333333333334
5 0.5395833333333333 0.3611111111111112 0.521875 0.3611111111111112 0.521875 0.39074074074074083 0.5395833333333333 0.39074074074074083
8 0.48541666666666666 0.3962962962962964 0.47604166666666664 0.3962962962962964 0.47604166666666664 0.42962962962962975 0.48541666666666666 0.42962962962962975
5 0.490625 0.40555555555555567 0.47291666666666665 0.40555555555555567 0.47291666666666665 0.43703703703703717 0.490625 0.43703703703703717
8 0.49583333333333335 0.34074074074074084 0.4895833333333333 0.34074074074074084 0.4895833333333333 0.36851851851851863 0.49583333333333335 0.36851851851851863
5 0.49583333333333335 0.34814814814814826 0.4895833333333333 0.34814814814814826 0.4895833333333333 0.37407407407407417 0.49583333333333335 0.37407407407407417
8 0.5125 0.31481481481481494 0.50625 0.31481481481481494 0.50625 0.33703703703703713 0.5125 0.33703703703703713
8 0.5125 0.31851851851851865 0.5072916666666667 0.31851851851851865 0.5072916666666667 0.3351851851851853 0.5125 0.3351851851851853
5 0.5125 0.32037037037037047 0.5072916666666667 0.32037037037037047 0.5072916666666667 0.34074074074074084 0.5125 0.34074074074074084
8 0.5166666666666667 0.27962962962962973 0.5104166666666666 0.27962962962962973 0.5104166666666666 0.3000000000000001 0.5166666666666667 0.3000000000000001
1 0.5166666666666667 0.28518518518518526 0.5104166666666666 0.28518518518518526 0.5104166666666666 0.301851851851852 0.5166666666666667 0.301851851851852
8 0.4875 0.32037037037037047 0.48125 0.32037037037037047 0.48125 0.34074074074074084 0.4875 0.34074074074074084
5 0.4875 0.32222222222222235 0.48125 0.32222222222222235 0.48125 0.34814814814814826 0.4875 0.34814814814814826
8 0.403125 0.37592592592592605 0.39375 0.37592592592592605 0.39375 0.40555555555555567 0.403125 0.40555555555555567
8 0.403125 0.37407407407407417 0.3958333333333333 0.37407407407407417 0.3958333333333333 0.40185185185185196 0.403125 0.40185185185185196
5 0.4041666666666667 0.3851851851851853 0.39479166666666665 0.3851851851851853 0.39479166666666665 0.4148148148148149 0.4041666666666667 0.4148148148148149
3 0.37395833333333334 0.3777777777777779 0.346875 0.3777777777777779 0.346875 0.42037037037037045 0.37395833333333334 0.42037037037037045
11 0.38229166666666664 0.34814814814814826 0.35625 0.34814814814814826 0.35625 0.388888888888889 0.38229166666666664 0.388888888888889
3 0.3885416666666667 0.3333333333333334 0.36770833333333336 0.3333333333333334 0.36770833333333336 0.3648148148148149 0.3885416666666667 0.3648148148148149
3 0.390625 0.31296296296296305 0.37083333333333335 0.31296296296296305 0.37083333333333335 0.34444444444444455 0.390625 0.34444444444444455
11 0.4010416666666667 0.29444444444444456 0.3802083333333333 0.29444444444444456 0.3802083333333333 0.325925925925926 0.4010416666666667 0.325925925925926
3 0.40520833333333334 0.2777777777777779 0.3875 0.2777777777777779 0.3875 0.3037037037037038 0.40520833333333334 0.3037037037037038
3 0.42916666666666664 0.2722222222222223 0.41354166666666664 0.2722222222222223 0.41354166666666664 0.301851851851852 0.42916666666666664 0.301851851851852
8 0.32395833333333335 0.39074074074074083 0.3125 0.39074074074074083 0.3125 0.42592592592592604 0.32395833333333335 0.42592592592592604
9 0.3260416666666667 0.39444444444444454 0.3104166666666667 0.39444444444444454 0.3104166666666667 0.43333333333333346 0.3260416666666667 0.43333333333333346
8 0.334375 0.3462962962962964 0.32708333333333334 0.3462962962962964 0.32708333333333334 0.37037037037037046 0.334375 0.37037037037037046
5 0.334375 0.3555555555555557 0.325 0.3555555555555557 0.325 0.37962962962962976 0.334375 0.37962962962962976
8 0.3885416666666667 0.2500000000000001 0.384375 0.2500000000000001 0.384375 0.2666666666666668 0.3885416666666667 0.2666666666666668
5 0.3885416666666667 0.25185185185185194 0.384375 0.25185185185185194 0.384375 0.2685185185185186 0.3885416666666667 0.2685185185185186
8 0.434375 0.25740740740740753 0.42916666666666664 0.25740740740740753 0.42916666666666664 0.275925925925926 0.434375 0.275925925925926
5 0.434375 0.26296296296296306 0.428125 0.26296296296296306 0.428125 0.27962962962962973 0.434375 0.27962962962962973
3 0.43333333333333335 0.2074074074074075 0.4239583333333333 0.2074074074074075 0.4239583333333333 0.22222222222222232 0.43333333333333335 0.22222222222222232
3 0.43854166666666666 0.18333333333333343 0.43125 0.18333333333333343 0.43125 0.1962962962962964 0.43854166666666666 0.1962962962962964
11 0.496875 0.19074074074074085 0.48333333333333334 0.19074074074074085 0.48333333333333334 0.2037037037037038 0.496875 0.2037037037037038
8 0.40520833333333334 0.22037037037037047 0.40208333333333335 0.22037037037037047 0.40208333333333335 0.2314814814814816 0.40520833333333334 0.2314814814814816
5 0.40520833333333334 0.22222222222222232 0.40208333333333335 0.22222222222222232 0.40208333333333335 0.2351851851851853 0.40520833333333334 0.2351851851851853
4 0.48333333333333334 0.12037037037037047 0.4166666666666667 0.12037037037037047 0.4166666666666667 0.17962962962962972 0.48333333333333334 0.17962962962962972
4 0.39479166666666665 0.22222222222222232 0.38645833333333335 0.22222222222222232 0.38645833333333335 0.24074074074074084 0.39479166666666665 0.24074074074074084
4 0.425 0.17222222222222233 0.4041666666666667 0.17222222222222233 0.4041666666666667 0.2037037037037038 0.425 0.2037037037037038
4 0.48125 0.18148148148148158 0.4739583333333333 0.18148148148148158 0.4739583333333333 0.2074074074074075 0.48125 0.2074074074074075
3 0.6104166666666667 0.26481481481481495 0.5885416666666666 0.26481481481481495 0.5885416666666666 0.2962962962962964 0.6104166666666667 0.2962962962962964