3 0.39791666666666664 0.4037037037037038 0.35520833333333335 0.4037037037037038 0.35520833333333335 0.4351851851851853 0.39791666666666664 0.4351851851851853
3 0.44166666666666665 0.40185185185185196 0.39895833333333336 0.40185185185185196 0.39895833333333336 0.43333333333333346 0.44166666666666665 0.43333333333333346
3 0.4947916666666667 0.39814814814814825 0.4552083333333333 0.39814814814814825 0.4552083333333333 0.42777777777777787 0.4947916666666667 0.42777777777777787
3 0.2354166666666667 0.4166666666666667 0.190625 0.4166666666666667 0.19062500000000002 0.44814814814814813 0.23541666666666672 0.44814814814814813
3 0.275 0.5611111111111111 0.21666666666666673 0.5611111111111111 0.21666666666666673 0.6037037037037037 0.275 0.6037037037037037
3 0.2916666666666667 0.4111111111111112 0.24791666666666667 0.4111111111111112 0.2479166666666667 0.4425925925925927 0.2916666666666667 0.4425925925925927
3 0.434375 0.5111111111111111 0.38333333333333336 0.5111111111111111 0.38333333333333336 0.5481481481481482 0.434375 0.5481481481481482
3 0.5958333333333333 0.3925925925925927 0.5572916666666666 0.3925925925925927 0.5572916666666666 0.42037037037037045 0.5958333333333333 0.42037037037037045
3 0.5958333333333333 0.3777777777777779 0.5604166666666667 0.3777777777777779 0.5604166666666667 0.40185185185185196 0.5958333333333333 0.40185185185185196
3 0.6739583333333333 0.3814814814814816 0.6354166666666666 0.3814814814814816 0.6354166666666666 0.4129629629629631 0.6739583333333333 0.4129629629629631
3 0.725 0.3833333333333334 0.6854166666666667 0.3833333333333334 0.6854166666666667 0.4092592592592594 0.725 0.4092592592592594
3 0.7729166666666667 0.3796296296296298 0.734375 0.3796296296296298 0.734375 0.4055555555555558 0.7729166666666667 0.4055555555555558
3 0.81875 0.377777777777778 0.7802083333333333 0.377777777777778 0.7802083333333333 0.4037037037037039 0.81875 0.4037037037037039
5 0.834375 0.47592592592592614 0.8177083333333334 0.47592592592592614 0.8177083333333334 0.49444444444444463 0.834375 0.49444444444444463
3 0.921875 0.3740740740740743 0.8854166666666666 0.3740740740740743 0.8854166666666666 0.39814814814814836 0.921875 0.39814814814814836
3 0.9875 0.4851851851851854 0.934375 0.4851851851851854 0.934375 0.5240740740740742 0.9875 0.5240740740740742
3 1 0.37037037037037057 0.9802083333333333 0.37037037037037057 0.9802083333333333 0.39444444444444465 1 0.39444444444444465
4 0.05833333333333335 0.24444444444444444 0.039583333333333345 0.24444444444444444 0.039583333333333345 0.25925925925925924 0.05833333333333335 0.25925925925925924
8 0.5125 0.37407407407407417 0.50625 0.37407407407407417 0.50625 0.39444444444444454 0.5125 0.39444444444444454
8 0.83125 0.4666666666666669 0.821875 0.4666666666666669 0.821875 0.4888888888888891 0.83125 0.4888888888888891
7 0.0697916666666667 0.5555555555555556 0.06041666666666671 0.5555555555555556 0.06041666666666671 0.5888888888888889 0.0697916666666667 0.5888888888888889
7 0.5208333333333334 0.37037037037037046 0.515625 0.37037037037037046 0.515625 0.3962962962962964 0.5208333333333334 0.3962962962962964
7 0.5895833333333333 0.36851851851851863 0.584375 0.36851851851851863 0.584375 0.388888888888889 0.5895833333333333 0.388888888888889
7 0.6666666666666666 0.3000000000000001 0.6614583333333334 0.3000000000000001 0.6614583333333334 0.32037037037037047 0.6666666666666666 0.32037037037037047
7 0.86875 0.29074074074074097 0.8635416666666667 0.29074074074074097 0.8635416666666667 0.31111111111111134 0.86875 0.31111111111111134
7 0.32708333333333334 0.31666666666666676 0.32083333333333336 0.31666666666666676 0.32083333333333336 0.338888888888889 0.32708333333333334 0.338888888888889
7 0.40625 0.3111111111111112 0.39895833333333336 0.3111111111111112 0.39895833333333336 0.33703703703703713 0.40625 0.33703703703703713
7 0.4 0.2777777777777779 0.39375 0.2777777777777779 0.39375 0.2962962962962964 0.4 0.2962962962962964
4 0.018750000000000013 0.21666666666666667 0.004166666666666681 0.21666666666666667 0.004166666666666682 0.24259259259259258 0.018750000000000013 0.24259259259259258
4 0.05000000000000002 0.20925925925925926 0.04270833333333335 0.20925925925925926 0.04270833333333335 0.22407407407407406 0.05000000000000002 0.22407407407407406
4 0.1010416666666667 0.21666666666666667 0.05208333333333335 0.21666666666666667 0.05208333333333335 0.2833333333333333 0.1010416666666667 0.2833333333333333
4 0.11145833333333337 0.29259259259259257 0.07500000000000002 0.29259259259259257 0.07500000000000002 0.31851851851851853 0.11145833333333337 0.31851851851851853
4 0.16458333333333333 0.19444444444444448 0.08854166666666667 0.19444444444444445 0.08854166666666669 0.23703703703703705 0.16458333333333333 0.23703703703703705
4 0.15 0.2388888888888889 0.10520833333333336 0.2388888888888889 0.10520833333333336 0.26481481481481484 0.15 0.26481481481481484
4 0.19791666666666666 0.20740740740740746 0.16875 0.20740740740740746 0.16875 0.23148148148148154 0.19791666666666666 0.23148148148148154
7 0.17708333333333334 0.22777777777777783 0.17291666666666666 0.22777777777777783 0.17291666666666666 0.24814814814814815 0.17708333333333334 0.24814814814814815
4 0.22083333333333333 0.29074074074074074 0.14375 0.29074074074074074 0.14375 0.3111111111111111 0.22083333333333333 0.3111111111111111
4 0.265625 0.1944444444444445 0.22708333333333333 0.1944444444444445 0.22708333333333333 0.2518518518518519 0.265625 0.25185185185185194
7 0.21666666666666667 0.21296296296296302 0.21145833333333333 0.21296296296296302 0.21145833333333333 0.23148148148148154 0.21666666666666667 0.23148148148148154
4 0.20208333333333334 0.23703703703703705 0.19791666666666666 0.23703703703703705 0.19791666666666666 0.24814814814814815 0.20208333333333334 0.24814814814814815
4 0.284375 0.18333333333333338 0.265625 0.18333333333333338 0.265625 0.2777777777777779 0.284375 0.2777777777777779
4 0.32395833333333335 0.22962962962962968 0.2916666666666667 0.22962962962962968 0.2916666666666667 0.25555555555555565 0.32395833333333335 0.25555555555555565
4 0.38333333333333336 0.27962962962962973 0.29270833333333335 0.27962962962962973 0.29270833333333335 0.2981481481481483 0.38333333333333336 0.2981481481481483
4 0.409375 0.20555555555555563 0.3614583333333333 0.2055555555555556 0.3614583333333333 0.2462962962962964 0.409375 0.2462962962962964
4 0.3614583333333333 0.22777777777777783 0.33958333333333335 0.22777777777777783 0.33958333333333335 0.2777777777777779 0.3614583333333333 0.2777777777777779
4 0.46041666666666664 0.2777777777777779 0.40208333333333335 0.2777777777777779 0.40208333333333335 0.2962962962962964 0.46041666666666664 0.2962962962962964
4 0.496875 0.2685185185185186 0.47291666666666665 0.2685185185185186 0.47291666666666665 0.2962962962962964 0.496875 0.2962962962962964
11 0.053125000000000026 0.43148148148148147 0.002083333333333363 0.43148148148148147 0.0020833333333333645 0.4685185185185185 0.053125000000000026 0.4685185185185185
9 0.07083333333333336 0.5666666666666667 0.03958333333333338 0.5666666666666667 0.03958333333333338 0.587037037037037 0.07083333333333336 0.587037037037037
11 0.16250000000000003 0.4222222222222222 0.11562500000000003 0.4222222222222222 0.11562500000000003 0.4537037037037037 0.16250000000000006 0.4537037037037037
11 0.34375 0.4037037037037038 0.3020833333333333 0.4037037037037038 0.3020833333333333 0.43703703703703717 0.34375 0.43703703703703717
11 0.5447916666666667 0.39074074074074083 0.5072916666666667 0.39074074074074083 0.5072916666666667 0.42222222222222233 0.5447916666666667 0.42222222222222233
11 0.559375 0.4962962962962965 0.5145833333333333 0.4962962962962965 0.5145833333333333 0.5333333333333335 0.559375 0.5333333333333335
11 0.6791666666666667 0.5111111111111113 0.6302083333333334 0.5111111111111113 0.6302083333333334 0.5500000000000002 0.6791666666666667 0.5500000000000002
11 0.7291666666666666 0.5055555555555558 0.6770833333333334 0.5055555555555558 0.6770833333333334 0.5481481481481484 0.7291666666666666 0.5481481481481484
11 0.8791666666666667 0.37037037037037057 0.8416666666666667 0.37037037037037057 0.8416666666666667 0.4000000000000002 0.8791666666666667 0.4000000000000002
11 0.96875 0.36481481481481504 0.93125 0.36481481481481504 0.93125 0.3962962962962965 0.96875 0.3962962962962965