3 0.8067708333333333 0.7435185185185187 0.7166666666666667 0.7435185185185187 0.7166666666666667 0.827777777777778 0.8067708333333333 0.827777777777778
3 0.8270833333333333 0.5074074074074076 0.778125 0.5074074074074076 0.778125 0.5703703703703705 0.8270833333333333 0.5703703703703705
3 0.8776041666666666 0.5953703703703705 0.8239583333333333 0.5953703703703705 0.8239583333333333 0.6796296296296298 0.8776041666666666 0.6796296296296298
3 0.8859375 0.7037037037037039 0.83125 0.7037037037037039 0.83125 0.7833333333333335 0.8859375 0.7833333333333335
3 0.66875 0.6240740740740743 0.615625 0.6240740740740743 0.615625 0.7175925925925928 0.66875 0.7175925925925928
3 0.6182291666666667 0.5342592592592594 0.5848958333333333 0.5342592592592594 0.5848958333333333 0.614814814814815 0.6182291666666667 0.614814814814815
3 0.6057291666666667 0.46203703703703713 0.5744791666666667 0.46203703703703713 0.5744791666666667 0.5305555555555558 0.6057291666666667 0.5305555555555558
3 0.5921875 0.4027777777777779 0.5645833333333333 0.4027777777777779 0.5645833333333333 0.4601851851851853 0.5921875 0.4601851851851853
3 0.5802083333333333 0.35462962962962974 0.5541666666666667 0.35462962962962974 0.5541666666666667 0.4064814814814816 0.5802083333333333 0.4064814814814816
3 0.55625 0.2861111111111112 0.534375 0.2861111111111112 0.534375 0.3277777777777779 0.55625 0.3277777777777779
3 0.753125 0.4222222222222224 0.7088541666666667 0.42222222222222233 0.7088541666666667 0.47777777777777797 0.753125 0.47777777777777797
3 0.7114583333333333 0.36574074074074087 0.6770833333333334 0.36574074074074087 0.6770833333333334 0.4129629629629631 0.7114583333333333 0.4129629629629631
3 0.6864583333333333 0.3157407407407408 0.6552083333333333 0.3157407407407408 0.6552083333333333 0.3611111111111112 0.6864583333333333 0.3611111111111112
3 0.6609375 0.2685185185185186 0.6354166666666666 0.2685185185185186 0.6354166666666666 0.30555555555555564 0.6609375 0.30555555555555564
3 0.6390625 0.24074074074074084 0.615625 0.24074074074074084 0.615625 0.26944444444444454 0.6390625 0.26944444444444454
3 0.6104166666666667 0.2129629629629631 0.5927083333333333 0.21296296296296308 0.5927083333333333 0.23888888888888898 0.6104166666666667 0.23888888888888898
3 0.4088541666666668 0.9305555555555556 0.36927083333333344 0.9305555555555556 0.36927083333333344 1 0.4088541666666668 1
3 0.0677083333333334 0.9537037037037037 0.010937500000000067 0.9537037037037037 0.010937500000000069 1 0.0677083333333334 1
3 0.2473958333333334 0.8361111111111111 0.20260416666666672 0.8361111111111111 0.20260416666666672 0.9472222222222222 0.2473958333333334 0.9472222222222222
3 0.10572916666666672 0.7851851851851852 0.054166666666666724 0.7851851851851852 0.054166666666666724 0.9027777777777778 0.10572916666666672 0.9027777777777778
3 0.20468750000000005 0.6972222222222222 0.15572916666666672 0.6972222222222222 0.15572916666666672 0.8037037037037037 0.20468750000000005 0.8037037037037037
3 0.12812500000000007 0.6814814814814815 0.08437500000000006 0.6814814814814815 0.08437500000000006 0.7796296296296297 0.12812500000000007 0.7796296296296297
3 0.14843750000000006 0.575925925925926 0.10833333333333336 0.575925925925926 0.10833333333333338 0.6648148148148149 0.14843750000000006 0.6648148148148149
3 0.28541666666666665 0.5175925925925926 0.2567708333333334 0.5175925925925926 0.2567708333333334 0.5777777777777777 0.28541666666666665 0.5777777777777777
3 0.2291666666666667 0.49444444444444446 0.1989583333333334 0.49444444444444446 0.1989583333333334 0.5537037037037037 0.2291666666666667 0.5537037037037037
3 0.16510416666666672 0.49537037037037035 0.12760416666666669 0.49537037037037035 0.12760416666666669 0.5666666666666667 0.16510416666666672 0.5666666666666667
3 0.18177083333333338 0.43148148148148147 0.14687500000000006 0.43148148148148147 0.14687500000000006 0.49907407407407406 0.18177083333333338 0.49907407407407406
3 0.1963541666666667 0.3814814814814815 0.16770833333333332 0.3814814814814815 0.16770833333333338 0.4351851851851852 0.19635416666666672 0.4351851851851852
3 0.07031250000000003 0.45185185185185184 0.011979166666666697 0.45185185185185184 0.0119791666666667 0.5111111111111111 0.07031250000000003 0.5111111111111111
3 0.11458333333333336 0.39537037037037037 0.07031250000000003 0.39537037037037037 0.07031250000000003 0.4546296296296296 0.11458333333333336 0.4546296296296296
3 0.07708333333333336 0.387037037037037 0.04270833333333336 0.387037037037037 0.04270833333333336 0.44074074074074077 0.07708333333333336 0.44074074074074077
3 0.09531250000000004 0.34814814814814815 0.0651041666666667 0.34814814814814815 0.0651041666666667 0.3962962962962963 0.09531250000000004 0.3962962962962963
3 0.215625 0.33796296296296297 0.18958333333333333 0.33796296296296297 0.18958333333333333 0.38333333333333336 0.215625 0.38333333333333336
3 0.3182291666666667 0.3462962962962964 0.29635416666666664 0.3462962962962964 0.29635416666666664 0.3851851851851853 0.3182291666666667 0.3851851851851853
3 0.3067708333333333 0.2777777777777779 0.2875 0.2777777777777779 0.2875 0.313888888888889 0.3067708333333333 0.313888888888889
3 0.3416666666666667 0.22222222222222227 0.32083333333333336 0.22222222222222227 0.32083333333333336 0.2527777777777779 0.3416666666666667 0.2527777777777779
3 0.3046875 0.22500000000000006 0.28541666666666665 0.22500000000000006 0.28541666666666665 0.25462962962962976 0.3046875 0.25462962962962976
3 0.3015625 0.17222222222222228 0.28541666666666665 0.17222222222222228 0.28541666666666665 0.20000000000000004 0.3015625 0.20000000000000004
3 0.2296875 0.29259259259259257 0.20572916666666666 0.29259259259259257 0.20572916666666666 0.3351851851851852 0.2296875 0.3351851851851852
3 0.24427083333333333 0.23981481481481487 0.21979166666666666 0.23981481481481481 0.21979166666666666 0.2842592592592593 0.24427083333333333 0.2842592592592594
3 0.253125 0.21296296296296302 0.2328125 0.21296296296296302 0.2328125 0.24907407407407411 0.253125 0.24907407407407417
3 0.26145833333333335 0.18796296296296303 0.2421875 0.18796296296296303 0.2421875 0.21759259259259264 0.26145833333333335 0.21759259259259264
3 0.11718750000000003 0.30925925925925923 0.08645833333333336 0.30925925925925923 0.08645833333333336 0.35555555555555557 0.11718750000000003 0.35555555555555557
3 0.13177083333333336 0.27870370370370373 0.10260416666666669 0.27870370370370373 0.10260416666666669 0.32037037037037036 0.13177083333333336 0.32037037037037036
3 0.1453125 0.25092592592592594 0.1213541666666667 0.25092592592592594 0.1213541666666667 0.287962962962963 0.1453125 0.287962962962963
3 0.16979166666666667 0.2055555555555556 0.14895833333333333 0.2055555555555556 0.14895833333333333 0.23703703703703705 0.16979166666666667 0.23703703703703705
11 0.15833333333333333 0.2231481481481482 0.13697916666666668 0.2231481481481482 0.13697916666666668 0.2574074074074074 0.15833333333333333 0.2574074074074074
3 0.18177083333333333 0.18425925925925932 0.1609375 0.18425925925925932 0.1609375 0.21296296296296302 0.18177083333333333 0.21296296296296302
3 0.19322916666666667 0.16111111111111118 0.17291666666666666 0.16111111111111118 0.17291666666666666 0.1907407407407408 0.19322916666666667 0.1907407407407408
3 0.203125 0.14259259259259263 0.18385416666666668 0.14259259259259263 0.18385416666666668 0.17037037037037042 0.203125 0.17037037037037042
3 0.20885416666666667 0.12962962962962968 0.19322916666666667 0.12962962962962968 0.19322916666666667 0.15462962962962967 0.20885416666666667 0.15462962962962967
3 0.2171875 0.11481481481481487 0.2 0.11481481481481487 0.2 0.13981481481481486 0.2171875 0.13981481481481486
3 0.22291666666666668 0.1018518518518519 0.20885416666666667 0.1018518518518519 0.20885416666666667 0.12500000000000006 0.22291666666666668 0.12500000000000006
3 0.23072916666666668 0.08888888888888895 0.21822916666666667 0.08888888888888895 0.21822916666666667 0.1092592592592593 0.23072916666666668 0.1092592592592593
3 0.2390625 0.07222222222222227 0.225 0.07222222222222227 0.225 0.09537037037037042 0.2390625 0.09537037037037042
3 0.29635416666666664 0.09074074074074079 0.28177083333333336 0.09074074074074079 0.28177083333333336 0.11481481481481487 0.29635416666666664 0.11481481481481487
3 0.33489583333333334 0.08148148148148156 0.32135416666666666 0.08148148148148156 0.32135416666666666 0.10462962962962971 0.33489583333333334 0.10462962962962971
3 0.35572916666666665 0.08518518518518527 0.34322916666666664 0.08518518518518527 0.34322916666666664 0.10648148148148157 0.35572916666666665 0.10648148148148157
3 0.33541666666666664 0.0546296296296297 0.32395833333333335 0.054629629629629695 0.32395833333333335 0.07129629629629637 0.33541666666666664 0.07129629629629637
3 0.32447916666666665 0.008333333333333403 0.31302083333333336 0.008333333333333403 0.31302083333333336 0.027777777777777846 0.32447916666666665 0.02777777777777785
3 0.24270833333333333 0.06481481481481487 0.23125 0.06481481481481487 0.23125 0.08425925925925931 0.24270833333333333 0.08425925925925931
3 0.24791666666666667 0.05555555555555561 0.23541666666666666 0.05555555555555561 0.23541666666666666 0.07407407407407413 0.24791666666666667 0.07407407407407413
3 0.2546875 0.04537037037037042 0.24270833333333333 0.04537037037037042 0.24270833333333333 0.06388888888888894 0.2546875 0.06388888888888894
3 0.25885416666666666 0.03611111111111116 0.246875 0.03611111111111116 0.246875 0.05462962962962968 0.25885416666666666 0.05462962962962968
3 0.2630208333333333 0.026851851851851908 0.2515625 0.026851851851851904 0.2515625 0.04537037037037042 0.2630208333333333 0.04537037037037042
3 0.2682291666666667 0.015740740740740798 0.25677083333333334 0.015740740740740795 0.25677083333333334 0.03425925925925931 0.2682291666666667 0.03425925925925931
3 0.27291666666666664 0.010185185185185243 0.2625 0.010185185185185242 0.2625 0.02777777777777784 0.27291666666666664 0.02777777777777784
3 0.2786458333333333 0.003703703703703763 0.26666666666666666 0.003703703703703761 0.26666666666666666 0.021296296296296355 0.2786458333333333 0.021296296296296355
3 0.3489583333333333 7.483952661456048e-17 0.3385416666666667 7.370559439312774e-17 0.3385416666666667 0.012962962962963037 0.3489583333333333 0.012962962962963039
3 0.3776041666666667 8.118954705458379e-17 0.36822916666666666 8.016900805529433e-17 0.36822916666666666 0.011111111111111191 0.3776041666666667 0.011111111111111193
4 0.19114583333333332 2.7214373314385622e-17 0.058854166666666666 1.2813434102189899e-17 0.058854166666666666 0.08055555555555559 0.19114583333333332 0.0805555555555556
3 0.11354166666666667 0.08240740740740743 0.08541666666666667 0.08240740740740743 0.08541666666666667 0.1027777777777778 0.11354166666666667 0.1027777777777778
3 0.13177083333333334 0.08518518518518521 0.11302083333333333 0.08518518518518521 0.11302083333333333 0.10462962962962966 0.13177083333333334 0.10462962962962966
3 0.11979166666666667 0.09444444444444447 0.10260416666666666 0.09444444444444447 0.10260416666666666 0.11759259259259262 0.11979166666666667 0.11759259259259262
3 0.10729166666666666 0.08796296296296299 0.08177083333333333 0.08796296296296299 0.08177083333333333 0.10925925925925929 0.10729166666666666 0.10925925925925929
3 0.10364583333333334 0.09629629629629632 0.08020833333333334 0.09629629629629632 0.08020833333333334 0.11574074074074077 0.10364583333333334 0.11574074074074077
3 0.1078125 0.11574074074074077 0.08697916666666666 0.11574074074074077 0.08697916666666666 0.14074074074074075 0.1078125 0.14074074074074075
3 0.09375 0.10648148148148151 0.06614583333333333 0.10648148148148151 0.06614583333333333 0.12685185185185185 0.09375 0.12685185185185185
3 0.08177083333333333 0.11203703703703705 0.05416666666666668 0.11203703703703703 0.05416666666666668 0.13240740740740742 0.08177083333333333 0.13240740740740742
3 0.08072916666666667 0.12314814814814815 0.04947916666666668 0.12314814814814815 0.04947916666666668 0.14351851851851852 0.08072916666666667 0.14351851851851852
3 0.07239583333333334 0.1287037037037037 0.03593750000000002 0.1287037037037037 0.03593750000000002 0.1537037037037037 0.07239583333333334 0.1537037037037037
3 0.06197916666666668 0.14351851851851852 0.02552083333333334 0.14351851851851852 0.025520833333333343 0.1648148148148148 0.06197916666666668 0.1648148148148148
3 0.05781250000000002 0.1527777777777778 0.01718750000000001 0.1527777777777778 0.017187500000000012 0.17592592592592593 0.05781250000000002 0.17592592592592593
3 0.047395833333333345 0.1638888888888889 0.007291666666666678 0.1638888888888889 0.007291666666666679 0.18611111111111112 0.047395833333333345 0.18611111111111112
3 0.03645833333333335 0.1712962962962963 0.0010416666666666788 0.1712962962962963 0.0010416666666666794 0.19444444444444445 0.03645833333333335 0.19444444444444445
3 0.028125000000000015 0.17962962962962964 1.2374035366384716e-17 0.17962962962962964 1.3235115147035199e-17 0.20462962962962963 0.028125000000000015 0.20462962962962963
3 0.018750000000000013 0.18981481481481483 1.3075655928396219e-17 0.18981481481481483 1.3904843865318906e-17 0.21388888888888888 0.018750000000000013 0.21388888888888888
3 0.017708333333333347 0.22777777777777777 1.5690787114075464e-17 0.22777777777777777 1.696646086318729e-17 0.26481481481481484 0.017708333333333347 0.26481481481481484
3 0.04375000000000002 0.1962962962962963 0.017708333333333347 0.1962962962962963 0.017708333333333347 0.22685185185185186 0.04375000000000002 0.22685185185185186
3 0.06927083333333334 0.08055555555555557 0.04635416666666667 0.08055555555555556 0.04635416666666667 0.09722222222222224 0.06927083333333334 0.09722222222222225
3 0.06250000000000001 0.0851851851851852 0.0421875 0.08518518518518518 0.04218750000000001 0.11018518518518519 0.06250000000000001 0.1101851851851852
3 0.04739583333333334 0.10092592592592593 0.016666666666666673 0.10092592592592593 0.016666666666666673 0.12037037037037036 0.047395833333333345 0.12037037037037036
3 0.03645833333333334 0.10740740740740741 0.002604166666666674 0.10740740740740741 0.002604166666666675 0.12962962962962962 0.03645833333333335 0.12962962962962962
3 0.027604166666666673 0.12222222222222222 8.419446744138053e-18 0.12222222222222222 9.184850993605149e-18 0.14444444444444443 0.027604166666666673 0.14444444444444443
5 0.3984375 0.6277777777777778 0.38697916666666665 0.6277777777777778 0.38697916666666665 0.674074074074074 0.3984375 0.674074074074074
5 0.3796875 0.5231481481481481 0.3697916666666667 0.5231481481481481 0.3697916666666667 0.5574074074074075 0.3796875 0.5574074074074075
7 0.43125 0.34814814814814826 0.42552083333333335 0.34814814814814826 0.42552083333333335 0.3750000000000001 0.43125 0.3750000000000001
8 0.3515625 0.2925925925925927 0.3453125 0.2925925925925927 0.3453125 0.31203703703703717 0.3515625 0.31203703703703717
5 0.3515625 0.29907407407407416 0.34479166666666666 0.29907407407407416 0.34479166666666666 0.32037037037037047 0.3515625 0.32037037037037047
7 0.971875 0.49351851851851875 0.9609375 0.49351851851851875 0.9609375 0.5324074074074077 0.971875 0.5324074074074077
7 0.9276041666666667 0.4212962962962965 0.9192708333333334 0.4212962962962965 0.9192708333333334 0.4537037037037039 0.9276041666666667 0.4537037037037039
7 0.8411458333333334 0.3712962962962965 0.8317708333333333 0.3712962962962965 0.8317708333333333 0.4037037037037039 0.8411458333333334 0.4037037037037039
7 0.7479166666666667 0.32962962962962983 0.7411458333333333 0.32962962962962983 0.7411458333333333 0.35925925925925944 0.7479166666666667 0.35925925925925944
7 0.7989583333333333 0.2685185185185187 0.7927083333333333 0.2685185185185187 0.7927083333333333 0.30092592592592615 0.7989583333333333 0.30092592592592615
7 0.6776041666666667 0.13240740740740756 0.6729166666666667 0.13240740740740756 0.6729166666666667 0.15370370370370387 0.6776041666666667 0.15370370370370387
7 0.6817708333333333 0.1333333333333335 0.6786458333333333 0.1333333333333335 0.6786458333333333 0.15092592592592607 0.6817708333333333 0.15092592592592607
7 0.6848958333333334 0.1296296296296298 0.6807291666666667 0.1296296296296298 0.6807291666666667 0.14907407407407422 0.6848958333333334 0.14907407407407422
7 0.7286458333333333 0.14259259259259274 0.721875 0.14259259259259274 0.721875 0.16481481481481497 0.7286458333333333 0.16481481481481497
7 0.7208333333333333 0.17037037037037053 0.7145833333333333 0.17037037037037053 0.7145833333333333 0.19444444444444461 0.7208333333333333 0.19444444444444461
7 0.715625 0.17870370370370386 0.7114583333333333 0.17870370370370386 0.7114583333333333 0.19259259259259276 0.715625 0.19259259259259276
4 0.434375 0.046296296296296384 0.3828125 0.04629629629629638 0.3828125 0.16481481481481491 0.434375 0.16481481481481491
7 0.6208333333333333 0.08518518518518532 0.6161458333333333 0.08518518518518532 0.6161458333333333 0.1055555555555557 0.6208333333333333 0.1055555555555557
7 0.578125 0.008333333333333458 0.575 0.008333333333333458 0.575 0.0240740740740742 0.578125 0.0240740740740742
7 0.584375 0.013888888888889015 0.58125 0.013888888888889015 0.58125 0.030555555555555686 0.584375 0.030555555555555686
1 0.44635416666666666 0.35185185185185197 0.43125 0.35185185185185197 0.43125 0.37037037037037046 0.44635416666666666 0.37037037037037046
1 0.46197916666666666 0.4166666666666668 0.44427083333333334 0.4166666666666668 0.44427083333333334 0.438888888888889 0.46197916666666666 0.438888888888889
1 0.46145833333333336 0.43055555555555564 0.4453125 0.43055555555555564 0.4453125 0.450925925925926 0.46145833333333336 0.450925925925926
1 0.459375 0.4407407407407408 0.4427083333333333 0.4407407407407408 0.4427083333333333 0.46203703703703713 0.459375 0.46203703703703713
1 0.4630208333333333 0.4712962962962964 0.44635416666666666 0.4712962962962964 0.44635416666666666 0.49537037037037035 0.4630208333333333 0.49537037037037035
5 0.4515625 0.37962962962962976 0.4354166666666667 0.37962962962962976 0.4354166666666667 0.40462962962962973 0.4515625 0.40462962962962973
7 0.1890625 0.12500000000000006 0.184375 0.12500000000000006 0.184375 0.14537037037037043 0.1890625 0.14537037037037043
7 0.19427083333333334 0.12222222222222227 0.1890625 0.12222222222222227 0.1890625 0.14259259259259263 0.19427083333333334 0.14259259259259263
7 0.10781250000000003 0.24722222222222223 0.10260416666666669 0.24722222222222223 0.10260416666666669 0.2712962962962963 0.10781250000000003 0.2712962962962963
1 0.11145833333333337 0.2518518518518518 0.10625000000000002 0.2518518518518518 0.10625000000000002 0.2740740740740741 0.11145833333333337 0.2740740740740741
1 0.04270833333333336 0.3592592592592593 0.03593750000000003 0.3592592592592593 0.03593750000000003 0.38055555555555554 0.04270833333333336 0.38055555555555554
1 0.01875000000000003 0.4212962962962963 0.003125000000000029 0.4212962962962963 0.0031250000000000297 0.44351851851851853 0.01875000000000003 0.44351851851851853
7 0.37447916666666664 0.0685185185185186 0.3703125 0.0685185185185186 0.3703125 0.08796296296296305 0.37447916666666664 0.08796296296296305