11 0.5919117647058824 0.7973856209150327 0.5514705882352942 0.7973856209150327 0.5514705882352942 0.9281045751633987 0.5919117647058824 0.9281045751633987
3 0.6338235294117647 0.6849673202614379 0.6 0.6849673202614379 0.6 0.7712418300653595 0.6338235294117647 0.7712418300653595
3 0.5632352941176471 0.5869281045751635 0.5345588235294118 0.5869281045751635 0.5345588235294118 0.6679738562091505 0.5632352941176471 0.6679738562091505
3 0.6044117647058823 0.5058823529411767 0.5764705882352941 0.5058823529411767 0.5764705882352941 0.5712418300653597 0.6044117647058823 0.5712418300653597
3 0.5639705882352941 0.47843137254901974 0.5397058823529411 0.47843137254901974 0.5397058823529411 0.5346405228758171 0.5639705882352941 0.5346405228758171
3 0.5897058823529412 0.39607843137254917 0.5647058823529412 0.39607843137254917 0.5647058823529412 0.4522875816993466 0.5897058823529412 0.4522875816993466
3 0.5875 0.30457516339869295 0.5661764705882353 0.30457516339869295 0.5661764705882353 0.34771241830065375 0.5875 0.34771241830065375
3 0.5264705882352941 0.288888888888889 0.49117647058823527 0.288888888888889 0.49117647058823527 0.3281045751633988 0.5264705882352941 0.32810457516339886
8 0.4426470588235294 0.8758169934640523 0.4294117647058823 0.8758169934640523 0.4294117647058823 0.9254901960784314 0.4426470588235294 0.9254901960784314
1 0.4411764705882353 0.8849673202614379 0.43014705882352944 0.8849673202614379 0.43014705882352944 0.938562091503268 0.4411764705882353 0.938562091503268
3 0.5154411764705882 0.23921568627450993 0.49558823529411766 0.23921568627450987 0.49558823529411766 0.27843137254901973 0.5154411764705882 0.27843137254901973
3 0.47205882352941175 0.23398692810457525 0.43823529411764706 0.23398692810457525 0.43823529411764706 0.2718954248366014 0.47205882352941175 0.2718954248366014
11 0.5036764705882353 0.19738562091503276 0.48676470588235293 0.19738562091503276 0.48676470588235293 0.23398692810457525 0.5036764705882353 0.23398692810457525
11 0.5338235294117647 0.1751633986928106 0.513235294117647 0.1751633986928106 0.513235294117647 0.21307189542483676 0.5338235294117647 0.21307189542483676
3 0.5617647058823529 0.18039215686274523 0.5323529411764706 0.18039215686274523 0.5323529411764706 0.21699346405228773 0.5617647058823529 0.21699346405228773
11 0.5772058823529411 0.16732026143790865 0.5566176470588236 0.16732026143790865 0.5566176470588236 0.20653594771241846 0.5772058823529411 0.20653594771241846
3 0.5441176470588235 0.154248366013072 0.5169117647058824 0.154248366013072 0.5169117647058824 0.1882352941176472 0.5441176470588235 0.1882352941176472
3 0.5330882352941176 0.1320261437908498 0.5139705882352941 0.1320261437908498 0.5139705882352941 0.16339869281045763 0.5330882352941176 0.16339869281045763
3 0.5125 0.1215686274509805 0.49779411764705883 0.1215686274509805 0.49779411764705883 0.15163398692810467 0.5125 0.15163398692810467
3 0.6286764705882353 0.13071895424836616 0.5977941176470588 0.13071895424836616 0.5977941176470588 0.1555555555555557 0.6286764705882353 0.1555555555555557
11 0.6779411764705883 0.1228758169934642 0.6411764705882353 0.1228758169934642 0.6411764705882353 0.15424836601307204 0.6779411764705883 0.15424836601307204
3 0.7272058823529411 0.1647058823529413 0.6948529411764706 0.1647058823529413 0.6948529411764706 0.1921568627450982 0.7272058823529411 0.1921568627450982
3 0.7279411764705882 0.15032679738562107 0.6941176470588235 0.15032679738562107 0.6941176470588235 0.1751633986928106 0.7279411764705882 0.1751633986928106
3 0.7139705882352941 0.13202614379084981 0.6786764705882353 0.13202614379084981 0.6786764705882353 0.16339869281045766 0.7139705882352941 0.16339869281045766
3 0.7727941176470589 0.14509803921568645 0.7360294117647059 0.14509803921568643 0.7360294117647059 0.17254901960784327 0.7727941176470589 0.17254901960784327
3 0.7602941176470588 0.1294117647058825 0.7264705882352941 0.1294117647058825 0.7264705882352941 0.15816993464052304 0.7602941176470588 0.15816993464052304
3 0.7507352941176471 0.12418300653594785 0.7235294117647059 0.12418300653594785 0.7235294117647059 0.14379084967320277 0.7507352941176471 0.14379084967320277
3 0.8139705882352941 0.1411764705882355 0.7801470588235294 0.1411764705882355 0.7801470588235294 0.16732026143790865 0.8139705882352941 0.16732026143790865
3 0.8058823529411765 0.1307189542483662 0.7705882352941177 0.1307189542483662 0.7705882352941177 0.15424836601307207 0.8058823529411765 0.15424836601307207
3 0.8102941176470588 0.1176470588235296 0.7772058823529412 0.1176470588235296 0.7772058823529412 0.1411764705882355 0.8102941176470588 0.1411764705882355
11 0.8544117647058823 0.13333333333333353 0.8220588235294117 0.13333333333333353 0.8220588235294117 0.1633986928104577 0.8544117647058823 0.1633986928104577
3 0.8404411764705882 0.12941176470588253 0.8095588235294118 0.12941176470588253 0.8095588235294118 0.1529411764705884 0.8404411764705882 0.1529411764705884
3 0.8610294117647059 0.11372549019607861 0.8279411764705882 0.11372549019607861 0.8279411764705882 0.13594771241830084 0.8610294117647059 0.13594771241830084
3 0.8955882352941177 0.13464052287581718 0.8602941176470589 0.13464052287581718 0.8602941176470589 0.15816993464052306 0.8955882352941177 0.15816993464052306
3 0.8816176470588235 0.12156862745098058 0.850735294117647 0.12156862745098058 0.850735294117647 0.1477124183006538 0.8816176470588235 0.1477124183006538
3 0.9345588235294118 0.12679738562091522 0.9014705882352941 0.12679738562091522 0.9014705882352941 0.15424836601307207 0.9345588235294118 0.15424836601307207
3 0.924264705882353 0.11503267973856228 0.8926470588235295 0.11503267973856228 0.8926470588235295 0.14248366013071914 0.924264705882353 0.14248366013071914
3 0.9147058823529411 0.10849673202614397 0.8823529411764706 0.10849673202614397 0.8823529411764706 0.12941176470588253 0.9147058823529411 0.12941176470588253
3 0.9426470588235294 0.1019607843137257 0.9095588235294118 0.10196078431372567 0.9095588235294118 0.12549019607843157 0.9426470588235294 0.1254901960784316
11 0.9919117647058824 0.1320261437908499 0.9610294117647059 0.1320261437908499 0.9610294117647059 0.16209150326797409 0.9919117647058824 0.16209150326797409
3 1 0.12026143790849696 0.9779411764705882 0.12026143790849696 0.9779411764705882 0.14248366013071917 1 0.14248366013071917
8 0.7220588235294118 0.1163398692810459 0.7161764705882353 0.1163398692810459 0.7161764705882353 0.13202614379084981 0.7220588235294118 0.13202614379084981
5 0.7272058823529411 0.12156862745098054 0.7125 0.12156862745098054 0.7125 0.13464052287581715 0.7272058823529411 0.13464052287581715
2 0.5764705882352941 0.10457516339869292 0.5411764705882353 0.10457516339869292 0.5411764705882353 0.18039215686274523 0.5764705882352941 0.18039215686274523
3 0.5794117647058824 0.1084967320261439 0.5610294117647059 0.1084967320261439 0.5610294117647059 0.13725490196078444 0.5794117647058824 0.13725490196078444
2 0.4838235294117647 0.13071895424836613 0.45808823529411763 0.13071895424836613 0.45808823529411763 0.21830065359477133 0.4838235294117647 0.21830065359477133
3 0.46397058823529413 0.11372549019607854 0.4441176470588235 0.11372549019607854 0.4441176470588235 0.14379084967320271 0.46397058823529413 0.14379084967320271
3 0.48308823529411765 0.08627450980392168 0.46838235294117647 0.08627450980392168 0.46838235294117647 0.11372549019607854 0.48308823529411765 0.11372549019607854
3 0.5117647058823529 0.08496732026143802 0.4985294117647059 0.08496732026143802 0.4985294117647059 0.11111111111111122 0.5117647058823529 0.11111111111111122
3 0.5102941176470588 0.050980392156862855 0.4970588235294118 0.050980392156862855 0.4970588235294118 0.07973856209150337 0.5102941176470588 0.07973856209150337
3 0.49264705882352944 0.03921568627450991 0.4786764705882353 0.03921568627450991 0.4786764705882353 0.07189542483660141 0.49264705882352944 0.07189542483660141
11 0.5110294117647058 0.030065359477124295 0.5 0.030065359477124295 0.5 0.05751633986928116 0.5110294117647058 0.05751633986928116
2 0.5514705882352942 0.04836601307189554 0.5272058823529412 0.04836601307189554 0.5272058823529412 0.11241830065359489 0.5514705882352942 0.11241830065359489
10 0.5389705882352941 0.002614379084967436 0.525 0.002614379084967434 0.525 0.04183006535947723 0.5389705882352941 0.04183006535947723
3 0.525 0.0013071895424837732 0.5154411764705882 0.0013071895424837721 0.5154411764705882 0.020915032679738675 0.525 0.020915032679738675
3 0.5080882352941176 0.01045751633986939 0.4970588235294118 0.010457516339869388 0.4970588235294118 0.03790849673202625 0.5080882352941176 0.03790849673202625
11 0.49117647058823527 1.0573584455383356e-16 0.4801470588235294 1.0453521043702244e-16 0.4801470588235294 0.02222222222222233 0.49117647058823527 0.022222222222222334
3 0.5080882352941176 1.0941778917872103e-16 0.4970588235294118 1.082171550619099e-16 0.4970588235294118 0.01176470588235305 0.5080882352941176 0.011764705882353052
3 0.3889705882352941 0.1830065359477125 0.3522058823529412 0.1830065359477125 0.3522058823529412 0.21699346405228764 0.3889705882352941 0.21699346405228764
3 0.34338235294117647 0.23398692810457525 0.30220588235294116 0.23398692810457525 0.30220588235294116 0.2679738562091504 0.34338235294117647 0.2679738562091504
3 0.3323529411764706 0.2222222222222223 0.2897058823529412 0.2222222222222223 0.2897058823529412 0.2549019607843138 0.3323529411764706 0.2549019607843138
3 0.34044117647058825 0.20130718954248372 0.30220588235294116 0.20130718954248372 0.30220588235294116 0.2313725490196079 0.34044117647058825 0.2313725490196079
3 0.3044117647058823 0.2640522875816994 0.2580882352941177 0.2640522875816994 0.2580882352941177 0.29803921568627456 0.3044117647058823 0.29803921568627456
3 0.28161764705882353 0.24313725490196086 0.23897058823529413 0.24313725490196086 0.23897058823529413 0.2784313725490197 0.28161764705882353 0.2784313725490197
3 0.2757352941176471 0.22352941176470595 0.2323529411764706 0.22352941176470595 0.2323529411764706 0.2588235294117648 0.2757352941176471 0.2588235294117648
3 0.2911764705882353 0.20784313725490203 0.25588235294117645 0.20784313725490203 0.25588235294117645 0.2352941176470589 0.2911764705882353 0.2352941176470589
3 0.30514705882352944 0.17908496732026152 0.26544117647058824 0.17908496732026152 0.26544117647058824 0.21437908496732033 0.30514705882352944 0.21437908496732033
3 0.24705882352941178 0.21437908496732033 0.20073529411764707 0.21437908496732033 0.20073529411764707 0.24313725490196086 0.24705882352941178 0.24313725490196086
3 0.21838235294117647 0.25228758169934645 0.1713235294117647 0.25228758169934645 0.1713235294117647 0.284967320261438 0.21838235294117647 0.284967320261438
3 0.21544117647058825 0.23006535947712425 0.17279411764705882 0.23006535947712425 0.17279411764705882 0.26013071895424844 0.21544117647058825 0.26013071895424844
3 0.18455882352941178 0.21307189542483665 0.1411764705882353 0.2130718954248366 0.1411764705882353 0.2470588235294118 0.18455882352941178 0.24705882352941183
3 0.15588235294117647 0.25882352941176473 0.11029411764705882 0.25882352941176473 0.11029411764705882 0.2928104575163399 0.15588235294117647 0.2928104575163399
3 0.14338235294117646 0.23921568627450981 0.09264705882352943 0.23921568627450981 0.09264705882352943 0.27320261437908494 0.14338235294117646 0.27320261437908494
3 0.12720588235294117 0.2222222222222222 0.08750000000000002 0.2222222222222222 0.08750000000000002 0.25359477124183005 0.12720588235294117 0.25359477124183005
3 0.09117647058823532 0.26405228758169935 0.03823529411764708 0.26405228758169935 0.03823529411764708 0.29934640522875816 0.09117647058823532 0.29934640522875816
3 0.07279411764705884 0.24836601307189543 0.02279411764705884 0.24836601307189543 0.022794117647058843 0.28366013071895424 0.07279411764705884 0.28366013071895424
3 0.07426470588235297 0.22745098039215686 0.030147058823529423 0.22745098039215686 0.030147058823529426 0.257516339869281 0.07426470588235297 0.257516339869281
3 0.02279411764705884 0.23137254901960785 1.5938417900667758e-17 0.23137254901960785 1.7064012385178194e-17 0.26405228758169935 0.02279411764705884 0.26405228758169935
8 0.45 0.31111111111111117 0.4426470588235294 0.31111111111111117 0.4426470588235294 0.33986928104575176 0.45 0.33986928104575176
5 0.45 0.3176470588235295 0.4426470588235294 0.3176470588235295 0.4426470588235294 0.3424836601307191 0.45 0.3424836601307191
8 0.4176470588235294 0.12156862745098046 0.4117647058823529 0.12156862745098046 0.4117647058823529 0.13856209150326804 0.4176470588235294 0.13856209150326804
1 0.4198529411764706 0.12549019607843145 0.40955882352941175 0.12549019607843145 0.40955882352941175 0.1437908496732027 0.4198529411764706 0.1437908496732027
8 0.5639705882352941 0.06928104575163412 0.5588235294117647 0.06928104575163412 0.5588235294117647 0.08758169934640533 0.5639705882352941 0.08758169934640533
1 0.5632352941176471 0.07450980392156875 0.5580882352941177 0.07450980392156875 0.5580882352941177 0.09150326797385631 0.5632352941176471 0.09150326797385631
8 0.5198529411764706 0.11764705882352952 0.5154411764705882 0.11764705882352952 0.5154411764705882 0.1346405228758171 0.5198529411764706 0.1346405228758171
5 0.5213235294117647 0.12287581699346416 0.5147058823529411 0.12287581699346416 0.5147058823529411 0.13986928104575175 0.5213235294117647 0.13986928104575175
7 0.6102941176470589 0.10196078431372564 0.6058823529411764 0.10196078431372564 0.6058823529411764 0.12418300653594785 0.6102941176470589 0.12418300653594785
7 0.586764705882353 0.08627450980392168 0.5808823529411765 0.08627450980392168 0.5808823529411765 0.10588235294117658 0.586764705882353 0.10588235294117658
7 0.5816176470588236 0.08627450980392168 0.5764705882352941 0.08627450980392168 0.5764705882352941 0.10980392156862756 0.5816176470588236 0.10980392156862756
7 0.5705882352941176 0.088888888888889 0.5661764705882353 0.088888888888889 0.5661764705882353 0.1084967320261439 0.5705882352941176 0.1084967320261439
7 0.5713235294117647 0.08235294117647071 0.5669117647058823 0.08235294117647071 0.5669117647058823 0.10457516339869292 0.5713235294117647 0.10457516339869292
7 0.6161764705882353 0.12418300653594785 0.6110294117647059 0.12418300653594785 0.6110294117647059 0.14248366013071911 0.6161764705882353 0.14248366013071911
7 0.6088235294117647 0.1228758169934642 0.6029411764705882 0.1228758169934642 0.6029411764705882 0.14248366013071911 0.6088235294117647 0.14248366013071911