3 0.4661458333333333 0.6814814814814815 0.4088541666666667 0.6814814814814815 0.4088541666666667 0.7888888888888889 0.4661458333333333 0.7888888888888889
3 0.4864583333333333 0.5564814814814816 0.44947916666666665 0.5564814814814815 0.44947916666666665 0.6046296296296297 0.4864583333333333 0.6046296296296299
3 0.46145833333333336 0.4722222222222223 0.4401041666666667 0.4722222222222223 0.4401041666666667 0.4935185185185185 0.46145833333333336 0.4935185185185185
3 0.4552083333333333 0.4601851851851853 0.4359375 0.4601851851851853 0.4359375 0.47685185185185186 0.4552083333333333 0.47685185185185186
3 0.6145833333333334 0.47314814814814826 0.5927083333333333 0.47314814814814826 0.5927083333333333 0.49722222222222245 0.6145833333333334 0.49722222222222245
3 0.5963541666666666 0.4703703703703705 0.5723958333333333 0.4703703703703705 0.5723958333333333 0.49166666666666686 0.5963541666666666 0.49166666666666686
3 0.5786458333333333 0.46574074074074084 0.5572916666666666 0.46574074074074084 0.5572916666666666 0.48703703703703727 0.5786458333333333 0.48703703703703727
3 0.6505208333333333 0.4805555555555558 0.621875 0.4805555555555558 0.621875 0.5055555555555558 0.6505208333333333 0.5055555555555558
2 0.5265625 0.45740740740740754 0.49375 0.45740740740740754 0.49375 0.5055555555555558 0.5265625 0.5055555555555558
7 0.375 0.5305555555555556 0.36875 0.5305555555555556 0.36875 0.5731481481481482 0.375 0.5731481481481482
7 0.3802083333333333 0.5296296296296297 0.37447916666666664 0.5296296296296297 0.37447916666666664 0.5694444444444444 0.3802083333333333 0.5694444444444444
7 0.3229166666666667 0.5472222222222223 0.3151041666666667 0.5472222222222223 0.3151041666666667 0.5925925925925926 0.3229166666666667 0.5925925925925926
7 0.4354166666666667 0.4712962962962964 0.4322916666666667 0.4712962962962964 0.4322916666666667 0.49444444444444446 0.4354166666666667 0.49444444444444446
10 0.4109375 0.4583333333333334 0.3890625 0.4583333333333334 0.3890625 0.48055555555555557 0.4109375 0.48055555555555557
9 0.46458333333333335 0.47962962962962963 0.4473958333333333 0.47962962962962963 0.4473958333333333 0.5083333333333333 0.46458333333333335 0.5083333333333333
10 0.6140625 0.3361111111111112 0.575 0.3361111111111112 0.575 0.3648148148148149 0.6140625 0.3648148148148149