3 0.3683823529411765 0.026143790849673276 0.2823529411764706 0.02614379084967327 0.2823529411764706 0.09281045751633994 0.3683823529411765 0.09281045751633994
3 0.22647058823529412 0.0339869281045752 0.17058823529411765 0.0339869281045752 0.17058823529411765 0.10588235294117651 0.22647058823529412 0.10588235294117651
3 0.6625 0.23660130718954264 0.5544117647058824 0.23660130718954264 0.5544117647058824 0.32026143790849687 0.6625 0.32026143790849687
3 0.5080882352941176 1.0549571773047134e-16 0.4610294117647059 1.0037301216541053e-16 0.4610294117647059 0.03790849673202625 0.5080882352941176 0.03790849673202625
3 0.586764705882353 1.1910290438766415e-16 0.5073529411764706 1.1045833874662401e-16 0.5073529411764706 0.05098039215686287 0.586764705882353 0.050980392156862876
3 0.6088235294117647 0.013071895424836727 0.5301470588235294 0.013071895424836718 0.5301470588235294 0.08235294117647071 0.6088235294117647 0.08235294117647071
0 0.6110294117647059 0.06405228758169948 0.5639705882352941 0.06405228758169948 0.5639705882352941 0.12418300653594784 0.6110294117647059 0.12418300653594785
7 0.5904411764705882 0.047058823529411896 0.5830882352941177 0.047058823529411896 0.5830882352941177 0.10718954248366024 0.5904411764705882 0.10718954248366024
8 0.6154411764705883 0.07581699346405242 0.6044117647058823 0.07581699346405242 0.6044117647058823 0.11503267973856224 0.6154411764705883 0.11503267973856224
8 0.5845588235294118 0.0732026143790851 0.5727941176470588 0.0732026143790851 0.5727941176470588 0.11372549019607854 0.5845588235294118 0.11372549019607854
7 0.5338235294117647 0.154248366013072 0.5213235294117647 0.154248366013072 0.5213235294117647 0.22614379084967334 0.5338235294117647 0.22614379084967334
8 0.5213235294117647 0.4169934640522877 0.49926470588235294 0.4169934640522877 0.49926470588235294 0.4901960784313727 0.5213235294117647 0.4901960784313727
8 0.5147058823529411 0.3006535947712419 0.49558823529411766 0.3006535947712419 0.49558823529411766 0.36339869281045767 0.5147058823529411 0.36339869281045767
7 0.49779411764705883 0.15294117647058836 0.4875 0.15294117647058836 0.4875 0.22745098039215694 0.49779411764705883 0.22745098039215694
8 0.5139705882352941 0.18169934640522886 0.4963235294117647 0.18169934640522883 0.4963235294117647 0.23921568627450993 0.5139705882352941 0.23921568627450995
7 0.5088235294117647 0.2248366013071896 0.5 0.2248366013071896 0.5 0.277124183006536 0.5088235294117647 0.277124183006536
8 0.5139705882352941 0.25751633986928113 0.5 0.25751633986928113 0.5 0.3215686274509805 0.5139705882352941 0.3215686274509805