5 0.15937500000000007 0.8703703703703703 0.13437500000000005 0.8703703703703703 0.13437500000000005 0.9425925925925925 0.15937500000000007 0.9425925925925925
5 0.48541666666666666 0.5407407407407409 0.46875 0.5407407407407407 0.46875 0.5759259259259261 0.48541666666666666 0.5759259259259262
5 0.5072916666666667 0.5314814814814817 0.4864583333333333 0.5314814814814817 0.4864583333333333 0.5666666666666669 0.5072916666666667 0.5666666666666669
5 0.31666666666666665 0.5722222222222222 0.2989583333333333 0.5722222222222222 0.2989583333333333 0.6166666666666667 0.31666666666666665 0.6166666666666667
5 0.44583333333333336 0.4925925925925926 0.415625 0.4925925925925926 0.415625 0.524074074074074 0.44583333333333336 0.524074074074074
5 0.4 0.4703703703703705 0.378125 0.4703703703703705 0.378125 0.5 0.4 0.5
5 0.5427083333333333 0.37962962962962976 0.5375 0.37962962962962976 0.5375 0.40185185185185196 0.5427083333333333 0.40185185185185196
5 0.5510416666666667 0.34814814814814826 0.5458333333333333 0.34814814814814826 0.5458333333333333 0.37037037037037046 0.5510416666666667 0.37037037037037046
5 0.5375 0.31481481481481494 0.53125 0.31481481481481494 0.53125 0.3333333333333334 0.5375 0.3333333333333334
5 0.5229166666666667 0.3074074074074075 0.5177083333333333 0.3074074074074075 0.5177083333333333 0.3240740740740742 0.5229166666666667 0.3240740740740742
5 0.5125 0.30555555555555564 0.50625 0.30555555555555564 0.50625 0.325925925925926 0.5125 0.325925925925926
5 0.3927083333333333 0.3574074074074075 0.38645833333333335 0.3574074074074075 0.38645833333333335 0.3814814814814816 0.3927083333333333 0.3814814814814816
5 0.3770833333333333 0.3574074074074075 0.36875 0.3574074074074075 0.36875 0.3777777777777779 0.3770833333333333 0.3777777777777779
5 0.403125 0.34444444444444455 0.396875 0.34444444444444455 0.396875 0.3648148148148149 0.403125 0.3648148148148149
5 0.428125 0.2981481481481483 0.421875 0.2981481481481483 0.421875 0.31296296296296305 0.428125 0.31296296296296305
5 0.41354166666666664 0.3000000000000001 0.4083333333333333 0.3000000000000001 0.4083333333333333 0.31666666666666676 0.41354166666666664 0.31666666666666676
5 0.4239583333333333 0.275925925925926 0.41875 0.275925925925926 0.41875 0.29074074074074086 0.4239583333333333 0.29074074074074086
5 0.465625 0.2500000000000001 0.46041666666666664 0.2500000000000001 0.46041666666666664 0.26296296296296306 0.465625 0.26296296296296306
5 0.46979166666666666 0.24074074074074084 0.4666666666666667 0.24074074074074084 0.4666666666666667 0.2537037037037038 0.46979166666666666 0.2537037037037038
5 0.5364583333333334 0.2777777777777779 0.53125 0.2777777777777779 0.53125 0.29074074074074086 0.5364583333333334 0.29074074074074086
5 0.5229166666666667 0.275925925925926 0.5166666666666667 0.275925925925926 0.5166666666666667 0.2925925925925927 0.5229166666666667 0.2925925925925927
5 0.5333333333333333 0.25555555555555565 0.525 0.25555555555555565 0.525 0.2685185185185186 0.5333333333333333 0.2685185185185186
5 0.5177083333333333 0.24814814814814826 0.5135416666666667 0.24814814814814826 0.5135416666666667 0.26296296296296306 0.5177083333333333 0.26296296296296306
1 0.6520833333333333 0.7481481481481483 0.6354166666666666 0.7481481481481483 0.6354166666666666 0.8037037037037039 0.6520833333333333 0.8037037037037039
8 0.15729166666666672 0.8444444444444444 0.1364583333333334 0.8444444444444444 0.1364583333333334 0.9092592592592592 0.15729166666666672 0.9092592592592592
8 0.3145833333333333 0.5611111111111111 0.3 0.5611111111111111 0.3 0.6018518518518519 0.3145833333333333 0.6018518518518519
8 0.4375 0.48148148148148145 0.4239583333333333 0.48148148148148145 0.4239583333333333 0.5185185185185185 0.4375 0.5185185185185185
8 0.48333333333333334 0.524074074074074 0.4708333333333333 0.524074074074074 0.4708333333333333 0.562962962962963 0.48333333333333334 0.562962962962963
8 0.5020833333333333 0.5185185185185187 0.490625 0.5185185185185187 0.490625 0.5555555555555558 0.5020833333333333 0.5555555555555558
8 0.3958333333333333 0.45740740740740754 0.384375 0.45740740740740754 0.384375 0.4925925925925926 0.3958333333333333 0.4925925925925926
8 0.54375 0.37037037037037046 0.5375 0.37037037037037046 0.5375 0.3925925925925927 0.54375 0.3925925925925927
8 0.5510416666666667 0.34259259259259267 0.5458333333333333 0.34259259259259267 0.5458333333333333 0.36666666666666675 0.5510416666666667 0.36666666666666675
8 0.3927083333333333 0.35185185185185197 0.3854166666666667 0.35185185185185197 0.3854166666666667 0.3777777777777779 0.3927083333333333 0.3777777777777779
8 0.3770833333333333 0.35185185185185197 0.3697916666666667 0.35185185185185197 0.3697916666666667 0.3777777777777779 0.3770833333333333 0.3777777777777779
8 0.40208333333333335 0.338888888888889 0.396875 0.338888888888889 0.396875 0.3592592592592594 0.40208333333333335 0.3592592592592594
8 0.5364583333333334 0.30925925925925934 0.5322916666666667 0.30925925925925934 0.5322916666666667 0.3277777777777779 0.5364583333333334 0.3277777777777779
8 0.5229166666666667 0.3074074074074075 0.51875 0.3074074074074075 0.51875 0.32222222222222235 0.5229166666666667 0.32222222222222235
8 0.5239583333333333 0.301851851851852 0.51875 0.301851851851852 0.51875 0.31851851851851865 0.5239583333333333 0.31851851851851865
8 0.5125 0.301851851851852 0.5072916666666667 0.301851851851852 0.5072916666666667 0.32222222222222235 0.5125 0.32222222222222235
8 0.5354166666666667 0.2722222222222223 0.53125 0.2722222222222223 0.53125 0.288888888888889 0.5354166666666667 0.288888888888889
8 0.521875 0.2722222222222223 0.5177083333333333 0.2722222222222223 0.5177083333333333 0.288888888888889 0.521875 0.288888888888889
8 0.5166666666666667 0.2462962962962964 0.5145833333333333 0.2462962962962964 0.5145833333333333 0.26111111111111124 0.5166666666666667 0.26111111111111124
8 0.428125 0.29444444444444456 0.421875 0.29444444444444456 0.421875 0.30925925925925934 0.428125 0.30925925925925934
8 0.41458333333333336 0.29444444444444456 0.4083333333333333 0.29444444444444456 0.4083333333333333 0.31481481481481494 0.41458333333333336 0.31481481481481494
8 0.42291666666666666 0.2703703703703705 0.41875 0.2703703703703705 0.41875 0.28703703703703715 0.42291666666666666 0.28703703703703715
8 0.465625 0.24814814814814826 0.46145833333333336 0.24814814814814826 0.46145833333333336 0.26111111111111124 0.465625 0.26111111111111124
8 0.46979166666666666 0.23888888888888898 0.465625 0.23888888888888898 0.465625 0.25185185185185194 0.46979166666666666 0.25185185185185194
11 0.378125 0.662962962962963 0.309375 0.662962962962963 0.309375 0.8425925925925926 0.378125 0.8425925925925926
3 0.6125 0.5092592592592595 0.571875 0.5092592592592595 0.571875 0.5685185185185188 0.6125 0.5685185185185188
0 0.5854166666666667 0.438888888888889 0.559375 0.438888888888889 0.559375 0.48333333333333356 0.5854166666666667 0.48333333333333356
3 0.37916666666666665 0.4037037037037038 0.340625 0.4037037037037038 0.340625 0.45555555555555566 0.37916666666666665 0.45555555555555566
3 0.45 0.36296296296296304 0.428125 0.36296296296296304 0.428125 0.39814814814814825 0.45 0.39814814814814825
3 0.453125 0.3314814814814816 0.4354166666666667 0.3314814814814816 0.4354166666666667 0.3611111111111112 0.453125 0.3611111111111112
3 0.434375 0.32037037037037047 0.41770833333333335 0.32037037037037047 0.41770833333333335 0.3500000000000001 0.434375 0.3500000000000001
3 0.46458333333333335 0.30925925925925934 0.446875 0.30925925925925934 0.446875 0.33703703703703713 0.46458333333333335 0.33703703703703713
11 0.28020833333333334 0.38148148148148153 0.23541666666666666 0.3814814814814815 0.2354166666666667 0.4333333333333334 0.28020833333333334 0.43333333333333346
11 0.24479166666666666 0.3740740740740741 0.21041666666666667 0.37407407407407406 0.21041666666666667 0.41666666666666674 0.24479166666666666 0.4166666666666668
3 0.153125 0.32222222222222224 0.1135416666666667 0.32222222222222224 0.1135416666666667 0.34814814814814815 0.153125 0.34814814814814815
3 0.20416666666666666 0.3148148148148148 0.165625 0.3148148148148148 0.165625 0.34074074074074073 0.20416666666666666 0.34074074074074073
7 0.26250000000000007 0.4351851851851853 0.2520833333333334 0.4351851851851853 0.2520833333333334 0.4759259259259259 0.26250000000000007 0.4759259259259259
7 0.284375 0.388888888888889 0.27708333333333335 0.388888888888889 0.27708333333333335 0.42407407407407416 0.284375 0.42407407407407416
5 0.2333333333333334 0.5055555555555555 0.21666666666666673 0.5055555555555555 0.21666666666666673 0.5444444444444444 0.2333333333333334 0.5444444444444444
8 0.2239583333333334 0.5111111111111111 0.21666666666666673 0.5111111111111111 0.21666666666666673 0.5407407407407407 0.2239583333333334 0.5407407407407407
8 0.23125000000000007 0.4981481481481482 0.21979166666666672 0.4981481481481482 0.21979166666666672 0.5314814814814814 0.23125000000000007 0.5314814814814814
5 0.2395833333333334 0.48703703703703705 0.21875000000000006 0.48703703703703705 0.21875000000000006 0.5166666666666667 0.2395833333333334 0.5166666666666667
8 0.23437500000000006 0.4722222222222222 0.22291666666666674 0.4722222222222222 0.22291666666666674 0.5074074074074074 0.23437500000000006 0.5074074074074074
1 0.3302083333333333 0.4037037037037038 0.31979166666666664 0.4037037037037038 0.31979166666666664 0.42962962962962975 0.3302083333333333 0.42962962962962975
8 0.32916666666666666 0.39444444444444454 0.31979166666666664 0.39444444444444454 0.31979166666666664 0.42407407407407416 0.32916666666666666 0.42407407407407416
7 0.296875 0.37222222222222234 0.2916666666666667 0.37222222222222234 0.2916666666666667 0.4037037037037038 0.296875 0.4037037037037038
8 0.6541666666666667 0.7296296296296299 0.6354166666666666 0.7296296296296299 0.6354166666666666 0.7851851851851854 0.6541666666666667 0.7851851851851854
11 0.2916666666666667 0.3611111111111112 0.275 0.3611111111111112 0.275 0.40555555555555567 0.2916666666666667 0.40555555555555567
11 0.30625 0.3462962962962964 0.28854166666666664 0.3462962962962964 0.28854166666666664 0.3851851851851853 0.30625 0.3851851851851853
3 0.5614583333333333 0.2703703703703705 0.5458333333333333 0.2703703703703705 0.5458333333333333 0.2981481481481483 0.5614583333333333 0.2981481481481483
2 0.4625 0.22407407407407418 0.4479166666666667 0.22407407407407418 0.4479166666666667 0.2537037037037038 0.4625 0.2537037037037038
11 0.4947916666666667 0.20925925925925937 0.484375 0.20925925925925937 0.484375 0.22962962962962974 0.4947916666666667 0.22962962962962974
11 0.4427083333333333 0.22777777777777788 0.43125 0.22777777777777788 0.43125 0.25185185185185194 0.4427083333333333 0.25185185185185194
11 0.446875 0.2185185185185186 0.4375 0.2185185185185186 0.4375 0.23888888888888898 0.446875 0.23888888888888898
4 0.5260416666666666 0.14814814814814825 0.4979166666666667 0.14814814814814825 0.4979166666666667 0.24074074074074084 0.5260416666666666 0.24074074074074084
4 0.47708333333333336 0.1611111111111112 0.45208333333333334 0.1611111111111112 0.45208333333333334 0.22037037037037047 0.47708333333333336 0.22037037037037047
2 0.4947916666666667 0.16666666666666677 0.4875 0.16666666666666677 0.4875 0.17962962962962972 0.4947916666666667 0.17962962962962972
3 0.484375 0.17037037037037048 0.4791666666666667 0.17037037037037048 0.4791666666666667 0.1777777777777779 0.484375 0.1777777777777779
4 0.5947916666666667 0.34259259259259267 0.571875 0.34259259259259267 0.571875 0.39074074074074083 0.5947916666666667 0.39074074074074083
8 0.34375 0.34814814814814826 0.33541666666666664 0.34814814814814826 0.33541666666666664 0.37037037037037046 0.34375 0.37037037037037046
5 0.34375 0.3537037037037038 0.33541666666666664 0.3537037037037038 0.33541666666666664 0.37592592592592605 0.34375 0.37592592592592605
11 0.2833333333333333 0.325925925925926 0.2520833333333333 0.325925925925926 0.2520833333333333 0.37407407407407417 0.2833333333333333 0.37407407407407417
11 0.334375 0.3240740740740742 0.28541666666666665 0.3240740740740742 0.28541666666666665 0.36666666666666675 0.334375 0.36666666666666675