4 0.49558823529411766 1.0269423812457871e-16 0.44779411764705884 9.74914902850638e-17 0.44779411764705884 0.015686274509804025 0.49558823529411766 0.01568627450980403
3 0.9779411764705882 0.7633986928104578 0.8757352941176471 0.7633986928104578 0.8757352941176471 0.9346405228758173 0.9779411764705882 0.9346405228758173
3 0.6183823529411765 0.44313725490196093 0.5838235294117647 0.44313725490196093 0.5838235294117647 0.5045751633986929 0.6183823529411765 0.5045751633986929
7 0.6279411764705882 0.4470588235294119 0.6198529411764706 0.4470588235294119 0.6198529411764706 0.4954248366013073 0.6279411764705882 0.4954248366013073
3 0.6955882352941176 0.33071895424836617 0.6669117647058823 0.33071895424836617 0.6669117647058823 0.3725490196078433 0.6955882352941176 0.3725490196078433
7 0.6514705882352941 0.22875816993464068 0.6455882352941177 0.22875816993464068 0.6455882352941177 0.2575163398692812 0.6514705882352941 0.2575163398692812
3 0.5985294117647059 0.15294117647058836 0.5830882352941177 0.15294117647058836 0.5830882352941177 0.17777777777777792 0.5985294117647059 0.17777777777777792
3 0.5816176470588236 0.1150326797385622 0.5669117647058823 0.1150326797385622 0.5669117647058823 0.1411764705882354 0.5816176470588236 0.1411764705882354
3 0.5272058823529412 0.12026143790849685 0.5139705882352941 0.12026143790849685 0.5139705882352941 0.1411764705882354 0.5272058823529412 0.1411764705882354
3 0.5183823529411765 0.07712418300653606 0.5080882352941176 0.07712418300653606 0.5080882352941176 0.09281045751633998 0.5183823529411765 0.09281045751633998
7 0.5139705882352941 0.07058823529411776 0.5095588235294117 0.07058823529411776 0.5095588235294117 0.08366013071895435 0.5139705882352941 0.08366013071895435
3 0.5014705882352941 0.13725490196078444 0.4889705882352941 0.13725490196078444 0.4889705882352941 0.16078431372549032 0.5014705882352941 0.16078431372549032
3 0.5154411764705882 0.28104575163398704 0.4904411764705882 0.281045751633987 0.4904411764705882 0.32679738562091515 0.5154411764705882 0.3267973856209152
2 0.47058823529411764 0.020915032679738665 0.4602941176470588 0.020915032679738665 0.4602941176470588 0.045751633986928206 0.47058823529411764 0.04575163398692821
3 0.4588235294117647 0.019607843137255002 0.45 0.019607843137255 0.45 0.030065359477124284 0.4588235294117647 0.030065359477124284
3 0.0669117647058824 0.7437908496732026 0.0007352941176471101 0.7437908496732026 0.0007352941176471163 0.9254901960784314 0.06691176470588242 0.9254901960784314
7 0.03602941176470595 0.9215686274509803 0.016911764705882414 0.9215686274509803 0.016911764705882418 0.9869281045751634 0.036029411764705956 0.9869281045751634
3 0.13676470588235298 0.6209150326797386 0.05514705882352945 0.6209150326797386 0.05514705882352945 0.7516339869281046 0.13676470588235298 0.7516339869281046
3 0.3125000000000001 0.6549019607843137 0.24779411764705891 0.6549019607843137 0.24779411764705891 0.7869281045751634 0.3125000000000001 0.7869281045751634
11 0.34485294117647064 0.5385620915032681 0.29044117647058826 0.538562091503268 0.29044117647058826 0.6431372549019608 0.3448529411764707 0.6431372549019609
3 0.2139705882352941 0.4339869281045752 0.1683823529411765 0.4339869281045752 0.1683823529411765 0.515032679738562 0.2139705882352941 0.515032679738562
3 0.2801470588235294 0.3137254901960785 0.24191176470588235 0.3137254901960785 0.24191176470588235 0.37516339869281046 0.2801470588235294 0.37516339869281046
0 0.4183823529411765 0.2692810457516341 0.40441176470588236 0.2692810457516341 0.40441176470588236 0.3137254901960785 0.4183823529411765 0.3137254901960785
3 0.425 0.23921568627450987 0.3860294117647059 0.23921568627450987 0.3860294117647059 0.2784313725490197 0.425 0.2784313725490197
3 0.39558823529411763 0.21437908496732033 0.3522058823529412 0.21437908496732033 0.3522058823529412 0.24444444444444452 0.39558823529411763 0.24444444444444452
11 0.32426470588235295 0.1633986928104576 0.29926470588235293 0.1633986928104576 0.29926470588235293 0.1895424836601308 0.32426470588235295 0.1895424836601308
7 0.3029411764705882 0.13333333333333341 0.2985294117647059 0.13333333333333341 0.2985294117647059 0.1529411764705883 0.3029411764705882 0.1529411764705883
7 0.46544117647058825 0.18431372549019615 0.4602941176470588 0.18431372549019615 0.4602941176470588 0.20784313725490203 0.46544117647058825 0.20784313725490203
8 0.4088235294117647 0.1830065359477125 0.4036764705882353 0.1830065359477125 0.4036764705882353 0.20784313725490203 0.4088235294117647 0.20784313725490203
1 0.40808823529411764 0.1921568627450981 0.4036764705882353 0.1921568627450981 0.4036764705882353 0.20784313725490203 0.40808823529411764 0.20784313725490203
3 0.38382352941176473 0.1006535947712419 0.37279411764705883 0.1006535947712419 0.37279411764705883 0.11633986928104582 0.38382352941176473 0.11633986928104582
3 0.3926470588235294 0.08627450980392164 0.3786764705882353 0.08627450980392164 0.3786764705882353 0.10457516339869288 0.3926470588235294 0.10457516339869288
3 0.3963235294117647 0.07973856209150336 0.3845588235294118 0.07973856209150336 0.3845588235294118 0.09281045751633994 0.3963235294117647 0.09281045751633994
3 0.4007352941176471 0.07450980392156872 0.3911764705882353 0.07450980392156872 0.3911764705882353 0.08888888888888896 0.4007352941176471 0.08888888888888896
11 0.36911764705882355 0.13202614379084976 0.35441176470588237 0.13202614379084976 0.35441176470588237 0.15555555555555564 0.36911764705882355 0.15555555555555564
3 0.3588235294117647 0.15555555555555564 0.3426470588235294 0.15555555555555564 0.3426470588235294 0.1830065359477125 0.3588235294117647 0.1830065359477125
3 0.4610294117647059 0.16209150326797397 0.4455882352941177 0.16209150326797397 0.4455882352941177 0.19084967320261445 0.4610294117647059 0.19084967320261445
3 0.4661764705882353 0.1450980392156864 0.45073529411764707 0.1450980392156864 0.45073529411764707 0.16993464052287588 0.4661764705882353 0.16993464052287588
3 0.46838235294117647 0.09411764705882364 0.4566176470588235 0.09411764705882364 0.4566176470588235 0.11241830065359489 0.46838235294117647 0.11241830065359489
3 0.4661764705882353 0.06666666666666676 0.4566176470588235 0.06666666666666676 0.4566176470588235 0.08235294117647068 0.4661764705882353 0.08235294117647068
3 0.4661764705882353 0.05359477124183016 0.45808823529411763 0.05359477124183016 0.45808823529411763 0.06666666666666676 0.4661764705882353 0.06666666666666676
3 0.4602941176470588 0.04836601307189552 0.4514705882352941 0.04836601307189552 0.4514705882352941 0.06013071895424846 0.4602941176470588 0.06013071895424846
8 0.4551470588235294 0.03529411764705893 0.45294117647058824 0.03529411764705893 0.45294117647058824 0.043137254901960874 0.4551470588235294 0.043137254901960874
1 0.45588235294117646 0.04052287581699356 0.45294117647058824 0.04052287581699356 0.45294117647058824 0.047058823529411854 0.45588235294117646 0.047058823529411854
3 0.43529411764705883 0.16732026143790857 0.41911764705882354 0.16732026143790857 0.41911764705882354 0.1921568627450981 0.43529411764705883 0.1921568627450981
3 0.43823529411764706 0.15163398692810467 0.4235294117647059 0.15163398692810465 0.4235294117647059 0.17647058823529418 0.43823529411764706 0.17647058823529418
3 0.4426470588235294 0.13725490196078444 0.43014705882352944 0.13725490196078444 0.43014705882352944 0.16078431372549032 0.4426470588235294 0.16078431372549032
3 0.4389705882352941 0.12156862745098049 0.4227941176470588 0.12156862745098046 0.4227941176470588 0.14248366013071906 0.4389705882352941 0.14248366013071906
3 0.4323529411764706 0.1045751633986929 0.4183823529411765 0.10457516339869288 0.4183823529411765 0.1241830065359478 0.4323529411764706 0.12418300653594783
3 0.4360294117647059 0.09673202614379094 0.42426470588235293 0.09673202614379092 0.42426470588235293 0.11764705882352951 0.4360294117647059 0.11764705882352952
3 0.4375 0.084967320261438 0.4264705882352941 0.08496732026143798 0.4264705882352941 0.1045751633986929 0.4375 0.10457516339869292
3 0.43823529411764706 0.07058823529411774 0.4279411764705882 0.07058823529411774 0.4279411764705882 0.08627450980392168 0.43823529411764706 0.08627450980392168
3 0.4389705882352941 0.06666666666666676 0.4308823529411765 0.06666666666666676 0.4308823529411765 0.08104575163398701 0.4389705882352941 0.08104575163398701
3 0.44191176470588234 0.05620915032679748 0.43308823529411766 0.05620915032679748 0.43308823529411766 0.06928104575163407 0.44191176470588234 0.06928104575163407
3 0.44338235294117645 0.043137254901960874 0.43676470588235294 0.043137254901960874 0.43676470588235294 0.054901960784313815 0.44338235294117645 0.054901960784313815
3 0.4470588235294118 0.03529411764705891 0.4404411764705882 0.03529411764705891 0.4404411764705882 0.047058823529411854 0.4470588235294118 0.047058823529411854
3 0.44779411764705884 0.03137254901960793 0.4411764705882353 0.03137254901960793 0.4411764705882353 0.043137254901960874 0.44779411764705884 0.043137254901960874