10 0.6036458333333333 0.5240740740740742 0.5354166666666667 0.5240740740740742 0.5354166666666667 0.7851851851851854 0.6036458333333333 0.7851851851851854
3 0.3515625000000001 0.8787037037037037 0.2812500000000001 0.8787037037037037 0.2812500000000001 1 0.3515625000000001 1
3 0.45677083333333335 0.6814814814814815 0.39947916666666666 0.6814814814814815 0.39947916666666666 0.8111111111111111 0.45677083333333335 0.8111111111111111
5 0.6942708333333333 0.7000000000000002 0.6791666666666667 0.7000000000000002 0.6791666666666667 0.7546296296296299 0.6942708333333333 0.7546296296296299
8 0.6963541666666667 0.6851851851851853 0.6802083333333333 0.6851851851851853 0.6802083333333333 0.7435185185185187 0.6963541666666667 0.7435185185185187
3 0.40520833333333334 0.5638888888888889 0.35520833333333335 0.5638888888888889 0.35520833333333335 0.6731481481481482 0.40520833333333334 0.6731481481481482
3 0.4078125 0.47685185185185186 0.37447916666666664 0.47685185185185186 0.37447916666666664 0.5453703703703704 0.4078125 0.5453703703703704
3 0.42083333333333334 0.4287037037037038 0.39114583333333336 0.4287037037037038 0.39114583333333336 0.48703703703703705 0.42083333333333334 0.48703703703703705
3 0.43854166666666666 0.3453703703703705 0.4161458333333333 0.3453703703703705 0.4161458333333333 0.38796296296296306 0.43854166666666666 0.38796296296296306
3 0.4395833333333333 0.31666666666666676 0.41770833333333335 0.31666666666666676 0.41770833333333335 0.35277777777777786 0.4395833333333333 0.35277777777777786
3 0.44375 0.2935185185185186 0.4244791666666667 0.2935185185185186 0.4244791666666667 0.3296296296296297 0.44375 0.3296296296296297
3 0.4354166666666667 0.2675925925925927 0.4171875 0.2675925925925927 0.4171875 0.30555555555555564 0.4354166666666667 0.30555555555555564
3 0.44635416666666666 0.25740740740740753 0.4296875 0.25740740740740753 0.4296875 0.28518518518518526 0.44635416666666666 0.28518518518518526
3 0.4505208333333333 0.24074074074074084 0.4354166666666667 0.24074074074074084 0.4354166666666667 0.26296296296296306 0.4505208333333333 0.26296296296296306
3 0.4479166666666667 0.22777777777777788 0.43333333333333335 0.22777777777777788 0.43333333333333335 0.25185185185185194 0.4479166666666667 0.25185185185185194
3 0.43125 0.21944444444444455 0.4161458333333333 0.21944444444444455 0.4161458333333333 0.24444444444444455 0.43125 0.24444444444444455
3 0.43333333333333335 0.20092592592592604 0.4203125 0.20092592592592604 0.4203125 0.22037037037037047 0.43333333333333335 0.22037037037037047
3 0.4828125 0.2425925925925927 0.4666666666666667 0.2425925925925927 0.4666666666666667 0.2666666666666668 0.4828125 0.2666666666666668
3 0.5213541666666667 0.3212962962962964 0.5020833333333333 0.3212962962962964 0.5020833333333333 0.3537037037037038 0.5213541666666667 0.3537037037037038
3 0.5625 0.3675925925925927 0.5380208333333333 0.3675925925925927 0.5380208333333333 0.40555555555555567 0.5625 0.40555555555555567
3 0.509375 0.25185185185185194 0.49114583333333334 0.25185185185185194 0.49114583333333334 0.2814814814814816 0.509375 0.2814814814814816
5 0.421875 0.2425925925925927 0.4171875 0.2425925925925927 0.4171875 0.2583333333333334 0.421875 0.2583333333333334
8 0.421875 0.23611111111111122 0.4166666666666667 0.23611111111111122 0.4166666666666667 0.25555555555555565 0.421875 0.25555555555555565
3 0.45364583333333336 0.21666666666666679 0.4395833333333333 0.21666666666666679 0.4395833333333333 0.23888888888888898 0.45364583333333336 0.23888888888888898
3 0.4546875 0.2074074074074075 0.440625 0.2074074074074075 0.440625 0.22685185185185194 0.4546875 0.22685185185185194
11 0.45208333333333334 0.1925925925925927 0.4401041666666667 0.1925925925925927 0.4401041666666667 0.21574074074074084 0.45208333333333334 0.21574074074074084
3 0.45625 0.18611111111111123 0.44479166666666664 0.18611111111111123 0.44479166666666664 0.20833333333333343 0.45625 0.20833333333333343
3 0.46927083333333336 0.18240740740740752 0.45364583333333336 0.18240740740740752 0.45364583333333336 0.2027777777777779 0.46927083333333336 0.2027777777777779
3 0.4890625 0.17037037037037048 0.47708333333333336 0.17037037037037048 0.47708333333333336 0.1898148148148149 0.4890625 0.1898148148148149
3 0.45729166666666665 0.17222222222222233 0.446875 0.17222222222222233 0.446875 0.1925925925925927 0.45729166666666665 0.1925925925925927
3 0.4588541666666667 0.163888888888889 0.4473958333333333 0.163888888888889 0.4473958333333333 0.18055555555555566 0.4588541666666667 0.18055555555555566
3 0.46145833333333336 0.15185185185185196 0.44947916666666665 0.15185185185185196 0.44947916666666665 0.17222222222222233 0.46145833333333336 0.17222222222222233
3 0.4661458333333333 0.15185185185185196 0.45416666666666666 0.15185185185185196 0.45416666666666666 0.16666666666666677 0.4661458333333333 0.16666666666666677
3 0.45364583333333336 0.1425925925925927 0.44166666666666665 0.1425925925925927 0.44166666666666665 0.15740740740740752 0.45364583333333336 0.15740740740740752
10 0.44947916666666665 0.1250000000000001 0.43697916666666664 0.1250000000000001 0.43697916666666664 0.14537037037037048 0.44947916666666665 0.14537037037037048
11 0.4640625 0.1425925925925927 0.4552083333333333 0.1425925925925927 0.4552083333333333 0.15833333333333344 0.4640625 0.15833333333333344
3 0.4666666666666667 0.13703703703703715 0.45729166666666665 0.13703703703703715 0.45729166666666665 0.15092592592592602 0.4666666666666667 0.15092592592592602
3 0.4828125 0.12777777777777788 0.4739583333333333 0.12777777777777788 0.4739583333333333 0.14074074074074083 0.4828125 0.14074074074074083
3 0.4973958333333333 0.11018518518518529 0.4901041666666667 0.11018518518518529 0.4901041666666667 0.12037037037037047 0.4973958333333333 0.12037037037037047
5 0.5401041666666667 0.188888888888889 0.5359375 0.188888888888889 0.5359375 0.2027777777777779 0.5401041666666667 0.2027777777777779
8 0.5401041666666667 0.18425925925925937 0.5364583333333334 0.18425925925925937 0.5364583333333334 0.19814814814814824 0.5401041666666667 0.19814814814814824
3 0.4708333333333333 0.1000000000000001 0.46458333333333335 0.1000000000000001 0.46458333333333335 0.11018518518518529 0.4708333333333333 0.11018518518518529
3 0.4984375 0.09907407407407418 0.49166666666666664 0.09907407407407418 0.49166666666666664 0.1074074074074075 0.4984375 0.1074074074074075
3 0.484375 0.08796296296296306 0.4796875 0.08796296296296306 0.4796875 0.09629629629629641 0.484375 0.09629629629629641
3 0.4713541666666667 0.0851851851851853 0.45989583333333334 0.0851851851851853 0.45989583333333334 0.09444444444444455 0.4713541666666667 0.09444444444444455
3 0.4588541666666667 0.08611111111111122 0.446875 0.08611111111111122 0.446875 0.09444444444444455 0.4588541666666667 0.09444444444444455
3 0.4791666666666667 0.08425925925925937 0.4734375 0.08425925925925937 0.4734375 0.0925925925925927 0.4791666666666667 0.0925925925925927
3 0.4947916666666667 0.08333333333333344 0.4890625 0.08333333333333344 0.4890625 0.09074074074074084 0.4947916666666667 0.09074074074074084
5 0.5213541666666667 0.11759259259259269 0.51875 0.11759259259259269 0.51875 0.12685185185185197 0.5213541666666667 0.12685185185185197
8 0.5213541666666667 0.11481481481481493 0.51875 0.11481481481481493 0.51875 0.12685185185185197 0.5213541666666667 0.12685185185185197
4 0.4984375 0.04537037037037048 0.4666666666666667 0.04537037037037048 0.4666666666666667 0.08425925925925937 0.4984375 0.08425925925925937
4 0.6171875 0.06944444444444457 0.596875 0.06944444444444457 0.596875 0.0842592592592594 0.6171875 0.0842592592592594