8 0.24044117647058827 0.5882352941176471 0.22426470588235295 0.5882352941176471 0.22426470588235298 0.6379084967320261 0.24044117647058832 0.6379084967320261
1 0.2463235294117648 0.6104575163398693 0.22132352941176478 0.6104575163398693 0.22132352941176478 0.657516339869281 0.2463235294117648 0.657516339869281
7 0.149264705882353 0.5241830065359477 0.1330882352941177 0.5241830065359477 0.1330882352941177 0.5777777777777777 0.149264705882353 0.5777777777777777
7 0.23088235294117648 0.44836601307189544 0.21838235294117647 0.44836601307189544 0.21838235294117647 0.4954248366013072 0.23088235294117648 0.4954248366013072
8 0.7419117647058824 0.5921568627450982 0.725735294117647 0.5921568627450982 0.725735294117647 0.6379084967320263 0.7419117647058824 0.6379084967320263
1 0.7433823529411765 0.6117647058823531 0.7242647058823529 0.6117647058823531 0.7242647058823529 0.6588235294117648 0.7433823529411765 0.6588235294117648
8 0.6485294117647059 0.6405228758169936 0.6308823529411764 0.6405228758169936 0.6308823529411764 0.6862745098039216 0.6485294117647059 0.6862745098039216
1 0.6448529411764706 0.6575163398692812 0.6301470588235294 0.6575163398692812 0.6301470588235294 0.6967320261437908 0.6448529411764706 0.6967320261437908
9 0.9301470588235294 0.5450980392156864 0.8683823529411765 0.5450980392156864 0.8683823529411765 0.6052287581699348 0.9301470588235294 0.6052287581699348
11 0.9941176470588236 0.5137254901960786 0.8941176470588236 0.5137254901960786 0.8941176470588236 0.5843137254901962 0.9941176470588236 0.5843137254901962
3 0.5455882352941176 0.5215686274509805 0.48676470588235293 0.5215686274509805 0.48676470588235293 0.6104575163398694 0.5455882352941176 0.6104575163398694
3 0.44191176470588234 0.6444444444444446 0.3948529411764706 0.6444444444444446 0.3948529411764706 0.7725490196078432 0.44191176470588234 0.7725490196078432
3 0.3977941176470588 0.4627450980392158 0.35955882352941176 0.4627450980392158 0.35955882352941176 0.5437908496732028 0.3977941176470588 0.5437908496732028
3 0.5875 0.7137254901960784 0.5352941176470588 0.7137254901960784 0.5352941176470588 0.8444444444444444 0.5875 0.8444444444444444
3 0.5213235294117647 0.7542483660130719 0.4632352941176471 0.7542483660130719 0.4632352941176471 0.8901960784313725 0.5213235294117647 0.8901960784313725
3 0.4235294117647059 0.35032679738562106 0.39191176470588235 0.35032679738562106 0.39191176470588235 0.4091503267973858 0.4235294117647059 0.4091503267973858
3 0.46838235294117647 0.3359477124183008 0.4411764705882353 0.3359477124183008 0.4411764705882353 0.3986928104575165 0.46838235294117647 0.3986928104575165
3 0.5139705882352941 0.19607843137254913 0.49117647058823527 0.1960784313725491 0.49117647058823527 0.23398692810457528 0.5139705882352941 0.2339869281045753
3 0.3595588235294119 0.7843137254901961 0.29485294117647065 0.7843137254901961 0.29485294117647065 0.9464052287581699 0.3595588235294119 0.9464052287581699
3 0.42205882352941176 0.8993464052287582 0.36470588235294127 0.8993464052287582 0.36470588235294127 0.9973856209150327 0.42205882352941176 0.9973856209150327
3 0.12500000000000006 0.5725490196078431 0.03750000000000004 0.5725490196078431 0.03750000000000004 0.6457516339869281 0.12500000000000006 0.6457516339869281
7 0.14779411764705885 0.40522875816993464 0.1382352941176471 0.40522875816993464 0.1382352941176471 0.4549019607843137 0.14779411764705885 0.4549019607843137
7 0.1580882352941177 0.40522875816993464 0.14632352941176474 0.40522875816993464 0.14632352941176474 0.45359477124183006 0.1580882352941177 0.45359477124183006
3 0.21323529411764705 0.41568627450980394 0.20147058823529412 0.41568627450980394 0.20147058823529412 0.45751633986928103 0.21323529411764705 0.45751633986928103
3 0.2 0.4091503267973856 0.1889705882352941 0.4091503267973856 0.1889705882352941 0.45751633986928103 0.2 0.45751633986928103
9 0.4661764705882353 0.41568627450980405 0.4426470588235294 0.41568627450980405 0.4426470588235294 0.46928104575163415 0.4661764705882353 0.46928104575163415
8 0.5669117647058823 0.37777777777777793 0.5558823529411765 0.37777777777777793 0.5558823529411765 0.4013071895424838 0.5669117647058823 0.4013071895424838
9 0.5742647058823529 0.38562091503267987 0.5507352941176471 0.38562091503267987 0.5507352941176471 0.42614379084967335 0.5742647058823529 0.42614379084967335
3 0.6977941176470588 0.3568627450980394 0.663235294117647 0.3568627450980394 0.663235294117647 0.4078431372549021 0.6977941176470588 0.4078431372549021
9 0.6867647058823529 0.3189542483660132 0.6514705882352941 0.3189542483660132 0.6514705882352941 0.36078431372549036 0.6867647058823529 0.36078431372549036
9 0.6698529411764705 0.2810457516339871 0.6375 0.2810457516339871 0.6375 0.3189542483660132 0.6698529411764705 0.3189542483660132
9 0.6558823529411765 0.24836601307189557 0.6301470588235294 0.24836601307189557 0.6301470588235294 0.2836601307189544 0.6558823529411765 0.2836601307189544
3 0.6183823529411765 0.162091503267974 0.5985294117647059 0.162091503267974 0.5985294117647059 0.19346405228758184 0.6183823529411765 0.19346405228758184
3 0.5323529411764706 0.16470588235294129 0.5147058823529411 0.16470588235294129 0.5147058823529411 0.18954248366013088 0.5323529411764706 0.18954248366013088
3 0.5080882352941176 0.15686274509803932 0.49264705882352944 0.15686274509803932 0.49264705882352944 0.18039215686274518 0.5080882352941176 0.18039215686274518
3 0.5257352941176471 0.07712418300653606 0.5125 0.07712418300653606 0.5125 0.09803921568627462 0.5257352941176471 0.09803921568627462
3 0.5066176470588235 0.06013071895424848 0.49558823529411766 0.06013071895424848 0.49558823529411766 0.07843137254901972 0.5066176470588235 0.07843137254901972
3 0.5088235294117647 0.043137254901960895 0.49779411764705883 0.043137254901960895 0.49779411764705883 0.058823529411764816 0.5088235294117647 0.058823529411764816
3 0.5051470588235294 0.023529411764705993 0.4963235294117647 0.023529411764705993 0.4963235294117647 0.035294117647058934 0.5051470588235294 0.035294117647058934
3 0.5154411764705882 1.1101863466780254e-16 0.5044117647058823 1.098180005509914e-16 0.5044117647058823 0.010457516339869393 0.5154411764705882 0.010457516339869393
1 0.3220588235294118 0.24967320261437917 0.3110294117647059 0.24967320261437917 0.3110294117647059 0.27973856209150333 0.3220588235294118 0.27973856209150333
3 0.3514705882352941 0.19738562091503276 0.33088235294117646 0.19738562091503276 0.33088235294117646 0.23660130718954256 0.3514705882352941 0.23660130718954256
7 0.34411764705882353 0.14509803921568634 0.3382352941176471 0.14509803921568634 0.3382352941176471 0.17254901960784322 0.34411764705882353 0.17254901960784322
3 0.45294117647058824 0.15294117647058836 0.4345588235294118 0.15294117647058836 0.4345588235294118 0.18431372549019615 0.45294117647058824 0.18431372549019615
3 0.4764705882352941 0.17254901960784322 0.45808823529411763 0.17254901960784322 0.45808823529411763 0.20392156862745106 0.4764705882352941 0.20392156862745106
9 0.43823529411764706 0.1856209150326798 0.4264705882352941 0.1856209150326798 0.4264705882352941 0.21437908496732033 0.43823529411764706 0.21437908496732033
8 0.43529411764705883 0.1856209150326798 0.4294117647058823 0.1856209150326798 0.4294117647058823 0.20130718954248372 0.43529411764705883 0.20130718954248372
11 0.4375 0.215686274509804 0.40147058823529413 0.215686274509804 0.40147058823529413 0.3006535947712419 0.4375 0.3006535947712419
3 0.42573529411764705 0.19346405228758176 0.4073529411764706 0.19346405228758176 0.4073529411764706 0.2248366013071896 0.42573529411764705 0.2248366013071896
8 0.37941176470588234 0.16993464052287588 0.375 0.16993464052287588 0.375 0.18169934640522883 0.37941176470588234 0.18169934640522883
5 0.3801470588235294 0.18039215686274518 0.375 0.18039215686274518 0.375 0.19084967320261445 0.3801470588235294 0.19084967320261445
3 0.3786764705882353 0.12810457516339877 0.3610294117647059 0.12810457516339877 0.3610294117647059 0.1568627450980393 0.3786764705882353 0.1568627450980393
3 0.38382352941176473 0.11895424836601315 0.3669117647058823 0.11895424836601315 0.3669117647058823 0.14248366013071903 0.38382352941176473 0.14248366013071903
3 0.39338235294117646 0.10718954248366021 0.3779411764705882 0.10718954248366021 0.3779411764705882 0.12549019607843145 0.39338235294117646 0.12549019607843145
3 0.4117647058823529 0.04836601307189552 0.4007352941176471 0.04836601307189552 0.4007352941176471 0.06666666666666676 0.4117647058823529 0.06666666666666676
7 0.4036764705882353 0.06405228758169944 0.3985294117647059 0.06405228758169944 0.3985294117647059 0.08235294117647068 0.4036764705882353 0.08235294117647068
7 0.4007352941176471 0.0653594771241831 0.39558823529411763 0.0653594771241831 0.39558823529411763 0.08366013071895433 0.4007352941176471 0.08366013071895433
5 0.40955882352941175 0.09934640522875825 0.40588235294117647 0.09934640522875825 0.40588235294117647 0.10980392156862752 0.40955882352941175 0.10980392156862752
8 0.4102941176470588 0.09150326797385629 0.40441176470588236 0.09150326797385629 0.40441176470588236 0.1006535947712419 0.4102941176470588 0.1006535947712419
4 0.46838235294117647 9.765157483397195e-17 0.42867647058823527 9.332929201345189e-17 0.42867647058823527 0.06143790849673212 0.46838235294117647 0.06143790849673212
3 0.3764705882352941 0.0013071895424837411 0.3669117647058823 0.0013071895424837403 0.3669117647058823 0.014379084967320342 0.3764705882352941 0.014379084967320346
3 0.3573529411764706 0.014379084967320339 0.3375 0.014379084967320335 0.3375 0.028758169934640598 0.3573529411764706 0.028758169934640598
3 0.35808823529411765 0.019607843137254978 0.3477941176470588 0.019607843137254975 0.3477941176470588 0.036601307189542555 0.35808823529411765 0.036601307189542555
8 0.5433823529411764 0.1477124183006537 0.5375 0.1477124183006537 0.5375 0.16339869281045763 0.5433823529411764 0.16339869281045763
8 0.5625 0.2810457516339871 0.5536764705882353 0.2810457516339871 0.5536764705882353 0.3032679738562093 0.5625 0.3032679738562093
8 0.549264705882353 0.15163398692810467 0.5433823529411764 0.15163398692810467 0.5433823529411764 0.1686274509803923 0.549264705882353 0.1686274509803923
5 0.5617647058823529 0.296732026143791 0.5544117647058824 0.296732026143791 0.5544117647058824 0.3137254901960786 0.5617647058823529 0.3137254901960786
5 0.5433823529411764 0.15686274509803932 0.538235294117647 0.15686274509803932 0.538235294117647 0.16993464052287596 0.5433823529411764 0.16993464052287596
5 0.5485294117647059 0.16078431372549032 0.5433823529411764 0.16078431372549032 0.5433823529411764 0.17385620915032696 0.5485294117647059 0.17385620915032696
3 0.6602941176470588 0.08627450980392172 0.6433823529411765 0.08627450980392172 0.6433823529411765 0.10588235294117662 0.6602941176470588 0.10588235294117662
7 0.5676470588235294 0.06274509803921581 0.5632352941176471 0.06274509803921581 0.5632352941176471 0.08627450980392168 0.5676470588235294 0.08627450980392168
3 0.5830882352941177 0.07581699346405242 0.5698529411764706 0.07581699346405242 0.5698529411764706 0.09411764705882364 0.5830882352941177 0.09411764705882364
3 0.575735294117647 0.05882352941176484 0.5654411764705882 0.05882352941176484 0.5654411764705882 0.07581699346405242 0.575735294117647 0.07581699346405242
11 0.5588235294117647 0.003921568627451101 0.549264705882353 0.0039215686274511 0.549264705882353 0.018300653594771364 0.5588235294117647 0.018300653594771364
3 0.5566176470588236 1.199033271322049e-16 0.5448529411764705 1.186226507409397e-16 0.5448529411764705 0.011764705882353062 0.5566176470588236 0.011764705882353062