3 0.5000000000000001 0.8805555555555556 0.45520833333333344 0.8805555555555555 0.45520833333333344 0.9944444444444445 0.5000000000000001 0.9944444444444445
3 0.546875 0.7074074074074076 0.5119791666666667 0.7074074074074076 0.5119791666666667 0.776851851851852 0.546875 0.776851851851852
3 0.43072916666666666 0.6305555555555555 0.4005208333333333 0.6305555555555555 0.4005208333333333 0.6888888888888889 0.43072916666666666 0.6888888888888889
3 0.39375 0.524074074074074 0.37083333333333335 0.524074074074074 0.37083333333333335 0.5648148148148148 0.39375 0.5648148148148148
3 0.4640625 0.49722222222222223 0.44375 0.49722222222222223 0.44375 0.5287037037037037 0.4640625 0.5287037037037037
3 0.5046875 0.4888888888888891 0.48385416666666664 0.4888888888888891 0.48385416666666664 0.5222222222222225 0.5046875 0.5222222222222225
3 0.4828125 0.400925925925926 0.4666666666666667 0.400925925925926 0.4666666666666667 0.42592592592592604 0.4828125 0.42592592592592604
3 0.42916666666666664 0.3972222222222223 0.41302083333333334 0.3972222222222223 0.41302083333333334 0.4212962962962964 0.42916666666666664 0.4212962962962964
3 0.43697916666666664 0.3416666666666668 0.4239583333333333 0.3416666666666668 0.4239583333333333 0.36296296296296304 0.43697916666666664 0.36296296296296304
3 0.45208333333333334 0.3296296296296297 0.4401041666666667 0.3296296296296297 0.4401041666666667 0.3490740740740742 0.45208333333333334 0.3490740740740742
5 0.503125 0.3592592592592594 0.4984375 0.3592592592592594 0.4984375 0.37314814814814823 0.503125 0.37314814814814823
8 0.5041666666666667 0.35462962962962974 0.49895833333333334 0.35462962962962974 0.49895833333333334 0.3712962962962964 0.5041666666666667 0.3712962962962964
3 0.45364583333333336 0.29537037037037045 0.4427083333333333 0.29537037037037045 0.4427083333333333 0.31296296296296305 0.45364583333333336 0.31296296296296305
3 0.39895833333333336 0.30462962962962975 0.3875 0.30462962962962975 0.3875 0.3212962962962964 0.39895833333333336 0.3212962962962964
3 0.41302083333333334 0.2740740740740742 0.403125 0.2740740740740742 0.403125 0.2898148148148149 0.41302083333333334 0.2898148148148149
3 0.4296875 0.2675925925925927 0.4203125 0.2675925925925927 0.4203125 0.2824074074074075 0.4296875 0.2824074074074075
3 0.3963541666666667 0.2601851851851853 0.38697916666666665 0.2601851851851853 0.38697916666666665 0.2740740740740742 0.3963541666666667 0.2740740740740742
3 0.4119791666666667 0.25925925925925936 0.4036458333333333 0.25925925925925936 0.4036458333333333 0.2740740740740742 0.4119791666666667 0.2740740740740742
3 0.4239583333333333 0.2537037037037038 0.41510416666666666 0.2537037037037038 0.41510416666666666 0.2666666666666668 0.4239583333333333 0.2666666666666668
3 0.40208333333333335 0.2351851851851853 0.39427083333333335 0.2351851851851853 0.39427083333333335 0.24814814814814826 0.40208333333333335 0.24814814814814826
3 0.4041666666666667 0.22777777777777788 0.3953125 0.22777777777777788 0.3953125 0.24074074074074084 0.4041666666666667 0.24074074074074084
11 0.4119791666666667 0.21574074074074084 0.403125 0.21574074074074084 0.403125 0.2314814814814816 0.4119791666666667 0.2314814814814816
3 0.17291666666666672 0.7481481481481481 0.11822916666666673 0.7481481481481481 0.11822916666666673 0.8416666666666667 0.17291666666666672 0.8416666666666667
11 0.15052083333333338 0.6601851851851852 0.10104166666666672 0.6601851851851852 0.10104166666666672 0.7527777777777778 0.15052083333333338 0.7527777777777778
3 0.16041666666666674 0.5675925925925925 0.12343750000000003 0.5675925925925925 0.12343750000000003 0.6240740740740741 0.16041666666666674 0.6240740740740741
3 0.17343750000000005 0.44814814814814813 0.1458333333333334 0.44814814814814813 0.1458333333333334 0.48518518518518516 0.17343750000000005 0.48518518518518516
3 0.27395833333333336 0.44351851851851865 0.25260416666666674 0.44351851851851865 0.25260416666666674 0.4777777777777778 0.27395833333333336 0.4777777777777778
3 0.28854166666666664 0.37314814814814823 0.26979166666666665 0.37314814814814823 0.26979166666666665 0.40462962962962973 0.28854166666666664 0.40462962962962973
11 0.24895833333333334 0.34907407407407415 0.23177083333333334 0.3490740740740741 0.23177083333333334 0.3824074074074075 0.24895833333333334 0.38240740740740753
3 0.2760416666666667 0.31481481481481494 0.2625 0.31481481481481494 0.2625 0.33425925925925937 0.2760416666666667 0.33425925925925937
11 0.30520833333333336 0.31666666666666676 0.29270833333333335 0.31666666666666676 0.29270833333333335 0.34259259259259267 0.30520833333333336 0.34259259259259267
3 0.309375 0.2861111111111112 0.29739583333333336 0.2861111111111112 0.29739583333333336 0.3037037037037038 0.309375 0.3037037037037038
3 0.32083333333333336 0.263888888888889 0.31145833333333334 0.263888888888889 0.31145833333333334 0.2777777777777779 0.32083333333333336 0.2777777777777779
3 0.3072916666666667 0.2500000000000001 0.2984375 0.2500000000000001 0.2984375 0.263888888888889 0.3072916666666667 0.263888888888889
3 0.3125 0.23518518518518525 0.30520833333333336 0.23518518518518525 0.30520833333333336 0.24722222222222232 0.3125 0.24722222222222232
11 0.3296875 0.24166666666666678 0.3223958333333333 0.24166666666666678 0.3223958333333333 0.2583333333333334 0.3296875 0.2583333333333334
11 0.34427083333333336 0.25185185185185194 0.33541666666666664 0.25185185185185194 0.33541666666666664 0.26574074074074083 0.34427083333333336 0.26574074074074083
3 0.3390625 0.22592592592592597 0.33229166666666665 0.22592592592592597 0.33229166666666665 0.23796296296296307 0.3390625 0.23796296296296307
3 0.32760416666666664 0.22407407407407412 0.31979166666666664 0.22407407407407412 0.31979166666666664 0.23611111111111116 0.32760416666666664 0.23611111111111116
3 0.3182291666666667 0.21759259259259264 0.3104166666666667 0.21759259259259264 0.3104166666666667 0.23240740740740745 0.3182291666666667 0.23240740740740745
3 0.34322916666666664 0.2157407407407408 0.33645833333333336 0.2157407407407408 0.33645833333333336 0.22592592592592597 0.34322916666666664 0.22592592592592597
3 0.340625 0.20277777777777783 0.334375 0.20277777777777783 0.334375 0.21296296296296302 0.340625 0.21296296296296302
3 0.3302083333333333 0.20277777777777783 0.32447916666666665 0.20277777777777783 0.32447916666666665 0.21111111111111117 0.3302083333333333 0.21111111111111117
3 0.31979166666666664 0.20370370370370375 0.3145833333333333 0.20370370370370375 0.3145833333333333 0.21296296296296302 0.31979166666666664 0.21296296296296302
3 0.3203125 0.19722222222222227 0.3145833333333333 0.19722222222222227 0.3145833333333333 0.2046296296296297 0.3203125 0.2046296296296297
3 0.31666666666666665 0.19259259259259265 0.3109375 0.19259259259259265 0.3109375 0.20092592592592598 0.31666666666666665 0.20092592592592598
3 0.31875 0.18703703703703708 0.31302083333333336 0.18703703703703708 0.31302083333333336 0.19629629629629636 0.31875 0.19629629629629636
3 0.33229166666666665 0.18703703703703708 0.3260416666666667 0.18703703703703708 0.3260416666666667 0.19629629629629636 0.33229166666666665 0.19629629629629636
3 0.340625 0.1907407407407408 0.33541666666666664 0.1907407407407408 0.33541666666666664 0.19907407407407413 0.340625 0.19907407407407413
3 0.3927083333333333 0.20925925925925937 0.3854166666666667 0.20925925925925937 0.3854166666666667 0.2212962962962964 0.3927083333333333 0.2212962962962964
3 0.4041666666666667 0.21203703703703713 0.39791666666666664 0.21203703703703713 0.39791666666666664 0.2212962962962964 0.4041666666666667 0.2212962962962964
3 0.41458333333333336 0.21111111111111122 0.4078125 0.21111111111111122 0.4078125 0.2212962962962964 0.41458333333333336 0.2212962962962964
3 0.41875 0.20185185185185195 0.41302083333333334 0.20185185185185195 0.41302083333333334 0.21018518518518528 0.41875 0.21018518518518528
3 0.39895833333333336 0.2037037037037038 0.3921875 0.2037037037037038 0.3921875 0.213888888888889 0.39895833333333336 0.213888888888889
3 0.40677083333333336 0.19907407407407418 0.39947916666666666 0.19907407407407418 0.39947916666666666 0.21018518518518528 0.40677083333333336 0.21018518518518528
3 0.40520833333333334 0.1925925925925927 0.3984375 0.1925925925925927 0.3984375 0.20185185185185195 0.40520833333333334 0.20185185185185195
4 0.39166666666666666 0.11574074074074082 0.3463541666666667 0.11574074074074082 0.3463541666666667 0.17777777777777787 0.39166666666666666 0.1777777777777779
4 0.34739583333333335 0.11388888888888897 0.30885416666666665 0.11388888888888897 0.30885416666666665 0.18611111111111117 0.34739583333333335 0.18611111111111117
3 0.375 0.19074074074074085 0.3692708333333333 0.19074074074074085 0.3692708333333333 0.2000000000000001 0.375 0.2000000000000001
3 0.3796875 0.1962962962962964 0.37447916666666664 0.1962962962962964 0.37447916666666664 0.2037037037037038 0.3796875 0.2037037037037038
3 0.38697916666666665 0.19444444444444456 0.38125 0.19444444444444456 0.38125 0.20462962962962974 0.38697916666666665 0.20462962962962974
3 0.3927083333333333 0.19166666666666676 0.3875 0.19166666666666676 0.3875 0.19907407407407418 0.3927083333333333 0.19907407407407418
3 0.371875 0.18518518518518529 0.36614583333333334 0.18518518518518529 0.36614583333333334 0.1925925925925927 0.371875 0.1925925925925927
3 0.37604166666666666 0.17685185185185195 0.37083333333333335 0.17685185185185195 0.37083333333333335 0.18518518518518529 0.37604166666666666 0.18518518518518529
4 0.04947916666666668 0.24722222222222223 0.004166666666666683 0.24722222222222223 0.004166666666666684 0.27685185185185185 0.04947916666666668 0.27685185185185185
4 0.12760416666666669 0.21203703703703705 0.047395833333333345 0.21203703703703702 0.047395833333333345 0.2518518518518518 0.12760416666666669 0.2518518518518518