8 0.040104166666666725 0.8379629629629629 0.02656250000000006 0.8379629629629629 0.02656250000000006 0.8787037037037037 0.040104166666666725 0.8787037037037037
1 0.04322916666666673 0.8611111111111112 0.022916666666666727 0.8611111111111112 0.022916666666666727 0.9027777777777778 0.04322916666666673 0.9027777777777778
8 0.05729166666666673 0.8814814814814815 0.04218750000000006 0.8814814814814815 0.04218750000000006 0.9314814814814815 0.05729166666666673 0.9314814814814815
1 0.055729166666666725 0.9055555555555556 0.04062500000000006 0.9055555555555556 0.04062500000000006 0.9453703703703704 0.055729166666666725 0.9453703703703704
7 0.07187500000000006 0.6462962962962963 0.06406250000000005 0.6462962962962963 0.06406250000000005 0.6861111111111111 0.07187500000000006 0.6861111111111111
7 0.06302083333333337 0.649074074074074 0.056770833333333375 0.649074074074074 0.056770833333333375 0.6851851851851852 0.06302083333333337 0.6851851851851852
7 0.06458333333333338 0.6592592592592592 0.05729166666666671 0.6592592592592592 0.05729166666666671 0.7018518518518518 0.06458333333333338 0.7018518518518518
8 0.0677083333333334 0.75 0.05468750000000004 0.75 0.05468750000000005 0.7925925925925926 0.0677083333333334 0.7925925925925926
1 0.06927083333333339 0.775 0.054166666666666724 0.775 0.054166666666666724 0.8083333333333333 0.06927083333333339 0.8083333333333333
8 0.09635416666666673 0.7 0.08489583333333339 0.7 0.08489583333333339 0.7314814814814815 0.09635416666666673 0.7314814814814815
1 0.09791666666666672 0.7194444444444444 0.08437500000000006 0.7194444444444444 0.08437500000000006 0.7490740740740741 0.09791666666666672 0.7490740740740741
8 0.11250000000000006 0.7138888888888889 0.10208333333333339 0.7138888888888889 0.10208333333333339 0.7537037037037037 0.11250000000000006 0.7537037037037037
1 0.11614583333333339 0.7333333333333333 0.10156250000000006 0.7333333333333333 0.10156250000000006 0.762962962962963 0.11614583333333339 0.762962962962963
3 0.35729166666666673 0.8175925925925925 0.315625 0.8175925925925925 0.31562500000000004 0.9277777777777778 0.3572916666666668 0.9277777777777778
3 0.46770833333333345 0.912962962962963 0.4192708333333334 0.912962962962963 0.4192708333333334 1 0.46770833333333345 1
3 0.5000000000000001 0.8203703703703705 0.45364583333333336 0.8203703703703704 0.4536458333333334 0.9046296296296298 0.5000000000000001 0.9046296296296299
3 0.5541666666666667 0.8250000000000002 0.5052083333333334 0.8250000000000002 0.5052083333333334 0.9083333333333335 0.5541666666666667 0.9083333333333335
3 0.5244791666666667 0.737962962962963 0.48333333333333334 0.7379629629629629 0.48333333333333334 0.8046296296296297 0.5244791666666667 0.8046296296296298
3 0.4322916666666667 0.7481481481481481 0.39427083333333335 0.7481481481481481 0.39427083333333335 0.8222222222222222 0.4322916666666667 0.8222222222222222
3 0.47552083333333334 0.6342592592592593 0.44479166666666664 0.6342592592592593 0.44479166666666664 0.6796296296296296 0.47552083333333334 0.6796296296296296
3 0.4427083333333333 0.6537037037037037 0.4119791666666667 0.6537037037037037 0.4119791666666667 0.7037037037037037 0.4427083333333333 0.7037037037037037
3 0.39427083333333335 0.6064814814814815 0.36614583333333334 0.6064814814814815 0.36614583333333334 0.6527777777777778 0.39427083333333335 0.6527777777777778
3 0.44114583333333335 0.5277777777777778 0.415625 0.5277777777777778 0.415625 0.5703703703703704 0.44114583333333335 0.5703703703703704
11 0.4078125 0.5194444444444445 0.38385416666666666 0.5194444444444445 0.38385416666666666 0.5601851851851852 0.4078125 0.5601851851851852
3 0.3770833333333333 0.5203703703703704 0.35520833333333335 0.5203703703703704 0.35520833333333335 0.5546296296296296 0.3770833333333333 0.5546296296296296
2 0.23593750000000005 0.524074074074074 0.1901041666666667 0.524074074074074 0.1901041666666667 0.6731481481481482 0.23593750000000005 0.6731481481481482
2 0.43802083333333336 0.41203703703703715 0.403125 0.41203703703703715 0.403125 0.4842592592592593 0.43802083333333336 0.4842592592592593
3 0.4083333333333333 0.4500000000000001 0.3875 0.4500000000000001 0.3875 0.48055555555555557 0.4083333333333333 0.48055555555555557
3 0.39791666666666664 0.42222222222222233 0.38229166666666664 0.42222222222222233 0.38229166666666664 0.44814814814814824 0.39791666666666664 0.44814814814814824
3 0.37916666666666665 0.42777777777777787 0.3609375 0.42777777777777787 0.3609375 0.45925925925925937 0.37916666666666665 0.45925925925925937
3 0.35520833333333335 0.43703703703703717 0.3390625 0.43703703703703717 0.3390625 0.46203703703703713 0.35520833333333335 0.46203703703703713
3 0.36302083333333335 0.4712962962962964 0.34427083333333336 0.4712962962962964 0.34427083333333336 0.5037037037037037 0.36302083333333335 0.5037037037037037
3 0.3546875 0.41018518518518526 0.3390625 0.41018518518518526 0.3390625 0.43333333333333346 0.3546875 0.43333333333333346
3 0.3828125 0.3925925925925927 0.36875 0.3925925925925927 0.36875 0.4129629629629631 0.3828125 0.4129629629629631
3 0.34270833333333334 0.3814814814814816 0.32916666666666666 0.3814814814814816 0.32916666666666666 0.400925925925926 0.34270833333333334 0.400925925925926
2 0.4041666666666667 0.36203703703703716 0.3796875 0.36203703703703716 0.3796875 0.40462962962962973 0.4041666666666667 0.40462962962962973
3 0.37604166666666666 0.3694444444444446 0.3625 0.3694444444444446 0.3625 0.39074074074074083 0.37604166666666666 0.39074074074074083
3 0.353125 0.35648148148148157 0.3416666666666667 0.35648148148148157 0.3416666666666667 0.37407407407407417 0.353125 0.37407407407407417
3 0.3692708333333333 0.3574074074074075 0.3572916666666667 0.3574074074074075 0.3572916666666667 0.37314814814814823 0.3692708333333333 0.37314814814814823
3 0.2765625 0.3962962962962964 0.2630208333333333 0.3962962962962964 0.2630208333333333 0.42037037037037045 0.2765625 0.42037037037037045
3 0.29375 0.3500000000000001 0.28177083333333336 0.3500000000000001 0.28177083333333336 0.36851851851851863 0.29375 0.36851851851851863
2 0.3375 0.3157407407407408 0.3203125 0.3157407407407408 0.3203125 0.3574074074074075 0.3375 0.3574074074074075
3 0.3494791666666667 0.3351851851851853 0.3390625 0.3351851851851853 0.3390625 0.35185185185185197 0.3494791666666667 0.35185185185185197
3 0.35989583333333336 0.325925925925926 0.35 0.325925925925926 0.35 0.34074074074074084 0.35989583333333336 0.34074074074074084
3 0.36666666666666664 0.34259259259259267 0.3567708333333333 0.34259259259259267 0.3567708333333333 0.35648148148148157 0.36666666666666664 0.35648148148148157
3 0.35260416666666666 0.3074074074074075 0.3421875 0.3074074074074075 0.3421875 0.3212962962962964 0.35260416666666666 0.3212962962962964
3 0.33958333333333335 0.30833333333333346 0.3296875 0.30833333333333346 0.3296875 0.32314814814814824 0.33958333333333335 0.32314814814814824
2 0.39010416666666664 0.3175925925925927 0.3651041666666667 0.3175925925925927 0.3651041666666667 0.36574074074074087 0.39010416666666664 0.36574074074074087
2 0.35989583333333336 0.2666666666666668 0.3453125 0.2666666666666668 0.3453125 0.29537037037037045 0.35989583333333336 0.29537037037037045
3 0.278125 0.29537037037037045 0.26927083333333335 0.29537037037037045 0.26927083333333335 0.30833333333333346 0.278125 0.30833333333333346
3 0.321875 0.29537037037037045 0.31302083333333336 0.29537037037037045 0.31302083333333336 0.3074074074074075 0.321875 0.3074074074074075
3 0.3307291666666667 0.2916666666666668 0.321875 0.2916666666666668 0.321875 0.30277777777777787 0.3307291666666667 0.30277777777777787
3 0.32083333333333336 0.27962962962962973 0.3125 0.27962962962962973 0.3125 0.2935185185185186 0.32083333333333336 0.2935185185185186
3 0.3421875 0.27962962962962973 0.33489583333333334 0.27962962962962973 0.33489583333333334 0.29074074074074086 0.3421875 0.29074074074074086
3 0.34010416666666665 0.2750000000000001 0.33229166666666665 0.2750000000000001 0.33229166666666665 0.2861111111111112 0.34010416666666665 0.2861111111111112
3 0.34739583333333335 0.2666666666666668 0.3421875 0.2666666666666668 0.3421875 0.275925925925926 0.34739583333333335 0.275925925925926
3 0.3375 0.26574074074074083 0.3302083333333333 0.26574074074074083 0.3302083333333333 0.275925925925926 0.3375 0.275925925925926
3 0.3380208333333333 0.2722222222222223 0.3302083333333333 0.2722222222222223 0.3302083333333333 0.28055555555555567 0.3380208333333333 0.28055555555555567
3 0.28020833333333334 0.26944444444444454 0.27291666666666664 0.26944444444444454 0.27291666666666664 0.2814814814814816 0.28020833333333334 0.2814814814814816
3 0.30833333333333335 0.2666666666666668 0.30104166666666665 0.2666666666666668 0.30104166666666665 0.2777777777777779 0.30833333333333335 0.2777777777777779
3 0.31614583333333335 0.26111111111111124 0.3098958333333333 0.26111111111111124 0.3098958333333333 0.2712962962962964 0.31614583333333335 0.2712962962962964
3 0.32760416666666664 0.2685185185185186 0.32083333333333336 0.2685185185185186 0.32083333333333336 0.2787037037037038 0.32760416666666664 0.2787037037037038
3 0.3255208333333333 0.26111111111111124 0.31927083333333334 0.26111111111111124 0.31927083333333334 0.2703703703703705 0.3255208333333333 0.2703703703703705
3 0.33541666666666664 0.25740740740740753 0.32864583333333336 0.25740740740740753 0.32864583333333336 0.26944444444444454 0.33541666666666664 0.26944444444444454
3 0.29270833333333335 0.25092592592592605 0.2869791666666667 0.25092592592592605 0.2869791666666667 0.2601851851851853 0.29270833333333335 0.2601851851851853
3 0.2864583333333333 0.24722222222222232 0.28072916666666664 0.24722222222222232 0.28072916666666664 0.25740740740740753 0.2864583333333333 0.25740740740740753
3 0.31614583333333335 0.24351851851851863 0.3109375 0.24351851851851863 0.3109375 0.25185185185185194 0.31614583333333335 0.25185185185185194
3 0.3255208333333333 0.2537037037037038 0.31979166666666664 0.2537037037037038 0.31979166666666664 0.26296296296296306 0.3255208333333333 0.26296296296296306
3 0.3338541666666667 0.2527777777777779 0.32760416666666664 0.2527777777777779 0.32760416666666664 0.2620370370370371 0.3338541666666667 0.2620370370370371
3 0.325 0.24907407407407417 0.3203125 0.24907407407407417 0.3203125 0.2564814814814816 0.325 0.2564814814814816
3 0.33177083333333335 0.2462962962962964 0.328125 0.2462962962962964 0.328125 0.2527777777777779 0.33177083333333335 0.2527777777777779
3 0.3234375 0.24166666666666678 0.3182291666666667 0.24166666666666678 0.3182291666666667 0.25185185185185194 0.3234375 0.25185185185185194
3 0.3328125 0.23981481481481493 0.32760416666666664 0.23981481481481493 0.32760416666666664 0.24814814814814826 0.3328125 0.24814814814814826
3 0.3296875 0.23611111111111116 0.325 0.23611111111111116 0.325 0.24351851851851863 0.3296875 0.24351851851851863
3 0.33541666666666664 0.23611111111111116 0.3307291666666667 0.23611111111111116 0.3307291666666667 0.24444444444444455 0.33541666666666664 0.24444444444444455
3 0.290625 0.23240740740740745 0.2864583333333333 0.23240740740740745 0.2864583333333333 0.23981481481481493 0.290625 0.23981481481481493
3 0.29583333333333334 0.23611111111111116 0.290625 0.23611111111111116 0.290625 0.24444444444444455 0.29583333333333334 0.24444444444444455
3 0.3104166666666667 0.23240740740740745 0.30572916666666666 0.23240740740740745 0.30572916666666666 0.23981481481481493 0.3104166666666667 0.23981481481481493
3 0.31614583333333335 0.23796296296296307 0.3104166666666667 0.23796296296296307 0.3104166666666667 0.2462962962962964 0.31614583333333335 0.2462962962962964
3 0.2911458333333333 0.22407407407407412 0.2869791666666667 0.22407407407407412 0.2869791666666667 0.2305555555555556 0.2911458333333333 0.2305555555555556
3 0.28854166666666664 0.22129629629629635 0.284375 0.22129629629629635 0.284375 0.22870370370370377 0.28854166666666664 0.22870370370370377
3 0.29791666666666666 0.22222222222222227 0.29375 0.22222222222222227 0.29375 0.22870370370370377 0.29791666666666666 0.22870370370370377
2 0.3338541666666667 0.2203703703703704 0.3255208333333333 0.2203703703703704 0.3255208333333333 0.23796296296296307 0.3338541666666667 0.23796296296296307
3 0.3229166666666667 0.23611111111111116 0.3182291666666667 0.23611111111111116 0.3182291666666667 0.24444444444444455 0.3229166666666667 0.24444444444444455
3 0.31614583333333335 0.23518518518518525 0.31145833333333334 0.23518518518518525 0.31145833333333334 0.24166666666666678 0.31614583333333335 0.24166666666666678
4 0.32760416666666664 0.17592592592592599 0.29739583333333336 0.17592592592592599 0.29739583333333336 0.2046296296296297 0.32760416666666664 0.2046296296296297
4 0.33177083333333335 0.19259259259259265 0.2765625 0.19259259259259265 0.2765625 0.2194444444444445 0.33177083333333335 0.2194444444444445
11 0.27760416666666665 0.24814814814814826 0.271875 0.24814814814814826 0.271875 0.25740740740740753 0.27760416666666665 0.25740740740740753
3 0.315625 0.23148148148148154 0.31145833333333334 0.23148148148148154 0.31145833333333334 0.23703703703703713 0.315625 0.23703703703703713
3 0.321875 0.22962962962962968 0.3171875 0.22962962962962968 0.3171875 0.23518518518518525 0.321875 0.23518518518518525
3 0.3234375 0.23240740740740745 0.31979166666666664 0.23240740740740745 0.31979166666666664 0.23888888888888898 0.3234375 0.23888888888888898
3 0.3380208333333333 0.2231481481481482 0.3333333333333333 0.2231481481481482 0.3333333333333333 0.23148148148148154 0.3380208333333333 0.23148148148148154
3 0.31666666666666665 0.22685185185185192 0.31197916666666664 0.22685185185185192 0.31197916666666664 0.2333333333333334 0.31666666666666665 0.2333333333333334
3 0.3171875 0.22222222222222227 0.3125 0.22222222222222227 0.3125 0.22777777777777783 0.3171875 0.22777777777777783
11 0.32395833333333335 0.22129629629629635 0.31875 0.22129629629629635 0.31875 0.2305555555555556 0.32395833333333335 0.2305555555555556
10 0.08072916666666671 0.5777777777777777 0.0036458333333333733 0.5777777777777777 0.003645833333333378 0.7277777777777777 0.08072916666666673 0.7277777777777777