3 0.7838235294117647 0.7555555555555558 0.6757352941176471 0.7555555555555555 0.6757352941176471 0.9960784313725491 0.7838235294117647 0.9960784313725494
10 0.6477941176470589 0.6614379084967322 0.5639705882352941 0.6614379084967322 0.5639705882352941 0.8875816993464052 0.6477941176470589 0.8875816993464052
3 0.49779411764705883 0.6718954248366014 0.43676470588235294 0.6718954248366014 0.43676470588235294 0.9215686274509803 0.49779411764705883 0.9215686274509803
11 0.6735294117647059 0.3555555555555557 0.6227941176470588 0.3555555555555557 0.6227941176470588 0.4771241830065361 0.6735294117647059 0.4771241830065361
3 0.4985294117647059 0.35816993464052305 0.45 0.35816993464052305 0.45 0.4954248366013073 0.4985294117647059 0.4954248366013073
3 0.41691176470588237 0.3385620915032681 0.37279411764705883 0.3385620915032681 0.37279411764705883 0.47843137254901974 0.41691176470588237 0.47843137254901974
3 0.5625 0.23006535947712434 0.5161764705882353 0.23006535947712434 0.5161764705882353 0.3163398692810459 0.5625 0.3163398692810459
3 0.4808823529411765 0.1895424836601308 0.4389705882352941 0.1895424836601308 0.4389705882352941 0.30326797385620924 0.4808823529411765 0.30326797385620924
3 0.4786764705882353 0.09934640522875827 0.4441176470588235 0.09934640522875827 0.4441176470588235 0.18039215686274518 0.4786764705882353 0.18039215686274518
3 0.4147058823529412 0.07581699346405237 0.38235294117647056 0.07581699346405237 0.38235294117647056 0.17516339869281053 0.4147058823529412 0.17516339869281053
3 0.36176470588235293 0.14901960784313734 0.32426470588235295 0.14901960784313734 0.32426470588235295 0.2352941176470589 0.36176470588235293 0.2352941176470589
3 0.37279411764705883 0.027450980392156942 0.3397058823529412 0.02745098039215694 0.3397058823529412 0.09542483660130727 0.37279411764705883 0.09542483660130727
3 0.46397058823529413 0.011764705882353038 0.43014705882352944 0.011764705882353035 0.43014705882352944 0.07450980392156872 0.46397058823529413 0.07450980392156872
7 0.7558823529411764 0.08758169934640538 0.7441176470588236 0.08758169934640538 0.7441176470588236 0.13464052287581715 0.7558823529411764 0.13464052287581715
3 0.7242647058823529 1.5392129377518693e-16 0.6897058823529412 1.501593068758454e-16 0.6897058823529412 0.04444444444444459 0.7242647058823529 0.04444444444444459
3 0.2485294117647059 0.3071895424836602 0.19926470588235295 0.3071895424836602 0.19926470588235295 0.4522875816993464 0.2485294117647059 0.4522875816993464
11 0.18382352941176472 0.21830065359477127 0.13602941176470587 0.21830065359477124 0.1360294117647059 0.34509803921568627 0.18382352941176475 0.34509803921568627
3 0.2213235294117647 0.13333333333333336 0.175 0.13333333333333336 0.175 0.23267973856209156 0.2213235294117647 0.23267973856209156
3 0.2338235294117647 0.08104575163398697 0.19558823529411765 0.08104575163398696 0.19558823529411765 0.16732026143790857 0.2338235294117647 0.16732026143790857
11 0.21985294117647058 0.02352941176470592 0.14779411764705883 0.02352941176470591 0.14779411764705883 0.08888888888888892 0.21985294117647058 0.08888888888888892
3 0.08970588235294119 0.11111111111111113 0.0022058823529411842 0.1111111111111111 0.0022058823529411864 0.16993464052287582 0.08970588235294119 0.16993464052287582
3 0.09926470588235298 0.4928104575163399 3.3947929652834714e-17 0.4928104575163399 3.745978444450727e-17 0.5947712418300654 0.09926470588235298 0.5947712418300654
9 0.13529411764705881 0.007843137254901985 0.09044117647058823 0.00784313725490198 0.09044117647058823 0.044444444444444474 0.13529411764705881 0.04444444444444448
3 0.2139705882352941 0.010457516339869318 0.1375 0.010457516339869308 0.1375 0.0640522875816994 0.2139705882352941 0.0640522875816994
3 0.07573529411764711 0.6379084967320261 4.3943208675287385e-17 0.6379084967320261 5.164227494933876e-17 0.8614379084967321 0.07573529411764712 0.8614379084967321
5 0.2713235294117647 0.027450980392156918 0.2536764705882353 0.027450980392156918 0.2536764705882353 0.0705882352941177 0.2713235294117647 0.0705882352941177
3 0.21691176470588236 4.082155997157844e-17 0.15808823529411764 3.441817801525241e-17 0.15808823529411764 0.0339869281045752 0.21691176470588236 0.03398692810457521
5 0.05073529411764708 0.2496732026143791 0.005147058823529429 0.2496732026143791 0.00514705882352943 0.2928104575163399 0.05073529411764708 0.2928104575163399
4 0.030882352941176496 0.2980392156862745 2.0530843397470332e-17 0.2980392156862745 2.386260307162122e-17 0.39477124183006534 0.030882352941176503 0.39477124183006534