4 0.5739583333333333 0.15740740740740752 0.5 0.15740740740740752 0.5 0.20925925925925937 0.5739583333333333 0.20925925925925937
10 0.4083333333333333 0.4666666666666668 0.3260416666666667 0.4666666666666668 0.3260416666666667 0.5518518518518518 0.4083333333333333 0.5518518518518518
10 0.728125 0.4888888888888891 0.6479166666666667 0.4888888888888891 0.6479166666666667 0.5555555555555558 0.728125 0.5555555555555558
10 0.8 0.7314814814814817 0.725 0.7314814814814817 0.725 0.8888888888888891 0.8 0.8888888888888891
0 0.4489583333333334 0.8425925925925926 0.38125 0.8425925925925926 0.38125000000000003 1 0.44895833333333346 1
9 0.6510416666666666 0.6296296296296299 0.615625 0.6296296296296299 0.615625 0.7055555555555557 0.6510416666666666 0.7055555555555557
9 0.603125 0.540740740740741 0.5708333333333333 0.540740740740741 0.5708333333333333 0.6166666666666669 0.603125 0.6166666666666669
10 0.6604166666666667 0.45185185185185195 0.6020833333333333 0.45185185185185195 0.6020833333333333 0.49814814814814834 0.6604166666666667 0.49814814814814834
1 0.721875 0.527777777777778 0.6625 0.527777777777778 0.6625 0.5907407407407409 0.721875 0.5907407407407409
1 0.7989583333333333 0.5629629629629632 0.7458333333333333 0.5629629629629632 0.7458333333333333 0.6092592592592595 0.7989583333333333 0.6092592592592595
0 0.425 0.3555555555555557 0.4010416666666667 0.3555555555555557 0.4010416666666667 0.4092592592592594 0.425 0.4092592592592594
9 0.5666666666666667 0.4722222222222223 0.5479166666666667 0.4722222222222223 0.5479166666666667 0.5296296296296299 0.5666666666666667 0.5296296296296299
0 0.5052083333333334 0.34444444444444455 0.490625 0.34444444444444455 0.490625 0.3851851851851853 0.5052083333333334 0.3851851851851853
0 0.45625 0.3500000000000001 0.44375 0.3500000000000001 0.44375 0.388888888888889 0.45625 0.388888888888889
0 0.534375 0.31481481481481494 0.5260416666666666 0.31481481481481494 0.5260416666666666 0.3462962962962964 0.534375 0.3462962962962964
9 0.6166666666666667 0.42592592592592604 0.56875 0.42592592592592604 0.56875 0.47592592592592614 0.6166666666666667 0.47592592592592614
5 0.540625 0.4314814814814816 0.528125 0.4314814814814816 0.528125 0.47592592592592614 0.540625 0.47592592592592614
5 0.478125 0.45185185185185195 0.471875 0.45185185185185195 0.471875 0.4722222222222223 0.478125 0.4722222222222223
5 0.4625 0.4462962962962964 0.45729166666666665 0.4462962962962964 0.45729166666666665 0.4722222222222223 0.4625 0.4722222222222223
5 0.375 0.4148148148148149 0.353125 0.4148148148148149 0.353125 0.438888888888889 0.375 0.438888888888889
5 0.321875 0.48148148148148145 0.315625 0.48148148148148145 0.315625 0.5203703703703704 0.321875 0.5203703703703704
5 0.3437500000000001 0.8888888888888888 0.3020833333333334 0.8888888888888888 0.3020833333333334 0.9962962962962963 0.3437500000000001 0.9962962962962963
5 0.8583333333333333 0.651851851851852 0.809375 0.651851851851852 0.809375 0.7037037037037039 0.8583333333333333 0.7037037037037039
5 0.928125 0.6481481481481484 0.8729166666666667 0.6481481481481484 0.8729166666666667 0.7000000000000002 0.928125 0.7000000000000002
5 0.7708333333333334 0.5537037037037039 0.7364583333333333 0.5537037037037039 0.7364583333333333 0.5925925925925928 0.7708333333333334 0.5925925925925928
5 0.8125 0.5870370370370372 0.76875 0.5870370370370372 0.76875 0.6370370370370373 0.8125 0.6370370370370373
5 0.48333333333333334 0.3555555555555557 0.48020833333333335 0.3555555555555557 0.48020833333333335 0.37037037037037046 0.48333333333333334 0.37037037037037046
5 0.48125 0.3296296296296297 0.46145833333333336 0.3296296296296297 0.46145833333333336 0.34259259259259267 0.48125 0.34259259259259267
9 0.28958333333333336 0.5555555555555556 0.2447916666666667 0.5555555555555556 0.2447916666666667 0.5962962962962963 0.28958333333333336 0.5962962962962963
7 0.553125 0.5425925925925928 0.5416666666666666 0.5425925925925928 0.5416666666666666 0.5944444444444447 0.553125 0.5944444444444447
7 0.6145833333333334 0.6203703703703706 0.6010416666666667 0.6203703703703706 0.6010416666666667 0.6870370370370372 0.6145833333333334 0.6870370370370372
7 0.546875 0.3555555555555557 0.5427083333333333 0.3555555555555557 0.5427083333333333 0.3833333333333334 0.546875 0.3833333333333334
7 0.6947916666666667 0.5555555555555558 0.6833333333333333 0.5555555555555558 0.6833333333333333 0.5907407407407409 0.6947916666666667 0.5907407407407409
5 0.7229166666666667 0.5425925925925928 0.6885416666666667 0.5425925925925928 0.6885416666666667 0.5888888888888891 0.7229166666666667 0.5888888888888891
8 0.6322916666666667 0.6185185185185187 0.6260416666666667 0.6185185185185187 0.6260416666666667 0.6537037037037039 0.6322916666666667 0.6537037037037039
8 0.48020833333333335 0.43703703703703717 0.47291666666666665 0.43703703703703717 0.47291666666666665 0.45925925925925937 0.48020833333333335 0.45925925925925937
8 0.4625 0.4314814814814816 0.45729166666666665 0.4314814814814816 0.45729166666666665 0.4611111111111112 0.4625 0.4611111111111112
8 0.4739583333333333 0.31296296296296305 0.46979166666666666 0.31296296296296305 0.46979166666666666 0.3333333333333334 0.4739583333333333 0.3333333333333334
8 0.4864583333333333 0.3111111111111112 0.4822916666666667 0.3111111111111112 0.4822916666666667 0.3314814814814816 0.4864583333333333 0.3314814814814816
8 0.5885416666666666 0.4129629629629631 0.5802083333333333 0.4129629629629631 0.5802083333333333 0.44444444444444453 0.5885416666666666 0.44444444444444453
3 0.625 0.28333333333333344 0.5864583333333333 0.28333333333333344 0.5864583333333333 0.30925925925925934 0.625 0.30925925925925934
5 0.578125 0.33703703703703713 0.559375 0.33703703703703713 0.559375 0.3537037037037038 0.578125 0.3537037037037038
5 0.5979166666666667 0.3314814814814816 0.5760416666666667 0.3314814814814816 0.5760416666666667 0.3500000000000001 0.5979166666666667 0.3500000000000001
7 0.5260416666666666 0.26481481481481495 0.5208333333333334 0.26481481481481495 0.5208333333333334 0.28703703703703715 0.5260416666666666 0.28703703703703715
8 0.496875 0.27962962962962973 0.49270833333333336 0.27962962962962973 0.49270833333333336 0.2981481481481483 0.496875 0.2981481481481483
5 0.496875 0.288888888888889 0.490625 0.288888888888889 0.490625 0.301851851851852 0.496875 0.301851851851852
8 0.5229166666666667 0.31481481481481494 0.5166666666666667 0.31481481481481494 0.5166666666666667 0.3314814814814816 0.5229166666666667 0.3314814814814816
5 0.5239583333333333 0.3240740740740742 0.5135416666666667 0.3240740740740742 0.5135416666666667 0.34259259259259267 0.5239583333333333 0.34259259259259267
4 0.584375 0.2722222222222223 0.5354166666666667 0.2722222222222223 0.5354166666666667 0.3296296296296297 0.584375 0.3296296296296297
4 0.5729166666666666 0.20925925925925937 0.503125 0.20925925925925937 0.503125 0.25555555555555565 0.5729166666666666 0.25555555555555565