5 0.14779411764705885 0.5843137254901961 0.11470588235294121 0.5843137254901961 0.11470588235294121 0.6143790849673203 0.14779411764705885 0.6143790849673203
5 0.13235294117647062 0.6379084967320261 0.09926470588235298 0.6379084967320261 0.09926470588235298 0.6627450980392157 0.13235294117647062 0.6627450980392157
5 0.06250000000000006 0.7477124183006536 0.033088235294117696 0.7477124183006536 0.033088235294117696 0.7947712418300653 0.06250000000000007 0.7947712418300653
3 0.13088235294117656 0.9359477124183007 0.028676470588235355 0.9359477124183007 0.028676470588235362 1 0.13088235294117656 1
3 0.13235294117647065 0.8326797385620915 0.043382352941176525 0.8326797385620915 0.043382352941176525 0.9215686274509803 0.13235294117647067 0.9215686274509803
3 0.1757352941176471 0.7189542483660131 0.08014705882352946 0.7189542483660131 0.08014705882352946 0.8209150326797385 0.1757352941176471 0.8209150326797385
7 0.17867647058823533 0.8470588235294118 0.15735294117647064 0.8470588235294118 0.15735294117647064 0.8836601307189542 0.17867647058823533 0.8836601307189542
3 0.14779411764705883 0.001307189542483683 0.06470588235294118 0.0013071895424836741 0.06470588235294118 0.09281045751633989 0.14779411764705883 0.0928104575163399
7 0.4102941176470588 0.3137254901960785 0.3963235294117647 0.3137254901960785 0.3963235294117647 0.34117647058823547 0.4102941176470588 0.34117647058823547
8 0.4904411764705882 0.2679738562091504 0.47058823529411764 0.2679738562091504 0.47058823529411764 0.2915032679738563 0.4904411764705882 0.2915032679738563
8 0.48161764705882354 0.2836601307189543 0.4727941176470588 0.2836601307189543 0.4727941176470588 0.2993464052287582 0.48161764705882354 0.2993464052287582
5 0.4875 0.25359477124183016 0.4713235294117647 0.25359477124183016 0.4713235294117647 0.3019607843137256 0.4875 0.3019607843137256
3 0.5463235294117647 0.49934640522875834 0.4889705882352941 0.49934640522875834 0.4889705882352941 0.6483660130718956 0.5463235294117647 0.6483660130718956
3 0.47352941176470587 0.5477124183006538 0.4117647058823529 0.5477124183006538 0.4117647058823529 0.7124183006535948 0.47352941176470587 0.7124183006535948
3 0.32720588235294124 0.7660130718954249 0.2588235294117648 0.7660130718954249 0.2588235294117648 0.9411764705882353 0.32720588235294124 0.9411764705882353
1 0.5823529411764706 0.7529411764705882 0.5602941176470588 0.7529411764705882 0.5602941176470588 0.8013071895424837 0.5823529411764706 0.8013071895424837
5 0.6272058823529412 0.7411764705882353 0.6 0.7411764705882353 0.6 0.7777777777777778 0.6272058823529412 0.7777777777777778
1 0.6051470588235294 0.8169934640522876 0.586764705882353 0.8169934640522876 0.586764705882353 0.8431372549019608 0.6051470588235294 0.8431372549019608
1 0.6286764705882353 0.8065359477124183 0.6058823529411764 0.8065359477124183 0.6058823529411764 0.8366013071895425 0.6286764705882353 0.8366013071895425
5 0.6669117647058823 0.7372549019607844 0.6441176470588236 0.7372549019607844 0.6441176470588236 0.8065359477124183 0.6669117647058823 0.8065359477124183
8 0.6433823529411765 0.8745098039215686 0.6316176470588235 0.8745098039215686 0.6316176470588235 0.9019607843137255 0.6433823529411765 0.9019607843137255
5 0.6463235294117647 0.8745098039215686 0.6235294117647059 0.8745098039215686 0.6235294117647059 0.918954248366013 0.6463235294117647 0.918954248366013
7 0.6536764705882353 0.8967320261437909 0.6433823529411765 0.8967320261437909 0.6433823529411765 0.9228758169934641 0.6536764705882353 0.9228758169934641
7 0.8117647058823529 0.9542483660130722 0.7919117647058823 0.9542483660130722 0.7919117647058823 0.9908496732026146 0.8117647058823529 0.9908496732026146
7 0.8058823529411765 0.8679738562091506 0.7852941176470588 0.8679738562091506 0.7852941176470588 0.8941176470588238 0.8058823529411765 0.8941176470588238
7 0.8757352941176471 0.9058823529411768 0.8580882352941176 0.9058823529411768 0.8580882352941176 0.935947712418301 0.8757352941176471 0.935947712418301
3 0.975735294117647 0.8888888888888892 0.8897058823529411 0.8888888888888892 0.8897058823529411 0.997385620915033 0.975735294117647 0.997385620915033
5 0.9948529411764706 0.8535947712418304 0.9595588235294118 0.8535947712418304 0.9595588235294118 0.8993464052287584 0.9948529411764706 0.8993464052287584
5 0.9095588235294118 0.8052287581699349 0.8963235294117647 0.8052287581699349 0.8963235294117647 0.8614379084967323 0.9095588235294118 0.8614379084967323
5 0.9220588235294118 0.8078431372549023 0.9088235294117647 0.8078431372549023 0.9088235294117647 0.8575163398692813 0.9220588235294118 0.8575163398692813
1 0.9352941176470588 0.8065359477124185 0.9220588235294118 0.8065359477124185 0.9220588235294118 0.8601307189542486 0.9352941176470588 0.8601307189542486
5 0.8801470588235294 0.7647058823529415 0.8573529411764705 0.7647058823529415 0.8573529411764705 0.8183006535947716 0.8801470588235294 0.8183006535947716
5 0.8654411764705883 0.7594771241830068 0.8477941176470588 0.7594771241830068 0.8477941176470588 0.8169934640522879 0.8654411764705883 0.8169934640522879
5 0.8544117647058823 0.7437908496732029 0.8338235294117647 0.7437908496732029 0.8338235294117647 0.7947712418300656 0.8544117647058823 0.7947712418300656
5 0.825735294117647 0.7045751633986931 0.8073529411764706 0.7045751633986931 0.8073529411764706 0.7503267973856212 0.825735294117647 0.7503267973856212
5 0.8095588235294118 0.6993464052287585 0.7970588235294118 0.6993464052287585 0.7970588235294118 0.7555555555555559 0.8095588235294118 0.7555555555555559
5 0.7926470588235294 0.6692810457516343 0.7720588235294118 0.6692810457516343 0.7720588235294118 0.724183006535948 0.7926470588235294 0.724183006535948
5 0.799264705882353 0.6901960784313729 0.7845588235294118 0.6901960784313729 0.7845588235294118 0.7464052287581703 0.799264705882353 0.7464052287581703
5 0.8595588235294118 0.6483660130718956 0.8389705882352941 0.6483660130718956 0.8389705882352941 0.7006535947712421 0.8595588235294118 0.7006535947712421
1 0.8382352941176471 0.6457516339869283 0.8227941176470588 0.6457516339869283 0.8227941176470588 0.6980392156862748 0.8382352941176471 0.6980392156862748
1 0.825735294117647 0.6339869281045754 0.8088235294117647 0.6339869281045754 0.8088235294117647 0.6875816993464056 0.825735294117647 0.6875816993464056
1 0.8757352941176471 0.6771241830065362 0.8544117647058823 0.6771241830065362 0.8544117647058823 0.7307189542483663 0.8757352941176471 0.7307189542483663
5 0.9227941176470589 0.6418300653594773 0.8985294117647059 0.6418300653594773 0.8985294117647059 0.6901960784313729 0.9227941176470589 0.6901960784313729
5 0.9933823529411765 0.5934640522875818 0.9720588235294118 0.5934640522875818 0.9720588235294118 0.6509803921568629 0.9933823529411765 0.6509803921568629
5 0.9713235294117647 0.5647058823529413 0.9470588235294117 0.5647058823529413 0.9470588235294117 0.6065359477124185 0.9713235294117647 0.6065359477124185
11 0.7926470588235294 0.5333333333333334 0.7426470588235294 0.5333333333333334 0.7426470588235294 0.6653594771241832 0.7926470588235294 0.6653594771241832
3 0.8441176470588235 0.231372549019608 0.7602941176470588 0.231372549019608 0.7602941176470588 0.3137254901960786 0.8441176470588235 0.3137254901960786
7 0.7705882352941177 0.14509803921568645 0.7477941176470588 0.14509803921568643 0.7477941176470588 0.1882352941176472 0.7705882352941177 0.1882352941176472
11 0.95 0.07058823529411784 0.861764705882353 0.07058823529411783 0.861764705882353 0.16209150326797406 0.95 0.16209150326797409
3 0.9713235294117647 2.0234686981990253e-16 0.8875 1.9322205053213794e-16 0.8875 0.08104575163398713 0.9713235294117647 0.08104575163398713
3 1 0.14248366013071917 0.9610294117647059 0.14248366013071917 0.9610294117647059 0.2169934640522878 1 0.2169934640522878
5 0.6639705882352941 0.8483660130718954 0.6345588235294117 0.8483660130718954 0.6345588235294117 0.873202614379085 0.6639705882352941 0.873202614379085
1 0.8845588235294117 0.9516339869281049 0.8477941176470588 0.9516339869281049 0.8477941176470588 0.9738562091503271 0.8845588235294117 0.9738562091503271