8 0.5281250000000001 0.927777777777778 0.5166666666666668 0.927777777777778 0.5166666666666668 0.9648148148148148 0.5281250000000001 0.9648148148148148
8 0.5302083333333335 0.9074074074074077 0.5177083333333334 0.9074074074074077 0.5177083333333334 0.95 0.5302083333333335 0.95
8 0.4187500000000001 0.8722222222222222 0.4041666666666668 0.8722222222222222 0.4041666666666668 0.9259259259259259 0.4187500000000001 0.9259259259259259
8 0.4635416666666668 0.9037037037037037 0.45208333333333345 0.9037037037037037 0.45208333333333345 0.9444444444444444 0.4635416666666668 0.9444444444444444
8 0.4666666666666668 0.8907407407407407 0.4541666666666668 0.8907407407407407 0.4541666666666668 0.9481481481481482 0.4666666666666668 0.9481481481481482
8 0.6010416666666667 0.7944444444444446 0.5875 0.7944444444444446 0.5875 0.8240740740740743 0.6010416666666667 0.8240740740740743
8 0.603125 0.7814814814814817 0.5854166666666667 0.7814814814814817 0.5854166666666667 0.8314814814814817 0.603125 0.8314814814814817
8 0.528125 0.5888888888888891 0.5208333333333334 0.5888888888888891 0.5208333333333334 0.6166666666666669 0.528125 0.6166666666666669
8 0.5197916666666667 0.5611111111111113 0.5135416666666667 0.5611111111111113 0.5135416666666667 0.5870370370370372 0.5197916666666667 0.5870370370370372
8 0.5364583333333334 0.5370370370370372 0.5270833333333333 0.5370370370370372 0.5270833333333333 0.564814814814815 0.5364583333333334 0.564814814814815
8 0.5666666666666667 0.5888888888888891 0.5604166666666667 0.5888888888888891 0.5604166666666667 0.614814814814815 0.5666666666666667 0.614814814814815
8 0.5822916666666667 0.5222222222222225 0.578125 0.5222222222222225 0.578125 0.551851851851852 0.5822916666666667 0.551851851851852
8 0.4270833333333334 0.9740740740740741 0.4114583333333334 0.9740740740740741 0.4114583333333334 1 0.4270833333333334 1
4 0.3781250000000001 0.9518518518518518 0.3437500000000001 0.9518518518518518 0.3437500000000001 0.9944444444444445 0.3781250000000001 0.9944444444444445
5 0.4666666666666668 0.8981481481481481 0.44895833333333346 0.8981481481481481 0.44895833333333346 0.9648148148148148 0.4666666666666668 0.9648148148148148
5 0.5302083333333335 0.9092592592592594 0.5166666666666668 0.9092592592592594 0.5166666666666668 0.9685185185185186 0.5302083333333335 0.9685185185185186
5 0.4166666666666668 0.8888888888888888 0.4031250000000001 0.8888888888888888 0.4031250000000001 0.937037037037037 0.4166666666666668 0.937037037037037
5 0.6083333333333333 0.9185185185185187 0.5697916666666667 0.9185185185185187 0.5697916666666667 0.9796296296296296 0.6083333333333333 0.9796296296296296
5 0.6197916666666666 0.8666666666666669 0.59375 0.8666666666666669 0.59375 0.9203703703703706 0.6197916666666666 0.9203703703703706
5 0.6 0.7870370370370372 0.5885416666666666 0.7870370370370372 0.5885416666666666 0.8370370370370372 0.6 0.8370370370370372
5 0.5697916666666667 0.5907407407407409 0.559375 0.5907407407407409 0.559375 0.6259259259259261 0.5697916666666667 0.6259259259259261
5 0.5270833333333333 0.5944444444444447 0.5197916666666667 0.5944444444444447 0.5197916666666667 0.6240740740740743 0.5270833333333333 0.6240740740740743
5 0.5197916666666667 0.564814814814815 0.5125 0.564814814814815 0.5125 0.5907407407407409 0.5197916666666667 0.5907407407407409
5 0.5354166666666667 0.540740740740741 0.5270833333333333 0.540740740740741 0.5270833333333333 0.5666666666666669 0.5354166666666667 0.5666666666666669
5 0.5375 0.4851851851851854 0.5322916666666667 0.4851851851851854 0.5322916666666667 0.5037037037037039 0.5375 0.5037037037037039
5 0.553125 0.4425925925925927 0.546875 0.4425925925925927 0.546875 0.4685185185185186 0.553125 0.4685185185185186
5 0.6052083333333333 0.5722222222222224 0.590625 0.5722222222222224 0.590625 0.5962962962962965 0.6052083333333333 0.5962962962962965
8 0.5375 0.47777777777777797 0.5322916666666667 0.47777777777777797 0.5322916666666667 0.5000000000000002 0.5375 0.5000000000000002
8 0.6 0.5629629629629632 0.5927083333333333 0.5629629629629632 0.5927083333333333 0.5833333333333336 0.6 0.5833333333333336
3 0.534375 0.4666666666666668 0.5052083333333334 0.4666666666666668 0.5052083333333334 0.49444444444444463 0.534375 0.49444444444444463
3 0.5364583333333334 0.44444444444444453 0.5052083333333334 0.44444444444444453 0.5052083333333334 0.4666666666666668 0.5364583333333334 0.4666666666666668
3 0.5739583333333333 0.39444444444444454 0.5614583333333333 0.39444444444444454 0.5614583333333333 0.4129629629629631 0.5739583333333333 0.4129629629629631
3 0.5635416666666667 0.3611111111111112 0.5541666666666667 0.3611111111111112 0.5541666666666667 0.3777777777777779 0.5635416666666667 0.3777777777777779
3 0.6145833333333334 0.4814814814814817 0.596875 0.4814814814814817 0.596875 0.5129629629629632 0.6145833333333334 0.5129629629629632
9 0.5833333333333334 0.4925925925925928 0.5708333333333333 0.4925925925925928 0.5708333333333333 0.5185185185185187 0.5833333333333334 0.5185185185185187
0 0.609375 0.5111111111111113 0.584375 0.5111111111111113 0.584375 0.5500000000000002 0.609375 0.5500000000000002
7 0.6135416666666667 0.5814814814814817 0.60625 0.5814814814814817 0.60625 0.6129629629629632 0.6135416666666667 0.6129629629629632
4 0.5947916666666667 0.26111111111111124 0.55 0.26111111111111124 0.55 0.37592592592592605 0.5947916666666667 0.37592592592592605
7 0.13750000000000007 0.5537037037037037 0.13125000000000003 0.5537037037037037 0.13125000000000003 0.5888888888888889 0.13750000000000007 0.5888888888888889
3 0.565625 0.727777777777778 0.5302083333333333 0.727777777777778 0.5302083333333333 0.7981481481481484 0.565625 0.7981481481481484