3 0.10052083333333339 0.8018518518518518 0.008854166666666722 0.8018518518518518 0.008854166666666725 0.9361111111111111 0.10052083333333339 0.9361111111111111
3 0.16510416666666672 0.6842592592592592 0.09531250000000006 0.6842592592592592 0.09531250000000006 0.787962962962963 0.16510416666666672 0.787962962962963
3 0.10520833333333339 0.6796296296296296 0.03072916666666671 0.6796296296296296 0.030729166666666714 0.7787037037037037 0.10520833333333339 0.7787037037037037
5 0.03854166666666672 0.6861111111111111 0.014583333333333382 0.6861111111111111 0.014583333333333384 0.7546296296296297 0.038541666666666724 0.7546296296296297
8 0.03385416666666671 0.687037037037037 0.01614583333333338 0.687037037037037 0.016145833333333384 0.7416666666666667 0.03385416666666671 0.7416666666666667
3 0.21562500000000007 0.6055555555555555 0.1692708333333334 0.6055555555555555 0.1692708333333334 0.674074074074074 0.21562500000000007 0.674074074074074
3 0.2489583333333334 0.5555555555555556 0.21250000000000005 0.5555555555555556 0.21250000000000005 0.6064814814814815 0.2489583333333334 0.6064814814814815
3 0.21250000000000005 0.5546296296296296 0.1744791666666667 0.5546296296296296 0.1744791666666667 0.6018518518518519 0.21250000000000005 0.6018518518518519
8 0.1833333333333334 0.537962962962963 0.17343750000000005 0.537962962962963 0.17343750000000005 0.5787037037037037 0.1833333333333334 0.5787037037037037
1 0.1848958333333334 0.5527777777777778 0.17343750000000005 0.5527777777777778 0.17343750000000005 0.5805555555555556 0.1848958333333334 0.5805555555555556
3 0.1833333333333334 0.5342592592592592 0.14635416666666673 0.5342592592592592 0.14635416666666673 0.5787037037037037 0.1833333333333334 0.5787037037037037
7 0.19947916666666674 0.5157407407407407 0.19062500000000007 0.5157407407407407 0.19062500000000007 0.5509259259259259 0.19947916666666674 0.5509259259259259
3 0.20937500000000006 0.5101851851851852 0.1770833333333334 0.5101851851851852 0.1770833333333334 0.5462962962962963 0.20937500000000006 0.5462962962962963
3 0.06302083333333337 0.6240740740740741 0.007291666666666709 0.6240740740740741 0.007291666666666711 0.6824074074074075 0.06302083333333337 0.6824074074074075
3 0.09479166666666669 0.5907407407407408 0.04947916666666671 0.5907407407407408 0.04947916666666671 0.6407407407407407 0.09479166666666669 0.6407407407407407
3 0.1291666666666667 0.5537037037037037 0.0854166666666667 0.5537037037037037 0.0854166666666667 0.6037037037037037 0.1291666666666667 0.6037037037037037
3 0.16822916666666674 0.5203703703703704 0.1364583333333334 0.5203703703703704 0.1364583333333334 0.5592592592592592 0.16822916666666674 0.5592592592592592
3 0.18750000000000006 0.5 0.1588541666666667 0.5 0.1588541666666667 0.5342592592592592 0.18750000000000006 0.5342592592592592
3 0.21302083333333338 0.47962962962962963 0.19062500000000007 0.47962962962962963 0.19062500000000007 0.5092592592592593 0.21302083333333338 0.5092592592592593
8 0.20156250000000006 0.49722222222222223 0.19531250000000006 0.49722222222222223 0.19531250000000006 0.512962962962963 0.20156250000000006 0.512962962962963
3 0.2333333333333334 0.4564814814814815 0.21197916666666672 0.4564814814814815 0.21197916666666672 0.4861111111111111 0.2333333333333334 0.4861111111111111
3 0.28125 0.43333333333333346 0.26093750000000004 0.43333333333333346 0.26093750000000004 0.4564814814814816 0.28125 0.4564814814814816
8 0.24166666666666672 0.4638888888888889 0.23541666666666672 0.4638888888888889 0.23541666666666672 0.4898148148148148 0.24166666666666672 0.4898148148148148
1 0.2541666666666667 0.4648148148148149 0.24843750000000006 0.4648148148148149 0.24843750000000006 0.48055555555555557 0.2541666666666667 0.48055555555555557
8 0.2541666666666667 0.45555555555555566 0.24843750000000006 0.45555555555555566 0.24843750000000006 0.4787037037037037 0.2541666666666667 0.4787037037037037
1 0.24166666666666672 0.4740740740740741 0.23593750000000005 0.4740740740740741 0.23593750000000005 0.4898148148148148 0.24166666666666672 0.4898148148148148
3 0.24218750000000006 0.4537037037037038 0.22760416666666672 0.4537037037037037 0.22760416666666672 0.4787037037037037 0.24218750000000006 0.4787037037037037
3 0.2505208333333334 0.4435185185185186 0.23072916666666674 0.44351851851851853 0.23072916666666674 0.4694444444444445 0.2505208333333334 0.46944444444444455
3 0.2567708333333334 0.43611111111111117 0.2395833333333334 0.4361111111111111 0.2395833333333334 0.46018518518518525 0.2567708333333334 0.4601851851851853
3 0.26302083333333337 0.4324074074074075 0.2510416666666667 0.4324074074074075 0.2510416666666667 0.45185185185185195 0.26302083333333337 0.45185185185185195
3 0.2708333333333333 0.4250000000000001 0.2578125 0.4250000000000001 0.25781250000000006 0.44351851851851865 0.2708333333333333 0.44351851851851865
11 0.2796875 0.4129629629629631 0.2635416666666667 0.4129629629629631 0.2635416666666667 0.4314814814814816 0.2796875 0.4314814814814816
4 0.26093750000000004 0.4083333333333334 0.22864583333333333 0.4083333333333333 0.22864583333333335 0.437962962962963 0.26093750000000004 0.43796296296296305
7 0.18593750000000006 0.4666666666666667 0.17760416666666673 0.4666666666666667 0.17760416666666673 0.49444444444444446 0.18593750000000006 0.49444444444444446
7 0.19375000000000006 0.44907407407407407 0.18593750000000006 0.44907407407407407 0.18593750000000006 0.47685185185185186 0.19375000000000006 0.47685185185185186
3 0.5307291666666667 0.7990740740740742 0.4635416666666667 0.799074074074074 0.46354166666666674 0.9222222222222223 0.5307291666666668 0.9222222222222224
3 0.65 0.8759259259259261 0.5645833333333333 0.8759259259259261 0.5645833333333333 0.9972222222222222 0.65 0.9972222222222222
3 0.6067708333333334 0.7722222222222225 0.540625 0.7722222222222225 0.540625 0.8750000000000002 0.6067708333333334 0.8750000000000002
3 0.5635416666666667 0.7000000000000002 0.5109375 0.7000000000000002 0.5109375 0.7824074074074077 0.5635416666666667 0.7824074074074077
3 0.5421875 0.6453703703703706 0.49583333333333335 0.6453703703703706 0.49583333333333335 0.714814814814815 0.5421875 0.714814814814815
3 0.528125 0.6055555555555557 0.4875 0.6055555555555557 0.4875 0.6583333333333335 0.528125 0.6583333333333335
3 0.509375 0.5722222222222223 0.4734375 0.5722222222222222 0.4734375 0.6222222222222223 0.509375 0.6222222222222225
3 0.4984375 0.5518518518518519 0.4640625 0.5518518518518518 0.4640625 0.5962962962962964 0.4984375 0.5962962962962965
3 0.4921875 0.5342592592592593 0.45989583333333334 0.5342592592592592 0.45989583333333334 0.5703703703703705 0.4921875 0.5703703703703705
3 0.48385416666666664 0.6425925925925927 0.4453125 0.6425925925925926 0.4453125 0.7111111111111112 0.48385416666666664 0.7111111111111114
3 0.45260416666666664 0.5453703703703704 0.4244791666666667 0.5453703703703704 0.4244791666666667 0.5898148148148148 0.45260416666666664 0.5898148148148148
1 0.46979166666666666 0.600925925925926 0.4552083333333333 0.600925925925926 0.4552083333333333 0.637962962962963 0.46979166666666666 0.637962962962963
7 0.8020833333333334 0.9175925925925928 0.7822916666666667 0.9175925925925928 0.7822916666666667 1 0.8020833333333334 1
4 0.78125 0.9175925925925928 0.6536458333333334 0.9175925925925928 0.6536458333333334 1 0.78125 1
3 0.48072916666666665 0.512962962962963 0.45416666666666666 0.512962962962963 0.45416666666666666 0.55 0.48072916666666665 0.55
3 0.475 0.49907407407407406 0.45208333333333334 0.49907407407407406 0.45208333333333334 0.5305555555555556 0.475 0.5305555555555556
3 0.4703125 0.4842592592592593 0.4473958333333333 0.4842592592592593 0.4473958333333333 0.5148148148148148 0.4703125 0.5148148148148148
3 0.4635416666666667 0.4703703703703705 0.4390625 0.4703703703703705 0.4390625 0.5009259259259259 0.4635416666666667 0.5009259259259259
8 0.4354166666666667 0.49074074074074076 0.42864583333333334 0.49074074074074076 0.42864583333333334 0.525 0.4354166666666667 0.525
1 0.434375 0.5064814814814815 0.4296875 0.5064814814814815 0.4296875 0.5231481481481481 0.434375 0.5231481481481481
8 0.4359375 0.48055555555555557 0.42864583333333334 0.48055555555555557 0.42864583333333334 0.5074074074074074 0.4359375 0.5074074074074074
8 0.42604166666666665 0.4777777777777778 0.41822916666666665 0.4777777777777778 0.41822916666666665 0.5101851851851852 0.42604166666666665 0.5101851851851852
1 0.42552083333333335 0.48703703703703705 0.41875 0.48703703703703705 0.41875 0.5083333333333333 0.42552083333333335 0.5083333333333333
7 0.5104166666666666 0.5157407407407409 0.5020833333333333 0.5157407407407409 0.5020833333333333 0.5537037037037039 0.5104166666666666 0.5537037037037039
7 0.48020833333333335 0.487962962962963 0.4734375 0.487962962962963 0.4734375 0.5203703703703704 0.48020833333333335 0.5203703703703704
7 0.4895833333333333 0.4861111111111113 0.484375 0.4861111111111113 0.484375 0.5194444444444447 0.4895833333333333 0.5194444444444447
3 0.3859375 0.4314814814814816 0.3692708333333333 0.4314814814814816 0.3692708333333333 0.45740740740740754 0.3859375 0.45740740740740754
3 0.409375 0.43333333333333346 0.3958333333333333 0.43333333333333346 0.3958333333333333 0.4546296296296297 0.409375 0.4546296296296297
4 0.4197916666666667 0.3453703703703705 0.3385416666666667 0.3453703703703705 0.3385416666666667 0.38611111111111124 0.4197916666666667 0.38611111111111124
7 0.21041666666666672 0.44074074074074077 0.2057291666666667 0.44074074074074077 0.2057291666666667 0.46296296296296297 0.21041666666666672 0.46296296296296297
3 0.3854166666666667 0.42222222222222233 0.3703125 0.42222222222222233 0.3703125 0.438888888888889 0.3854166666666667 0.438888888888889
3 0.39947916666666666 0.4175925925925927 0.38697916666666665 0.4175925925925927 0.38697916666666665 0.4351851851851853 0.39947916666666666 0.4351851851851853
3 0.4078125 0.40555555555555567 0.39479166666666665 0.40555555555555567 0.39479166666666665 0.4212962962962964 0.4078125 0.4212962962962964
3 0.365625 0.39814814814814825 0.35104166666666664 0.39814814814814825 0.35104166666666664 0.413888888888889 0.365625 0.413888888888889
3 0.36875 0.413888888888889 0.3572916666666667 0.413888888888889 0.3572916666666667 0.4287037037037038 0.36875 0.4287037037037038
3 0.39010416666666664 0.3916666666666668 0.3770833333333333 0.3916666666666668 0.3770833333333333 0.40462962962962973 0.39010416666666664 0.40462962962962973
3 0.43802083333333336 0.400925925925926 0.4197916666666667 0.400925925925926 0.4197916666666667 0.4148148148148149 0.43802083333333336 0.4148148148148149
3 0.4432291666666667 0.4250000000000001 0.428125 0.4250000000000001 0.428125 0.4407407407407408 0.4432291666666667 0.4407407407407408
3 0.44583333333333336 0.4361111111111112 0.43125 0.4361111111111112 0.43125 0.45555555555555566 0.44583333333333336 0.45555555555555566
3 0.4473958333333333 0.4425925925925927 0.4328125 0.4425925925925927 0.4328125 0.46203703703703713 0.4473958333333333 0.46203703703703713
3 0.4546875 0.44814814814814824 0.43645833333333334 0.44814814814814824 0.43645833333333334 0.4685185185185186 0.4546875 0.4685185185185186
3 0.45729166666666665 0.4546296296296297 0.4390625 0.4546296296296297 0.4390625 0.475 0.45729166666666665 0.475
3 0.4588541666666667 0.4648148148148149 0.44166666666666665 0.4648148148148149 0.44166666666666665 0.48333333333333334 0.4588541666666667 0.48333333333333334
8 0.37447916666666664 0.4000000000000001 0.3703125 0.4000000000000001 0.3703125 0.4129629629629631 0.37447916666666664 0.4129629629629631
1 0.3776041666666667 0.40555555555555567 0.36770833333333336 0.40555555555555567 0.36770833333333336 0.4175925925925927 0.3776041666666667 0.4175925925925927
5 0.3859375 0.4037037037037038 0.37916666666666665 0.4037037037037038 0.37916666666666665 0.4129629629629631 0.3859375 0.4129629629629631
8 0.384375 0.39814814814814825 0.38125 0.39814814814814825 0.38125 0.41018518518518526 0.384375 0.41018518518518526
8 0.39427083333333335 0.39074074074074083 0.390625 0.39074074074074083 0.390625 0.4000000000000001 0.39427083333333335 0.4000000000000001
5 0.39479166666666665 0.3953703703703705 0.390625 0.3953703703703705 0.390625 0.4037037037037038 0.39479166666666665 0.4037037037037038
5 0.39947916666666666 0.3935185185185186 0.3958333333333333 0.3935185185185186 0.3958333333333333 0.4027777777777779 0.39947916666666666 0.4027777777777779
8 0.39947916666666666 0.388888888888889 0.3963541666666667 0.388888888888889 0.3963541666666667 0.400925925925926 0.39947916666666666 0.400925925925926
8 0.42864583333333334 0.4425925925925927 0.42291666666666666 0.4425925925925927 0.42291666666666666 0.4648148148148149 0.42864583333333334 0.4648148148148149
1 0.428125 0.45555555555555566 0.4234375 0.45555555555555566 0.4234375 0.4666666666666668 0.428125 0.4666666666666668
8 0.42291666666666666 0.4148148148148149 0.41875 0.4148148148148149 0.41875 0.4324074074074075 0.42291666666666666 0.4324074074074075
1 0.421875 0.42222222222222233 0.4192708333333333 0.42222222222222233 0.4192708333333333 0.43333333333333346 0.421875 0.43333333333333346
1 0.4192708333333333 0.4111111111111112 0.41041666666666665 0.4111111111111112 0.41041666666666665 0.42222222222222233 0.4192708333333333 0.42222222222222233
8 0.4171875 0.4064814814814816 0.41302083333333334 0.4064814814814816 0.41302083333333334 0.42222222222222233 0.4171875 0.42222222222222233
3 0.41510416666666666 0.38796296296296306 0.40677083333333336 0.38796296296296306 0.40677083333333336 0.40185185185185196 0.41510416666666666 0.40185185185185196
1 0.34322916666666664 0.4129629629629631 0.334375 0.4129629629629631 0.334375 0.4250000000000001 0.34322916666666664 0.4250000000000001
8 0.340625 0.40833333333333344 0.33645833333333336 0.40833333333333344 0.33645833333333336 0.4250000000000001 0.340625 0.4250000000000001
4 0.3380208333333333 0.3851851851851853 0.31927083333333334 0.3851851851851853 0.31927083333333334 0.4166666666666668 0.3380208333333333 0.4166666666666668
7 0.34270833333333334 0.38981481481481495 0.33958333333333335 0.38981481481481495 0.33958333333333335 0.40462962962962973 0.34270833333333334 0.40462962962962973
7 0.2838541666666667 0.41018518518518526 0.28177083333333336 0.41018518518518526 0.28177083333333336 0.42962962962962975 0.2838541666666667 0.42962962962962975
7 0.2869791666666667 0.4092592592592594 0.2838541666666667 0.4092592592592594 0.2838541666666667 0.42777777777777787 0.2869791666666667 0.42777777777777787
7 0.29322916666666665 0.40555555555555567 0.29010416666666666 0.40555555555555567 0.29010416666666666 0.42222222222222233 0.29322916666666665 0.42222222222222233
8 0.29635416666666664 0.4092592592592594 0.29375 0.4092592592592594 0.29375 0.4250000000000001 0.29635416666666664 0.4250000000000001
1 0.296875 0.4175925925925927 0.29375 0.4175925925925927 0.29375 0.42592592592592604 0.296875 0.42592592592592604
3 0.31302083333333336 0.3990740740740742 0.29375 0.3990740740740742 0.29375 0.41203703703703715 0.31302083333333336 0.41203703703703715
5 0.5677083333333334 0.5842592592592595 0.5546875 0.5842592592592595 0.5546875 0.6203703703703706 0.5677083333333334 0.6203703703703706
5 0.5630208333333333 0.5759259259259262 0.5536458333333333 0.5759259259259262 0.5536458333333333 0.6064814814814817 0.5630208333333333 0.6064814814814817
1 0.5588541666666667 0.565740740740741 0.5484375 0.565740740740741 0.5484375 0.5981481481481483 0.5588541666666667 0.5981481481481483
1 0.5317708333333333 0.5250000000000002 0.5244791666666667 0.5250000000000002 0.5244791666666667 0.552777777777778 0.5317708333333333 0.552777777777778
5 0.5 0.490740740740741 0.49270833333333336 0.490740740740741 0.49270833333333336 0.5157407407407409 0.5 0.5157407407407409
1 0.6671875 0.8101851851851853 0.6260416666666667 0.8101851851851853 0.6260416666666667 0.8611111111111113 0.6671875 0.8611111111111113
4 0.7046875 0.8620370370370373 0.640625 0.8620370370370373 0.640625 0.9166666666666669 0.7046875 0.9166666666666669
7 0.46979166666666666 0.46574074074074084 0.4661458333333333 0.46574074074074084 0.4661458333333333 0.4898148148148148 0.46979166666666666 0.4898148148148148
7 0.48072916666666665 0.43703703703703717 0.47604166666666664 0.43703703703703717 0.47604166666666664 0.4583333333333334 0.48072916666666665 0.4583333333333334
7 0.4739583333333333 0.4361111111111112 0.46979166666666666 0.4361111111111112 0.46979166666666666 0.45925925925925937 0.4739583333333333 0.45925925925925937
7 0.12500000000000003 0.43796296296296294 0.11875000000000004 0.43796296296296294 0.11875000000000004 0.4648148148148148 0.12500000000000003 0.4648148148148148
4 0.14270833333333333 0.412962962962963 0.134375 0.412962962962963 0.134375 0.425 0.14270833333333333 0.425
7 0.14062500000000003 0.42777777777777776 0.13645833333333332 0.42777777777777776 0.13645833333333338 0.45 0.14062500000000006 0.45
7 0.15052083333333335 0.4222222222222222 0.1453125 0.4222222222222222 0.14531250000000004 0.44814814814814813 0.15052083333333338 0.44814814814814813
7 0.1541666666666667 0.42407407407407405 0.15052083333333333 0.42407407407407405 0.15052083333333335 0.44722222222222224 0.15416666666666673 0.44722222222222224
1 0.16510416666666672 0.4824074074074074 0.15260416666666674 0.4824074074074074 0.15260416666666674 0.5009259259259259 0.16510416666666672 0.5009259259259259
7 0.17604166666666674 0.47962962962962963 0.17031250000000006 0.47962962962962963 0.17031250000000006 0.5018518518518519 0.17604166666666674 0.5018518518518519
1 0.2067708333333334 0.44907407407407407 0.19947916666666674 0.44907407407407407 0.19947916666666674 0.4648148148148148 0.2067708333333334 0.4648148148148148
1 0.2270833333333334 0.43796296296296294 0.2161458333333334 0.43796296296296294 0.2161458333333334 0.45 0.2270833333333334 0.45
4 0.19375 0.39351851851851855 0.16875 0.39351851851851855 0.16875 0.40925925925925927 0.19375 0.40925925925925927
3 0.23385416666666667 0.3972222222222222 0.21197916666666666 0.3972222222222222 0.21197916666666666 0.41203703703703703 0.23385416666666667 0.41203703703703703
3 0.2786458333333333 0.39814814814814825 0.2552083333333333 0.39814814814814825 0.2552083333333333 0.413888888888889 0.2786458333333333 0.413888888888889
3 0.27447916666666666 0.3870370370370371 0.253125 0.3870370370370371 0.253125 0.4064814814814816 0.27447916666666666 0.4064814814814816
4 0.315625 0.37407407407407417 0.253125 0.37407407407407417 0.253125 0.38611111111111124 0.315625 0.38611111111111124
5 0.08802083333333337 0.5361111111111111 0.07343750000000003 0.5361111111111111 0.07343750000000003 0.562037037037037 0.08802083333333337 0.562037037037037
4 0.13489583333333338 0.5287037037037037 0.11250000000000003 0.5287037037037037 0.11250000000000003 0.5509259259259259 0.13489583333333338 0.5509259259259259
1 0.0744791666666667 0.5768518518518518 0.048958333333333375 0.5768518518518518 0.048958333333333375 0.6083333333333333 0.0744791666666667 0.6083333333333333
1 0.06093750000000005 0.5907407407407408 0.035416666666666714 0.5907407407407408 0.035416666666666714 0.6222222222222222 0.06093750000000005 0.6222222222222222
4 0.0854166666666667 0.5657407407407408 0.07552083333333336 0.5657407407407408 0.07552083333333336 0.5888888888888889 0.0854166666666667 0.5888888888888889
11 0.35833333333333334 0.3833333333333334 0.3484375 0.3833333333333334 0.3484375 0.40185185185185196 0.35833333333333334 0.40185185185185196
7 0.4427083333333333 0.41018518518518526 0.43854166666666666 0.41018518518518526 0.43854166666666666 0.42962962962962975 0.4427083333333333 0.42962962962962975
7 0.4484375 0.41018518518518526 0.44427083333333334 0.41018518518518526 0.44427083333333334 0.43055555555555564 0.4484375 0.43055555555555564
7 0.4479166666666667 0.40185185185185196 0.44427083333333334 0.40185185185185196 0.44427083333333334 0.4185185185185186 0.4479166666666667 0.4185185185185186
4 0.43697916666666664 0.3916666666666668 0.415625 0.3916666666666668 0.415625 0.3990740740740742 0.43697916666666664 0.3990740740740742
4 0.46770833333333334 0.44351851851851865 0.4578125 0.44351851851851865 0.4578125 0.4629629629629631 0.46770833333333334 0.4629629629629631
7 0.4661458333333333 0.4648148148148149 0.4609375 0.4648148148148149 0.4609375 0.48703703703703705 0.4661458333333333 0.48703703703703705
1 0.475 0.4703703703703705 0.46979166666666666 0.4703703703703705 0.46979166666666666 0.4898148148148148 0.475 0.4898148148148148
5 0.48802083333333335 0.4601851851851853 0.4828125 0.4601851851851853 0.4828125 0.47777777777777786 0.48802083333333335 0.47777777777777797