7 0.19485294117647062 0.5699346405228758 0.18235294117647063 0.5699346405228758 0.18235294117647063 0.6183006535947713 0.19485294117647067 0.6183006535947713
7 0.23235294117647068 0.9738562091503268 0.21544117647058833 0.9738562091503268 0.21544117647058833 1 0.23235294117647068 1
7 0.3514705882352941 0.5071895424836603 0.34191176470588236 0.5071895424836603 0.34191176470588236 0.5464052287581701 0.3514705882352941 0.5464052287581701
7 0.40808823529411764 0.4705882352941178 0.3911764705882353 0.4705882352941178 0.3911764705882353 0.5346405228758171 0.40808823529411764 0.5346405228758171
8 0.4375 0.5071895424836603 0.42205882352941176 0.5071895424836603 0.42205882352941176 0.5359477124183007 0.4375 0.5359477124183007
8 0.2286764705882353 0.2836601307189543 0.21470588235294116 0.2836601307189543 0.21470588235294116 0.33202614379084977 0.2286764705882353 0.33202614379084977
8 0.28088235294117647 0.3019607843137256 0.2676470588235294 0.3019607843137256 0.2676470588235294 0.3568627450980392 0.28088235294117647 0.3568627450980392
8 0.3058823529411765 0.3019607843137256 0.28602941176470587 0.3019607843137256 0.28602941176470587 0.34248366013071896 0.3058823529411765 0.34248366013071896
8 0.3095588235294118 0.2875816993464053 0.29044117647058826 0.2875816993464053 0.29044117647058826 0.3294117647058824 0.3095588235294118 0.3294117647058824
8 0.3176470588235294 0.281045751633987 0.2985294117647059 0.281045751633987 0.2985294117647059 0.31895424836601316 0.3176470588235294 0.31895424836601316
8 0.31985294117647056 0.27581699346405236 0.30661764705882355 0.27581699346405236 0.30661764705882355 0.3045751633986929 0.31985294117647056 0.3045751633986929
8 0.32279411764705884 0.24575163398692818 0.3095588235294118 0.24575163398692818 0.3095588235294118 0.29019607843137263 0.32279411764705884 0.29019607843137263
8 0.33455882352941174 0.25359477124183016 0.3205882352941177 0.25359477124183016 0.3205882352941177 0.30326797385620924 0.33455882352941174 0.30326797385620924
8 0.4573529411764706 0.3490196078431374 0.4470588235294118 0.3490196078431374 0.4470588235294118 0.3895424836601309 0.4573529411764706 0.3895424836601309
8 0.46911764705882353 0.3359477124183008 0.45588235294117646 0.3359477124183008 0.45588235294117646 0.38562091503267987 0.46911764705882353 0.38562091503267987
8 0.47205882352941175 0.3098039215686275 0.4573529411764706 0.3098039215686275 0.4573529411764706 0.35294117647058837 0.47205882352941175 0.35294117647058837