8 0.055882352941176494 0.18823529411764706 0.04411764705882354 0.18823529411764706 0.04411764705882354 0.21568627450980393 0.055882352941176494 0.21568627450980393
7 0.048529411764705904 0.1568627450980392 0.03750000000000001 0.1568627450980392 0.03750000000000001 0.2 0.048529411764705904 0.2
6 0.047058823529411785 0.19215686274509805 0.033088235294117654 0.19215686274509805 0.033088235294117654 0.22483660130718955 0.047058823529411785 0.22483660130718955
8 0.225 0.30326797385620924 0.21176470588235294 0.30326797385620924 0.21176470588235294 0.34901960784313724 0.225 0.34901960784313724
8 0.21838235294117647 0.2941176470588236 0.20294117647058824 0.2941176470588236 0.20294117647058824 0.3437908496732026 0.21838235294117647 0.3437908496732026
5 0.2235294117647059 0.3150326797385622 0.19852941176470587 0.3150326797385622 0.19852941176470587 0.35947712418300654 0.2235294117647059 0.35947712418300654
7 0.3654411764705882 0.2692810457516341 0.35294117647058826 0.2692810457516341 0.35294117647058826 0.3359477124183008 0.3654411764705882 0.3359477124183008
7 0.475 0.35294117647058837 0.46544117647058825 0.35294117647058837 0.46544117647058825 0.40000000000000013 0.475 0.40000000000000013
7 0.4676470588235294 0.3267973856209151 0.4573529411764706 0.3267973856209151 0.4573529411764706 0.3973856209150328 0.4676470588235294 0.3973856209150328
7 0.47941176470588237 0.32156862745098047 0.4632352941176471 0.32156862745098047 0.4632352941176471 0.3843137254901962 0.47941176470588237 0.3843137254901962
8 0.45294117647058824 0.35294117647058837 0.4426470588235294 0.35294117647058837 0.4426470588235294 0.37777777777777793 0.45294117647058824 0.37777777777777793
6 0.4610294117647059 0.3424836601307191 0.44191176470588234 0.3424836601307191 0.44191176470588234 0.39346405228758186 0.4610294117647059 0.39346405228758186
3 0.475 0.615686274509804 0.2639705882352942 0.615686274509804 0.2639705882352942 0.7686274509803922 0.475 0.7686274509803922
8 0.3860294117647059 0.6666666666666669 0.3654411764705883 0.6666666666666669 0.3654411764705883 0.7071895424836602 0.3860294117647059 0.7071895424836602
8 0.9948529411764706 0.40261437908496744 0.9794117647058823 0.40261437908496744 0.9794117647058823 0.4405228758169936 0.9948529411764706 0.4405228758169936
9 0.9992647058823529 0.39084967320261454 0.9720588235294118 0.39084967320261454 0.9720588235294118 0.4836601307189544 0.9992647058823529 0.4836601307189544
3 0.9772058823529411 0.33333333333333354 0.9036764705882353 0.33333333333333354 0.9036764705882353 0.42614379084967335 0.9772058823529411 0.42614379084967335
3 0.9169117647058823 0.28235294117647075 0.8485294117647059 0.28235294117647075 0.8485294117647059 0.38039215686274525 0.9169117647058823 0.38039215686274525
3 1 0.28366013071895446 0.9705882352941176 0.28366013071895446 0.9705882352941176 0.36078431372549036 1 0.36078431372549036
7 0.8470588235294118 0.1751633986928106 0.836764705882353 0.1751633986928106 0.836764705882353 0.21699346405228773 0.8470588235294118 0.21699346405228773
7 0.8360294117647059 0.1686274509803923 0.8279411764705882 0.1686274509803923 0.8279411764705882 0.2078431372549021 0.8360294117647059 0.2078431372549021
7 0.8338235294117647 0.17254901960784327 0.8264705882352941 0.17254901960784327 0.8264705882352941 0.21568627450980407 0.8338235294117647 0.21568627450980407
7 0.8272058823529411 0.17908496732026158 0.8191176470588235 0.17908496732026158 0.8191176470588235 0.21307189542483676 0.8272058823529411 0.21307189542483676
5 0.8147058823529412 0.17254901960784327 0.8036764705882353 0.17254901960784327 0.8036764705882353 0.20000000000000015 0.8147058823529412 0.20000000000000015
3 0.6919117647058823 0.16339869281045766 0.6507352941176471 0.16339869281045766 0.6507352941176471 0.20000000000000015 0.6919117647058823 0.20000000000000015
7 0.7022058823529411 0.11764705882352956 0.6941176470588235 0.11764705882352956 0.6941176470588235 0.15686274509803935 0.7022058823529411 0.15686274509803935
3 0.7838235294117647 0.11895424836601323 0.7264705882352941 0.11895424836601322 0.7264705882352941 0.15163398692810473 0.7838235294117647 0.15163398692810476
3 0.7955882352941176 0.10457516339869298 0.7419117647058824 0.10457516339869295 0.7419117647058824 0.13464052287581715 0.7955882352941176 0.13464052287581718
11 0.8198529411764706 0.09673202614379103 0.7727941176470589 0.09673202614379103 0.7727941176470589 0.1241830065359479 0.8198529411764706 0.1241830065359479
8 0.711764705882353 0.11372549019607858 0.7029411764705882 0.11372549019607858 0.7029411764705882 0.13071895424836616 0.711764705882353 0.13071895424836616
7 0.7154411764705882 0.07320261437908511 0.7080882352941177 0.07320261437908511 0.7080882352941177 0.09934640522875832 0.7154411764705882 0.09934640522875832
7 0.7220588235294118 0.08104575163398707 0.7176470588235294 0.08104575163398707 0.7176470588235294 0.10588235294117662 0.7220588235294118 0.10588235294117662
8 0.711764705882353 0.09673202614379099 0.7036764705882353 0.09673202614379099 0.7036764705882353 0.1163398692810459 0.711764705882353 0.1163398692810459
11 0.8544117647058823 0.0745098039215688 0.8286764705882353 0.0745098039215688 0.8286764705882353 0.10588235294117665 0.8544117647058823 0.10588235294117665
3 0.8742647058823529 0.06928104575163417 0.8536764705882353 0.06928104575163417 0.8536764705882353 0.09411764705882371 0.8742647058823529 0.09411764705882371
7 0.8808823529411764 0.06928104575163417 0.8757352941176471 0.06928104575163417 0.8757352941176471 0.08888888888888907 0.8808823529411764 0.08888888888888907
3 0.8676470588235294 0.03137254901960803 0.8411764705882353 0.03137254901960803 0.8411764705882353 0.05359477124183025 0.8676470588235294 0.05359477124183025
7 0.8558823529411764 0.030065359477124368 0.8522058823529411 0.030065359477124368 0.8522058823529411 0.05359477124183025 0.8558823529411764 0.05359477124183025
7 0.8522058823529411 0.03267973856209169 0.8477941176470588 0.03267973856209169 0.8477941176470588 0.052287581699346594 0.8522058823529411 0.052287581699346594
5 0.8551470588235294 0.052287581699346594 0.8433823529411765 0.052287581699346594 0.8433823529411765 0.06405228758169954 0.8551470588235294 0.06405228758169954
5 0.8492647058823529 0.052287581699346594 0.8352941176470589 0.052287581699346594 0.8352941176470589 0.06797385620915052 0.8492647058823529 0.06797385620915052
5 0.8264705882352941 0.06535947712418319 0.8117647058823529 0.06535947712418319 0.8117647058823529 0.08235294117647077 0.8264705882352941 0.08235294117647077