3 0.0989583333333334 0.9694444444444444 0.010416666666666734 0.9694444444444444 0.010416666666666735 1 0.0989583333333334 1
7 0.12604166666666672 0.9009259259259259 0.11406250000000005 0.9009259259259259 0.11406250000000005 0.9574074074074074 0.12604166666666672 0.9574074074074074
3 0.15572916666666672 0.7824074074074074 0.10156250000000006 0.7824074074074074 0.10156250000000006 0.8629629629629629 0.15572916666666672 0.8629629629629629
3 0.6260416666666667 0.32870370370370383 0.6171875 0.32870370370370383 0.6171875 0.3462962962962964 0.6260416666666667 0.3462962962962964
11 0.6104166666666667 0.3240740740740742 0.603125 0.3240740740740742 0.603125 0.3416666666666668 0.6104166666666667 0.3416666666666668
4 0.5875 0.20092592592592604 0.4708333333333333 0.20092592592592604 0.4708333333333333 0.3333333333333334 0.5875 0.3333333333333334
3 0.08125000000000006 0.7712962962962963 0.03385416666666673 0.7712962962962963 0.03385416666666673 0.8462962962962963 0.08125000000000006 0.8462962962962963
7 0.1979166666666667 0.7564814814814815 0.19166666666666674 0.7564814814814815 0.19166666666666674 0.7944444444444444 0.1979166666666667 0.7944444444444444
5 0.18906250000000005 0.7907407407407407 0.16614583333333338 0.7907407407407407 0.16614583333333338 0.8268518518518518 0.18906250000000005 0.8268518518518518
5 0.1630208333333334 0.7694444444444445 0.15000000000000005 0.7694444444444445 0.15000000000000005 0.8212962962962963 0.1630208333333334 0.8212962962962963
7 0.19322916666666673 0.7453703703703703 0.18281250000000007 0.7453703703703703 0.18281250000000007 0.7870370370370371 0.19322916666666673 0.7870370370370371
8 0.2067708333333334 0.7351851851851852 0.1989583333333334 0.7351851851851852 0.1989583333333334 0.7592592592592593 0.2067708333333334 0.7592592592592593
8 0.22812500000000005 0.7231481481481481 0.21197916666666672 0.7231481481481481 0.21197916666666672 0.7555555555555555 0.22812500000000005 0.7555555555555555
8 0.22500000000000006 0.7453703703703703 0.21562500000000007 0.7453703703703703 0.21562500000000007 0.7712962962962963 0.22500000000000006 0.7712962962962963
8 0.2447916666666667 0.7509259259259259 0.2333333333333334 0.7509259259259259 0.2333333333333334 0.7805555555555556 0.2447916666666667 0.7805555555555556
8 0.2677083333333334 0.8287037037037037 0.25729166666666675 0.8287037037037037 0.25729166666666675 0.8768518518518519 0.26770833333333344 0.8768518518518519
7 0.2671875000000001 0.8398148148148148 0.2588541666666667 0.8398148148148148 0.2588541666666667 0.887962962962963 0.26718750000000013 0.887962962962963
7 0.2770833333333334 0.837037037037037 0.26875 0.837037037037037 0.26875000000000004 0.8888888888888888 0.27708333333333346 0.8888888888888888
9 0.28854166666666675 0.8324074074074074 0.2682291666666667 0.8324074074074074 0.26822916666666674 0.875 0.2885416666666668 0.875
0 0.34375000000000006 0.7870370370370371 0.3109375 0.7870370370370371 0.31093750000000003 0.8629629629629629 0.3437500000000001 0.8629629629629629
7 0.35052083333333334 0.7824074074074074 0.34270833333333334 0.7824074074074074 0.34270833333333334 0.8314814814814815 0.35052083333333334 0.8314814814814815
1 0.6109375 0.9564814814814815 0.5822916666666667 0.9564814814814815 0.5822916666666667 0.9925925925925926 0.6109375 0.9925925925925926
5 0.6104166666666667 0.9333333333333336 0.571875 0.9333333333333336 0.571875 0.9842592592592593 0.6104166666666667 0.9842592592592593
10 0.6104166666666667 0.8731481481481483 0.546875 0.8731481481481483 0.546875 0.9574074074074074 0.6104166666666667 0.9574074074074074
11 0.5932291666666667 0.7972222222222224 0.5552083333333333 0.7972222222222224 0.5552083333333333 0.8796296296296299 0.5932291666666667 0.8796296296296299
5 0.5895833333333333 0.7629629629629632 0.5557291666666667 0.7629629629629632 0.5557291666666667 0.802777777777778 0.5895833333333333 0.802777777777778
5 0.5953125 0.7481481481481483 0.5682291666666667 0.7481481481481483 0.5682291666666667 0.7796296296296299 0.5953125 0.7796296296296299
7 0.38645833333333335 0.7685185185185185 0.378125 0.7685185185185185 0.378125 0.8203703703703704 0.38645833333333335 0.8203703703703704
1 0.5880208333333333 0.7092592592592595 0.5645833333333333 0.7092592592592595 0.5645833333333333 0.7444444444444447 0.5880208333333333 0.7444444444444447
5 0.5828125 0.6944444444444446 0.5609375 0.6944444444444446 0.5609375 0.7194444444444447 0.5828125 0.7194444444444447
8 0.5734375 0.676851851851852 0.5645833333333333 0.676851851851852 0.5645833333333333 0.7092592592592595 0.5734375 0.7092592592592595
5 0.5895833333333333 0.6611111111111113 0.55625 0.6611111111111113 0.55625 0.7083333333333336 0.5895833333333333 0.7083333333333336
8 0.5369791666666667 0.6787037037037039 0.5296875 0.6787037037037039 0.5296875 0.7111111111111114 0.5369791666666667 0.7111111111111114
1 0.5359375 0.6925925925925928 0.5276041666666667 0.6925925925925928 0.5276041666666667 0.7259259259259261 0.5359375 0.7259259259259261
8 0.3885416666666667 0.6935185185185185 0.37604166666666666 0.6935185185185185 0.37604166666666666 0.7379629629629629 0.3885416666666667 0.7379629629629629
5 0.390625 0.7018518518518518 0.37604166666666666 0.7018518518518518 0.37604166666666666 0.7388888888888889 0.390625 0.7388888888888889
8 0.5583333333333333 0.6444444444444447 0.5515625 0.6444444444444447 0.5515625 0.676851851851852 0.5583333333333333 0.676851851851852
5 0.5619791666666667 0.6009259259259261 0.5463541666666667 0.6009259259259261 0.5463541666666667 0.6296296296296299 0.5619791666666667 0.6296296296296299
4 0.5838541666666667 0.5685185185185188 0.559375 0.5685185185185188 0.559375 0.6444444444444447 0.5838541666666667 0.6444444444444447
3 0.5166666666666667 0.6101851851851854 0.490625 0.6101851851851854 0.490625 0.6583333333333335 0.5166666666666667 0.6583333333333335
11 0.46927083333333336 0.5861111111111111 0.44427083333333334 0.5861111111111111 0.44427083333333334 0.6462962962962963 0.46927083333333336 0.6462962962962963
8 0.5114583333333333 0.5537037037037039 0.50625 0.5537037037037039 0.50625 0.5731481481481484 0.5114583333333333 0.5731481481481484
5 0.5114583333333333 0.564814814814815 0.50625 0.564814814814815 0.50625 0.5824074074074076 0.5114583333333333 0.5824074074074076
8 0.45729166666666665 0.55 0.4505208333333333 0.55 0.4505208333333333 0.5703703703703704 0.45729166666666665 0.5703703703703704
5 0.4583333333333333 0.5546296296296296 0.446875 0.5546296296296296 0.446875 0.5833333333333334 0.4583333333333333 0.5833333333333334
7 0.5520833333333334 0.4990740740740743 0.5447916666666667 0.4990740740740743 0.5447916666666667 0.5305555555555558 0.5520833333333334 0.5305555555555558
8 0.5697916666666667 0.5379629629629632 0.5645833333333333 0.5379629629629632 0.5645833333333333 0.5611111111111113 0.5697916666666667 0.5611111111111113
5 0.5744791666666667 0.5416666666666669 0.5604166666666667 0.5416666666666669 0.5604166666666667 0.5611111111111113 0.5744791666666667 0.5611111111111113
3 0.5395833333333333 0.5194444444444447 0.51875 0.5194444444444447 0.51875 0.5583333333333336 0.5395833333333333 0.5583333333333336
8 0.5604166666666667 0.4814814814814817 0.5546875 0.4814814814814817 0.5546875 0.5018518518518521 0.5604166666666667 0.5018518518518521
5 0.559375 0.49537037037037057 0.5552083333333333 0.49537037037037057 0.5552083333333333 0.5092592592592595 0.559375 0.5092592592592595
3 0.5119791666666667 0.5231481481481484 0.49114583333333334 0.5231481481481484 0.49114583333333334 0.5592592592592595 0.5119791666666667 0.5592592592592595
11 0.49322916666666666 0.49166666666666675 0.46979166666666666 0.49166666666666664 0.46979166666666666 0.5379629629629631 0.49322916666666666 0.5379629629629632
8 0.4744791666666667 0.487962962962963 0.46927083333333336 0.487962962962963 0.46927083333333336 0.5009259259259259 0.4744791666666667 0.5009259259259259
5 0.4739583333333333 0.49537037037037035 0.46875 0.49537037037037035 0.46875 0.5120370370370371 0.4739583333333333 0.5120370370370371
3 0.44635416666666666 0.5 0.4265625 0.5 0.4265625 0.5361111111111111 0.44635416666666666 0.5361111111111111
9 0.46770833333333334 0.4740740740740741 0.4557291666666667 0.4740740740740741 0.4557291666666667 0.4981481481481482 0.46770833333333334 0.4981481481481482
3 0.5197916666666667 0.3601851851851853 0.5046875 0.3601851851851853 0.5046875 0.3787037037037038 0.5197916666666667 0.3787037037037038
11 0.4078125 0.34259259259259267 0.39010416666666664 0.34259259259259267 0.39010416666666664 0.36203703703703716 0.4078125 0.36203703703703716
3 0.4161458333333333 0.36851851851851863 0.396875 0.36851851851851863 0.396875 0.3814814814814816 0.4161458333333333 0.3814814814814816
3 0.38125 0.3453703703703705 0.35572916666666665 0.3453703703703705 0.35572916666666665 0.36203703703703716 0.38125 0.36203703703703716
3 0.34270833333333334 0.338888888888889 0.3177083333333333 0.338888888888889 0.3177083333333333 0.3574074074074075 0.34270833333333334 0.3574074074074075
8 0.5401041666666667 0.45555555555555566 0.5348958333333333 0.45555555555555566 0.5348958333333333 0.4703703703703705 0.5401041666666667 0.4703703703703705
5 0.5401041666666667 0.4648148148148149 0.5354166666666667 0.4648148148148149 0.5354166666666667 0.4787037037037039 0.5401041666666667 0.4787037037037039
8 0.5375 0.43425925925925934 0.534375 0.43425925925925934 0.534375 0.44722222222222235 0.5375 0.44722222222222235
5 0.5380208333333333 0.44351851851851865 0.5333333333333333 0.44351851851851865 0.5333333333333333 0.45740740740740754 0.5380208333333333 0.45740740740740754
8 0.5041666666666667 0.4092592592592594 0.49895833333333334 0.4092592592592594 0.49895833333333334 0.4212962962962964 0.5041666666666667 0.4212962962962964
5 0.5036458333333333 0.41574074074074086 0.4979166666666667 0.41574074074074086 0.4979166666666667 0.4314814814814816 0.5036458333333333 0.4314814814814816
8 0.49270833333333336 0.41018518518518526 0.48802083333333335 0.41018518518518526 0.48802083333333335 0.42407407407407416 0.49270833333333336 0.42407407407407416
5 0.4921875 0.4175925925925927 0.4875 0.4175925925925927 0.4875 0.4314814814814816 0.4921875 0.4314814814814816
8 0.47708333333333336 0.40185185185185196 0.4713541666666667 0.40185185185185196 0.4713541666666667 0.4148148148148149 0.47708333333333336 0.4148148148148149
5 0.4765625 0.4074074074074075 0.4708333333333333 0.4074074074074075 0.4708333333333333 0.42592592592592604 0.4765625 0.42592592592592604
8 0.4791666666666667 0.35092592592592603 0.4765625 0.35092592592592603 0.4765625 0.36203703703703716 0.4791666666666667 0.36203703703703716
9 0.48072916666666665 0.3574074074074075 0.47604166666666664 0.3574074074074075 0.47604166666666664 0.3694444444444446 0.48072916666666665 0.3694444444444446
8 0.5479166666666667 0.41203703703703715 0.5442708333333334 0.41203703703703715 0.5442708333333334 0.4250000000000001 0.5479166666666667 0.4250000000000001
5 0.5473958333333333 0.41944444444444456 0.5432291666666667 0.41944444444444456 0.5432291666666667 0.4314814814814816 0.5473958333333333 0.4314814814814816
8 0.5291666666666667 0.3935185185185186 0.525 0.3935185185185186 0.525 0.40555555555555567 0.5291666666666667 0.40555555555555567
5 0.528125 0.4027777777777779 0.525 0.4027777777777779 0.525 0.4129629629629631 0.528125 0.4129629629629631
8 0.5223958333333333 0.38611111111111124 0.5177083333333333 0.38611111111111124 0.5177083333333333 0.3953703703703705 0.5223958333333333 0.3953703703703705
5 0.5229166666666667 0.3916666666666668 0.5166666666666667 0.3916666666666668 0.5166666666666667 0.4027777777777779 0.5229166666666667 0.4027777777777779
7 0.5385416666666667 0.37685185185185194 0.534375 0.37685185185185194 0.534375 0.3990740740740742 0.5385416666666667 0.3990740740740742
8 0.5473958333333333 0.35462962962962974 0.5442708333333334 0.35462962962962974 0.5442708333333334 0.36574074074074087 0.5473958333333333 0.36574074074074087
5 0.5473958333333333 0.36203703703703716 0.5442708333333334 0.36203703703703716 0.5442708333333334 0.37222222222222234 0.5473958333333333 0.37222222222222234
8 0.5536458333333333 0.36851851851851863 0.5510416666666667 0.36851851851851863 0.5510416666666667 0.37685185185185194 0.5536458333333333 0.37685185185185194
8 0.5536458333333333 0.363888888888889 0.5505208333333333 0.363888888888889 0.5505208333333333 0.37314814814814823 0.5536458333333333 0.37314814814814823
5 0.5536458333333333 0.3712962962962964 0.5505208333333333 0.3712962962962964 0.5505208333333333 0.3814814814814816 0.5536458333333333 0.3814814814814816
5 0.55 0.3851851851851853 0.54375 0.3851851851851853 0.54375 0.4074074074074075 0.55 0.4074074074074075
8 0.5489583333333333 0.39074074074074083 0.5447916666666667 0.39074074074074083 0.5447916666666667 0.400925925925926 0.5489583333333333 0.400925925925926
4 0.628125 0.5620370370370372 0.6067708333333334 0.5620370370370372 0.6067708333333334 0.5953703703703705 0.628125 0.5953703703703705
7 0.6276041666666666 0.6185185185185187 0.6182291666666667 0.6185185185185187 0.6182291666666667 0.6583333333333335 0.6276041666666666 0.6583333333333335