4 0.4904411764705882 0.3045751633986929 0.4566176470588235 0.3045751633986929 0.4566176470588235 0.35032679738562106 0.4904411764705882 0.35032679738562106
3 0.4 0.6993464052287581 0.37573529411764717 0.6993464052287581 0.37573529411764717 0.74640522875817 0.4 0.74640522875817
3 0.4919117647058823 0.6509803921568629 0.47352941176470587 0.6509803921568629 0.47352941176470587 0.6849673202614379 0.4919117647058823 0.6849673202614379
3 0.5470588235294118 0.6065359477124185 0.5169117647058824 0.6065359477124185 0.5169117647058824 0.6339869281045754 0.5470588235294118 0.6339869281045754
3 0.6022058823529411 0.6993464052287581 0.5764705882352941 0.6993464052287581 0.5764705882352941 0.7398692810457517 0.6022058823529411 0.7398692810457517
3 0.7544117647058823 0.7267973856209153 0.725735294117647 0.7267973856209153 0.725735294117647 0.7673202614379088 0.7544117647058823 0.7673202614379088
3 0.5566176470588236 0.5673202614379086 0.5419117647058823 0.5673202614379086 0.5419117647058823 0.5921568627450982 0.5566176470588236 0.5921568627450982
3 0.4838235294117647 0.5307189542483661 0.4713235294117647 0.5307189542483661 0.4713235294117647 0.5503267973856211 0.4838235294117647 0.5503267973856211
3 0.44338235294117645 0.44575163398692824 0.4338235294117647 0.44575163398692824 0.4338235294117647 0.46143790849673216 0.44338235294117645 0.46143790849673216
3 0.36764705882352944 0.5986928104575164 0.35294117647058826 0.5986928104575164 0.35294117647058826 0.6261437908496733 0.3676470588235295 0.6261437908496733
3 0.3441176470588236 0.5921568627450982 0.3235294117647059 0.592156862745098 0.3235294117647059 0.6287581699346406 0.34411764705882364 0.6287581699346406
11 0.7639705882352941 0.6653594771241832 0.7286764705882353 0.6653594771241832 0.7286764705882353 0.712418300653595 0.7639705882352941 0.712418300653595
11 0.6205882352941177 0.6509803921568629 0.5911764705882353 0.6509803921568629 0.5911764705882353 0.6928104575163399 0.6205882352941177 0.6928104575163399
3 0.5823529411764706 0.5032679738562092 0.5698529411764706 0.5032679738562092 0.5698529411764706 0.5254901960784315 0.5823529411764706 0.5254901960784315
3 0.3625000000000001 0.6692810457516339 0.3338235294117648 0.6692810457516339 0.3338235294117648 0.7084967320261438 0.3625000000000001 0.7084967320261438
3 0.2941176470588236 0.6745098039215687 0.2661764705882354 0.6745098039215687 0.2661764705882354 0.7254901960784313 0.2941176470588236 0.7254901960784313
3 0.7691176470588236 0.5150326797385623 0.7492647058823529 0.5150326797385623 0.7492647058823529 0.5385620915032682 0.7691176470588236 0.5385620915032682
3 0.7382352941176471 0.554248366013072 0.7066176470588236 0.554248366013072 0.7066176470588236 0.5803921568627453 0.7382352941176471 0.5803921568627453
3 0.8573529411764705 0.6379084967320263 0.8125 0.6379084967320263 0.8125 0.6666666666666669 0.8573529411764705 0.6666666666666669
3 0.6867647058823529 0.5490196078431374 0.6551470588235294 0.5490196078431374 0.6551470588235294 0.5673202614379086 0.6867647058823529 0.5673202614379086
3 0.700735294117647 0.5058823529411767 0.6838235294117647 0.5058823529411767 0.6838235294117647 0.5254901960784315 0.700735294117647 0.5254901960784315
3 0.6772058823529412 0.5398692810457518 0.6514705882352941 0.5398692810457518 0.6514705882352941 0.558169934640523 0.6772058823529412 0.558169934640523
3 0.7625 0.5385620915032682 0.7433823529411765 0.5385620915032682 0.7433823529411765 0.5633986928104576 0.7625 0.5633986928104576
3 0.31838235294117656 0.665359477124183 0.2794117647058824 0.665359477124183 0.2794117647058824 0.6901960784313725 0.31838235294117656 0.6901960784313725
7 0.35220588235294126 0.7215686274509804 0.34411764705882364 0.7215686274509804 0.34411764705882364 0.7594771241830065 0.35220588235294126 0.7594771241830065
7 0.26838235294117657 0.7542483660130719 0.26102941176470595 0.7542483660130719 0.26102941176470595 0.7908496732026143 0.26838235294117657 0.7908496732026143
7 0.6301470588235294 0.5764705882352943 0.625 0.5764705882352943 0.625 0.5947712418300655 0.6301470588235294 0.5947712418300655
7 0.6014705882352941 0.5725490196078433 0.5948529411764706 0.5725490196078433 0.5948529411764706 0.5986928104575164 0.6014705882352941 0.5986928104575164
7 0.41102941176470587 0.6156862745098041 0.4073529411764706 0.6156862745098041 0.4073529411764706 0.6431372549019609 0.41102941176470587 0.6431372549019609
7 0.40441176470588236 0.619607843137255 0.39926470588235297 0.619607843137255 0.39926470588235297 0.6457516339869283 0.40441176470588236 0.6457516339869283
7 0.4161764705882353 0.5477124183006538 0.41102941176470587 0.5477124183006538 0.41102941176470587 0.573856209150327 0.4161764705882353 0.573856209150327
7 0.42058823529411765 0.5503267973856211 0.41544117647058826 0.5503267973856211 0.41544117647058826 0.5712418300653597 0.42058823529411765 0.5712418300653597
7 0.7205882352941176 0.6509803921568629 0.7154411764705882 0.6509803921568629 0.7154411764705882 0.6836601307189546 0.7205882352941176 0.6836601307189546
3 0.7683823529411765 0.5660130718954249 0.7397058823529412 0.5660130718954249 0.7397058823529412 0.5856209150326799 0.7683823529411765 0.5856209150326799
3 0.7426470588235294 0.5424836601307191 0.7264705882352941 0.5424836601307191 0.7264705882352941 0.5647058823529413 0.7426470588235294 0.5647058823529413
3 0.725735294117647 0.5346405228758171 0.7080882352941177 0.5346405228758171 0.7080882352941177 0.5568627450980393 0.725735294117647 0.5568627450980393
3 0.8022058823529412 0.5555555555555557 0.7676470588235295 0.5555555555555557 0.7676470588235295 0.577777777777778 0.8022058823529412 0.577777777777778
3 0.85 0.5516339869281047 0.8176470588235294 0.5516339869281047 0.8176470588235294 0.5764705882352943 0.85 0.5764705882352943
3 0.9323529411764706 0.5516339869281047 0.8977941176470589 0.5516339869281047 0.8977941176470589 0.573856209150327 0.9323529411764706 0.573856209150327
11 0.9683823529411765 0.5490196078431374 0.9367647058823529 0.5490196078431374 0.9367647058823529 0.5751633986928106 0.9683823529411765 0.5751633986928106
3 0.8639705882352942 0.5398692810457518 0.8419117647058824 0.5398692810457518 0.8419117647058824 0.5660130718954249 0.8639705882352942 0.5660130718954249
3 0.8470588235294118 0.5437908496732028 0.825 0.5437908496732028 0.825 0.5673202614379086 0.8470588235294118 0.5673202614379086
3 0.8242647058823529 0.5424836601307191 0.8007352941176471 0.5424836601307191 0.8007352941176471 0.5647058823529413 0.8242647058823529 0.5647058823529413
3 0.8794117647058823 0.5424836601307191 0.8625 0.5424836601307191 0.8625 0.5594771241830067 0.8794117647058823 0.5594771241830067
3 0.9014705882352941 0.5398692810457518 0.8808823529411764 0.5398692810457518 0.8808823529411764 0.5660130718954249 0.9014705882352941 0.5660130718954249
3 0.9169117647058823 0.5385620915032682 0.8948529411764706 0.5385620915032682 0.8948529411764706 0.5607843137254903 0.9169117647058823 0.5607843137254903
11 0.9316176470588236 0.5346405228758171 0.9110294117647059 0.5346405228758171 0.9110294117647059 0.5607843137254903 0.9316176470588236 0.5607843137254903
3 0.8941176470588236 0.5228758169934642 0.8698529411764706 0.5228758169934642 0.8698529411764706 0.5437908496732028 0.8941176470588236 0.5437908496732028
3 0.9095588235294118 0.5202614379084969 0.8897058823529411 0.5202614379084969 0.8897058823529411 0.5437908496732028 0.9095588235294118 0.5437908496732028
3 0.6772058823529412 0.5320261437908498 0.6419117647058824 0.5320261437908498 0.6419117647058824 0.5490196078431374 0.6772058823529412 0.5490196078431374
3 0.6705882352941176 0.5241830065359478 0.6419117647058824 0.5241830065359478 0.6419117647058824 0.5437908496732028 0.6705882352941176 0.5437908496732028
3 0.6625 0.5176470588235296 0.6352941176470588 0.5176470588235296 0.6352941176470588 0.5372549019607845 0.6625 0.5372549019607845
3 0.6485294117647059 0.5163398692810459 0.625 0.5163398692810459 0.625 0.5346405228758171 0.6485294117647059 0.5346405228758171
3 0.6477941176470589 0.5032679738562092 0.6147058823529412 0.5032679738562092 0.6147058823529412 0.5228758169934642 0.6477941176470589 0.5228758169934642
3 0.6404411764705882 0.49150326797385635 0.6095588235294118 0.49150326797385635 0.6095588235294118 0.5150326797385623 0.6404411764705882 0.5150326797385623
3 0.6338235294117647 0.48235294117647076 0.6080882352941176 0.48235294117647076 0.6080882352941176 0.5071895424836603 0.6338235294117647 0.5071895424836603
3 0.6286764705882353 0.4705882352941178 0.6051470588235294 0.4705882352941178 0.6051470588235294 0.48627450980392173 0.6286764705882353 0.48627450980392173
3 0.6227941176470588 0.46666666666666684 0.5955882352941176 0.46666666666666684 0.5955882352941176 0.4849673202614381 0.6227941176470588 0.4849673202614381
3 0.611764705882353 0.4627450980392158 0.5919117647058824 0.4627450980392158 0.5919117647058824 0.4771241830065361 0.611764705882353 0.4771241830065361
3 0.65 0.4640522875816995 0.6367647058823529 0.4640522875816995 0.6367647058823529 0.47843137254901974 0.65 0.47843137254901974
3 0.8102941176470588 0.5228758169934642 0.7794117647058824 0.5228758169934642 0.7794117647058824 0.5464052287581701 0.8102941176470588 0.5464052287581701
3 0.8426470588235294 0.5228758169934642 0.8198529411764706 0.5228758169934642 0.8198529411764706 0.5464052287581701 0.8426470588235294 0.5464052287581701
3 0.8713235294117647 0.5241830065359478 0.8522058823529411 0.5241830065359478 0.8522058823529411 0.5450980392156864 0.8713235294117647 0.5450980392156864
8 0.9227941176470589 0.6104575163398694 0.9154411764705882 0.6104575163398694 0.9154411764705882 0.6326797385620917 0.9227941176470589 0.6326797385620917
7 0.9779411764705882 0.5398692810457518 0.9713235294117647 0.5398692810457518 0.9713235294117647 0.5633986928104576 0.9779411764705882 0.5633986928104576
8 0.23970588235294127 0.7738562091503268 0.23161764705882362 0.7738562091503268 0.23161764705882362 0.807843137254902 0.23970588235294127 0.807843137254902
8 0.2463235294117648 0.7686274509803922 0.23602941176470596 0.7686274509803922 0.23602941176470596 0.7973856209150327 0.2463235294117648 0.7973856209150327
7 0.25588235294117656 0.7790849673202614 0.2463235294117648 0.7790849673202614 0.2463235294117648 0.8065359477124183 0.25588235294117656 0.8065359477124183
8 0.26250000000000007 0.8248366013071895 0.25441176470588245 0.8248366013071895 0.25441176470588245 0.8549019607843137 0.26250000000000007 0.8549019607843137
7 0.6176470588235294 0.5346405228758171 0.6125 0.5346405228758171 0.6125 0.5568627450980393 0.6176470588235294 0.5568627450980393
7 0.6220588235294118 0.5385620915032682 0.6169117647058824 0.5385620915032682 0.6169117647058824 0.5594771241830067 0.6220588235294118 0.5594771241830067
7 0.6272058823529412 0.5372549019607845 0.6220588235294118 0.5372549019607845 0.6220588235294118 0.5594771241830067 0.6272058823529412 0.5594771241830067
7 0.5963235294117647 0.5751633986928106 0.5919117647058824 0.5751633986928106 0.5919117647058824 0.5973856209150328 0.5963235294117647 0.5973856209150328
8 0.5904411764705882 0.5320261437908498 0.5845588235294118 0.5320261437908498 0.5845588235294118 0.5450980392156864 0.5904411764705882 0.5450980392156864
5 0.5911764705882353 0.5385620915032682 0.5830882352941177 0.5385620915032682 0.5830882352941177 0.5516339869281047 0.5911764705882353 0.5516339869281047
8 0.5779411764705882 0.4771241830065361 0.5735294117647058 0.4771241830065361 0.5735294117647058 0.4901960784313727 0.5779411764705882 0.4901960784313727
8 0.549264705882353 0.44575163398692824 0.5463235294117647 0.44575163398692824 0.5463235294117647 0.45359477124183023 0.549264705882353 0.45359477124183023
8 0.5448529411764705 0.431372549019608 0.5411764705882353 0.431372549019608 0.5411764705882353 0.4405228758169936 0.5448529411764705 0.4405228758169936
8 0.5014705882352941 0.46666666666666684 0.49779411764705883 0.46666666666666684 0.49779411764705883 0.4745098039215688 0.5014705882352941 0.4745098039215688
8 0.6919117647058823 0.6379084967320263 0.6845588235294118 0.6379084967320263 0.6845588235294118 0.6562091503267975 0.6919117647058823 0.6562091503267975
1 0.6919117647058823 0.6444444444444446 0.6816176470588236 0.6444444444444446 0.6816176470588236 0.6653594771241832 0.6919117647058823 0.6653594771241832
7 0.7073529411764706 0.635294117647059 0.7022058823529411 0.635294117647059 0.7022058823529411 0.6653594771241832 0.7073529411764706 0.6653594771241832
3 0.7205882352941176 0.508496732026144 0.7022058823529411 0.508496732026144 0.7022058823529411 0.5281045751633988 0.7205882352941176 0.5281045751633988
3 0.736764705882353 0.512418300653595 0.7147058823529412 0.512418300653595 0.7147058823529412 0.5320261437908498 0.736764705882353 0.5320261437908498
3 0.7522058823529412 0.5150326797385623 0.7338235294117647 0.5150326797385623 0.7338235294117647 0.5372549019607845 0.7522058823529412 0.5372549019607845
3 0.725735294117647 0.5359477124183007 0.7073529411764706 0.5359477124183007 0.7073529411764706 0.5568627450980393 0.725735294117647 0.5568627450980393
3 0.7852941176470588 0.5424836601307191 0.7617647058823529 0.5424836601307191 0.7617647058823529 0.5660130718954249 0.7852941176470588 0.5660130718954249
3 0.5970588235294118 0.4496732026143792 0.5764705882352941 0.4496732026143792 0.5764705882352941 0.4627450980392158 0.5970588235294118 0.4627450980392158
3 0.6110294117647059 0.43921568627450996 0.5985294117647059 0.43921568627450996 0.5985294117647059 0.4496732026143792 0.6110294117647059 0.4496732026143792
3 0.5955882352941176 0.431372549019608 0.5794117647058824 0.431372549019608 0.5794117647058824 0.44575163398692824 0.5955882352941176 0.44575163398692824
3 0.6066176470588235 0.43660130718954265 0.5904411764705882 0.43660130718954265 0.5904411764705882 0.4496732026143792 0.6066176470588235 0.4496732026143792
3 0.5705882352941176 0.435294117647059 0.5522058823529412 0.435294117647059 0.5522058823529412 0.4509803921568629 0.5705882352941176 0.4509803921568629
3 0.5566176470588236 0.4300653594771243 0.5463235294117647 0.4300653594771243 0.5463235294117647 0.44313725490196093 0.5566176470588236 0.44313725490196093
3 0.5544117647058824 0.42614379084967335 0.5448529411764705 0.42614379084967335 0.5448529411764705 0.43921568627450996 0.5544117647058824 0.43921568627450996
3 0.5838235294117647 0.4078431372549021 0.5691176470588235 0.4078431372549021 0.5691176470588235 0.42091503267973873 0.5838235294117647 0.42091503267973873
3 0.5691176470588235 0.4052287581699348 0.5573529411764706 0.4052287581699348 0.5573529411764706 0.41568627450980405 0.5691176470588235 0.41568627450980405
3 0.5463235294117647 0.41568627450980405 0.5389705882352941 0.41568627450980405 0.5389705882352941 0.42614379084967335 0.5463235294117647 0.42614379084967335
11 0.5044117647058823 0.4078431372549021 0.4970588235294118 0.4078431372549021 0.4970588235294118 0.4222222222222224 0.5044117647058823 0.4222222222222224
11 0.4838235294117647 0.39607843137254917 0.4786764705882353 0.39607843137254917 0.4786764705882353 0.4078431372549021 0.4838235294117647 0.4078431372549021
3 0.47573529411764703 0.40000000000000013 0.46838235294117647 0.40000000000000013 0.46838235294117647 0.41045751633986943 0.47573529411764703 0.41045751633986943
3 0.4676470588235294 0.39607843137254917 0.4625 0.39607843137254917 0.4625 0.40653594771241847 0.4676470588235294 0.40653594771241847
3 0.4838235294117647 0.38039215686274525 0.4786764705882353 0.38039215686274525 0.4786764705882353 0.39084967320261454 0.4838235294117647 0.39084967320261454
3 0.4772058823529412 0.3843137254901962 0.47058823529411764 0.3843137254901962 0.47058823529411764 0.3947712418300655 0.4772058823529412 0.3947712418300655
3 0.5080882352941176 0.3869281045751635 0.5014705882352941 0.3869281045751635 0.5014705882352941 0.39607843137254917 0.5080882352941176 0.39607843137254917
3 0.5029411764705882 0.3764705882352943 0.49779411764705883 0.3764705882352943 0.49779411764705883 0.38562091503267987 0.5029411764705882 0.38562091503267987
3 0.5029411764705882 0.3647058823529413 0.49926470588235294 0.3647058823529413 0.49926470588235294 0.36993464052287595 0.5029411764705882 0.36993464052287595
3 0.49558823529411766 0.362091503267974 0.4904411764705882 0.362091503267974 0.4904411764705882 0.36993464052287595 0.49558823529411766 0.36993464052287595
3 0.5330882352941176 0.3947712418300655 0.5264705882352941 0.3947712418300655 0.5264705882352941 0.40392156862745116 0.5330882352941176 0.40392156862745116
3 0.525 0.3973856209150328 0.5176470588235295 0.3973856209150328 0.5176470588235295 0.40653594771241847 0.525 0.40653594771241847
3 0.5536764705882353 0.4013071895424838 0.5389705882352941 0.4013071895424838 0.5389705882352941 0.41045751633986943 0.5536764705882353 0.41045751633986943
3 0.4088235294117647 0.5333333333333334 0.38088235294117645 0.5333333333333334 0.38088235294117645 0.5529411764705884 0.4088235294117647 0.5529411764705884
3 0.40661764705882353 0.5215686274509805 0.3816176470588235 0.5215686274509805 0.3816176470588235 0.5385620915032682 0.40661764705882353 0.5385620915032682
3 0.35294117647058826 0.558169934640523 0.32941176470588235 0.5581699346405229 0.32941176470588235 0.5816993464052288 0.35294117647058826 0.5816993464052289
3 0.35661764705882354 0.5490196078431373 0.33455882352941174 0.5490196078431373 0.33455882352941174 0.5725490196078432 0.35661764705882354 0.5725490196078433
3 0.35808823529411765 0.5477124183006536 0.33308823529411763 0.5477124183006536 0.33308823529411763 0.5686274509803922 0.35808823529411765 0.5686274509803924
0 0.3698529411764706 0.5503267973856211 0.3558823529411765 0.5503267973856211 0.3558823529411765 0.577777777777778 0.3698529411764706 0.577777777777778
0 0.3735294117647059 0.5385620915032682 0.3625 0.5385620915032682 0.3625 0.562091503267974 0.3735294117647059 0.562091503267974
3 0.4294117647058823 0.48235294117647076 0.40588235294117647 0.48235294117647076 0.40588235294117647 0.49934640522875834 0.4294117647058823 0.49934640522875834
3 0.4227941176470588 0.4601307189542485 0.3977941176470588 0.4601307189542485 0.3977941176470588 0.4771241830065361 0.4227941176470588 0.4771241830065361
3 0.4441176470588235 0.4379084967320263 0.4375 0.4379084967320263 0.4375 0.4496732026143792 0.4441176470588235 0.4496732026143792
3 0.44632352941176473 0.431372549019608 0.4264705882352941 0.431372549019608 0.4264705882352941 0.44313725490196093 0.44632352941176473 0.44313725490196093
3 0.4485294117647059 0.4222222222222224 0.4345588235294118 0.4222222222222224 0.4345588235294118 0.435294117647059 0.4485294117647059 0.435294117647059
3 0.45294117647058824 0.3895424836601309 0.44632352941176473 0.3895424836601309 0.44632352941176473 0.40000000000000013 0.45294117647058824 0.40000000000000013
10 0.4536764705882353 0.4052287581699348 0.44338235294117645 0.4052287581699348 0.44338235294117645 0.4222222222222224 0.4536764705882353 0.4222222222222224
9 0.5036764705882353 0.47189542483660146 0.4963235294117647 0.47189542483660146 0.4963235294117647 0.48104575163398705 0.5036764705882353 0.48104575163398705
5 0.5507352941176471 0.4496732026143792 0.5448529411764705 0.4496732026143792 0.5448529411764705 0.45620915032679754 0.5507352941176471 0.45620915032679754
5 0.5779411764705882 0.4797385620915034 0.5720588235294117 0.4797385620915034 0.5720588235294117 0.49281045751634 0.5779411764705882 0.49281045751634
5 0.5941176470588235 0.5058823529411767 0.5882352941176471 0.5058823529411767 0.5882352941176471 0.5202614379084969 0.5941176470588235 0.5202614379084969
4 0.5647058823529412 0.36339869281045767 0.5301470588235294 0.36339869281045767 0.5301470588235294 0.39346405228758186 0.5647058823529412 0.39346405228758186
4 0.4786764705882353 0.35032679738562106 0.4441176470588235 0.35032679738562106 0.4441176470588235 0.3816993464052289 0.4786764705882353 0.3816993464052289
4 0.5088235294117647 0.34117647058823547 0.49264705882352944 0.34117647058823547 0.49264705882352944 0.3594771241830067 0.5088235294117647 0.3594771241830067
4 0.48970588235294116 0.3490196078431374 0.4801470588235294 0.3490196078431374 0.4801470588235294 0.366013071895425 0.48970588235294116 0.366013071895425
4 0.43970588235294117 0.354248366013072 0.4279411764705882 0.354248366013072 0.4279411764705882 0.39084967320261454 0.43970588235294117 0.39084967320261454
9 0.40147058823529413 0.6797385620915033 0.3889705882352941 0.6797385620915033 0.3889705882352941 0.7032679738562092 0.40147058823529413 0.7032679738562092
7 0.3889705882352941 0.6745098039215687 0.38088235294117645 0.6745098039215687 0.38088235294117645 0.6980392156862745 0.3889705882352941 0.6980392156862745
7 0.39191176470588235 0.6679738562091505 0.3860294117647059 0.6679738562091505 0.3860294117647059 0.6941176470588235 0.39191176470588235 0.6941176470588235
4 0.5308823529411765 0.4078431372549021 0.5213235294117647 0.4078431372549021 0.5213235294117647 0.42352941176470604 0.5308823529411765 0.42352941176470604