4 0.47604166666666664 0.4842592592592593 0.36302083333333335 0.4842592592592593 0.36302083333333335 0.5472222222222223 0.47604166666666664 0.5472222222222223
3 0.44531250000000006 0.7611111111111111 0.21041666666666672 0.7611111111111111 0.21041666666666672 1 0.4453125000000001 1
3 0.22447916666666673 0.7333333333333333 0.06145833333333338 0.7333333333333333 0.06145833333333339 0.9925925925925926 0.22447916666666673 0.9925925925925926
3 0.6708333333333333 0.7805555555555558 0.5114583333333333 0.7805555555555558 0.5114583333333333 1 0.6708333333333333 1
3 0.5296875 0.664814814814815 0.27239583333333334 0.6648148148148149 0.27239583333333334 0.8185185185185186 0.5296875 0.8185185185185188
3 0.6411458333333333 0.6666666666666669 0.5390625 0.6666666666666669 0.5390625 0.8055555555555558 0.6411458333333333 0.8055555555555558
3 0.2270833333333334 0.6472222222222223 0.001041666666666711 0.6472222222222223 0.0010416666666667165 0.8083333333333333 0.2270833333333334 0.8083333333333333
3 0.2510416666666667 0.6175925925925926 0.08958333333333336 0.6175925925925926 0.08958333333333338 0.7287037037037037 0.2510416666666667 0.7287037037037037
11 0.07291666666666671 0.5527777777777778 3.807886141098801e-17 0.5527777777777778 4.263939506406279e-17 0.6851851851851852 0.07291666666666673 0.6851851851851852
3 0.9348958333333334 0.6731481481481484 0.7036458333333333 0.6731481481481484 0.7036458333333333 0.8416666666666669 0.9348958333333334 0.8416666666666669
3 0.84375 0.6111111111111113 0.6682291666666667 0.6111111111111113 0.6682291666666667 0.7361111111111113 0.84375 0.7361111111111113
3 0.6708333333333333 0.6111111111111113 0.5 0.6111111111111113 0.5 0.7361111111111113 0.6708333333333333 0.7361111111111113
3 0.5177083333333333 0.5796296296296297 0.4359375 0.5796296296296296 0.4359375 0.663888888888889 0.5177083333333333 0.6638888888888891
3 0.42083333333333334 0.5675925925925925 0.37395833333333334 0.5675925925925925 0.37395833333333334 0.6370370370370371 0.42083333333333334 0.6370370370370371
7 0.3546875 0.575925925925926 0.32864583333333336 0.575925925925926 0.32864583333333336 0.674074074074074 0.3546875 0.674074074074074
1 0.36041666666666666 0.6101851851851852 0.32395833333333335 0.6101851851851852 0.32395833333333335 0.6768518518518518 0.36041666666666666 0.6768518518518518
7 0.3203125 0.5990740740740741 0.2921875 0.5990740740740741 0.2921875 0.7101851851851851 0.3203125 0.7101851851851851
5 0.32135416666666666 0.6324074074074074 0.2921875 0.6324074074074074 0.2921875 0.7074074074074074 0.32135416666666666 0.7074074074074074
7 0.30572916666666666 0.5814814814814815 0.2911458333333333 0.5814814814814815 0.2911458333333333 0.6611111111111111 0.30572916666666666 0.6611111111111111
1 0.3182291666666667 0.6111111111111112 0.2859375 0.6111111111111112 0.2859375 0.6583333333333333 0.3182291666666667 0.6583333333333333
7 0.26041666666666674 0.5740740740740741 0.24218750000000006 0.5740740740740741 0.24218750000000006 0.6638888888888889 0.26041666666666674 0.6638888888888889
1 0.26354166666666673 0.5990740740740741 0.23281250000000006 0.5990740740740741 0.23281250000000006 0.6611111111111111 0.26354166666666673 0.6611111111111111
7 0.9020833333333333 0.6203703703703706 0.871875 0.6203703703703706 0.871875 0.7231481481481483 0.9020833333333333 0.7231481481481483
1 0.915625 0.6564814814814817 0.8651041666666667 0.6564814814814817 0.8651041666666667 0.7240740740740743 0.915625 0.7240740740740743
7 0.91875 0.6416666666666668 0.8979166666666667 0.6416666666666668 0.8979166666666667 0.7481481481481483 0.91875 0.7481481481481483
1 0.9421875 0.6740740740740743 0.8833333333333333 0.6740740740740743 0.8833333333333333 0.7490740740740743 0.9421875 0.7490740740740743
7 0.6505208333333333 0.5972222222222224 0.6338541666666667 0.5972222222222224 0.6338541666666667 0.6750000000000002 0.6505208333333333 0.6750000000000002
7 0.5890625 0.5814814814814817 0.5739583333333333 0.5814814814814817 0.5739583333333333 0.6555555555555558 0.5890625 0.6555555555555558
7 0.36041666666666666 0.5425925925925926 0.35052083333333334 0.5425925925925926 0.35052083333333334 0.5953703703703703 0.36041666666666666 0.5953703703703703
7 0.3796875 0.5481481481481482 0.3640625 0.5481481481481482 0.3640625 0.5879629629629629 0.3796875 0.5879629629629629
5 0.37916666666666665 0.5592592592592592 0.3640625 0.5592592592592592 0.3640625 0.5953703703703703 0.37916666666666665 0.5953703703703703
5 0.31302083333333336 0.562037037037037 0.29583333333333334 0.562037037037037 0.29583333333333334 0.6018518518518519 0.31302083333333336 0.6018518518518519
5 0.27395833333333336 0.549074074074074 0.2583333333333334 0.549074074074074 0.2583333333333334 0.6083333333333333 0.27395833333333336 0.6083333333333333
8 0.04010416666666672 0.6962962962962963 0.0010416666666667148 0.6962962962962963 0.0010416666666667209 0.8712962962962963 0.040104166666666725 0.8712962962962963
1 0.04010416666666672 0.7518518518518519 5.1792354213940143e-17 0.7518518518518519 5.734153502257659e-17 0.912962962962963 0.040104166666666725 0.912962962962963
11 0.521875 0.5481481481481484 0.484375 0.5481481481481484 0.484375 0.6175925925925928 0.521875 0.6175925925925928
11 0.5078125 0.5277777777777779 0.4744791666666667 0.5277777777777778 0.4744791666666667 0.5907407407407409 0.5078125 0.5907407407407409
3 0.4421875 0.5509259259259259 0.40572916666666664 0.5509259259259259 0.40572916666666664 0.6111111111111112 0.4421875 0.6111111111111112
7 0.56875 0.552777777777778 0.5572916666666666 0.552777777777778 0.5572916666666666 0.6203703703703706 0.56875 0.6203703703703706
7 0.5791666666666667 0.5564814814814817 0.56875 0.5564814814814817 0.56875 0.6194444444444447 0.5791666666666667 0.6194444444444447
7 0.7098958333333333 0.7064814814814817 0.6692708333333334 0.7064814814814817 0.6692708333333334 0.8425925925925928 0.7098958333333333 0.8425925925925928
5 0.7119791666666667 0.7453703703703706 0.6682291666666667 0.7453703703703706 0.6682291666666667 0.8861111111111113 0.7119791666666667 0.8861111111111113
7 0.9869791666666666 0.8925925925925928 0.9161458333333333 0.8925925925925928 0.9161458333333333 1.0000000000000002 0.9869791666666666 1.0000000000000004
7 0.8588541666666667 0.7203703703703705 0.8135416666666667 0.7203703703703705 0.8135416666666667 0.9037037037037039 0.8588541666666667 0.9037037037037039
1 0.8572916666666667 0.7925925925925928 0.8098958333333334 0.7925925925925928 0.8098958333333334 0.9342592592592595 0.8572916666666667 0.9342592592592595
7 0.8822916666666667 0.7796296296296299 0.8255208333333334 0.7796296296296299 0.8255208333333334 1 0.8822916666666667 1
1 0.8848958333333333 0.8490740740740743 0.8291666666666667 0.8490740740740743 0.8291666666666667 1 0.8848958333333333 1
7 0.996875 0.815740740740741 0.9291666666666667 0.815740740740741 0.9291666666666667 0.9916666666666669 0.996875 0.9916666666666671
1 0.9973958333333334 0.8861111111111113 0.925 0.8861111111111113 0.925 1.0000000000000002 0.9973958333333334 1.0000000000000004
7 0.7854166666666667 0.7500000000000002 0.7364583333333333 0.7500000000000002 0.7364583333333333 0.9370370370370372 0.7854166666666667 0.9370370370370372
1 0.7838541666666666 0.8083333333333336 0.7380208333333333 0.8083333333333336 0.7380208333333333 0.9675925925925926 0.7838541666666666 0.9675925925925926
4 0.5421875 0.49166666666666686 0.5265625 0.49166666666666686 0.5265625 0.5148148148148151 0.5421875 0.5148148148148151
4 0.5796875 0.4990740740740743 0.553125 0.4990740740740743 0.553125 0.526851851851852 0.5796875 0.526851851851852
4 0.6286458333333333 0.5083333333333335 0.6015625 0.5083333333333335 0.6015625 0.540740740740741 0.6286458333333333 0.540740740740741