3 0.2522058823529413 0.7124183006535948 0.12647058823529417 0.7124183006535948 0.12647058823529417 0.8117647058823529 0.2522058823529413 0.8117647058823529
3 0.29926470588235304 0.8352941176470589 0.23602941176470596 0.8352941176470589 0.23602941176470596 1 0.29926470588235304 1
3 0.34558823529411775 0.7503267973856209 0.26470588235294124 0.7503267973856209 0.26470588235294124 0.8679738562091504 0.34558823529411775 0.8679738562091504
3 0.348529411764706 0.6366013071895426 0.29485294117647065 0.6366013071895424 0.29485294117647065 0.7490196078431373 0.348529411764706 0.7490196078431373
3 0.35294117647058826 0.54640522875817 0.3110294117647059 0.5464052287581699 0.31102941176470594 0.6392156862745099 0.3529411764705883 0.63921568627451
3 0.3977941176470588 0.4836601307189544 0.34191176470588236 0.4836601307189544 0.34191176470588236 0.5594771241830067 0.3977941176470588 0.5594771241830067
3 0.49117647058823527 0.5163398692810459 0.45441176470588235 0.5163398692810459 0.45441176470588235 0.6091503267973858 0.49117647058823527 0.6091503267973858
7 0.5470588235294118 0.6562091503267975 0.5338235294117647 0.6562091503267975 0.5338235294117647 0.7150326797385621 0.5470588235294118 0.7150326797385621
3 0.6647058823529411 0.7568627450980392 0.5632352941176471 0.7568627450980392 0.5632352941176471 0.857516339869281 0.6647058823529411 0.857516339869281
7 0.7661764705882353 0.9568627450980395 0.7522058823529412 0.9568627450980395 0.7522058823529412 1.0000000000000002 0.7661764705882353 1.0000000000000002
7 0.7970588235294118 0.8980392156862746 0.6786764705882353 0.8980392156862745 0.6786764705882353 0.9947712418300655 0.7970588235294118 0.9947712418300657
7 0.8022058823529412 0.8169934640522879 0.7014705882352941 0.8169934640522879 0.7014705882352941 0.8993464052287584 0.8022058823529412 0.8993464052287584
7 0.7757352941176471 0.7490196078431374 0.6691176470588235 0.7490196078431373 0.6691176470588235 0.8339869281045753 0.7757352941176471 0.8339869281045754
7 0.7073529411764706 0.6405228758169936 0.6963235294117647 0.6405228758169936 0.6963235294117647 0.6967320261437911 0.7073529411764706 0.6967320261437911
8 0.725 0.6797385620915035 0.7102941176470589 0.6797385620915035 0.7102941176470589 0.7098039215686277 0.725 0.7098039215686277
7 0.7147058823529412 0.5228758169934642 0.7051470588235295 0.5228758169934642 0.7051470588235295 0.5751633986928106 0.7147058823529412 0.5751633986928106
3 0.6426470588235295 0.6052287581699348 0.575735294117647 0.6052287581699348 0.575735294117647 0.6967320261437908 0.6426470588235295 0.6967320261437908
3 0.6257352941176471 0.558169934640523 0.5558823529411765 0.558169934640523 0.5558823529411765 0.6339869281045754 0.6257352941176471 0.6339869281045754
3 0.6014705882352941 0.5150326797385623 0.524264705882353 0.5150326797385623 0.524264705882353 0.5947712418300655 0.6014705882352941 0.5947712418300655
3 0.6220588235294118 0.4797385620915034 0.5580882352941177 0.4797385620915034 0.5580882352941177 0.5385620915032682 0.6220588235294118 0.5385620915032682
3 0.6463235294117647 0.45359477124183023 0.5772058823529411 0.45359477124183023 0.5772058823529411 0.5032679738562092 0.6463235294117647 0.5032679738562092
3 0.6345588235294117 0.42875816993464066 0.5794117647058824 0.42875816993464066 0.5794117647058824 0.4705882352941178 0.6345588235294117 0.4705882352941178
1 0.6933823529411764 0.508496732026144 0.6661764705882353 0.508496732026144 0.6661764705882353 0.5372549019607845 0.6933823529411764 0.5372549019607845
1 0.6919117647058823 0.5058823529411767 0.6669117647058823 0.5058823529411767 0.6669117647058823 0.5294117647058825 0.6919117647058823 0.5294117647058825
1 0.6941176470588235 0.5045751633986929 0.6676470588235294 0.5045751633986929 0.6676470588235294 0.5254901960784315 0.6941176470588235 0.5254901960784315
5 0.6919117647058823 0.4875816993464054 0.6661764705882353 0.4875816993464054 0.6661764705882353 0.5189542483660132 0.6919117647058823 0.5189542483660132
5 0.663235294117647 0.42614379084967335 0.6397058823529411 0.42614379084967335 0.6397058823529411 0.4549019607843139 0.663235294117647 0.4549019607843139
5 0.6580882352941176 0.42091503267973873 0.6352941176470588 0.42091503267973873 0.6352941176470588 0.4444444444444446 0.6580882352941176 0.4444444444444446
11 0.663235294117647 0.3725490196078433 0.5963235294117647 0.3725490196078433 0.5963235294117647 0.4300653594771243 0.663235294117647 0.4300653594771243
3 0.4073529411764706 0.3947712418300655 0.35955882352941176 0.3947712418300655 0.35955882352941176 0.45620915032679754 0.4073529411764706 0.45620915032679754
11 0.4294117647058823 0.36078431372549036 0.37426470588235294 0.36078431372549036 0.37426470588235294 0.42091503267973873 0.4294117647058823 0.42091503267973873
8 0.34411764705882353 0.3660130718954249 0.3352941176470588 0.3660130718954248 0.3352941176470588 0.3882352941176471 0.34411764705882353 0.38823529411764723
3 0.40588235294117647 0.32156862745098047 0.35955882352941176 0.32156862745098047 0.35955882352941176 0.3816993464052289 0.40588235294117647 0.3816993464052289
8 0.41911764705882354 0.3176470588235295 0.41102941176470587 0.3176470588235295 0.41102941176470587 0.35294117647058837 0.41911764705882354 0.35294117647058837
5 0.4213235294117647 0.3307189542483661 0.4073529411764706 0.3307189542483661 0.4073529411764706 0.3555555555555557 0.4213235294117647 0.3555555555555557
3 0.41691176470588237 0.2993464052287582 0.3602941176470588 0.2993464052287582 0.3602941176470588 0.33986928104575176 0.41691176470588237 0.33986928104575176
3 0.4985294117647059 0.29542483660130725 0.47352941176470587 0.29542483660130725 0.47352941176470587 0.3437908496732028 0.4985294117647059 0.3437908496732028
3 0.6426470588235295 0.3490196078431374 0.5875 0.3490196078431374 0.5875 0.3973856209150328 0.6426470588235295 0.3973856209150328
3 0.5926470588235294 0.33986928104575176 0.5470588235294118 0.33986928104575176 0.5470588235294118 0.39346405228758186 0.5926470588235294 0.39346405228758186
3 0.575 0.31764705882352956 0.5294117647058824 0.31764705882352956 0.5294117647058824 0.36732026143790864 0.575 0.36732026143790864
8 0.5970588235294118 0.3098039215686276 0.5882352941176471 0.3098039215686276 0.5882352941176471 0.33725490196078445 0.5970588235294118 0.33725490196078445
8 0.611764705882353 0.3098039215686276 0.6036764705882353 0.3098039215686276 0.6036764705882353 0.33725490196078445 0.611764705882353 0.33725490196078445
7 0.6286764705882353 0.2653594771241832 0.6242647058823529 0.2653594771241832 0.6242647058823529 0.3032679738562093 0.6286764705882353 0.3032679738562093
5 0.6257352941176471 0.2535947712418302 0.6198529411764706 0.2535947712418302 0.6198529411764706 0.28235294117647075 0.6257352941176471 0.28235294117647075
3 0.44338235294117645 0.25751633986928113 0.39044117647058824 0.25751633986928113 0.39044117647058824 0.30326797385620924 0.44338235294117645 0.30326797385620924
3 0.5742647058823529 0.2679738562091505 0.5220588235294118 0.2679738562091505 0.5220588235294118 0.31764705882352956 0.5742647058823529 0.31764705882352956
3 0.5669117647058823 0.2444444444444446 0.5257352941176471 0.2444444444444446 0.5257352941176471 0.2875816993464054 0.5669117647058823 0.2875816993464054
3 0.5625 0.21960784313725504 0.5419117647058823 0.21960784313725504 0.5419117647058823 0.2653594771241832 0.5625 0.2653594771241832
11 0.42058823529411765 0.23267973856209156 0.37426470588235294 0.23267973856209156 0.37426470588235294 0.277124183006536 0.42058823529411765 0.277124183006536
3 0.42867647058823527 0.22352941176470595 0.3786764705882353 0.22352941176470595 0.3786764705882353 0.2614379084967321 0.42867647058823527 0.2614379084967321
3 0.4279411764705882 0.21045751633986937 0.38529411764705884 0.21045751633986937 0.38529411764705884 0.2418300653594772 0.4279411764705882 0.2418300653594772
3 0.5544117647058824 0.18039215686274523 0.5257352941176471 0.18039215686274523 0.5257352941176471 0.21568627450980407 0.5544117647058824 0.21568627450980407
3 0.5566176470588236 0.16209150326797397 0.5161764705882353 0.16209150326797397 0.5161764705882353 0.18954248366013088 0.5566176470588236 0.18954248366013088
3 0.5676470588235294 0.15163398692810467 0.5279411764705882 0.15163398692810467 0.5279411764705882 0.17908496732026158 0.5676470588235294 0.17908496732026158
3 0.5632352941176471 0.1411764705882354 0.5257352941176471 0.1411764705882354 0.5257352941176471 0.16732026143790865 0.5632352941176471 0.16732026143790865
3 0.4125 0.1830065359477125 0.39191176470588235 0.1830065359477125 0.39191176470588235 0.21830065359477133 0.4125 0.21830065359477133
3 0.4411764705882353 0.1830065359477125 0.41911764705882354 0.1830065359477125 0.41911764705882354 0.2248366013071896 0.4411764705882353 0.2248366013071896
3 0.4323529411764706 0.1607843137254903 0.3926470588235294 0.16078431372549026 0.3926470588235294 0.18823529411764714 0.4323529411764706 0.18823529411764714
8 0.34191176470588236 0.2745098039215687 0.33676470588235297 0.2745098039215687 0.33676470588235297 0.2915032679738563 0.34191176470588236 0.2915032679738563
8 0.3514705882352941 0.277124183006536 0.3448529411764706 0.277124183006536 0.3448529411764706 0.2967320261437909 0.3514705882352941 0.2967320261437909
8 0.3514705882352941 0.2679738562091504 0.34558823529411764 0.2679738562091504 0.34558823529411764 0.2836601307189543 0.3514705882352941 0.2836601307189543
11 0.4801470588235294 0.11241830065359489 0.4632352941176471 0.11241830065359489 0.4632352941176471 0.15294117647058836 0.4801470588235294 0.15294117647058836
3 0.4470588235294118 0.1281045751633988 0.42720588235294116 0.1281045751633988 0.42720588235294116 0.16078431372549032 0.4470588235294118 0.16078431372549032
3 0.42720588235294116 0.1346405228758171 0.3985294117647059 0.13464052287581707 0.3985294117647059 0.16993464052287588 0.42720588235294116 0.16993464052287588
3 0.39044117647058824 0.13594771241830073 0.3514705882352941 0.13594771241830073 0.3514705882352941 0.1633986928104576 0.39044117647058824 0.1633986928104576
3 0.3779411764705882 0.12810457516339877 0.34191176470588236 0.12810457516339877 0.34191176470588236 0.15555555555555564 0.3779411764705882 0.15555555555555564
3 0.40588235294117647 0.11764705882352948 0.36911764705882355 0.11764705882352948 0.36911764705882355 0.14248366013071903 0.40588235294117647 0.14248366013071903
3 0.41544117647058826 0.10326797385620923 0.3779411764705882 0.10326797385620923 0.3779411764705882 0.12549019607843145 0.41544117647058826 0.12549019607843145
11 0.4147058823529412 0.0718954248366014 0.38529411764705884 0.0718954248366014 0.38529411764705884 0.10326797385620923 0.4147058823529412 0.10326797385620923
11 0.35661764705882354 0.10326797385620923 0.3235294117647059 0.10326797385620923 0.3235294117647059 0.13986928104575172 0.35661764705882354 0.13986928104575172
3 0.4279411764705882 0.08627450980392166 0.4088235294117647 0.08627450980392164 0.4088235294117647 0.11372549019607853 0.4279411764705882 0.11372549019607854
3 0.3448529411764706 0.06274509803921575 0.33088235294117646 0.06274509803921575 0.33088235294117646 0.08496732026143798 0.3448529411764706 0.08496732026143798
3 0.43161764705882355 0.039215686274509894 0.4176470588235294 0.039215686274509894 0.4176470588235294 0.06143790849673212 0.43161764705882355 0.06143790849673212
3 0.4441176470588235 0.036601307189542576 0.43014705882352944 0.036601307189542576 0.43014705882352944 0.05620915032679748 0.4441176470588235 0.05620915032679748
3 0.48970588235294116 0.05098039215686285 0.4602941176470588 0.050980392156862835 0.4602941176470588 0.07058823529411774 0.48970588235294116 0.07058823529411776
11 0.5125 0.03921568627450991 0.4808823529411765 0.03921568627450991 0.4808823529411765 0.06405228758169945 0.5125 0.06405228758169945
11 0.538235294117647 0.11895424836601318 0.5213235294117647 0.11895424836601318 0.5213235294117647 0.15555555555555567 0.538235294117647 0.15555555555555567
3 0.5235294117647059 0.10326797385620926 0.5073529411764706 0.10326797385620926 0.5073529411764706 0.12418300653594783 0.5235294117647059 0.12418300653594783
3 0.5404411764705882 0.11111111111111122 0.525 0.11111111111111122 0.525 0.13594771241830075 0.5404411764705882 0.13594771241830075
3 0.5595588235294118 0.09673202614379096 0.5286764705882353 0.09673202614379096 0.5286764705882353 0.11764705882352952 0.5595588235294118 0.11764705882352952
3 0.5360294117647059 0.08627450980392168 0.5213235294117647 0.08627450980392168 0.5213235294117647 0.11111111111111122 0.5360294117647059 0.11111111111111122
3 0.5397058823529411 0.07450980392156874 0.5235294117647059 0.07450980392156874 0.5235294117647059 0.09411764705882364 0.5397058823529411 0.09411764705882364
3 0.5720588235294117 0.0692810457516341 0.5507352941176471 0.0692810457516341 0.5507352941176471 0.1019607843137256 0.5720588235294117 0.1019607843137256
3 0.5897058823529412 0.06797385620915046 0.5698529411764706 0.06797385620915046 0.5698529411764706 0.09803921568627462 0.5897058823529412 0.09803921568627462
3 0.5551470588235294 0.052287581699346525 0.525 0.05228758169934652 0.525 0.0692810457516341 0.5551470588235294 0.06928104575163412
3 0.5698529411764706 0.05882352941176483 0.5441176470588235 0.058823529411764816 0.5441176470588235 0.0758169934640524 0.5698529411764706 0.07581699346405242
3 0.5441176470588235 0.04444444444444456 0.5176470588235295 0.04444444444444456 0.5176470588235295 0.0627450980392158 0.5441176470588235 0.0627450980392158
3 0.5794117647058824 0.048366013071895544 0.5536764705882353 0.04836601307189554 0.5536764705882353 0.06666666666666679 0.5794117647058824 0.06666666666666679
7 0.5772058823529411 0.11241830065359489 0.5735294117647058 0.11241830065359489 0.5735294117647058 0.13725490196078444 0.5772058823529411 0.13725490196078444
8 0.5904411764705882 0.1986928104575165 0.5860294117647059 0.1986928104575165 0.5860294117647059 0.21437908496732042 0.5904411764705882 0.21437908496732042
8 0.6022058823529411 0.2013071895424838 0.5985294117647059 0.2013071895424838 0.5985294117647059 0.21830065359477138 0.6022058823529411 0.21830065359477138
8 0.6022058823529411 0.19346405228758184 0.5963235294117647 0.19346405228758184 0.5963235294117647 0.20915032679738577 0.6022058823529411 0.20915032679738577
4 0.3610294117647059 0.02745098039215694 0.325 0.02745098039215694 0.325 0.0549019607843138 0.3610294117647059 0.0549019607843138
5 0.4536764705882353 0.0326797385620916 0.4426470588235294 0.032679738562091595 0.4426470588235294 0.047058823529411854 0.4536764705882353 0.047058823529411854
7 0.5352941176470588 0.018300653594771357 0.5308823529411765 0.018300653594771357 0.5308823529411765 0.03137254901960796 0.5352941176470588 0.03137254901960796
5 0.4147058823529412 0.03529411764705891 0.40661764705882353 0.03529411764705891 0.40661764705882353 0.0522875816993465 0.4147058823529412 0.0522875816993465
5 0.5911764705882353 0.15294117647058836 0.5772058823529411 0.15294117647058836 0.5772058823529411 0.17124183006535962 0.5911764705882353 0.17124183006535962
8 0.34558823529411764 0.25751633986928113 0.3375 0.25751633986928113 0.3375 0.27581699346405236 0.34558823529411764 0.27581699346405236
4 0.5955882352941176 0.03398692810457529 0.5823529411764706 0.03398692810457529 0.5823529411764706 0.057516339869281174 0.5955882352941176 0.057516339869281174