3 0.950735294117647 0.850980392156863 0.8919117647058824 0.850980392156863 0.8919117647058824 0.9098039215686278 0.950735294117647 0.9098039215686278
3 0.975735294117647 0.712418300653595 0.9397058823529412 0.712418300653595 0.9397058823529412 0.7437908496732029 0.975735294117647 0.7437908496732029
3 0.9860294117647059 0.7267973856209153 0.95 0.7267973856209153 0.95 0.7633986928104578 0.9860294117647059 0.7633986928104578
10 0.9926470588235294 0.7189542483660134 0.8683823529411765 0.7189542483660134 0.8683823529411765 0.8535947712418304 0.9926470588235294 0.8535947712418304
3 0.5463235294117647 0.803921568627451 0.5147058823529411 0.803921568627451 0.5147058823529411 0.8588235294117647 0.5463235294117647 0.8588235294117647
8 0.525 0.8169934640522876 0.5198529411764706 0.8169934640522876 0.5198529411764706 0.8339869281045752 0.525 0.8339869281045752
8 0.5411764705882353 0.8143790849673203 0.5338235294117647 0.8143790849673203 0.5338235294117647 0.8379084967320262 0.5411764705882353 0.8379084967320262
10 0.3830882352941177 0.6431372549019608 0.3125000000000001 0.6431372549019608 0.3125000000000001 0.7620915032679738 0.3830882352941177 0.7620915032679738
10 0.4227941176470588 0.6156862745098041 0.3779411764705882 0.6156862745098041 0.3779411764705882 0.6836601307189543 0.4227941176470588 0.6836601307189543
10 0.4676470588235294 0.631372549019608 0.4308823529411765 0.631372549019608 0.4308823529411765 0.6849673202614379 0.4676470588235294 0.6849673202614379
10 0.4308823529411765 0.6679738562091505 0.3845588235294118 0.6679738562091505 0.3845588235294118 0.7607843137254902 0.4308823529411765 0.7607843137254902
3 0.55 0.7202614379084967 0.5264705882352941 0.7202614379084967 0.5264705882352941 0.7673202614379085 0.55 0.7673202614379085
3 0.5507352941176471 0.7032679738562092 0.5316176470588235 0.7032679738562092 0.5316176470588235 0.734640522875817 0.5507352941176471 0.734640522875817
3 0.5470588235294118 0.6836601307189543 0.5323529411764706 0.6836601307189543 0.5323529411764706 0.7137254901960784 0.5470588235294118 0.7137254901960784
3 0.5433823529411764 0.6718954248366014 0.5294117647058824 0.6718954248366014 0.5294117647058824 0.6954248366013072 0.5433823529411764 0.6954248366013072
3 0.5558823529411765 0.6614379084967322 0.5419117647058823 0.6614379084967322 0.5419117647058823 0.6888888888888889 0.5558823529411765 0.6888888888888889
3 0.5411764705882353 0.6562091503267975 0.525 0.6562091503267975 0.525 0.6797385620915033 0.5411764705882353 0.6797385620915033
3 0.5676470588235294 0.6483660130718956 0.5536764705882353 0.6483660130718956 0.5536764705882353 0.6679738562091505 0.5676470588235294 0.6679738562091505
3 0.5470588235294118 0.6483660130718956 0.5345588235294118 0.6483660130718956 0.5345588235294118 0.6705882352941176 0.5470588235294118 0.6705882352941176
3 0.48308823529411765 0.7202614379084967 0.45955882352941174 0.7202614379084967 0.45955882352941174 0.7699346405228759 0.48308823529411765 0.7699346405228759
3 0.48455882352941176 0.7071895424836602 0.46691176470588236 0.7071895424836602 0.46691176470588236 0.7555555555555555 0.48455882352941176 0.7555555555555555
3 0.48970588235294116 0.6954248366013072 0.4742647058823529 0.6954248366013072 0.4742647058823529 0.7241830065359477 0.48970588235294116 0.7241830065359477
3 0.4904411764705882 0.6836601307189543 0.4786764705882353 0.6836601307189543 0.4786764705882353 0.7215686274509804 0.4904411764705882 0.7215686274509804
10 0.4970588235294118 0.6405228758169936 0.47794117647058826 0.6405228758169936 0.47794117647058826 0.6862745098039216 0.4970588235294118 0.6862745098039216
10 0.5433823529411764 0.5712418300653597 0.5220588235294118 0.5712418300653597 0.5220588235294118 0.6000000000000002 0.5433823529411764 0.6000000000000002
10 0.6272058823529412 0.5686274509803924 0.6088235294117647 0.5686274509803924 0.6088235294117647 0.5934640522875818 0.6272058823529412 0.5934640522875818
3 0.663235294117647 0.5790849673202616 0.6551470588235294 0.5790849673202616 0.6551470588235294 0.5869281045751635 0.663235294117647 0.5869281045751635
3 0.7676470588235295 0.6993464052287585 0.7426470588235294 0.6993464052287585 0.7426470588235294 0.7359477124183009 0.7676470588235295 0.7359477124183009