3 0.8514705882352941 0.7647058823529415 0.7125 0.7647058823529415 0.7125 0.9843137254901964 0.8514705882352941 0.9843137254901964
3 0.5713235294117647 0.5934640522875818 0.4889705882352941 0.5934640522875818 0.4889705882352941 0.7490196078431373 0.5713235294117647 0.7490196078431373
3 0.7669117647058824 0.5281045751633988 0.7066176470588236 0.5281045751633988 0.7066176470588236 0.6418300653594773 0.7669117647058824 0.6418300653594773
3 0.49779411764705883 0.41045751633986943 0.45588235294117646 0.41045751633986943 0.45588235294117646 0.4901960784313727 0.49779411764705883 0.4901960784313727
3 0.40955882352941175 0.6261437908496733 0.34264705882352947 0.6261437908496733 0.34264705882352947 0.7934640522875817 0.40955882352941175 0.7934640522875817
3 0.4933823529411765 0.29542483660130725 0.4602941176470588 0.29542483660130725 0.4602941176470588 0.36078431372549036 0.4933823529411765 0.36078431372549036
3 0.49779411764705883 0.2509803921568628 0.47058823529411764 0.2509803921568628 0.47058823529411764 0.3006535947712419 0.49779411764705883 0.3006535947712419
3 0.4889705882352941 0.18823529411764714 0.4698529411764706 0.18823529411764714 0.4698529411764706 0.21437908496732033 0.4889705882352941 0.21437908496732033
3 0.4860294117647059 0.16470588235294129 0.46691176470588236 0.16470588235294129 0.46691176470588236 0.19084967320261445 0.4860294117647059 0.19084967320261445
3 0.4852941176470588 0.15032679738562102 0.4698529411764706 0.15032679738562102 0.4698529411764706 0.17647058823529418 0.4852941176470588 0.17647058823529418
3 0.48308823529411765 0.13986928104575175 0.4676470588235294 0.13986928104575175 0.4676470588235294 0.16470588235294129 0.48308823529411765 0.16470588235294129
3 0.4801470588235294 0.12287581699346416 0.46397058823529413 0.12287581699346416 0.46397058823529413 0.14901960784313736 0.4801470588235294 0.14901960784313736
3 0.5095588235294117 0.11111111111111122 0.49558823529411766 0.11111111111111122 0.49558823529411766 0.1320261437908498 0.5095588235294117 0.1320261437908498
3 0.5154411764705882 0.09150326797385631 0.5014705882352941 0.09150326797385631 0.5014705882352941 0.11241830065359489 0.5154411764705882 0.11241830065359489
3 0.5338235294117647 0.1281045751633988 0.5198529411764706 0.1281045751633988 0.5198529411764706 0.14901960784313736 0.5338235294117647 0.14901960784313736
3 0.5455882352941176 0.17908496732026158 0.5279411764705882 0.17908496732026158 0.5279411764705882 0.2078431372549021 0.5455882352941176 0.2078431372549021
3 0.3235294117647059 0.26274509803921575 0.28455882352941175 0.26274509803921575 0.28455882352941175 0.3098039215686275 0.3235294117647059 0.3098039215686275
3 0.4985294117647059 0.07712418300653606 0.4904411764705882 0.07712418300653606 0.4904411764705882 0.09281045751633998 0.4985294117647059 0.09281045751633998
11 0.19044117647058822 0.38169934640522873 0.10220588235294122 0.38169934640522873 0.10220588235294122 0.48104575163398694 0.19044117647058822 0.48104575163398694
11 0.4786764705882353 0.06666666666666678 0.47058823529411764 0.06666666666666678 0.47058823529411764 0.08366013071895435 0.4786764705882353 0.08366013071895435
11 0.4801470588235294 0.05359477124183018 0.47205882352941175 0.05359477124183018 0.47205882352941175 0.07058823529411776 0.4801470588235294 0.07058823529411776
4 0.5051470588235294 0.0026143790849674255 0.45808823529411763 0.0026143790849674203 0.45808823529411763 0.048366013071895524 0.5051470588235294 0.04836601307189554
3 0.45588235294117646 0.07450980392156872 0.4470588235294118 0.07450980392156872 0.4470588235294118 0.08758169934640533 0.45588235294117646 0.08758169934640533
3 0.45808823529411763 0.05359477124183016 0.4485294117647059 0.05359477124183016 0.4485294117647059 0.06928104575163407 0.45808823529411763 0.06928104575163407
3 0.47205882352941175 0.052287581699346504 0.4625 0.0522875816993465 0.4625 0.06405228758169945 0.47205882352941175 0.06405228758169945
3 0.3338235294117647 0.21045751633986937 0.30808823529411766 0.21045751633986937 0.30808823529411766 0.25228758169934645 0.3338235294117647 0.25228758169934645
3 0.3625 0.16993464052287588 0.325 0.16993464052287588 0.325 0.19477124183006544 0.3625 0.19477124183006544
3 0.37941176470588234 0.13464052287581707 0.3573529411764706 0.13464052287581707 0.3573529411764706 0.1594771241830066 0.37941176470588234 0.1594771241830066
4 0.16691176470588234 0.23398692810457516 0.09338235294117649 0.23398692810457516 0.09338235294117649 0.2954248366013072 0.16691176470588234 0.2954248366013072
4 0.08308823529411767 0.2679738562091503 0.018382352941176492 0.2679738562091503 0.018382352941176495 0.35294117647058826 0.08308823529411767 0.35294117647058826
11 0.061029411764705915 0.44575163398692813 0.016911764705882383 0.44575163398692813 0.016911764705882387 0.5189542483660131 0.06102941176470592 0.5189542483660131
5 0.07205882352941179 0.38300653594771245 0.054411764705882375 0.38300653594771245 0.054411764705882375 0.43529411764705883 0.07205882352941179 0.43529411764705883
5 0.10147058823529416 0.35947712418300654 0.07867647058823532 0.35947712418300654 0.07867647058823532 0.3934640522875817 0.10147058823529416 0.3934640522875817
5 0.06397058823529414 0.35555555555555557 0.0360294117647059 0.35555555555555557 0.03602941176470591 0.38300653594771245 0.06397058823529414 0.38300653594771245
5 0.051470588235294136 0.37777777777777777 0.028676470588235314 0.37777777777777777 0.02867647058823532 0.4130718954248366 0.051470588235294136 0.4130718954248366
5 0.024264705882352966 0.3712418300653595 0.009558823529411791 0.3712418300653595 0.009558823529411791 0.4117647058823529 0.024264705882352973 0.4117647058823529
5 0.016176470588235316 0.3254901960784314 0.0014705882352941397 0.3254901960784314 0.0014705882352941413 0.36470588235294116 0.01617647058823532 0.36470588235294116
5 0.13823529411764707 0.2980392156862745 0.11764705882352941 0.2980392156862745 0.11764705882352944 0.3254901960784314 0.1382352941176471 0.3254901960784314
5 0.2375 0.3908496732026144 0.21176470588235294 0.3908496732026144 0.21176470588235294 0.4222222222222222 0.2375 0.4222222222222222
7 0.19117647058823528 0.3202614379084968 0.1772058823529412 0.3202614379084968 0.1772058823529412 0.3712418300653595 0.19117647058823528 0.3712418300653595
7 0.21838235294117647 0.3137254901960785 0.2036764705882353 0.3137254901960785 0.2036764705882353 0.3686274509803922 0.21838235294117647 0.3686274509803922
7 0.2639705882352941 0.29281045751633994 0.25441176470588234 0.29281045751633994 0.25441176470588234 0.33725490196078434 0.2639705882352941 0.33725490196078434
7 0.24411764705882352 0.2915032679738563 0.23455882352941176 0.2915032679738563 0.23455882352941176 0.33725490196078434 0.24411764705882352 0.33725490196078434
5 0.2801470588235294 0.23006535947712425 0.2676470588235294 0.23006535947712425 0.2676470588235294 0.2588235294117648 0.2801470588235294 0.2588235294117648
7 0.9705882352941176 0.5307189542483661 0.950735294117647 0.5307189542483661 0.950735294117647 0.6052287581699348 0.9705882352941176 0.6052287581699348
7 0.9441176470588235 0.5137254901960786 0.9169117647058823 0.5137254901960786 0.9169117647058823 0.5843137254901962 0.9441176470588235 0.5843137254901962
7 0.8816176470588235 0.37385620915032697 0.8654411764705883 0.37385620915032697 0.8654411764705883 0.42614379084967335 0.8816176470588235 0.42614379084967335
7 0.7875 0.3267973856209152 0.7735294117647059 0.3267973856209152 0.7735294117647059 0.3751633986928106 0.7875 0.3751633986928106
1 0.9647058823529412 0.5490196078431374 0.9147058823529411 0.5490196078431374 0.9147058823529411 0.5882352941176472 0.9647058823529412 0.5882352941176472
1 0.9294117647058824 0.3490196078431374 0.9169117647058823 0.3490196078431374 0.9169117647058823 0.38823529411764723 0.9294117647058824 0.38823529411764723
1 0.19705882352941176 0.44313725490196076 0.16250000000000003 0.44313725490196076 0.16250000000000003 0.4797385620915033 0.19705882352941176 0.4797385620915033
7 0.1632352941176471 0.32941176470588235 0.149264705882353 0.32941176470588235 0.149264705882353 0.3803921568627451 0.1632352941176471 0.3803921568627451
7 0.041176470588235335 0.5712418300653594 0.006617647058823568 0.5712418300653594 0.006617647058823571 0.6444444444444445 0.041176470588235335 0.6444444444444445
1 0.06764705882352944 0.4169934640522876 0.036029411764705914 0.4169934640522876 0.036029411764705914 0.45359477124183006 0.06764705882352944 0.45359477124183006
7 0.18970588235294117 0.4143790849673203 0.17132352941176474 0.4143790849673203 0.17132352941176474 0.46797385620915033 0.18970588235294117 0.46797385620915033
7 0.2323529411764706 0.3738562091503268 0.2139705882352941 0.3738562091503268 0.2139705882352941 0.42745098039215684 0.2323529411764706 0.42745098039215684
7 0.3382352941176471 0.2718954248366014 0.33088235294117646 0.2718954248366014 0.33088235294117646 0.2993464052287582 0.3382352941176471 0.2993464052287582
5 0.34044117647058825 0.2875816993464053 0.32941176470588235 0.2875816993464053 0.32941176470588235 0.31111111111111117 0.34044117647058825 0.31111111111111117
9 0.2338235294117647 0.2549019607843138 0.1875 0.2549019607843138 0.18750000000000003 0.3098039215686275 0.2338235294117647 0.3098039215686275
0 0.1757352941176471 0.3084967320261438 0.1257352941176471 0.3084967320261438 0.1257352941176471 0.36209150326797385 0.1757352941176471 0.36209150326797385
4 0.17941176470588235 0.19215686274509808 0.15808823529411764 0.19215686274509805 0.15808823529411764 0.23267973856209154 0.17941176470588235 0.23267973856209156
4 0.21323529411764705 0.15032679738562096 0.18235294117647058 0.15032679738562096 0.18235294117647058 0.1960784313725491 0.21323529411764705 0.1960784313725491
7 0.25 0.28235294117647064 0.2411764705882353 0.28235294117647064 0.2411764705882353 0.32549019607843144 0.25 0.32549019607843144
7 0.24779411764705883 0.2679738562091504 0.24044117647058824 0.2679738562091504 0.24044117647058824 0.3006535947712419 0.24779411764705883 0.3006535947712419
7 0.2426470588235294 0.25228758169934645 0.2375 0.25228758169934645 0.2375 0.2875816993464053 0.2426470588235294 0.2875816993464053
7 0.2411764705882353 0.23790849673202621 0.23161764705882354 0.23790849673202621 0.23161764705882354 0.2745098039215687 0.2411764705882353 0.2745098039215687
7 0.23308823529411765 0.18431372549019615 0.22573529411764706 0.18431372549019615 0.22573529411764706 0.20653594771241837 0.23308823529411765 0.20653594771241837
5 0.2338235294117647 0.19346405228758176 0.22573529411764706 0.19346405228758176 0.22573529411764706 0.21830065359477133 0.2338235294117647 0.21830065359477133
5 0.7735294117647059 0.4169934640522877 0.7470588235294118 0.4169934640522877 0.7470588235294118 0.4549019607843139 0.7735294117647059 0.4549019607843139
5 0.7139705882352941 0.3568627450980394 0.7022058823529411 0.3568627450980394 0.7022058823529411 0.3895424836601309 0.7139705882352941 0.3895424836601309
5 0.9036764705882353 0.42614379084967335 0.8838235294117647 0.42614379084967335 0.8838235294117647 0.46535947712418313 0.9036764705882353 0.46535947712418313
5 0.9036764705882353 0.36993464052287595 0.8838235294117647 0.36993464052287595 0.8838235294117647 0.4091503267973858 0.9036764705882353 0.4091503267973858
7 0.7698529411764706 0.31241830065359494 0.7588235294117647 0.31241830065359494 0.7588235294117647 0.36078431372549036 0.7698529411764706 0.36078431372549036
7 0.7647058823529411 0.300653594771242 0.7536764705882353 0.300653594771242 0.7536764705882353 0.3490196078431374 0.7647058823529411 0.3490196078431374
7 0.7808823529411765 0.31241830065359494 0.7713235294117647 0.31241830065359494 0.7713235294117647 0.35032679738562106 0.7808823529411765 0.35032679738562106
7 0.9147058823529411 0.3098039215686277 0.9036764705882353 0.3098039215686277 0.9036764705882353 0.3555555555555557 0.9147058823529411 0.3555555555555557
7 0.9088235294117647 0.3019607843137257 0.9014705882352941 0.3019607843137257 0.9014705882352941 0.3424836601307191 0.9088235294117647 0.3424836601307191
9 0.7058823529411765 0.2535947712418302 0.6889705882352941 0.2535947712418302 0.6889705882352941 0.2836601307189544 0.7058823529411765 0.2836601307189544
7 0.7919117647058823 0.300653594771242 0.7845588235294118 0.300653594771242 0.7845588235294118 0.33725490196078445 0.7919117647058823 0.33725490196078445
11 0.8279411764705882 0.362091503267974 0.7735294117647059 0.362091503267974 0.7735294117647059 0.4405228758169936 0.8279411764705882 0.4405228758169936
9 0.8360294117647059 0.34117647058823547 0.8058823529411765 0.34117647058823547 0.8058823529411765 0.3816993464052289 0.8360294117647059 0.3816993464052289
8 0.8279411764705882 0.33464052287581714 0.8198529411764706 0.33464052287581714 0.8198529411764706 0.36339869281045767 0.8279411764705882 0.36339869281045767
8 0.8139705882352941 0.3320261437908498 0.8051470588235294 0.3320261437908498 0.8051470588235294 0.362091503267974 0.8139705882352941 0.362091503267974
3 0.4889705882352941 0.04967320261437919 0.48161764705882354 0.04967320261437919 0.48161764705882354 0.058823529411764816 0.4889705882352941 0.058823529411764816
3 0.5051470588235294 0.04967320261437919 0.49779411764705883 0.04967320261437919 0.49779411764705883 0.06143790849673214 0.5051470588235294 0.06143790849673214
8 0.3860294117647059 0.8091503267973856 0.2838235294117648 0.8091503267973856 0.2838235294117648 1 0.3860294117647059 1
5 0.31102941176470594 0.6862745098039216 0.2852941176470589 0.6862745098039216 0.2852941176470589 0.7986928104575164 0.31102941176470594 0.7986928104575164
7 0.3176470588235295 0.6862745098039216 0.2889705882352942 0.6862745098039216 0.2889705882352942 0.7686274509803922 0.3176470588235295 0.7686274509803922