3 0.22573529411764706 0.01699346405228763 0.2 0.016993464052287622 0.2 0.04705882352941181 0.22573529411764706 0.04705882352941182
3 0.18823529411764706 0.07581699346405232 0.16029411764705884 0.07581699346405232 0.16029411764705884 0.11503267973856213 0.18823529411764706 0.11503267973856213
3 0.33455882352941174 0.25228758169934645 0.29044117647058826 0.25228758169934645 0.29044117647058826 0.3137254901960785 0.33455882352941174 0.3137254901960785
3 0.19852941176470587 0.16078431372549024 0.1426470588235294 0.16078431372549024 0.1426470588235294 0.2052287581699347 0.19852941176470587 0.20522875816993472
0 0.16397058823529412 0.13071895424836605 0.1323529411764706 0.13071895424836605 0.1323529411764706 0.17908496732026144 0.16397058823529412 0.17908496732026144
3 0.1676470588235294 0.11111111111111115 0.1213235294117647 0.11111111111111115 0.1213235294117647 0.16862745098039217 0.1676470588235294 0.16862745098039217
5 0.2647058823529412 0.023529411764705938 0.25735294117647056 0.023529411764705938 0.25735294117647056 0.03921568627450986 0.2647058823529412 0.03921568627450986
5 0.2713235294117647 0.02222222222222228 0.2647058823529412 0.02222222222222228 0.2647058823529412 0.03660130718954254 0.2713235294117647 0.03660130718954254
5 0.2727941176470588 0.02614379084967326 0.2595588235294118 0.02614379084967326 0.2595588235294118 0.0444444444444445 0.2727941176470588 0.0444444444444445
5 0.3352941176470588 0.07320261437908504 0.31323529411764706 0.07320261437908504 0.31323529411764706 0.09803921568627458 0.3352941176470588 0.09803921568627458
1 0.30808823529411766 0.05620915032679746 0.30073529411764705 0.05620915032679746 0.30073529411764705 0.08235294117647066 0.30808823529411766 0.08235294117647066
9 0.3029411764705882 0.06013071895424843 0.2852941176470588 0.06013071895424842 0.2852941176470588 0.0941176470588236 0.3029411764705882 0.0941176470588236
7 0.2580882352941177 0.06274509803921574 0.2485294117647059 0.06274509803921574 0.2485294117647059 0.09934640522875822 0.2580882352941177 0.09934640522875825
7 0.31029411764705883 0.05098039215686282 0.30367647058823527 0.05098039215686282 0.30367647058823527 0.08366013071895433 0.31029411764705883 0.08366013071895433
5 0.28455882352941175 0.039215686274509866 0.2698529411764706 0.03921568627450986 0.2698529411764706 0.05620915032679744 0.28455882352941175 0.05620915032679744
7 0.28308823529411764 0.028758169934640584 0.27647058823529413 0.02875816993464058 0.27647058823529413 0.06274509803921574 0.28308823529411764 0.06274509803921574
3 0.48823529411764705 0.24575163398692818 0.4441176470588235 0.24575163398692818 0.4441176470588235 0.29281045751633994 0.48823529411764705 0.29281045751633994
3 0.43308823529411766 0.1986928104575164 0.38823529411764707 0.1986928104575164 0.38823529411764707 0.23921568627450987 0.43308823529411766 0.23921568627450987
3 0.44926470588235295 0.13986928104575172 0.4 0.13986928104575172 0.4 0.18169934640522883 0.44926470588235295 0.18169934640522883
3 0.4308823529411765 0.13333333333333341 0.3860294117647059 0.13333333333333341 0.3860294117647059 0.16993464052287588 0.4308823529411765 0.16993464052287588
3 0.6095588235294118 0.27973856209150344 0.5477941176470589 0.27973856209150344 0.5477941176470589 0.36078431372549036 0.6095588235294118 0.36078431372549036
3 0.8058823529411765 0.5032679738562092 0.7183823529411765 0.5032679738562092 0.7183823529411765 0.6104575163398694 0.8058823529411765 0.6104575163398694
3 0.7095588235294118 0.4117647058823531 0.6345588235294117 0.4117647058823531 0.6345588235294117 0.5045751633986929 0.7095588235294118 0.5045751633986929
7 0.9985294117647059 0.6326797385620917 0.975 0.6326797385620917 0.975 0.712418300653595 0.9985294117647059 0.712418300653595
3 1 0.7947712418300656 0.9044117647058824 0.7947712418300656 0.9044117647058824 0.9215686274509807 1 0.9215686274509807
3 0.7198529411764706 0.7294117647058825 0.6088235294117647 0.7294117647058823 0.6088235294117647 0.9150326797385623 0.7198529411764706 0.9150326797385624
3 0.6536764705882353 0.8562091503267973 0.5294117647058824 0.8562091503267973 0.5294117647058824 1 0.6536764705882353 1
7 0.30955882352941183 0.8496732026143791 0.2852941176470589 0.8496732026143791 0.2852941176470589 0.9359477124183007 0.30955882352941183 0.9359477124183007
7 0.4823529411764706 0.6862745098039216 0.46691176470588236 0.6862745098039216 0.46691176470588236 0.7607843137254902 0.4823529411764706 0.7607843137254902
3 0.3875 0.481045751633987 0.3191176470588235 0.48104575163398694 0.3191176470588235 0.5895424836601308 0.3875 0.5895424836601308
3 0.3264705882352941 0.3934640522875817 0.2639705882352941 0.3934640522875817 0.2639705882352941 0.4823529411764706 0.3264705882352941 0.4823529411764706
3 0.3029411764705882 0.32156862745098047 0.2514705882352941 0.32156862745098047 0.2514705882352941 0.396078431372549 0.3029411764705882 0.396078431372549
7 0.22279411764705884 0.3411764705882353 0.2088235294117647 0.3411764705882353 0.2088235294117647 0.40261437908496733 0.22279411764705884 0.40261437908496733
7 0.21323529411764705 0.3477124183006536 0.19779411764705881 0.3477124183006536 0.19779411764705881 0.40522875816993464 0.21323529411764705 0.40522875816993464
7 0.8654411764705883 0.5163398692810459 0.85 0.5163398692810459 0.85 0.5803921568627453 0.8654411764705883 0.5803921568627453