4 0.7572916666666667 0.07222222222222237 0.58125 0.07222222222222235 0.58125 0.10740740740740755 0.7572916666666667 0.10740740740740756
4 0.7625 0.101851851851852 0.6052083333333333 0.10185185185185198 0.6052083333333333 0.15000000000000016 0.7625 0.15000000000000016
4 0.8125 0.11666666666666684 0.6677083333333333 0.11666666666666682 0.6677083333333333 0.16851851851851868 0.8125 0.16851851851851868
4 0.7885416666666667 0.15000000000000016 0.7 0.15000000000000016 0.7 0.19444444444444461 0.7885416666666667 0.19444444444444461
4 0.36354166666666665 0.014814814814814887 0.30416666666666664 0.014814814814814881 0.30416666666666664 0.0796296296296297 0.36354166666666665 0.0796296296296297
4 0.39375 0.046296296296296384 0.334375 0.04629629629629638 0.334375 0.09074074074074082 0.39375 0.09074074074074082
4 0.5270833333333333 0.13703703703703715 0.5177083333333333 0.13703703703703715 0.5177083333333333 0.15185185185185196 0.5270833333333333 0.15185185185185196
7 0.2791666666666667 0.30925925925925934 0.27291666666666664 0.30925925925925934 0.27291666666666664 0.3351851851851853 0.2791666666666667 0.3351851851851853
7 0.18854166666666666 0.3907407407407407 0.18229166666666666 0.3907407407407407 0.18229166666666666 0.4185185185185185 0.18854166666666666 0.4185185185185185
4 0.859375 0.277777777777778 0.8166666666666667 0.277777777777778 0.8166666666666667 0.31851851851851876 0.859375 0.31851851851851876
7 1 0.42037037037037056 0.9875 0.42037037037037056 0.9875 0.4537037037037039 1 0.4537037037037039
7 0.98125 0.4111111111111113 0.9729166666666667 0.4111111111111113 0.9729166666666667 0.44074074074074093 0.98125 0.44074074074074093
4 0.459375 0.08703703703703715 0.4552083333333333 0.08703703703703715 0.4552083333333333 0.1000000000000001 0.459375 0.1000000000000001
4 0.315625 0.10185185185185193 0.3125 0.10185185185185193 0.3125 0.1148148148148149 0.315625 0.1148148148148149
8 0.6989583333333333 0.3296296296296297 0.6947916666666667 0.3296296296296297 0.6947916666666667 0.3462962962962964 0.6989583333333333 0.3462962962962964
7 0.7520833333333333 0.31481481481481505 0.7447916666666666 0.31481481481481505 0.7447916666666666 0.34444444444444466 0.7520833333333333 0.34444444444444466
8 0.6927083333333334 0.31481481481481494 0.684375 0.31481481481481494 0.684375 0.3314814814814816 0.6927083333333334 0.3314814814814816
7 0.6875 0.2981481481481483 0.6822916666666666 0.2981481481481483 0.6822916666666666 0.32222222222222235 0.6875 0.32222222222222235
8 0.6864583333333333 0.30925925925925934 0.6791666666666667 0.30925925925925934 0.6791666666666667 0.3240740740740742 0.6864583333333333 0.3240740740740742
7 0.5770833333333333 0.18148148148148158 0.5729166666666666 0.18148148148148158 0.5729166666666666 0.20185185185185195 0.5770833333333333 0.20185185185185195
7 0.5791666666666667 0.18333333333333343 0.5770833333333333 0.18333333333333343 0.5770833333333333 0.19814814814814824 0.5791666666666667 0.19814814814814824
3 0.75 0.8000000000000002 0.6916666666666667 0.8000000000000002 0.6916666666666667 0.9037037037037039 0.75 0.9037037037037039
5 0.42395833333333344 0.9055555555555556 0.4062500000000001 0.9055555555555556 0.4062500000000001 0.9648148148148148 0.42395833333333344 0.9648148148148148
8 0.4218750000000001 0.9055555555555556 0.40833333333333344 0.9055555555555556 0.40833333333333344 0.95 0.4218750000000001 0.95
8 0.42395833333333344 0.9037037037037037 0.41041666666666676 0.9037037037037037 0.41041666666666676 0.9518518518518518 0.42395833333333344 0.9518518518518518
3 0.709375 0.6944444444444446 0.6614583333333334 0.6944444444444446 0.6614583333333334 0.7759259259259261 0.709375 0.7759259259259261
3 0.678125 0.6240740740740743 0.6385416666666667 0.6240740740740743 0.6385416666666667 0.6888888888888891 0.678125 0.6888888888888891
3 0.65625 0.5759259259259262 0.6166666666666667 0.5759259259259262 0.6166666666666667 0.627777777777778 0.65625 0.627777777777778
3 0.6197916666666666 0.4888888888888891 0.5916666666666667 0.4888888888888891 0.5916666666666667 0.5388888888888891 0.6197916666666666 0.5388888888888891
3 0.6 0.4407407407407408 0.575 0.4407407407407408 0.575 0.47592592592592614 0.6 0.47592592592592614
3 0.5239583333333333 0.40555555555555567 0.5010416666666667 0.40555555555555567 0.5010416666666667 0.4462962962962964 0.5239583333333333 0.4462962962962964
3 0.5864583333333333 0.40555555555555567 0.5614583333333333 0.40555555555555567 0.5614583333333333 0.44444444444444453 0.5864583333333333 0.44444444444444453
4 0.3770833333333333 0.14629629629629637 0.35833333333333334 0.14629629629629634 0.35833333333333334 0.1648148148148149 0.3770833333333333 0.16481481481481491
3 0.4197916666666667 0.3000000000000001 0.4041666666666667 0.3000000000000001 0.4041666666666667 0.325925925925926 0.4197916666666667 0.325925925925926
3 0.5697916666666667 0.37407407407407417 0.5489583333333333 0.37407407407407417 0.5489583333333333 0.4092592592592594 0.5697916666666667 0.4092592592592594
5 0.378125 0.4611111111111112 0.36770833333333336 0.4611111111111112 0.36770833333333336 0.49074074074074076 0.378125 0.49074074074074076
8 0.378125 0.45185185185185195 0.36770833333333336 0.45185185185185195 0.36770833333333336 0.48148148148148145 0.378125 0.48148148148148145
5 0.3645833333333333 0.4648148148148149 0.353125 0.4648148148148149 0.353125 0.4925925925925926 0.3645833333333333 0.4925925925925926
8 0.3645833333333333 0.45370370370370383 0.3541666666666667 0.45370370370370383 0.3541666666666667 0.48518518518518516 0.3645833333333333 0.48518518518518516
5 0.32916666666666666 0.37962962962962976 0.31666666666666665 0.37962962962962976 0.31666666666666665 0.40185185185185196 0.32916666666666666 0.40185185185185196
8 0.32708333333333334 0.37592592592592605 0.31875 0.37592592592592605 0.31875 0.4000000000000001 0.32708333333333334 0.4000000000000001
3 0.33125 0.3574074074074075 0.29583333333333334 0.3574074074074075 0.29583333333333334 0.39074074074074083 0.33125 0.39074074074074083
10 0.4979166666666667 0.2962962962962964 0.4625 0.2962962962962964 0.4625 0.3962962962962964 0.4979166666666667 0.3962962962962964
5 0.5385416666666667 0.3777777777777779 0.5302083333333333 0.3777777777777779 0.5302083333333333 0.40185185185185196 0.5385416666666667 0.40185185185185196
8 0.5385416666666667 0.37222222222222234 0.5322916666666667 0.37222222222222234 0.5322916666666667 0.4000000000000001 0.5385416666666667 0.4000000000000001
7 0.5375 0.3500000000000001 0.5333333333333333 0.3500000000000001 0.5333333333333333 0.3777777777777779 0.5375 0.3777777777777779
3 0.5520833333333334 0.35185185185185197 0.53125 0.35185185185185197 0.53125 0.37962962962962976 0.5520833333333334 0.37962962962962976
3 0.5510416666666667 0.3296296296296297 0.534375 0.3296296296296297 0.534375 0.3555555555555557 0.5510416666666667 0.3555555555555557
3 0.5375 0.30555555555555564 0.5197916666666667 0.30555555555555564 0.5197916666666667 0.3314814814814816 0.5375 0.3314814814814816
3 0.53125 0.28518518518518526 0.515625 0.28518518518518526 0.515625 0.3111111111111112 0.53125 0.3111111111111112
3 0.525 0.2722222222222223 0.5104166666666666 0.2722222222222223 0.5104166666666666 0.29444444444444456 0.525 0.29444444444444456
3 0.51875 0.25185185185185194 0.5041666666666667 0.25185185185185194 0.5041666666666667 0.27962962962962973 0.51875 0.27962962962962973
3 0.509375 0.2425925925925927 0.49583333333333335 0.2425925925925927 0.49583333333333335 0.26111111111111124 0.509375 0.26111111111111124
3 0.5052083333333334 0.2314814814814816 0.49270833333333336 0.2314814814814816 0.49270833333333336 0.2500000000000001 0.5052083333333334 0.2500000000000001
3 0.496875 0.22037037037037047 0.48333333333333334 0.22037037037037047 0.48333333333333334 0.23888888888888898 0.496875 0.23888888888888898
3 0.509375 0.1962962962962964 0.4864583333333333 0.1962962962962964 0.4864583333333333 0.21481481481481493 0.509375 0.21481481481481493
3 0.490625 0.2074074074074075 0.478125 0.2074074074074075 0.478125 0.22407407407407418 0.490625 0.22407407407407418
3 0.48333333333333334 0.19814814814814824 0.471875 0.19814814814814824 0.471875 0.21296296296296308 0.48333333333333334 0.21296296296296308
3 0.48125 0.188888888888889 0.46979166666666666 0.188888888888889 0.46979166666666666 0.20555555555555566 0.48125 0.20555555555555566
3 0.4739583333333333 0.18148148148148158 0.46145833333333336 0.18148148148148158 0.46145833333333336 0.1962962962962964 0.4739583333333333 0.1962962962962964
3 0.4708333333333333 0.17592592592592604 0.4583333333333333 0.17592592592592604 0.4583333333333333 0.188888888888889 0.4708333333333333 0.188888888888889
2 0.4625 0.22222222222222232 0.44166666666666665 0.22222222222222232 0.44166666666666665 0.2666666666666668 0.4625 0.2666666666666668
10 0.475 0.188888888888889 0.44895833333333335 0.188888888888889 0.44895833333333335 0.2425925925925927 0.475 0.2425925925925927
5 0.3885416666666667 0.288888888888889 0.38229166666666664 0.288888888888889 0.38229166666666664 0.3074074074074075 0.3885416666666667 0.3074074074074075
8 0.3875 0.28518518518518526 0.38333333333333336 0.28518518518518526 0.38333333333333336 0.3037037037037038 0.3875 0.3037037037037038
5 0.39479166666666665 0.26481481481481495 0.38958333333333334 0.26481481481481495 0.38958333333333334 0.27962962962962973 0.39479166666666665 0.27962962962962973
8 0.39375 0.25925925925925936 0.390625 0.25925925925925936 0.390625 0.275925925925926 0.39375 0.275925925925926
5 0.32395833333333335 0.21481481481481488 0.31979166666666664 0.21481481481481488 0.31979166666666664 0.22962962962962968 0.32395833333333335 0.22962962962962968
8 0.32395833333333335 0.2092592592592593 0.32083333333333336 0.2092592592592593 0.32083333333333336 0.22777777777777783 0.32395833333333335 0.22777777777777783
3 0.35208333333333336 0.20740740740740746 0.34270833333333334 0.20740740740740746 0.34270833333333334 0.22407407407407412 0.35208333333333336 0.22407407407407412
3 0.35 0.1981481481481482 0.34270833333333334 0.1981481481481482 0.34270833333333334 0.22592592592592597 0.35 0.22592592592592597
3 0.346875 0.162962962962963 0.3375 0.162962962962963 0.3375 0.17407407407407413 0.346875 0.17407407407407413
11 0.346875 0.1370370370370371 0.3333333333333333 0.1370370370370371 0.3333333333333333 0.1518518518518519 0.346875 0.1518518518518519
3 0.37395833333333334 0.1870370370370371 0.3625 0.18703703703703708 0.3625 0.20555555555555563 0.37395833333333334 0.20555555555555566
3 0.371875 0.175925925925926 0.3625 0.17592592592592599 0.3625 0.19074074074074082 0.371875 0.19074074074074085
4 0.42916666666666664 0.12777777777777788 0.4114583333333333 0.12777777777777788 0.4114583333333333 0.14444444444444454 0.42916666666666664 0.14444444444444454
9 0.3854166666666667 0.20555555555555566 0.378125 0.20555555555555566 0.378125 0.21666666666666679 0.3854166666666667 0.21666666666666679
8 0.38333333333333336 0.20185185185185195 0.37916666666666665 0.20185185185185195 0.37916666666666665 0.21111111111111122 0.38333333333333336 0.21111111111111122
5 0.39479166666666665 0.2000000000000001 0.38958333333333334 0.2000000000000001 0.38958333333333334 0.21111111111111122 0.39479166666666665 0.21111111111111122
8 0.39479166666666665 0.1962962962962964 0.38958333333333334 0.1962962962962964 0.38958333333333334 0.2074074074074075 0.39479166666666665 0.2074074074074075
10 0.38645833333333335 0.10000000000000007 0.378125 0.10000000000000007 0.378125 0.11666666666666675 0.38645833333333335 0.11666666666666675
2 0.40208333333333335 0.11666666666666675 0.38958333333333334 0.11666666666666675 0.38958333333333334 0.14074074074074083 0.40208333333333335 0.14074074074074083
3 0.409375 0.12037037037037047 0.40208333333333335 0.12037037037037047 0.40208333333333335 0.12962962962962973 0.409375 0.12962962962962973
3 0.41354166666666664 0.1425925925925927 0.403125 0.1425925925925927 0.403125 0.15555555555555567 0.41354166666666664 0.15555555555555567
3 0.415625 0.11111111111111119 0.4083333333333333 0.11111111111111119 0.4083333333333333 0.12222222222222233 0.415625 0.12222222222222233
3 0.421875 0.11666666666666675 0.41458333333333336 0.11666666666666675 0.41458333333333336 0.12592592592592602 0.421875 0.12592592592592602
3 0.43645833333333334 0.13333333333333344 0.428125 0.13333333333333344 0.428125 0.1462962962962964 0.43645833333333334 0.1462962962962964
3 0.440625 0.14074074074074083 0.4322916666666667 0.14074074074074083 0.4322916666666667 0.15185185185185196 0.440625 0.15185185185185196
3 0.4479166666666667 0.14814814814814825 0.43854166666666666 0.14814814814814825 0.43854166666666666 0.1611111111111112 0.4479166666666667 0.1611111111111112
3 0.453125 0.15370370370370381 0.44375 0.15370370370370381 0.44375 0.16666666666666677 0.453125 0.16666666666666677
3 0.45729166666666665 0.15925925925925938 0.4479166666666667 0.15925925925925938 0.4479166666666667 0.17222222222222233 0.45729166666666665 0.17222222222222233
3 0.4625 0.16296296296296306 0.45208333333333334 0.16296296296296306 0.45208333333333334 0.1777777777777779 0.4625 0.1777777777777779
4 0.484375 0.10555555555555567 0.478125 0.10555555555555567 0.478125 0.11851851851851862 0.484375 0.11851851851851862
4 0.4354166666666667 0.15185185185185196 0.42916666666666664 0.15185185185185196 0.42916666666666664 0.16481481481481491 0.4354166666666667 0.16481481481481491