3 0.10416666666666673 0.7888888888888889 0.03125000000000005 0.7888888888888889 0.031250000000000056 0.8712962962962963 0.10416666666666673 0.8712962962962963
3 0.030208333333333386 0.7305555555555555 5.032532940246155e-17 0.7305555555555555 5.262154215086284e-17 0.7972222222222223 0.030208333333333386 0.7972222222222223
3 0.020312500000000046 0.6277777777777778 4.324534009489091e-17 0.6277777777777778 4.490371596873629e-17 0.6759259259259259 0.020312500000000046 0.6759259259259259
3 0.09114583333333336 0.575925925925926 0.034375000000000044 0.575925925925926 0.034375000000000044 0.625 0.09114583333333336 0.625
3 0.1395833333333334 0.5398148148148149 0.09062500000000002 0.5398148148148149 0.09062500000000002 0.5833333333333334 0.1395833333333334 0.5833333333333334
3 0.1942708333333334 0.5712962962962963 0.1473958333333334 0.5712962962962963 0.1473958333333334 0.6194444444444445 0.1942708333333334 0.6194444444444445
3 0.28072916666666664 0.5962962962962963 0.2380208333333334 0.5962962962962963 0.2380208333333334 0.6472222222222223 0.28072916666666664 0.6472222222222223
3 0.27760416666666665 0.5537037037037037 0.23437500000000006 0.5537037037037037 0.23437500000000006 0.5935185185185186 0.27760416666666665 0.5935185185185186
3 0.20937500000000006 0.524074074074074 0.16718750000000007 0.524074074074074 0.16718750000000007 0.5648148148148148 0.20937500000000006 0.5648148148148148
11 0.1864583333333334 0.49722222222222223 0.15052083333333338 0.49722222222222223 0.15052083333333338 0.5416666666666666 0.1864583333333334 0.5416666666666666
3 0.21562500000000007 0.4759259259259259 0.17500000000000007 0.4759259259259259 0.17500000000000007 0.5138888888888888 0.21562500000000007 0.5138888888888888
3 0.25260416666666674 0.45277777777777783 0.2192708333333334 0.4527777777777778 0.2192708333333334 0.48518518518518516 0.25260416666666674 0.48518518518518516
3 0.2921875 0.49166666666666664 0.25781250000000006 0.49166666666666664 0.25781250000000006 0.5287037037037037 0.2921875 0.5287037037037037
3 0.328125 0.4935185185185185 0.29375 0.4935185185185185 0.29375 0.5324074074074074 0.328125 0.5324074074074074
3 0.3609375 0.4898148148148148 0.3338541666666667 0.4898148148148148 0.3338541666666667 0.5342592592592592 0.3609375 0.5342592592592592
3 0.28072916666666664 0.426851851851852 0.25052083333333336 0.426851851851852 0.25052083333333336 0.4611111111111112 0.28072916666666664 0.4611111111111112
3 0.315625 0.40833333333333344 0.2864583333333333 0.40833333333333344 0.2864583333333333 0.4361111111111112 0.315625 0.4361111111111112
3 0.340625 0.41574074074074086 0.3151041666666667 0.41574074074074086 0.3151041666666667 0.4425925925925927 0.340625 0.4425925925925927
11 0.3619791666666667 0.426851851851852 0.3359375 0.426851851851852 0.3359375 0.4583333333333334 0.3619791666666667 0.4583333333333334
3 0.3796875 0.4407407407407408 0.359375 0.4407407407407408 0.359375 0.4712962962962964 0.3796875 0.4712962962962964
3 0.39947916666666666 0.4490740740740742 0.3734375 0.4490740740740742 0.3734375 0.48518518518518516 0.39947916666666666 0.48518518518518516
3 0.425 0.4092592592592594 0.4005208333333333 0.4092592592592594 0.4005208333333333 0.43796296296296305 0.425 0.43796296296296305
3 0.4036458333333333 0.3870370370370371 0.3807291666666667 0.3870370370370371 0.3807291666666667 0.4166666666666668 0.4036458333333333 0.4166666666666668
3 0.3385416666666667 0.388888888888889 0.31197916666666664 0.388888888888889 0.31197916666666664 0.413888888888889 0.3385416666666667 0.413888888888889
3 0.3572916666666667 0.3712962962962964 0.33229166666666665 0.3712962962962964 0.33229166666666665 0.3953703703703705 0.3572916666666667 0.3953703703703705
3 0.3796875 0.35833333333333345 0.35833333333333334 0.35833333333333345 0.35833333333333334 0.38240740740740753 0.3796875 0.38240740740740753
3 0.39427083333333335 0.35092592592592603 0.37552083333333336 0.35092592592592603 0.37552083333333336 0.3712962962962964 0.39427083333333335 0.3712962962962964
3 0.40989583333333335 0.3361111111111112 0.38958333333333334 0.3361111111111112 0.38958333333333334 0.3555555555555557 0.40989583333333335 0.3555555555555557
3 0.43854166666666666 0.3611111111111112 0.4197916666666667 0.3611111111111112 0.4197916666666667 0.3833333333333334 0.43854166666666666 0.3833333333333334
3 0.4666666666666667 0.36203703703703716 0.4484375 0.36203703703703716 0.4484375 0.38240740740740753 0.4666666666666667 0.38240740740740753
11 0.43385416666666665 0.33425925925925937 0.4161458333333333 0.33425925925925937 0.4161458333333333 0.3601851851851853 0.43385416666666665 0.3601851851851853
3 0.42604166666666665 0.32222222222222235 0.40729166666666666 0.32222222222222235 0.40729166666666666 0.34074074074074084 0.42604166666666665 0.34074074074074084
3 0.43697916666666664 0.3111111111111112 0.41770833333333335 0.3111111111111112 0.41770833333333335 0.3333333333333334 0.43697916666666664 0.3333333333333334
3 0.45 0.3037037037037038 0.434375 0.3037037037037038 0.434375 0.3212962962962964 0.45 0.3212962962962964
10 0.4703125 0.2916666666666668 0.44895833333333335 0.2916666666666668 0.44895833333333335 0.3296296296296297 0.4703125 0.3296296296296297
3 0.5005208333333333 0.3037037037037038 0.4859375 0.3037037037037038 0.4859375 0.32037037037037047 0.5005208333333333 0.32037037037037047
3 0.5265625 0.2814814814814816 0.5130208333333334 0.2814814814814816 0.5130208333333334 0.29722222222222233 0.5265625 0.29722222222222233
3 0.5182291666666666 0.2703703703703705 0.5057291666666667 0.2703703703703705 0.5057291666666667 0.28518518518518526 0.5182291666666666 0.28518518518518526
3 0.8979166666666667 0.30833333333333357 0.88125 0.30833333333333357 0.88125 0.3259259259259261 0.8979166666666667 0.3259259259259261
3 0.9015625 0.30462962962962986 0.8848958333333333 0.30462962962962986 0.8848958333333333 0.3212962962962965 0.9015625 0.3212962962962965
3 0.8697916666666666 0.30462962962962986 0.8526041666666667 0.30462962962962986 0.8526041666666667 0.31851851851851876 0.8697916666666666 0.31851851851851876
11 0.846875 0.2981481481481484 0.828125 0.2981481481481484 0.828125 0.31481481481481505 0.846875 0.31481481481481505
2 0.8770833333333333 0.2805555555555558 0.8270833333333333 0.2805555555555558 0.8270833333333333 0.31481481481481505 0.8770833333333333 0.31481481481481505
3 0.8208333333333333 0.29537037037037056 0.8005208333333333 0.29537037037037056 0.8005208333333333 0.3120370370370372 0.8208333333333333 0.3120370370370372
10 0.7921875 0.28333333333333355 0.759375 0.28333333333333355 0.759375 0.30833333333333357 0.7921875 0.30833333333333357
3 0.7958333333333333 0.29074074074074097 0.7807291666666667 0.29074074074074097 0.7807291666666667 0.3037037037037039 0.7958333333333333 0.3037037037037039
3 0.8010416666666667 0.2861111111111113 0.7854166666666667 0.2861111111111113 0.7854166666666667 0.3000000000000002 0.8010416666666667 0.3000000000000002
3 0.765625 0.2851851851851854 0.746875 0.2851851851851854 0.746875 0.29907407407407427 0.765625 0.29907407407407427
3 0.7567708333333333 0.2824074074074076 0.7411458333333333 0.2824074074074076 0.7411458333333333 0.29537037037037056 0.7567708333333333 0.29537037037037056
3 0.74375 0.28703703703703726 0.7276041666666667 0.28703703703703726 0.7276041666666667 0.3000000000000002 0.74375 0.3000000000000002
3 0.7369791666666666 0.28148148148148167 0.7177083333333333 0.2814814814814816 0.7177083333333333 0.2944444444444446 0.7369791666666666 0.2944444444444447
3 0.73125 0.27777777777777796 0.7135416666666666 0.2777777777777779 0.7135416666666666 0.2907407407407409 0.73125 0.29074074074074097
9 0.7177083333333333 0.28055555555555567 0.7041666666666667 0.28055555555555567 0.7041666666666667 0.29722222222222233 0.7177083333333333 0.29722222222222233
11 0.7104166666666667 0.2740740740740742 0.6901041666666666 0.2740740740740742 0.6901041666666666 0.29074074074074086 0.7104166666666667 0.29074074074074086
3 0.690625 0.2814814814814816 0.6765625 0.2814814814814816 0.6765625 0.2916666666666668 0.690625 0.2916666666666668
3 0.696875 0.27314814814814825 0.68125 0.27314814814814825 0.68125 0.2842592592592594 0.696875 0.2842592592592594
3 0.6692708333333334 0.275925925925926 0.6494791666666667 0.275925925925926 0.6494791666666667 0.2879629629629631 0.6692708333333334 0.2879629629629631
3 0.6755208333333333 0.2722222222222223 0.6609375 0.2722222222222223 0.6609375 0.2842592592592594 0.6755208333333333 0.2842592592592594
3 0.665625 0.26944444444444454 0.6484375 0.26944444444444454 0.6484375 0.28055555555555567 0.665625 0.28055555555555567
11 0.6421875 0.2564814814814816 0.6255208333333333 0.2564814814814816 0.6255208333333333 0.2712962962962964 0.6421875 0.2712962962962964
11 0.0979166666666667 0.41574074074074074 0.06302083333333336 0.41574074074074074 0.06302083333333336 0.4546296296296296 0.0979166666666667 0.4546296296296296
11 0.12708333333333335 0.37962962962962965 0.08958333333333336 0.37962962962962965 0.08958333333333336 0.4166666666666667 0.12708333333333335 0.4166666666666667
3 0.19791666666666666 0.3851851851851852 0.16510416666666666 0.3851851851851852 0.16510416666666666 0.41574074074074074 0.19791666666666666 0.41574074074074074
3 0.234375 0.35185185185185186 0.20729166666666668 0.35185185185185186 0.20729166666666668 0.37777777777777777 0.234375 0.37777777777777777
3 0.22447916666666667 0.33611111111111114 0.19947916666666668 0.33611111111111114 0.19947916666666668 0.362962962962963 0.22447916666666667 0.362962962962963
3 0.24635416666666668 0.312962962962963 0.2234375 0.31296296296296294 0.2234375 0.3342592592592593 0.24635416666666668 0.33425925925925937
3 0.2989583333333333 0.29722222222222233 0.27760416666666665 0.29722222222222233 0.27760416666666665 0.32314814814814824 0.2989583333333333 0.32314814814814824
3 0.32135416666666666 0.31481481481481494 0.3 0.31481481481481494 0.3 0.3379629629629631 0.32135416666666666 0.3379629629629631
11 0.2677083333333333 0.34074074074074084 0.24375 0.34074074074074084 0.24375 0.37314814814814823 0.2677083333333333 0.37314814814814823
3 0.37552083333333336 0.288888888888889 0.35885416666666664 0.288888888888889 0.35885416666666664 0.30833333333333346 0.37552083333333336 0.30833333333333346
3 0.37552083333333336 0.2583333333333334 0.359375 0.2583333333333334 0.359375 0.2777777777777779 0.37552083333333336 0.2777777777777779
10 0.4005208333333333 0.24074074074074084 0.371875 0.24074074074074084 0.371875 0.2842592592592594 0.4005208333333333 0.2842592592592594
3 0.42239583333333336 0.2462962962962964 0.4078125 0.2462962962962964 0.4078125 0.26296296296296306 0.42239583333333336 0.26296296296296306
3 0.43125 0.23333333333333345 0.41822916666666665 0.23333333333333345 0.41822916666666665 0.24722222222222232 0.43125 0.24722222222222232
10 0.4635416666666667 0.21944444444444455 0.4395833333333333 0.21944444444444455 0.4395833333333333 0.25925925925925936 0.4635416666666667 0.25925925925925936
3 0.4479166666666667 0.22314814814814826 0.43697916666666664 0.22314814814814826 0.43697916666666664 0.23796296296296307 0.4479166666666667 0.23796296296296307
10 0.46927083333333336 0.213888888888889 0.45 0.213888888888889 0.45 0.23796296296296307 0.46927083333333336 0.23796296296296307
3 0.4432291666666667 0.20925925925925937 0.42864583333333334 0.20925925925925937 0.42864583333333334 0.22314814814814826 0.4432291666666667 0.22314814814814826
8 0.45364583333333336 0.2037037037037038 0.45 0.2037037037037038 0.45 0.21296296296296308 0.45364583333333336 0.21296296296296308
5 0.4546875 0.21296296296296308 0.44947916666666665 0.21296296296296308 0.44947916666666665 0.2185185185185186 0.4546875 0.2185185185185186
3 0.1375 0.20740740740740743 0.1125 0.2074074074074074 0.11250000000000002 0.2268518518518519 0.1375 0.22685185185185192
3 0.12916666666666668 0.1953703703703704 0.10677083333333333 0.19537037037037036 0.10677083333333333 0.20925925925925928 0.12916666666666668 0.2092592592592593
3 0.14270833333333333 0.20277777777777783 0.1234375 0.20277777777777783 0.12343750000000002 0.2157407407407408 0.14270833333333333 0.2157407407407408
3 0.14947916666666666 0.20648148148148154 0.13177083333333334 0.20648148148148154 0.13177083333333334 0.2231481481481482 0.14947916666666666 0.2231481481481482
3 0.15364583333333334 0.20000000000000004 0.13645833333333332 0.20000000000000004 0.13645833333333332 0.21481481481481488 0.15364583333333334 0.21481481481481488
3 0.17604166666666668 0.20092592592592598 0.15625 0.20092592592592598 0.15625 0.21759259259259264 0.17604166666666668 0.21759259259259264
3 0.18385416666666668 0.20740740740740746 0.16197916666666667 0.20740740740740746 0.16197916666666667 0.2231481481481482 0.18385416666666668 0.2231481481481482
3 0.18385416666666668 0.21203703703703708 0.16354166666666667 0.21203703703703708 0.16354166666666667 0.22962962962962968 0.18385416666666668 0.22962962962962968
3 0.16458333333333333 0.21388888888888893 0.14375 0.21388888888888893 0.14375 0.22962962962962968 0.16458333333333333 0.22962962962962968
3 0.196875 0.22129629629629635 0.175 0.22129629629629635 0.175 0.23703703703703705 0.196875 0.23703703703703705
11 0.20625 0.2055555555555556 0.18645833333333334 0.2055555555555556 0.18645833333333334 0.22407407407407412 0.20625 0.22407407407407412
3 0.2125 0.2157407407407408 0.19375 0.2157407407407408 0.19375 0.2333333333333334 0.2125 0.2333333333333334
3 0.22604166666666667 0.22407407407407412 0.20729166666666668 0.22407407407407412 0.20729166666666668 0.2388888888888889 0.22604166666666667 0.2388888888888889
3 0.23385416666666667 0.21851851851851858 0.2171875 0.21851851851851858 0.2171875 0.2333333333333334 0.23385416666666667 0.2333333333333334
3 0.2552083333333333 0.22962962962962968 0.234375 0.22962962962962968 0.234375 0.24537037037037043 0.2552083333333333 0.2453703703703705
3 0.2828125 0.23518518518518525 0.26510416666666664 0.23518518518518525 0.26510416666666664 0.2500000000000001 0.2828125 0.2500000000000001
3 0.24791666666666667 0.2231481481481482 0.23072916666666668 0.2231481481481482 0.23072916666666668 0.2370370370370371 0.24791666666666667 0.23703703703703713
3 0.26197916666666665 0.22222222222222227 0.24635416666666668 0.22222222222222227 0.24635416666666668 0.23703703703703713 0.26197916666666665 0.23703703703703713
3 0.271875 0.22222222222222227 0.25625 0.22222222222222227 0.25625 0.23518518518518525 0.271875 0.23518518518518525
3 0.3026041666666667 0.2231481481481482 0.2833333333333333 0.2231481481481482 0.2833333333333333 0.24074074074074084 0.3026041666666667 0.24074074074074084
11 0.28125 0.22592592592592597 0.26197916666666665 0.22592592592592597 0.26197916666666665 0.24074074074074084 0.28125 0.24074074074074084
11 0.2916666666666667 0.2231481481481482 0.27239583333333334 0.2231481481481482 0.27239583333333334 0.24166666666666678 0.2916666666666667 0.24166666666666678
10 0.24947916666666667 0.20648148148148154 0.22083333333333333 0.20648148148148154 0.22083333333333333 0.23148148148148154 0.24947916666666667 0.23148148148148154
3 0.2296875 0.25277777777777777 0.215625 0.25277777777777777 0.215625 0.27037037037037037 0.2296875 0.27037037037037037
3 0.8739583333333333 0.3175925925925928 0.8520833333333333 0.3175925925925928 0.8520833333333333 0.33333333333333354 0.8739583333333333 0.33333333333333354
3 0.584375 0.24722222222222232 0.5734375 0.24722222222222232 0.5734375 0.26111111111111124 0.584375 0.26111111111111124
3 0.5984375 0.24166666666666678 0.5880208333333333 0.24166666666666678 0.5880208333333333 0.2537037037037038 0.5984375 0.2537037037037038
3 0.6260416666666667 0.22870370370370385 0.6166666666666667 0.22870370370370385 0.6166666666666667 0.24074074074074084 0.6260416666666667 0.24074074074074084
3 0.5666666666666667 0.24351851851851863 0.5572916666666666 0.24351851851851863 0.5572916666666666 0.25925925925925936 0.5666666666666667 0.25925925925925936
3 0.5489583333333333 0.24166666666666678 0.5390625 0.24166666666666678 0.5390625 0.2537037037037038 0.5489583333333333 0.2537037037037038
3 0.5942708333333333 0.22592592592592603 0.5864583333333333 0.22592592592592603 0.5864583333333333 0.23796296296296307 0.5942708333333333 0.23796296296296307
3 0.5817708333333333 0.21574074074074084 0.571875 0.21574074074074084 0.571875 0.22962962962962974 0.5817708333333333 0.22962962962962974
3 0.6078125 0.2203703703703705 0.5994791666666667 0.22037037037037047 0.5994791666666667 0.23333333333333348 0.6078125 0.2333333333333335
3 0.6046875 0.2092592592592594 0.596875 0.20925925925925937 0.596875 0.22129629629629644 0.6046875 0.22129629629629646
3 0.6130208333333333 0.20000000000000015 0.6057291666666667 0.20000000000000015 0.6057291666666667 0.20925925925925942 0.6130208333333333 0.20925925925925942
3 0.6109375 0.19074074074074088 0.6041666666666666 0.19074074074074085 0.6041666666666666 0.20092592592592606 0.6109375 0.2009259259259261
11 0.5182291666666666 0.21203703703703713 0.5078125 0.21203703703703713 0.5078125 0.22777777777777788 0.5182291666666666 0.22777777777777788
3 0.5239583333333333 0.213888888888889 0.5161458333333333 0.213888888888889 0.5161458333333333 0.22500000000000012 0.5239583333333333 0.22500000000000012
3 0.5333333333333333 0.2074074074074075 0.5244791666666667 0.2074074074074075 0.5244791666666667 0.2185185185185186 0.5333333333333333 0.2185185185185186
3 0.5364583333333334 0.20462962962962974 0.5307291666666667 0.20462962962962974 0.5307291666666667 0.21296296296296308 0.5364583333333334 0.21296296296296308
3 0.5260416666666666 0.20185185185185195 0.5177083333333333 0.20185185185185195 0.5177083333333333 0.213888888888889 0.5260416666666666 0.213888888888889
3 0.4942708333333333 0.2000000000000001 0.4817708333333333 0.2000000000000001 0.4817708333333333 0.21481481481481493 0.4942708333333333 0.21481481481481493
10 0.5015625 0.20092592592592604 0.48333333333333334 0.20092592592592604 0.48333333333333334 0.23333333333333345 0.5015625 0.23333333333333345
3 0.5208333333333334 0.19351851851851862 0.5125 0.19351851851851862 0.5125 0.20555555555555566 0.5208333333333334 0.20555555555555566
3 0.5140625 0.19074074074074085 0.5041666666666667 0.19074074074074085 0.5041666666666667 0.2027777777777779 0.5140625 0.2027777777777779
3 0.5182291666666666 0.18333333333333343 0.5104166666666666 0.18333333333333343 0.5104166666666666 0.19166666666666676 0.5182291666666666 0.19166666666666676
3 0.5385416666666667 0.19444444444444456 0.5307291666666667 0.19444444444444456 0.5307291666666667 0.2064814814814816 0.5385416666666667 0.2064814814814816
3 0.534375 0.18796296296296308 0.5265625 0.18796296296296308 0.5265625 0.19907407407407418 0.534375 0.19907407407407418
3 0.5296875 0.18425925925925937 0.5223958333333333 0.18425925925925937 0.5223958333333333 0.19444444444444456 0.5296875 0.19444444444444456
3 0.5572916666666666 0.19444444444444456 0.5473958333333333 0.19444444444444456 0.5473958333333333 0.20555555555555566 0.5572916666666666 0.20555555555555566
3 0.5557291666666667 0.18425925925925937 0.5473958333333333 0.18425925925925937 0.5473958333333333 0.19537037037037047 0.5557291666666667 0.19537037037037047
3 0.5526041666666667 0.1787037037037038 0.5447916666666667 0.1787037037037038 0.5447916666666667 0.19074074074074085 0.5526041666666667 0.19074074074074085
3 0.5510416666666667 0.16851851851851862 0.5442708333333334 0.16851851851851862 0.5442708333333334 0.1777777777777779 0.5510416666666667 0.1777777777777779
3 0.5713541666666667 0.16851851851851862 0.5645833333333333 0.16851851851851862 0.5645833333333333 0.17685185185185195 0.5713541666666667 0.17685185185185195
3 0.6328125 0.18425925925925943 0.6276041666666666 0.18425925925925943 0.6276041666666666 0.19259259259259276 0.6328125 0.19259259259259276
3 0.6322916666666667 0.17407407407407424 0.6265625 0.17407407407407424 0.6265625 0.18240740740740757 0.6322916666666667 0.18240740740740757
3 0.6197916666666666 0.176851851851852 0.6130208333333333 0.176851851851852 0.6130208333333333 0.18425925925925943 0.6197916666666666 0.18425925925925943
11 0.6291666666666667 0.16759259259259274 0.6239583333333333 0.16759259259259274 0.6239583333333333 0.1759259259259261 0.6291666666666667 0.1759259259259261
3 0.6411458333333333 0.17870370370370386 0.6359375 0.17870370370370386 0.6359375 0.18611111111111128 0.6411458333333333 0.18611111111111128
11 0.6442708333333333 0.1722222222222224 0.6395833333333333 0.1722222222222224 0.6395833333333333 0.18148148148148163 0.6442708333333333 0.18148148148148163
11 0.6401041666666667 0.16759259259259274 0.6348958333333333 0.16759259259259274 0.6348958333333333 0.176851851851852 0.6401041666666667 0.176851851851852
11 0.6489583333333333 0.16111111111111126 0.64375 0.16111111111111126 0.64375 0.16851851851851868 0.6489583333333333 0.16851851851851868
3 0.6567708333333333 0.15462962962962978 0.6520833333333333 0.15462962962962978 0.6520833333333333 0.1620370370370372 0.6567708333333333 0.1620370370370372
3 0.6598958333333333 0.15370370370370387 0.6557291666666667 0.15370370370370387 0.6557291666666667 0.1592592592592594 0.6598958333333333 0.1592592592592594
3 0.6598958333333333 0.14907407407407422 0.6557291666666667 0.14907407407407422 0.6557291666666667 0.15648148148148164 0.6598958333333333 0.15648148148148164
3 0.6692708333333334 0.15000000000000016 0.6645833333333333 0.15000000000000016 0.6645833333333333 0.15648148148148164 0.6692708333333334 0.15648148148148164
3 0.6677083333333333 0.1407407407407409 0.6645833333333333 0.1407407407407409 0.6645833333333333 0.1472222222222224 0.6677083333333333 0.1472222222222224
11 0.6739583333333333 0.14259259259259274 0.6697916666666667 0.14259259259259274 0.6697916666666667 0.15000000000000016 0.6739583333333333 0.15000000000000016
11 0.6776041666666667 0.1407407407407409 0.6744791666666666 0.1407407407407409 0.6744791666666666 0.1481481481481483 0.6776041666666667 0.1481481481481483
3 0.6708333333333333 0.1342592592592594 0.6671875 0.1342592592592594 0.6671875 0.13981481481481497 0.6708333333333333 0.13981481481481497
3 0.6765625 0.1333333333333335 0.6734375 0.1333333333333335 0.6734375 0.13796296296296312 0.6765625 0.13796296296296312
11 0.6848958333333334 0.13240740740740756 0.68125 0.13240740740740756 0.68125 0.13888888888888903 0.6848958333333334 0.13888888888888903
4 0.6817708333333333 0.0944444444444446 0.653125 0.09444444444444458 0.653125 0.1333333333333335 0.6817708333333333 0.1333333333333335
4 0.6473958333333333 0.08611111111111125 0.63125 0.08611111111111125 0.63125 0.11018518518518532 0.6473958333333333 0.11018518518518532