4 0.6919117647058823 0.07843137254901973 0.41544117647058826 0.0784313725490197 0.41544117647058826 0.23790849673202624 0.6919117647058823 0.2379084967320263
7 0.1720588235294118 0.26535947712418306 0.1514705882352941 0.265359477124183 0.15147058823529413 0.34901960784313724 0.17205882352941182 0.34901960784313724
7 0.2977941176470588 0.2692810457516341 0.2786764705882353 0.2692810457516341 0.2786764705882353 0.3359477124183007 0.2977941176470588 0.3359477124183007
7 0.28088235294117647 0.281045751633987 0.2698529411764706 0.281045751633987 0.2698529411764706 0.33464052287581697 0.28088235294117647 0.33464052287581697
7 0.27941176470588236 0.2614379084967321 0.2676470588235294 0.2614379084967321 0.2676470588235294 0.3228758169934641 0.27941176470588236 0.3228758169934641
7 0.41323529411764703 0.16993464052287588 0.39705882352941174 0.16993464052287588 0.39705882352941174 0.23398692810457525 0.41323529411764703 0.23398692810457525
1 0.37941176470588234 0.1660130718954249 0.3654411764705882 0.1660130718954249 0.3654411764705882 0.21045751633986937 0.37941176470588234 0.21045751633986937
11 0.5860294117647059 0.5398692810457518 0.42867647058823527 0.5398692810457518 0.42867647058823527 0.7620915032679738 0.5860294117647059 0.7620915032679738
5 0.5794117647058824 0.7503267973856209 0.5036764705882353 0.7503267973856209 0.5036764705882353 0.8418300653594771 0.5794117647058824 0.8418300653594771
8 0.5610294117647059 0.7137254901960784 0.5316176470588235 0.7137254901960784 0.5316176470588235 0.8366013071895425 0.5610294117647059 0.8366013071895425
3 0.8551470588235294 0.7111111111111114 0.6977941176470588 0.7111111111111114 0.6977941176470588 0.9254901960784316 0.8551470588235294 0.9254901960784316
3 0.9169117647058823 0.38562091503267987 0.8102941176470588 0.38562091503267987 0.8102941176470588 0.5189542483660132 0.9169117647058823 0.5189542483660132
3 0.6882352941176471 0.2705882352941178 0.5772058823529411 0.2705882352941178 0.5772058823529411 0.36078431372549036 0.6882352941176471 0.36078431372549036
5 0.7492647058823529 0.26666666666666683 0.7066176470588236 0.26666666666666683 0.7066176470588236 0.3084967320261439 0.7492647058823529 0.3084967320261439
8 0.7352941176470589 0.2509803921568629 0.7242647058823529 0.2509803921568629 0.7242647058823529 0.300653594771242 0.7352941176470589 0.300653594771242
8 0.7455882352941177 0.24183006535947726 0.7360294117647059 0.24183006535947726 0.7360294117647059 0.2862745098039217 0.7455882352941177 0.2862745098039217
7 0.6345588235294117 0.2379084967320263 0.6205882352941177 0.2379084967320263 0.6205882352941177 0.29542483660130736 0.6345588235294117 0.29542483660130736
7 0.5058823529411764 0.24052287581699353 0.4919117647058823 0.24052287581699353 0.4919117647058823 0.3071895424836602 0.5058823529411764 0.3071895424836602
7 0.5051470588235294 0.23790849673202621 0.4963235294117647 0.23790849673202621 0.4963235294117647 0.2993464052287582 0.5051470588235294 0.2993464052287582
7 0.7404411764705883 0.19738562091503284 0.7294117647058823 0.19738562091503284 0.7294117647058823 0.2509803921568629 0.7404411764705883 0.2509803921568629
5 0.7110294117647059 0.19738562091503284 0.6933823529411764 0.19738562091503284 0.6933823529411764 0.23267973856209165 0.7110294117647059 0.23267973856209165
7 0.7316176470588235 0.19346405228758184 0.7227941176470588 0.19346405228758184 0.7227941176470588 0.2339869281045753 0.7316176470588235 0.2339869281045753
3 0.7970588235294118 0.15686274509803938 0.7330882352941176 0.15686274509803935 0.7330882352941176 0.22875816993464068 0.7970588235294118 0.22875816993464068
3 0.7757352941176471 0.1267973856209152 0.711764705882353 0.1267973856209152 0.711764705882353 0.18692810457516354 0.7757352941176471 0.18692810457516354
11 0.2786764705882353 0.09673202614379091 0.2286764705882353 0.09673202614379088 0.2286764705882353 0.15947712418300658 0.2786764705882353 0.1594771241830066
7 0.2691176470588235 0.0575163398692811 0.25588235294117645 0.0575163398692811 0.25588235294117645 0.1032679738562092 0.2691176470588235 0.10326797385620923
8 0.3382352941176471 0.1006535947712419 0.32426470588235295 0.1006535947712419 0.32426470588235295 0.13202614379084976 0.3382352941176471 0.13202614379084976
7 0.34044117647058825 0.03790849673202622 0.3323529411764706 0.03790849673202622 0.3323529411764706 0.07189542483660138 0.34044117647058825 0.07189542483660138
7 0.40147058823529413 0.050980392156862835 0.3926470588235294 0.050980392156862835 0.3926470588235294 0.0875816993464053 0.40147058823529413 0.0875816993464053
7 0.37426470588235294 0.03921568627450989 0.36323529411764705 0.03921568627450989 0.36323529411764705 0.081045751633987 0.37426470588235294 0.081045751633987
7 0.4183823529411765 0.10196078431372556 0.40808823529411764 0.10196078431372556 0.40808823529411764 0.14901960784313734 0.4183823529411765 0.14901960784313734
11 0.9786764705882353 0.22483660130718977 0.9036764705882353 0.22483660130718977 0.9036764705882353 0.3019607843137257 0.9786764705882353 0.3019607843137257
3 1 0.29411764705882376 0.9492647058823529 0.29411764705882376 0.9492647058823529 0.39607843137254917 1 0.39607843137254917