8 0.6723958333333333 0.7185185185185188 0.6354166666666666 0.7185185185185188 0.6354166666666666 0.8462962962962965 0.6723958333333333 0.8462962962962965
1 0.6739583333333333 0.7814814814814817 0.6203125 0.7814814814814817 0.6203125 0.9000000000000002 0.6739583333333333 0.9000000000000002
7 0.6177083333333333 0.6546296296296299 0.5880208333333333 0.6546296296296299 0.5880208333333333 0.7787037037037039 0.6177083333333333 0.7787037037037039
7 0.13697916666666674 0.6638888888888889 0.10520833333333339 0.6638888888888889 0.10520833333333339 0.7981481481481482 0.13697916666666674 0.7981481481481482
8 0.10989583333333339 0.6537037037037037 0.0755208333333334 0.6537037037037037 0.0755208333333334 0.7620370370370371 0.10989583333333339 0.7620370370370371
1 0.10781250000000006 0.6972222222222222 0.05729166666666671 0.6972222222222222 0.05729166666666672 0.8027777777777778 0.10781250000000006 0.8027777777777778
1 0.2135416666666667 0.6601851851851852 0.1692708333333334 0.6601851851851852 0.1692708333333334 0.7351851851851852 0.2135416666666667 0.7351851851851852
3 0.42604166666666665 0.6222222222222222 0.3515625 0.6222222222222222 0.3515625 0.7435185185185185 0.42604166666666665 0.7435185185185185
8 0.45364583333333336 0.6074074074074074 0.4359375 0.6074074074074074 0.4359375 0.6712962962962963 0.45364583333333336 0.6712962962962963
1 0.4713541666666667 0.6388888888888888 0.43125 0.6388888888888888 0.43125 0.6898148148148148 0.4713541666666667 0.6898148148148148
3 0.26406250000000003 0.7722222222222223 0.11093750000000006 0.7722222222222223 0.11093750000000006 1 0.26406250000000003 1
8 0.38541666666666674 0.7601851851851852 0.3182291666666667 0.7601851851851852 0.31822916666666673 0.9787037037037037 0.3854166666666668 0.9787037037037037
5 0.42916666666666675 0.8027777777777778 0.3020833333333333 0.8027777777777778 0.30208333333333337 0.9777777777777777 0.4291666666666668 0.9777777777777777
3 0.5203125 0.5861111111111112 0.4713541666666667 0.5861111111111111 0.4713541666666667 0.6861111111111112 0.5203125 0.6861111111111113
1 0.2473958333333334 0.6074074074074074 0.21666666666666673 0.6074074074074074 0.21666666666666673 0.6666666666666666 0.2473958333333334 0.6666666666666666
1 0.16406250000000006 0.6212962962962963 0.13125000000000003 0.6212962962962963 0.13125000000000003 0.6787037037037037 0.16406250000000006 0.6787037037037037
5 0.19531250000000006 0.5925925925925926 0.1645833333333334 0.5925925925925926 0.1645833333333334 0.6712962962962963 0.19531250000000006 0.6712962962962963
3 0.42552083333333335 0.5555555555555556 0.38229166666666664 0.5555555555555556 0.38229166666666664 0.6268518518518519 0.42552083333333335 0.6268518518518519
8 0.5927083333333333 0.7481481481481483 0.5484375 0.7481481481481483 0.5484375 0.9055555555555558 0.5927083333333333 0.9055555555555558
5 0.609375 0.7953703703703706 0.5338541666666666 0.7953703703703706 0.5338541666666666 0.9435185185185188 0.609375 0.9435185185185188
8 0.9 0.7462962962962965 0.8348958333333333 0.7462962962962965 0.8348958333333333 0.9240740740740743 0.9 0.9240740740740743
8 0.8666666666666667 0.7259259259259261 0.8359375 0.7259259259259261 0.8359375 0.8666666666666669 0.8666666666666667 0.8666666666666669
8 0.8703125 0.7472222222222225 0.8364583333333333 0.7472222222222225 0.8364583333333333 0.8740740740740743 0.8703125 0.8740740740740743
1 0.9057291666666667 0.8203703703703705 0.7989583333333333 0.8203703703703705 0.7989583333333333 0.9222222222222224 0.9057291666666667 0.9222222222222224
1 0.9380208333333333 0.8259259259259262 0.8104166666666667 0.8259259259259262 0.8104166666666667 0.927777777777778 0.9380208333333333 0.927777777777778
9 0.9005208333333333 0.7564814814814816 0.7838541666666666 0.7564814814814816 0.7838541666666666 0.8750000000000002 0.9005208333333333 0.8750000000000002
8 0.7442708333333333 0.902777777777778 0.690625 0.902777777777778 0.690625 1 0.7442708333333333 1
8 0.690625 0.9083333333333335 0.6307291666666667 0.9083333333333335 0.6307291666666667 1 0.690625 1
8 0.7395833333333334 0.8333333333333336 0.6817708333333333 0.8333333333333336 0.6817708333333333 0.9712962962962963 0.7395833333333334 0.9712962962962963
1 0.7130208333333333 0.8898148148148151 0.6666666666666666 0.8898148148148151 0.6666666666666666 1 0.7130208333333333 1
1 0.31354166666666666 0.5879629629629629 0.29010416666666666 0.5879629629629629 0.29010416666666666 0.6287037037037037 0.31354166666666666 0.6287037037037037
3 0.3541666666666667 0.5518518518518518 0.3182291666666667 0.5518518518518518 0.3182291666666667 0.6055555555555555 0.3541666666666667 0.6055555555555555
8 0.4359375 0.5425925925925926 0.42552083333333335 0.5425925925925926 0.42552083333333335 0.575925925925926 0.4359375 0.575925925925926
1 0.43802083333333336 0.5611111111111111 0.42552083333333335 0.5611111111111111 0.42552083333333335 0.5898148148148148 0.43802083333333336 0.5898148148148148
11 0.5 0.5546296296296297 0.45625 0.5546296296296296 0.45625 0.639814814814815 0.5 0.6398148148148151
11 0.47552083333333334 0.5370370370370371 0.453125 0.5370370370370371 0.453125 0.575 0.47552083333333334 0.575
3 0.48489583333333336 0.563888888888889 0.4510416666666667 0.5638888888888889 0.4510416666666667 0.6037037037037039 0.48489583333333336 0.603703703703704
8 0.371875 0.5537037037037037 0.3572916666666667 0.5537037037037037 0.3572916666666667 0.5990740740740741 0.371875 0.5990740740740741
1 0.3765625 0.5768518518518518 0.3546875 0.5768518518518518 0.3546875 0.6083333333333333 0.3765625 0.6083333333333333
3 0.3625 0.5462962962962963 0.334375 0.5462962962962963 0.334375 0.5888888888888889 0.3625 0.5888888888888889
3 0.4125 0.5342592592592592 0.3859375 0.5342592592592592 0.3859375 0.5694444444444444 0.4125 0.5694444444444444
4 0.4671875 0.4981481481481482 0.371875 0.4981481481481482 0.371875 0.5361111111111111 0.4671875 0.5361111111111111
9 0.37395833333333334 0.537962962962963 0.35208333333333336 0.537962962962963 0.35208333333333336 0.5740740740740741 0.37395833333333334 0.5740740740740741
3 0.38177083333333334 0.5314814814814814 0.3609375 0.5314814814814814 0.3609375 0.5611111111111111 0.38177083333333334 0.5611111111111111
8 0.44218750000000007 0.7361111111111112 0.4192708333333333 0.7361111111111112 0.41927083333333337 0.9111111111111111 0.4421875000000001 0.9111111111111111
1 0.49218750000000006 0.7796296296296298 0.39010416666666664 0.7796296296296297 0.39010416666666675 0.9194444444444445 0.4921875000000001 0.9194444444444446
4 0.5671875 0.5398148148148151 0.5223958333333333 0.5398148148148151 0.5223958333333333 0.6583333333333335 0.5671875 0.6583333333333335
7 0.5072916666666667 0.5453703703703706 0.4953125 0.5453703703703706 0.4953125 0.5861111111111114 0.5072916666666667 0.5861111111111114
8 0.49375 0.5425925925925928 0.4859375 0.5425925925925928 0.4859375 0.564814814814815 0.49375 0.564814814814815
4 0.5432291666666667 0.5009259259259261 0.5260416666666666 0.5009259259259261 0.5260416666666666 0.5342592592592594 0.5432291666666667 0.5342592592592594
4 0.596875 0.5194444444444447 0.565625 0.5194444444444447 0.565625 0.5601851851851853 0.596875 0.5601851851851853