3 0.4470588235294118 0.5856209150326799 0.4147058823529412 0.5856209150326799 0.4147058823529412 0.6339869281045754 0.4470588235294118 0.6339869281045754
3 0.5257352941176471 0.5071895424836603 0.5022058823529412 0.5071895424836603 0.5022058823529412 0.5424836601307191 0.5257352941176471 0.5424836601307191
3 0.4889705882352941 0.3986928104575165 0.46838235294117647 0.3986928104575165 0.46838235294117647 0.4300653594771243 0.4889705882352941 0.4300653594771243
3 0.4573529411764706 0.3751633986928106 0.4389705882352941 0.3751633986928106 0.4389705882352941 0.4013071895424838 0.4573529411764706 0.4013071895424838
3 0.5632352941176471 0.37385620915032697 0.5485294117647059 0.37385620915032697 0.5485294117647059 0.3947712418300655 0.5632352941176471 0.3947712418300655
3 0.549264705882353 0.34117647058823547 0.5360294117647059 0.34117647058823547 0.5360294117647059 0.36078431372549036 0.549264705882353 0.36078431372549036
2 0.4389705882352941 0.3006535947712419 0.4117647058823529 0.3006535947712419 0.4117647058823529 0.3385620915032681 0.4389705882352941 0.3385620915032681
10 0.7080882352941177 0.3032679738562093 0.6867647058823529 0.3032679738562093 0.6867647058823529 0.3516339869281047 0.7080882352941177 0.3516339869281047
10 0.7911764705882353 0.24705882352941191 0.7514705882352941 0.24705882352941191 0.7514705882352941 0.27189542483660145 0.7911764705882353 0.27189542483660145
10 0.5110294117647058 0.2287581699346406 0.49926470588235294 0.2287581699346406 0.49926470588235294 0.23660130718954256 0.5110294117647058 0.23660130718954256
10 0.5551470588235294 0.2013071895424838 0.5411764705882353 0.2013071895424838 0.5411764705882353 0.21960784313725504 0.5551470588235294 0.21960784313725504
10 0.9727941176470588 0.25751633986928124 0.9301470588235294 0.25751633986928124 0.9301470588235294 0.2928104575163401 0.9727941176470588 0.2928104575163401
3 0.9330882352941177 0.2692810457516342 0.9073529411764706 0.2692810457516342 0.9073529411764706 0.2849673202614381 0.9330882352941177 0.2849673202614381
4 0.6294117647058823 0.15032679738562107 0.6095588235294118 0.15032679738562107 0.6095588235294118 0.1751633986928106 0.6294117647058823 0.1751633986928106
3 0.6507352941176471 0.1882352941176472 0.6477941176470589 0.1882352941176472 0.6477941176470589 0.19346405228758184 0.6507352941176471 0.19346405228758184
3 0.6051470588235294 0.16993464052287596 0.6014705882352941 0.16993464052287596 0.6014705882352941 0.17647058823529427 0.6051470588235294 0.17647058823529427
3 0.6132352941176471 0.17908496732026158 0.6102941176470589 0.17908496732026158 0.6102941176470589 0.18300653594771257 0.6132352941176471 0.18300653594771257
3 0.6183823529411765 0.18562091503267988 0.6154411764705883 0.18562091503267988 0.6154411764705883 0.19084967320261453 0.6183823529411765 0.19084967320261453
3 0.6139705882352942 0.19607843137254916 0.6110294117647059 0.19607843137254916 0.6110294117647059 0.20261437908496746 0.6139705882352942 0.20261437908496746
3 0.6139705882352942 0.2052287581699348 0.6110294117647059 0.2052287581699348 0.6110294117647059 0.21045751633986942 0.6139705882352942 0.21045751633986942
2 0.6 0.19607843137254916 0.5933823529411765 0.19607843137254916 0.5933823529411765 0.20915032679738577 0.6 0.20915032679738577
2 0.5926470588235294 0.1882352941176472 0.586764705882353 0.1882352941176472 0.586764705882353 0.2013071895424838 0.5926470588235294 0.2013071895424838
2 0.6308823529411764 0.1986928104575165 0.6242647058823529 0.1986928104575165 0.6242647058823529 0.21307189542483676 0.6308823529411764 0.21307189542483676
11 0.5838235294117647 0.2993464052287583 0.5727941176470588 0.2993464052287583 0.5727941176470588 0.32026143790849687 0.5838235294117647 0.32026143790849687
3 0.5397058823529411 0.28496732026143806 0.5308823529411765 0.28496732026143806 0.5308823529411765 0.296732026143791 0.5397058823529411 0.296732026143791