8 0.8270833333333333 0.9185185185185187 0.8125 0.9185185185185187 0.8125 0.9611111111111111 0.8270833333333333 0.9611111111111111
5 0.828125 0.9129629629629632 0.8114583333333333 0.9129629629629632 0.8114583333333333 0.9777777777777777 0.828125 0.9777777777777777
10 0.3104166666666667 0.47037037037037044 0.13854166666666673 0.4703703703703704 0.13854166666666673 0.6370370370370371 0.3104166666666667 0.6370370370370371
6 0.22083333333333333 0.27037037037037037 0.16770833333333332 0.27037037037037037 0.16770833333333332 0.3 0.22083333333333333 0.3
3 0.2520833333333333 0.25370370370370376 0.23125 0.2537037037037037 0.23125 0.27222222222222225 0.2520833333333333 0.2722222222222223
3 0.50625 0.3648148148148149 0.4822916666666667 0.3648148148148149 0.4822916666666667 0.39074074074074083 0.50625 0.39074074074074083
8 0.5739583333333333 0.3277777777777779 0.5697916666666667 0.3277777777777779 0.5697916666666667 0.3462962962962964 0.5739583333333333 0.3462962962962964
5 0.5739583333333333 0.3351851851851853 0.56875 0.3351851851851853 0.56875 0.3500000000000001 0.5739583333333333 0.3500000000000001
10 0.6166666666666667 0.2425925925925927 0.6 0.2425925925925927 0.6 0.26481481481481495 0.6166666666666667 0.26481481481481495
3 0.6541666666666667 0.26296296296296306 0.6395833333333333 0.26296296296296306 0.6395833333333333 0.2814814814814816 0.6541666666666667 0.2814814814814816
7 0.5885416666666666 0.22407407407407418 0.584375 0.22407407407407418 0.584375 0.23888888888888898 0.5885416666666666 0.23888888888888898
0 0.596875 0.22962962962962974 0.5864583333333333 0.22962962962962974 0.5864583333333333 0.2500000000000001 0.596875 0.2500000000000001
10 0.56875 0.21481481481481493 0.5333333333333333 0.21481481481481493 0.5333333333333333 0.26481481481481495 0.56875 0.26481481481481495
3 0.5625 0.17962962962962972 0.5552083333333333 0.17962962962962972 0.5552083333333333 0.19074074074074085 0.5625 0.19074074074074085
3 0.5229166666666667 0.1740740740740742 0.509375 0.1740740740740742 0.509375 0.18703703703703714 0.5229166666666667 0.18703703703703714
3 0.5854166666666667 0.2074074074074075 0.5697916666666667 0.2074074074074075 0.5697916666666667 0.22037037037037047 0.5854166666666667 0.22037037037037047
3 0.609375 0.1814814814814816 0.59375 0.18148148148148158 0.59375 0.1944444444444446 0.609375 0.19444444444444461
3 0.615625 0.17962962962962975 0.5979166666666667 0.17962962962962972 0.5979166666666667 0.19259259259259273 0.615625 0.19259259259259276
3 0.5979166666666667 0.19074074074074085 0.5770833333333333 0.19074074074074085 0.5770833333333333 0.20555555555555566 0.5979166666666667 0.20555555555555566
4 0.640625 0.1444444444444446 0.621875 0.1444444444444446 0.621875 0.16296296296296311 0.640625 0.16296296296296311
7 0.71875 0.1833333333333335 0.715625 0.1833333333333335 0.715625 0.19444444444444461 0.71875 0.19444444444444461
3 0.7364583333333333 0.14629629629629645 0.728125 0.14629629629629645 0.728125 0.15740740740740758 0.7364583333333333 0.15740740740740758
3 0.7375 0.2166666666666668 0.7229166666666667 0.2166666666666668 0.7229166666666667 0.2296296296296298 0.7375 0.2296296296296298
3 0.7416666666666667 0.21296296296296313 0.7302083333333333 0.21296296296296313 0.7302083333333333 0.22407407407407423 0.7416666666666667 0.22407407407407423
3 0.7479166666666667 0.20925925925925942 0.734375 0.20925925925925942 0.734375 0.22037037037037052 0.7479166666666667 0.22037037037037052
4 0.7541666666666667 0.19444444444444461 0.7395833333333334 0.19444444444444461 0.7395833333333334 0.20740740740740757 0.7541666666666667 0.20740740740740757
3 0.7 0.1333333333333335 0.6864583333333333 0.1333333333333335 0.6864583333333333 0.1407407407407409 0.7 0.1407407407407409
3 0.80625 0.15370370370370387 0.7927083333333333 0.15370370370370387 0.7927083333333333 0.16481481481481497 0.80625 0.16481481481481497
11 0.909375 0.15370370370370393 0.8947916666666667 0.15370370370370393 0.8947916666666667 0.16296296296296317 0.909375 0.16296296296296317
11 0.8520833333333333 0.14629629629629648 0.8385416666666666 0.14629629629629645 0.8385416666666666 0.15740740740740758 0.8520833333333333 0.1574074074074076
3 0.79375 0.13518518518518535 0.784375 0.13518518518518535 0.784375 0.14259259259259274 0.79375 0.14259259259259274
3 0.8072916666666666 0.1407407407407409 0.7979166666666667 0.1407407407407409 0.7979166666666667 0.1481481481481483 0.8072916666666666 0.1481481481481483
10 0.8291666666666667 0.1370370370370372 0.8104166666666667 0.1370370370370372 0.8104166666666667 0.15185185185185202 0.8291666666666667 0.15185185185185202
4 0.8354166666666667 0.10925925925925944 0.8291666666666667 0.10925925925925944 0.8291666666666667 0.11851851851851868 0.8354166666666667 0.11851851851851868
3 0.796875 0.11851851851851868 0.7885416666666667 0.11851851851851868 0.7885416666666667 0.12592592592592608 0.796875 0.12592592592592608
4 0.8239583333333333 0.12037037037037053 0.8208333333333333 0.12037037037037053 0.8208333333333333 0.12592592592592608 0.8239583333333333 0.12592592592592608
7 0.71875 0.301851851851852 0.715625 0.301851851851852 0.715625 0.31851851851851865 0.71875 0.31851851851851865