3 0.030147058823529423 0.10588235294117647 7.293852259627619e-18 0.10588235294117647 9.545041228648489e-18 0.17124183006535948 0.030147058823529423 0.17124183006535948
3 0.19411764705882353 0.07581699346405231 0.1125 0.07581699346405231 0.1125 0.1359477124183007 0.19411764705882353 0.1359477124183007
8 0.31985294117647056 0.09019607843137262 0.30367647058823527 0.09019607843137262 0.30367647058823527 0.13071895424836608 0.31985294117647056 0.13071895424836608
9 0.3316176470588235 0.09803921568627458 0.275 0.09803921568627458 0.275 0.13986928104575172 0.3316176470588235 0.13986928104575172
3 0.5691176470588235 0.07712418300653606 0.49779411764705883 0.07712418300653606 0.49779411764705883 0.1320261437908498 0.5691176470588235 0.1320261437908498
3 0.6058823529411764 0.0013071895424837847 0.5397058823529411 0.0013071895424837774 0.5397058823529411 0.045751633986928227 0.6058823529411764 0.04575163398692823
3 0.7727941176470589 1.6120514075050782e-16 0.7080882352941177 1.541614205985492e-16 0.7080882352941177 0.04313725490196094 0.7727941176470589 0.04313725490196095
3 0.9058823529411765 0.01960784313725509 0.8397058823529412 0.019607843137255082 0.8397058823529412 0.06666666666666686 0.9058823529411765 0.06666666666666687
3 0.8838235294117647 0.07712418300653613 0.8154411764705882 0.07712418300653613 0.8154411764705882 0.12941176470588253 0.8838235294117647 0.12941176470588253
3 1 0.4875816993464054 0.9448529411764706 0.4875816993464054 0.9448529411764706 0.6222222222222223 1 0.6222222222222223
8 0.7301470588235294 0.3973856209150328 0.711764705882353 0.3973856209150328 0.711764705882353 0.4549019607843139 0.7301470588235294 0.4549019607843139
1 0.7338235294117647 0.4248366013071897 0.6992647058823529 0.4248366013071897 0.6992647058823529 0.4601307189542485 0.7338235294117647 0.4601307189542485
3 0.8786764705882353 0.7058823529411767 0.7713235294117647 0.7058823529411767 0.7713235294117647 0.9176470588235297 0.8786764705882353 0.9176470588235297
7 0.7161764705882353 0.9267973856209153 0.6897058823529412 0.9267973856209153 0.6897058823529412 0.981699346405229 0.7161764705882353 0.981699346405229
7 0.663235294117647 0.8013071895424837 0.6426470588235295 0.8013071895424837 0.6426470588235295 0.8823529411764706 0.663235294117647 0.8823529411764706
9 0.7242647058823529 0.7751633986928106 0.6404411764705882 0.7751633986928105 0.6404411764705882 0.9490196078431374 0.7242647058823529 0.9490196078431375
7 0.6257352941176471 0.7647058823529411 0.6044117647058823 0.7647058823529411 0.6044117647058823 0.8431372549019608 0.6257352941176471 0.8431372549019608
9 0.674264705882353 0.554248366013072 0.5904411764705882 0.554248366013072 0.5904411764705882 0.7620915032679738 0.674264705882353 0.7620915032679738
7 0.6095588235294118 0.5006535947712419 0.5955882352941176 0.5006535947712419 0.5955882352941176 0.577777777777778 0.6095588235294118 0.577777777777778
8 0.5904411764705882 0.5058823529411767 0.575 0.5058823529411767 0.575 0.5660130718954249 0.5904411764705882 0.5660130718954249
5 0.5882352941176471 0.512418300653595 0.5727941176470588 0.512418300653595 0.5727941176470588 0.577777777777778 0.5882352941176471 0.577777777777778
5 0.5794117647058824 0.5503267973856211 0.5602941176470588 0.5503267973856211 0.5602941176470588 0.6248366013071897 0.5794117647058824 0.6248366013071897
7 0.5705882352941176 0.5660130718954249 0.5551470588235294 0.5660130718954249 0.5551470588235294 0.6261437908496733 0.5705882352941176 0.6261437908496733
7 0.5632352941176471 0.635294117647059 0.5477941176470589 0.635294117647059 0.5477941176470589 0.7137254901960784 0.5632352941176471 0.7137254901960784
7 0.5713235294117647 0.6509803921568629 0.5595588235294118 0.6509803921568629 0.5595588235294118 0.7111111111111111 0.5713235294117647 0.7111111111111111
7 0.5308823529411765 0.7908496732026143 0.5213235294117647 0.7908496732026143 0.5213235294117647 0.8339869281045752 0.5308823529411765 0.8339869281045752
7 0.5220588235294118 0.7620915032679738 0.5073529411764706 0.7620915032679738 0.5073529411764706 0.8431372549019608 0.5220588235294118 0.8431372549019608
9 0.4933823529411765 0.6745098039215687 0.44191176470588234 0.6745098039215687 0.44191176470588234 0.8143790849673203 0.4933823529411765 0.8143790849673203
7 0.45808823529411763 0.6836601307189543 0.44191176470588234 0.6836601307189543 0.44191176470588234 0.7555555555555555 0.45808823529411763 0.7555555555555555
7 0.45441176470588235 0.6457516339869283 0.43676470588235294 0.6457516339869283 0.43676470588235294 0.7241830065359477 0.45441176470588235 0.7241830065359477
7 0.45294117647058824 0.4849673202614381 0.4441176470588235 0.4849673202614381 0.4441176470588235 0.5176470588235296 0.45294117647058824 0.5176470588235296
7 0.44926470588235295 0.4640522875816995 0.43529411764705883 0.4640522875816995 0.43529411764705883 0.5359477124183007 0.44926470588235295 0.5359477124183007
7 0.4264705882352941 0.4797385620915034 0.41323529411764703 0.4797385620915034 0.41323529411764703 0.5464052287581701 0.4264705882352941 0.5464052287581701
5 0.4411764705882353 0.4901960784313727 0.4073529411764706 0.4901960784313727 0.4073529411764706 0.5477124183006538 0.4411764705882353 0.5477124183006538
7 0.4235294117647059 0.5764705882352943 0.4117647058823529 0.5764705882352943 0.4117647058823529 0.6444444444444446 0.4235294117647059 0.6444444444444446
9 0.4536764705882353 0.5385620915032682 0.4036764705882353 0.5385620915032682 0.4036764705882353 0.6379084967320263 0.4536764705882353 0.6379084967320263
7 0.3095588235294118 0.534640522875817 0.29926470588235293 0.534640522875817 0.29926470588235293 0.5777777777777777 0.3095588235294118 0.5777777777777777
7 0.2977941176470589 0.5542483660130719 0.2801470588235294 0.5542483660130719 0.28014705882352947 0.6235294117647059 0.29779411764705893 0.6235294117647059
1 0.2941176470588236 0.5712418300653594 0.26691176470588235 0.5712418300653594 0.2669117647058824 0.6431372549019608 0.2941176470588236 0.6431372549019608
7 0.36029411764705893 0.7856209150326797 0.336764705882353 0.7856209150326797 0.336764705882353 0.8679738562091504 0.36029411764705893 0.8679738562091504
7 0.3764705882352941 0.873202614379085 0.3551470588235295 0.873202614379085 0.3551470588235295 0.9568627450980393 0.3764705882352941 0.9568627450980393
3 0.36470588235294127 0.8143790849673203 0.28676470588235303 0.8143790849673203 0.28676470588235303 0.9986928104575163 0.36470588235294127 0.9986928104575163