10 0.14166666666666666 0.0037037037037037325 0.11979166666666667 0.00370370370370373 0.11979166666666667 0.07962962962962966 0.14166666666666666 0.07962962962962966
10 0.20625000000000002 0.3148148148148148 0.15729166666666666 0.3148148148148148 0.1572916666666667 0.5111111111111111 0.20625000000000007 0.5111111111111111
3 0.23854166666666674 0.6481481481481481 0.20520833333333338 0.6481481481481481 0.20520833333333338 0.737037037037037 0.23854166666666674 0.737037037037037
10 0.2510416666666667 0.5148148148148148 0.22812500000000005 0.5148148148148148 0.22812500000000005 0.575925925925926 0.2510416666666667 0.575925925925926
0 0.2791666666666667 0.2796296296296297 0.23854166666666668 0.2796296296296296 0.23854166666666668 0.3222222222222223 0.2791666666666667 0.32222222222222235
3 0.3854166666666667 0.5944444444444444 0.321875 0.5944444444444444 0.321875 0.6592592592592592 0.3854166666666667 0.6592592592592592
5 0.3729166666666667 0.6592592592592592 0.3489583333333333 0.6592592592592592 0.3489583333333333 0.6944444444444444 0.3729166666666667 0.6944444444444444
3 0.3958333333333333 0.7296296296296296 0.325 0.7296296296296296 0.325 0.8166666666666667 0.3958333333333333 0.8166666666666667
3 0.44270833333333337 0.8481481481481481 0.3625 0.8481481481481481 0.36250000000000004 0.9388888888888889 0.4427083333333334 0.9388888888888889
3 0.6177083333333333 0.3851851851851853 0.5791666666666667 0.3851851851851853 0.5791666666666667 0.42592592592592604 0.6177083333333333 0.42592592592592604
3 0.6510416666666666 0.4148148148148149 0.6072916666666667 0.4148148148148149 0.6072916666666667 0.47777777777777797 0.6510416666666666 0.47777777777777797
3 0.671875 0.39814814814814825 0.6260416666666667 0.39814814814814825 0.6260416666666667 0.45555555555555566 0.671875 0.45555555555555566
5 0.7864583333333334 0.3518518518518521 0.775 0.3518518518518521 0.775 0.377777777777778 0.7864583333333334 0.377777777777778
5 0.8229166666666666 0.3240740740740743 0.8072916666666666 0.3240740740740743 0.8072916666666666 0.3500000000000002 0.8229166666666666 0.3500000000000002
11 0.8020833333333334 0.201851851851852 0.7645833333333333 0.201851851851852 0.7645833333333333 0.2388888888888891 0.8020833333333334 0.2388888888888891
11 0.6135416666666667 0.003703703703703836 0.6052083333333333 0.0037037037037038353 0.6052083333333333 0.022222222222222355 0.6135416666666667 0.022222222222222355
9 0.4427083333333333 0.30925925925925934 0.415625 0.30925925925925934 0.415625 0.34259259259259267 0.4427083333333333 0.34259259259259267
7 0.9416666666666667 0.19074074074074096 0.93125 0.19074074074074096 0.93125 0.214814814814815 0.9416666666666667 0.214814814814815
3 0.89375 0.12407407407407428 0.8604166666666667 0.12407407407407428 0.8604166666666667 0.15000000000000022 0.89375 0.15000000000000022
0 0.7697916666666667 0.15370370370370387 0.7510416666666667 0.15370370370370387 0.7510416666666667 0.1870370370370372 0.7697916666666667 0.1870370370370372