10 0.5955882352941176 0.8993464052287582 0.5455882352941176 0.8993464052287582 0.5455882352941176 1 0.5955882352941176 1
3 0.7139705882352941 0.8379084967320263 0.6352941176470588 0.8379084967320262 0.6352941176470588 0.9019607843137256 0.7139705882352941 0.9019607843137258
5 0.7389705882352942 0.8810457516339872 0.725735294117647 0.8810457516339872 0.725735294117647 0.93202614379085 0.7389705882352942 0.93202614379085
11 0.6073529411764705 0.742483660130719 0.5477941176470589 0.742483660130719 0.5477941176470589 0.8601307189542484 0.6073529411764705 0.8601307189542484
3 0.6639705882352941 0.7111111111111111 0.5941176470588235 0.7111111111111111 0.5941176470588235 0.7660130718954249 0.6639705882352941 0.7660130718954249
3 0.5014705882352941 0.8366013071895425 0.4713235294117647 0.8366013071895425 0.4713235294117647 0.934640522875817 0.5014705882352941 0.934640522875817
3 0.4235294117647059 0.7254901960784313 0.39338235294117646 0.7254901960784313 0.39338235294117646 0.8248366013071895 0.4235294117647059 0.8248366013071895
10 0.5882352941176471 0.5973856209150328 0.5441176470588235 0.5973856209150328 0.5441176470588235 0.722875816993464 0.5882352941176471 0.722875816993464
5 0.6367647058823529 0.6496732026143792 0.6139705882352942 0.6496732026143792 0.6139705882352942 0.6745098039215687 0.6367647058823529 0.6745098039215687
5 0.6477941176470589 0.6026143790849675 0.625 0.6026143790849675 0.625 0.627450980392157 0.6477941176470589 0.627450980392157
5 0.6279411764705882 0.5686274509803924 0.6139705882352942 0.5686274509803924 0.6139705882352942 0.5973856209150328 0.6279411764705882 0.5973856209150328
5 0.638235294117647 0.5529411764705884 0.6183823529411765 0.5529411764705884 0.6183823529411765 0.5764705882352943 0.638235294117647 0.5764705882352943
3 0.5102941176470588 0.5568627450980393 0.4852941176470588 0.5568627450980393 0.4852941176470588 0.6209150326797387 0.5102941176470588 0.6209150326797387
10 0.6338235294117647 0.4339869281045753 0.5698529411764706 0.4339869281045753 0.5698529411764706 0.49150326797385635 0.6338235294117647 0.49150326797385635
3 0.6147058823529412 0.42614379084967335 0.5713235294117647 0.42614379084967335 0.5713235294117647 0.4509803921568629 0.6147058823529412 0.4509803921568629
3 0.6044117647058823 0.40261437908496744 0.5617647058823529 0.40261437908496744 0.5617647058823529 0.43660130718954265 0.6044117647058823 0.43660130718954265
3 0.6889705882352941 0.3647058823529413 0.6691176470588235 0.3647058823529413 0.6691176470588235 0.4052287581699348 0.6889705882352941 0.4052287581699348
3 0.5169117647058824 0.4196078431372551 0.49558823529411766 0.4196078431372551 0.49558823529411766 0.46535947712418313 0.5169117647058824 0.46535947712418313
3 0.6205882352941177 0.37385620915032697 0.5772058823529411 0.37385620915032697 0.5772058823529411 0.4117647058823531 0.6205882352941177 0.4117647058823531
3 0.5904411764705882 0.3568627450980394 0.549264705882353 0.3568627450980394 0.549264705882353 0.3895424836601309 0.5904411764705882 0.3895424836601309
11 0.6169117647058824 0.3320261437908498 0.5698529411764706 0.3320261437908498 0.5698529411764706 0.3725490196078433 0.6169117647058824 0.3725490196078433
3 0.6213235294117647 0.3215686274509805 0.5823529411764706 0.3215686274509805 0.5823529411764706 0.35294117647058837 0.6213235294117647 0.35294117647058837
3 0.65 0.3058823529411766 0.6095588235294118 0.3058823529411766 0.6095588235294118 0.33725490196078445 0.65 0.33725490196078445
7 0.6933823529411764 0.29542483660130736 0.6852941176470588 0.29542483660130736 0.6852941176470588 0.3228758169934642 0.6933823529411764 0.3228758169934642
3 0.6058823529411764 0.3084967320261439 0.5647058823529412 0.3084967320261439 0.5647058823529412 0.33725490196078445 0.6058823529411764 0.33725490196078445
3 0.6125 0.2836601307189544 0.5705882352941176 0.2836601307189544 0.5705882352941176 0.3189542483660132 0.6125 0.3189542483660132
3 0.5919117647058824 0.27450980392156876 0.5544117647058824 0.27450980392156876 0.5544117647058824 0.30196078431372564 0.5919117647058824 0.30196078431372564
3 0.600735294117647 0.2601307189542485 0.5617647058823529 0.2601307189542485 0.5617647058823529 0.28888888888888903 0.600735294117647 0.28888888888888903
3 0.6110294117647059 0.2444444444444446 0.575 0.2444444444444446 0.575 0.2732026143790851 0.6110294117647059 0.2732026143790851
3 0.6066176470588235 0.231372549019608 0.5654411764705882 0.231372549019608 0.5654411764705882 0.25882352941176484 0.6066176470588235 0.25882352941176484
3 0.611764705882353 0.21568627450980407 0.5742647058823529 0.21568627450980407 0.5742647058823529 0.2444444444444446 0.611764705882353 0.2444444444444446
5 0.6794117647058824 0.21307189542483676 0.6683823529411764 0.21307189542483676 0.6683823529411764 0.23006535947712434 0.6794117647058824 0.23006535947712434
3 0.6727941176470589 0.17124183006535962 0.6580882352941176 0.17124183006535962 0.6580882352941176 0.20392156862745112 0.6727941176470589 0.20392156862745112
11 0.6536764705882353 0.166013071895425 0.6375 0.166013071895425 0.6375 0.19607843137254916 0.6536764705882353 0.19607843137254916
3 0.6191176470588236 0.18431372549019623 0.5838235294117647 0.18431372549019623 0.5838235294117647 0.2078431372549021 0.6191176470588236 0.2078431372549021
3 0.6154411764705883 0.17124183006535962 0.5823529411764706 0.17124183006535962 0.5823529411764706 0.19346405228758184 0.6154411764705883 0.19346405228758184
9 0.6948529411764706 0.1359477124183008 0.6794117647058824 0.1359477124183008 0.6794117647058824 0.15686274509803935 0.6948529411764706 0.15686274509803935
8 0.6897058823529412 0.13464052287581715 0.6823529411764706 0.13464052287581715 0.6823529411764706 0.15424836601307204 0.6897058823529412 0.15424836601307204
7 0.6580882352941176 0.1359477124183008 0.6544117647058824 0.1359477124183008 0.6544117647058824 0.15686274509803935 0.6580882352941176 0.15686274509803935
7 0.6544117647058824 0.13464052287581715 0.6507352941176471 0.13464052287581715 0.6507352941176471 0.15294117647058839 0.6544117647058824 0.15294117647058839
7 0.6514705882352941 0.1359477124183008 0.6463235294117647 0.1359477124183008 0.6463235294117647 0.15424836601307204 0.6514705882352941 0.15424836601307204
3 0.6786764705882353 0.11503267973856224 0.663235294117647 0.11503267973856224 0.663235294117647 0.1359477124183008 0.6786764705882353 0.1359477124183008
11 0.663235294117647 0.10718954248366028 0.6463235294117647 0.10718954248366028 0.6463235294117647 0.13333333333333347 0.663235294117647 0.13333333333333347
3 0.6463235294117647 0.11372549019607858 0.6316176470588235 0.11372549019607858 0.6316176470588235 0.13856209150326812 0.6463235294117647 0.13856209150326812
3 0.6316176470588235 0.11241830065359491 0.6125 0.11241830065359491 0.6125 0.13856209150326812 0.6316176470588235 0.13856209150326812
7 0.6139705882352942 0.1163398692810459 0.6095588235294118 0.1163398692810459 0.6095588235294118 0.1359477124183008 0.6139705882352942 0.1359477124183008
7 0.6095588235294118 0.12026143790849687 0.6036764705882353 0.12026143790849687 0.6036764705882353 0.13986928104575178 0.6095588235294118 0.13986928104575178
3 0.6235294117647059 0.1450980392156864 0.5933823529411765 0.1450980392156864 0.5933823529411765 0.16993464052287596 0.6235294117647059 0.16993464052287596
3 0.5970588235294118 0.12287581699346416 0.5816176470588236 0.12287581699346416 0.5816176470588236 0.14901960784313736 0.5970588235294118 0.14901960784313736
7 0.6522058823529412 0.08888888888888903 0.649264705882353 0.08888888888888903 0.649264705882353 0.10457516339869295 0.6522058823529412 0.10457516339869295
7 0.6514705882352941 0.08496732026143805 0.6470588235294118 0.08496732026143805 0.6470588235294118 0.10196078431372564 0.6514705882352941 0.10196078431372564
7 0.6397058823529411 0.09673202614379099 0.6367647058823529 0.09673202614379099 0.6367647058823529 0.11503267973856224 0.6397058823529411 0.11503267973856224
7 0.6029411764705882 0.06928104575163412 0.5992647058823529 0.06928104575163412 0.5992647058823529 0.08888888888888903 0.6029411764705882 0.08888888888888903
7 0.5735294117647058 0.10065359477124194 0.5698529411764706 0.10065359477124194 0.5698529411764706 0.11895424836601318 0.5735294117647058 0.11895424836601318
7 0.5720588235294117 0.09673202614379096 0.5661764705882353 0.09673202614379096 0.5661764705882353 0.11633986928104587 0.5720588235294117 0.11633986928104587
3 0.575 0.13986928104575175 0.5441176470588235 0.13986928104575175 0.5441176470588235 0.16601307189542494 0.575 0.16601307189542494
3 0.5580882352941177 0.11764705882352952 0.5441176470588235 0.11764705882352952 0.5441176470588235 0.13725490196078444 0.5580882352941177 0.13725490196078444
7 0.549264705882353 0.1019607843137256 0.5448529411764705 0.1019607843137256 0.5448529411764705 0.11764705882352952 0.549264705882353 0.11764705882352952
7 0.5419117647058823 0.14379084967320271 0.5375 0.14379084967320271 0.5375 0.16209150326797397 0.5419117647058823 0.16209150326797397
7 0.5470588235294118 0.08627450980392168 0.5433823529411764 0.08627450980392168 0.5433823529411764 0.10588235294117658 0.5470588235294118 0.10588235294117658
3 0.5544117647058824 0.023529411764706003 0.5426470588235294 0.023529411764706003 0.5426470588235294 0.04444444444444456 0.5544117647058824 0.04444444444444456
3 0.5536764705882353 0.010457516339869402 0.5441176470588235 0.010457516339869402 0.5441176470588235 0.027450980392156984 0.5536764705882353 0.027450980392156984
2 0.5330882352941176 0.003921568627451095 0.5169117647058824 0.003921568627451093 0.5169117647058824 0.050980392156862855 0.5330882352941176 0.050980392156862855
3 0.5213235294117647 0.0823529411764707 0.5088235294117647 0.0823529411764707 0.5088235294117647 0.1019607843137256 0.5213235294117647 0.1019607843137256
3 0.5404411764705882 0.11633986928104587 0.5220588235294118 0.11633986928104587 0.5220588235294118 0.1411764705882354 0.5404411764705882 0.1411764705882354
3 0.524264705882353 0.15686274509803932 0.5102941176470588 0.15686274509803932 0.5102941176470588 0.18169934640522886 0.524264705882353 0.18169934640522892
3 0.5272058823529412 0.19084967320261453 0.513235294117647 0.19084967320261453 0.513235294117647 0.21437908496732042 0.5272058823529412 0.21437908496732042
11 0.5073529411764706 0.16862745098039222 0.4919117647058823 0.16862745098039222 0.4919117647058823 0.20130718954248372 0.5073529411764706 0.20130718954248372
3 0.4985294117647059 1.0717660549400693e-16 0.4860294117647059 1.0581588682828764e-16 0.4860294117647059 0.007843137254902068 0.4985294117647059 0.00784313725490207
9 0.48308823529411765 0.0013071895424837646 0.4764705882352941 0.0013071895424837641 0.4764705882352941 0.013071895424836706 0.48308823529411765 0.013071895424836708
11 0.4742647058823529 0.0065359477124184015 0.4625 0.006535947712418401 0.4625 0.028758169934640625 0.4742647058823529 0.028758169934640625
3 0.4441176470588235 9.557047569816599e-17 0.4338235294117647 9.444988385580893e-17 0.4338235294117647 0.013071895424836697 0.4441176470588235 0.013071895424836699
3 0.4808823529411765 0.03137254901960795 0.4713235294117647 0.03137254901960795 0.4713235294117647 0.05228758169934652 0.4808823529411765 0.05228758169934652
3 0.4632352941176471 0.03660130718954258 0.45294117647058824 0.03660130718954258 0.45294117647058824 0.054901960784313815 0.4632352941176471 0.054901960784313815
9 0.4522058823529412 0.04183006535947722 0.44191176470588234 0.04183006535947722 0.44191176470588234 0.05620915032679748 0.4522058823529412 0.05620915032679748
10 0.4742647058823529 0.05882352941176481 0.4610294117647059 0.0588235294117648 0.4610294117647059 0.09150326797385631 0.4742647058823529 0.09150326797385631
10 0.4772058823529412 0.08235294117647068 0.4610294117647059 0.08235294117647068 0.4610294117647059 0.12026143790849685 0.4772058823529412 0.12026143790849685
3 0.4551470588235294 0.07973856209150336 0.4279411764705882 0.07973856209150336 0.4279411764705882 0.1019607843137256 0.4551470588235294 0.1019607843137256
7 0.4727941176470588 0.11895424836601318 0.4698529411764706 0.11895424836601318 0.4698529411764706 0.13725490196078444 0.4727941176470588 0.13725490196078444
7 0.4764705882352941 0.12941176470588248 0.47205882352941175 0.12941176470588248 0.47205882352941175 0.1477124183006537 0.4764705882352941 0.1477124183006537
9 0.4875 0.15032679738562102 0.4786764705882353 0.15032679738562102 0.4786764705882353 0.17124183006535956 0.4875 0.17124183006535956
8 0.4860294117647059 0.15294117647058836 0.4808823529411765 0.15294117647058836 0.4808823529411765 0.16732026143790857 0.4860294117647059 0.16732026143790857
7 0.4676470588235294 0.1385620915032681 0.4625 0.1385620915032681 0.4625 0.16078431372549032 0.4676470588235294 0.16078431372549032
8 0.4647058823529412 0.15032679738562102 0.4602941176470588 0.15032679738562102 0.4602941176470588 0.16078431372549032 0.4647058823529412 0.16078431372549032
7 0.44926470588235295 0.11372549019607854 0.4455882352941177 0.11372549019607854 0.4455882352941177 0.1320261437908498 0.44926470588235295 0.1320261437908498
7 0.4455882352941177 0.10980392156862756 0.43970588235294117 0.10980392156862756 0.43970588235294117 0.1320261437908498 0.4455882352941177 0.1320261437908498
5 0.46691176470588236 0.16601307189542494 0.46176470588235297 0.16601307189542494 0.46176470588235297 0.18431372549019615 0.46691176470588236 0.18431372549019615
5 0.4213235294117647 0.2222222222222223 0.40588235294117647 0.2222222222222223 0.40588235294117647 0.23790849673202621 0.4213235294117647 0.23790849673202621
1 0.42426470588235293 0.18431372549019615 0.41323529411764703 0.18431372549019615 0.41323529411764703 0.19738562091503276 0.42426470588235293 0.19738562091503276
5 0.4279411764705882 0.17516339869281053 0.4176470588235294 0.17516339869281053 0.4176470588235294 0.1895424836601308 0.4279411764705882 0.1895424836601308
1 0.4264705882352941 0.1633986928104576 0.4147058823529412 0.1633986928104576 0.4147058823529412 0.17516339869281053 0.4264705882352941 0.17516339869281053
7 0.4375 0.16862745098039222 0.4345588235294118 0.16862745098039222 0.4345588235294118 0.18692810457516348 0.4375 0.18692810457516348
7 0.4602941176470588 0.1856209150326798 0.4573529411764706 0.1856209150326798 0.4573529411764706 0.20784313725490203 0.4602941176470588 0.20784313725490203
7 0.4647058823529412 0.1856209150326798 0.4610294117647059 0.1856209150326798 0.4610294117647059 0.2026143790849674 0.4647058823529412 0.2026143790849674
3 0.4786764705882353 0.19084967320261445 0.4610294117647059 0.19084967320261445 0.4610294117647059 0.22091503267973864 0.4786764705882353 0.22091503267973864
7 0.43676470588235294 0.25751633986928113 0.43161764705882355 0.25751633986928113 0.43161764705882355 0.284967320261438 0.43676470588235294 0.284967320261438
11 0.45294117647058824 0.25359477124183016 0.4323529411764706 0.25359477124183016 0.4323529411764706 0.29803921568627456 0.45294117647058824 0.29803921568627456
3 0.4860294117647059 0.3071895424836602 0.4676470588235294 0.3071895424836602 0.4676470588235294 0.35032679738562106 0.4860294117647059 0.35032679738562106
7 0.4088235294117647 0.2666666666666667 0.40441176470588236 0.2666666666666667 0.40441176470588236 0.284967320261438 0.4088235294117647 0.284967320261438
7 0.4036764705882353 0.2941176470588236 0.3985294117647059 0.2941176470588236 0.3985294117647059 0.3137254901960785 0.4036764705882353 0.3137254901960785
11 0.43529411764705883 0.28235294117647064 0.39926470588235297 0.28235294117647064 0.39926470588235297 0.32156862745098047 0.43529411764705883 0.32156862745098047
3 0.4338235294117647 0.3333333333333334 0.4176470588235294 0.3333333333333334 0.4176470588235294 0.3764705882352943 0.4338235294117647 0.3764705882352943
3 0.4117647058823529 0.3437908496732028 0.36764705882352944 0.3437908496732028 0.36764705882352944 0.38039215686274525 0.4117647058823529 0.38039215686274525
3 0.40661764705882353 0.3869281045751635 0.3654411764705882 0.3869281045751635 0.3654411764705882 0.42091503267973873 0.40661764705882353 0.42091503267973873
11 0.43676470588235294 0.38562091503267987 0.40661764705882353 0.38562091503267987 0.40661764705882353 0.4509803921568629 0.43676470588235294 0.4509803921568629
7 0.43676470588235294 0.38039215686274525 0.43161764705882355 0.38039215686274525 0.43161764705882355 0.40000000000000013 0.43676470588235294 0.40000000000000013
7 0.4308823529411765 0.3790849673202616 0.42573529411764705 0.3790849673202616 0.42573529411764705 0.40000000000000013 0.4308823529411765 0.40000000000000013
9 0.3698529411764706 0.512418300653595 0.3558823529411765 0.512418300653595 0.3558823529411765 0.5568627450980393 0.3698529411764706 0.5568627450980393
3 0.986764705882353 0.2640522875816996 0.9514705882352941 0.2640522875816996 0.9514705882352941 0.30457516339869306 0.986764705882353 0.30457516339869306
3 0.924264705882353 0.2627450980392159 0.9022058823529412 0.2627450980392159 0.9022058823529412 0.30457516339869306 0.924264705882353 0.30457516339869306
3 0.9404411764705882 0.34117647058823547 0.8970588235294118 0.34117647058823547 0.8970588235294118 0.38039215686274525 0.9404411764705882 0.38039215686274525
3 0.9066176470588235 0.366013071895425 0.8580882352941176 0.366013071895425 0.8580882352941176 0.41045751633986943 0.9066176470588235 0.41045751633986943
3 0.7941176470588235 0.36339869281045767 0.7558823529411764 0.36339869281045767 0.7558823529411764 0.40392156862745116 0.7941176470588235 0.40392156862745116
3 0.8588235294117647 0.4222222222222224 0.8375 0.4222222222222224 0.8375 0.4705882352941178 0.8588235294117647 0.4705882352941178
3 0.8867647058823529 0.4300653594771243 0.8639705882352942 0.4300653594771243 0.8639705882352942 0.4732026143790851 0.8867647058823529 0.4732026143790851
1 0.9441176470588235 0.33333333333333354 0.9323529411764706 0.33333333333333354 0.9323529411764706 0.3516339869281047 0.9441176470588235 0.3516339869281047
11 1 0.42091503267973873 0.9830882352941176 0.42091503267973873 0.9830882352941176 0.4509803921568629 1 0.4509803921568629