4 0.5698529411764706 0.0013071895424837823 0.5507352941176471 0.0013071895424837804 0.5507352941176471 0.26928104575163414 0.5698529411764706 0.26928104575163414
3 0.5022058823529412 1.0749677459182322e-16 0.4852941176470588 1.056558022793795e-16 0.4852941176470588 0.0627450980392158 0.5022058823529412 0.0627450980392158
7 0.4073529411764706 8.804650189948292e-17 0.40147058823529413 8.74061637038503e-17 0.40147058823529413 0.014379084967320349 0.4073529411764706 0.014379084967320349
3 0.39338235294117646 8.164311994315688e-17 0.35661764705882354 7.764100622045312e-17 0.35661764705882354 0.033986928104575244 0.39338235294117646 0.033986928104575244
3 0.47352941176470587 0.04705882352941187 0.4573529411764706 0.047058823529411854 0.4573529411764706 0.10718954248366024 0.47352941176470587 0.10718954248366024
3 0.4713235294117647 0.2784313725490197 0.4566176470588235 0.2784313725490197 0.4566176470588235 0.34117647058823547 0.4713235294117647 0.34117647058823547
3 0.5022058823529412 0.3006535947712419 0.4808823529411765 0.3006535947712419 0.4808823529411765 0.36732026143790864 0.5022058823529412 0.36732026143790864
3 0.5125 0.3816993464052289 0.4801470588235294 0.3816993464052289 0.4801470588235294 0.43921568627450996 0.5125 0.43921568627450996
3 0.44779411764705884 0.40000000000000013 0.43161764705882355 0.40000000000000013 0.43161764705882355 0.46928104575163415 0.44779411764705884 0.46928104575163415
3 0.4485294117647059 0.5150326797385623 0.43161764705882355 0.5150326797385623 0.43161764705882355 0.5764705882352943 0.4485294117647059 0.5764705882352943
3 0.5632352941176471 0.5424836601307191 0.5294117647058824 0.5424836601307191 0.5294117647058824 0.5803921568627453 0.5632352941176471 0.5803921568627453
5 0.5205882352941177 0.13986928104575175 0.5058823529411764 0.13986928104575175 0.5058823529411764 0.15816993464052298 0.5205882352941177 0.15816993464052298
7 0.4852941176470588 0.0954248366013073 0.48161764705882354 0.0954248366013073 0.48161764705882354 0.11241830065359489 0.4852941176470588 0.11241830065359489
7 0.4889705882352941 0.09934640522875827 0.4860294117647059 0.09934640522875827 0.4860294117647059 0.11241830065359489 0.4889705882352941 0.11241830065359489
3 0.39191176470588235 0.05620915032679747 0.35661764705882354 0.05620915032679746 0.35661764705882354 0.08888888888888896 0.39191176470588235 0.08888888888888896
7 0.3779411764705882 0.07973856209150335 0.3735294117647059 0.07973856209150335 0.3735294117647059 0.09281045751633994 0.3779411764705882 0.09281045751633994
7 0.4117647058823529 0.1529411764705883 0.40661764705882353 0.1529411764705883 0.40661764705882353 0.1660130718954249 0.4117647058823529 0.1660130718954249
7 0.3948529411764706 0.14248366013071903 0.35955882352941176 0.14248366013071903 0.35955882352941176 0.1660130718954249 0.3948529411764706 0.1660130718954249
7 0.3985294117647059 0.16993464052287588 0.39338235294117646 0.16993464052287588 0.39338235294117646 0.18431372549019615 0.3985294117647059 0.18431372549019615
7 0.3977941176470588 0.15424836601307196 0.39338235294117646 0.15424836601307196 0.39338235294117646 0.16732026143790857 0.3977941176470588 0.16732026143790857
7 0.4036764705882353 0.2222222222222223 0.4 0.2222222222222223 0.4 0.2313725490196079 0.4036764705882353 0.2313725490196079
5 0.48161764705882354 0.15816993464052298 0.4764705882352941 0.15816993464052298 0.4764705882352941 0.17908496732026152 0.48161764705882354 0.17908496732026152
8 0.4823529411764706 0.15947712418300664 0.4764705882352941 0.15947712418300664 0.4764705882352941 0.17516339869281053 0.4823529411764706 0.17516339869281053
5 0.48161764705882354 0.20784313725490203 0.4772058823529412 0.20784313725490203 0.4772058823529412 0.23006535947712425 0.48161764705882354 0.23006535947712425
8 0.4808823529411765 0.21176470588235302 0.4764705882352941 0.21176470588235302 0.4764705882352941 0.2248366013071896 0.4808823529411765 0.2248366013071896
5 0.4264705882352941 0.2287581699346406 0.41911764705882354 0.2287581699346406 0.41911764705882354 0.25359477124183016 0.4264705882352941 0.25359477124183016
8 0.42573529411764705 0.23006535947712425 0.4198529411764706 0.23006535947712425 0.4198529411764706 0.2483660130718955 0.42573529411764705 0.2483660130718955
3 0.4125 0.3098039215686275 0.3985294117647059 0.3098039215686275 0.3985294117647059 0.37385620915032697 0.4125 0.37385620915032697
3 0.5595588235294118 0.4300653594771243 0.5235294117647059 0.4300653594771243 0.5235294117647059 0.46535947712418313 0.5595588235294118 0.46535947712418313
5 0.5705882352941176 0.44836601307189555 0.5625 0.44836601307189555 0.5625 0.4679738562091505 0.5705882352941176 0.4679738562091505
3 0.5580882352941177 0.4849673202614381 0.5205882352941177 0.4849673202614381 0.5205882352941177 0.5294117647058825 0.5580882352941177 0.5294117647058825
3 0.45073529411764707 0.6470588235294119 0.43529411764705883 0.6470588235294119 0.43529411764705883 0.7137254901960784 0.45073529411764707 0.7137254901960784
3 0.3941176470588235 0.5660130718954249 0.3639705882352941 0.5660130718954249 0.3639705882352941 0.6000000000000002 0.3941176470588235 0.6000000000000002
8 0.3272058823529412 0.284967320261438 0.3191176470588235 0.284967320261438 0.3191176470588235 0.2941176470588236 0.3272058823529412 0.2941176470588236
7 0.3448529411764706 0.2745098039215687 0.34044117647058825 0.2745098039215687 0.34044117647058825 0.2875816993464053 0.3448529411764706 0.2875816993464053
7 0.3492647058823529 0.2692810457516341 0.34411764705882353 0.2692810457516341 0.34411764705882353 0.281045751633987 0.3492647058823529 0.281045751633987
5 0.5698529411764706 0.33725490196078445 0.5647058823529412 0.33725490196078445 0.5647058823529412 0.3594771241830067 0.5698529411764706 0.3594771241830067
4 0.47573529411764703 0.4052287581699348 0.4698529411764706 0.4052287581699348 0.4698529411764706 0.42614379084967335 0.47573529411764703 0.42614379084967335
9 0.42426470588235293 0.63921568627451 0.4183823529411765 0.63921568627451 0.4183823529411765 0.6627450980392159 0.42426470588235293 0.6627450980392159
8 0.42426470588235293 0.6457516339869283 0.41911764705882354 0.6457516339869283 0.41911764705882354 0.6588235294117648 0.42426470588235293 0.6588235294117648
3 0.41911764705882354 0.7699346405228759 0.40147058823529413 0.7699346405228759 0.40147058823529413 0.8366013071895425 0.41911764705882354 0.8366013071895425
3 0.4551470588235294 0.8274509803921568 0.4389705882352941 0.8274509803921568 0.4389705882352941 0.8928104575163399 0.4551470588235294 0.8928104575163399
7 0.5433823529411764 0.6666666666666669 0.538235294117647 0.6666666666666669 0.538235294117647 0.6797385620915033 0.5433823529411764 0.6797385620915033
7 0.5544117647058824 0.681045751633987 0.5485294117647059 0.681045751633987 0.5485294117647059 0.6901960784313725 0.5544117647058824 0.6901960784313725
5 0.5514705882352942 0.6183006535947714 0.538235294117647 0.6183006535947714 0.538235294117647 0.6261437908496733 0.5514705882352942 0.6261437908496733
5 0.5485294117647059 0.6261437908496733 0.5367647058823529 0.6261437908496733 0.5367647058823529 0.635294117647059 0.5485294117647059 0.635294117647059
5 0.55 0.6013071895424839 0.538235294117647 0.6013071895424839 0.538235294117647 0.6104575163398694 0.55 0.6104575163398694
5 0.5529411764705883 0.5895424836601308 0.5404411764705882 0.5895424836601308 0.5404411764705882 0.5973856209150328 0.5529411764705883 0.5973856209150328
5 0.5404411764705882 0.7084967320261438 0.5272058823529412 0.7084967320261438 0.5272058823529412 0.7215686274509804 0.5404411764705882 0.7215686274509804
5 0.5426470588235294 0.7712418300653595 0.5294117647058824 0.7712418300653595 0.5294117647058824 0.7816993464052288 0.5426470588235294 0.7816993464052288
7 0.5205882352941177 0.7869281045751634 0.5147058823529411 0.7869281045751634 0.5147058823529411 0.7986928104575164 0.5205882352941177 0.7986928104575164
3 0.6794117647058824 0.8065359477124183 0.6426470588235295 0.8065359477124183 0.6426470588235295 0.8379084967320262 0.6794117647058824 0.8379084967320262
4 0.7360294117647059 0.32026143790849687 0.7029411764705882 0.32026143790849687 0.7029411764705882 0.5712418300653597 0.7360294117647059 0.5712418300653597
7 0.6433823529411765 0.8457516339869281 0.6367647058823529 0.8457516339869281 0.6367647058823529 0.8588235294117647 0.6433823529411765 0.8588235294117647
9 0.7080882352941177 0.7764705882352945 0.7 0.7764705882352945 0.7 0.8104575163398696 0.7080882352941177 0.8104575163398696
3 0.7426470588235294 0.7542483660130722 0.7191176470588235 0.7542483660130722 0.7191176470588235 0.8052287581699349 0.7426470588235294 0.8052287581699349
3 0.7875 0.7633986928104578 0.7522058823529412 0.7633986928104578 0.7522058823529412 0.8222222222222225 0.7875 0.8222222222222225
3 0.8139705882352941 0.7581699346405232 0.7816176470588235 0.7581699346405232 0.7816176470588235 0.8143790849673206 0.8139705882352941 0.8143790849673206
3 0.8757352941176471 0.7411764705882355 0.8588235294117647 0.7411764705882355 0.8588235294117647 0.8065359477124185 0.8757352941176471 0.8065359477124185
11 0.9198529411764705 0.7555555555555559 0.8977941176470589 0.7555555555555559 0.8977941176470589 0.8130718954248369 0.9198529411764705 0.8130718954248369
3 0.9485294117647058 0.7581699346405232 0.9257352941176471 0.7581699346405232 0.9257352941176471 0.8196078431372552 0.9485294117647058 0.8196078431372552
3 0.9735294117647059 0.7503267973856212 0.9470588235294117 0.7503267973856212 0.9470588235294117 0.8143790849673206 0.9735294117647059 0.8143790849673206
3 0.7610294117647058 0.9111111111111114 0.7294117647058823 0.9111111111111114 0.7294117647058823 0.9424836601307193 0.7610294117647058 0.9424836601307193
3 0.6941176470588235 0.9202614379084969 0.6536764705882353 0.9202614379084967 0.6536764705882353 0.9477124183006538 0.6941176470588235 0.9477124183006539
3 0.8551470588235294 0.9058823529411768 0.8205882352941176 0.9058823529411768 0.8205882352941176 0.9450980392156866 0.8551470588235294 0.9450980392156866
3 0.8529411764705882 0.9490196078431375 0.8227941176470588 0.9490196078431375 0.8227941176470588 0.9777777777777781 0.8529411764705882 0.9777777777777781
3 0.961764705882353 0.9019607843137258 0.924264705882353 0.9019607843137258 0.924264705882353 0.9437908496732029 0.961764705882353 0.9437908496732029
3 0.9919117647058824 0.9124183006535951 0.9676470588235294 0.9124183006535951 0.9676470588235294 0.9411764705882356 0.9919117647058824 0.9411764705882356
7 0.9529411764705882 0.9490196078431375 0.9470588235294117 0.9490196078431375 0.9470588235294117 0.9581699346405231 0.9529411764705882 0.9581699346405231
5 0.9382352941176471 0.9620915032679741 0.9338235294117647 0.9620915032679741 0.9338235294117647 0.9830065359477127 0.9382352941176471 0.9830065359477127
9 0.8955882352941177 0.9254901960784316 0.875 0.9254901960784316 0.875 0.9503267973856212 0.8955882352941177 0.9503267973856212
5 0.9044117647058824 0.920261437908497 0.8941176470588236 0.920261437908497 0.8941176470588236 0.9411764705882356 0.9044117647058824 0.9411764705882356
5 0.8625 0.9385620915032683 0.8485294117647059 0.9385620915032683 0.8485294117647059 0.9516339869281049 0.8625 0.9516339869281049
5 0.8132352941176471 0.9111111111111114 0.8014705882352942 0.9111111111111114 0.8014705882352942 0.93202614379085 0.8132352941176471 0.93202614379085
7 0.8411764705882353 0.8379084967320264 0.8330882352941177 0.8379084967320264 0.8330882352941177 0.8470588235294121 0.8411764705882353 0.8470588235294121
7 0.8169117647058823 0.854901960784314 0.8095588235294118 0.854901960784314 0.8095588235294118 0.8666666666666669 0.8169117647058823 0.8666666666666669
7 0.8066176470588236 0.8352941176470591 0.7977941176470589 0.8352941176470591 0.7977941176470589 0.8431372549019611 0.8066176470588236 0.8431372549019611
7 0.7977941176470589 0.8261437908496735 0.7904411764705882 0.8261437908496735 0.7904411764705882 0.8352941176470591 0.7977941176470589 0.8352941176470591
7 0.7941176470588235 0.8339869281045754 0.7867647058823529 0.8339869281045754 0.7867647058823529 0.8431372549019611 0.7941176470588235 0.8431372549019611
7 0.7955882352941176 0.8392156862745102 0.7875 0.8392156862745102 0.7875 0.850980392156863 0.7955882352941176 0.850980392156863
4 0.5411764705882353 0.8169934640522876 0.5205882352941177 0.8169934640522876 0.5205882352941177 0.8549019607843137 0.5411764705882353 0.8549019607843137
4 0.5669117647058823 0.9254901960784314 0.5308823529411765 0.9254901960784314 0.5308823529411765 0.9647058823529412 0.5669117647058823 0.9647058823529412
5 0.5352941176470588 0.8967320261437909 0.5220588235294118 0.8967320261437909 0.5220588235294118 0.9071895424836601 0.5352941176470588 0.9071895424836601
8 0.5308823529411765 0.8954248366013072 0.5257352941176471 0.8954248366013072 0.5257352941176471 0.9071895424836601 0.5308823529411765 0.9071895424836601
7 0.5110294117647058 0.8313725490196079 0.5058823529411764 0.8313725490196079 0.5058823529411764 0.8431372549019608 0.5110294117647058 0.8431372549019608
7 0.5088235294117647 0.8405228758169935 0.5036764705882353 0.8405228758169935 0.5036764705882353 0.8509803921568627 0.5088235294117647 0.8509803921568627
3 0.5102941176470588 0.9267973856209151 0.4963235294117647 0.9267973856209151 0.4963235294117647 0.9986928104575163 0.5102941176470588 0.9986928104575163
7 0.36029411764705893 0.9751633986928104 0.3544117647058824 0.9751633986928104 0.3544117647058824 0.9895424836601308 0.36029411764705893 0.9895424836601308
3 0.32205882352941184 0.9411764705882353 0.2875000000000001 0.9411764705882353 0.2875000000000001 1 0.32205882352941184 1
7 0.311764705882353 0.9908496732026144 0.30588235294117655 0.9908496732026144 0.30588235294117655 0.9986928104575163 0.311764705882353 0.9986928104575163
3 0.23308823529411773 0.9006535947712418 0.19632352941176479 0.9006535947712418 0.19632352941176479 0.9267973856209151 0.23308823529411773 0.9267973856209151
3 0.2500000000000001 0.9503267973856209 0.21691176470588244 0.9503267973856209 0.21691176470588244 1 0.2500000000000001 1
3 0.21838235294117656 0.9581699346405229 0.18602941176470597 0.9581699346405229 0.18602941176470597 1 0.21838235294117656 1
3 0.18676470588235303 0.9660130718954248 0.15441176470588244 0.9660130718954248 0.15441176470588244 1 0.18676470588235303 1
11 0.18529411764705891 0.9267973856209151 0.13308823529411773 0.9267973856209151 0.13308823529411773 0.9882352941176471 0.18529411764705891 0.9882352941176471
5 0.1514705882352942 0.984313725490196 0.14485294117647068 0.984313725490196 0.14485294117647068 1 0.1514705882352942 1
3 0.12500000000000008 0.9555555555555556 0.10441176470588244 0.9555555555555556 0.10441176470588244 1 0.12500000000000008 1
5 0.10073529411764715 0.9712418300653595 0.08897058823529418 0.9712418300653595 0.08897058823529418 1 0.10073529411764715 1
5 0.024264705882353008 0.9673202614379085 0.01691176470588242 0.9673202614379085 0.01691176470588242 0.9921568627450981 0.024264705882353015 0.9921568627450981