3 0.5125 0.7351851851851853 0.4791666666666667 0.7351851851851852 0.4791666666666667 0.8148148148148149 0.5125 0.814814814814815
3 0.5291666666666667 0.6129629629629632 0.503125 0.6129629629629632 0.503125 0.6648148148148151 0.5291666666666667 0.6648148148148151
3 0.5833333333333334 0.6129629629629632 0.5583333333333333 0.6129629629629632 0.5583333333333333 0.6611111111111113 0.5833333333333334 0.6611111111111113
3 0.6770833333333334 0.7388888888888892 0.6385416666666667 0.7388888888888892 0.6385416666666667 0.8222222222222224 0.6770833333333334 0.8222222222222224
3 0.6020833333333333 0.5666666666666669 0.5489583333333333 0.5666666666666669 0.5489583333333333 0.6092592592592595 0.6020833333333333 0.6092592592592595
3 0.5770833333333333 0.5222222222222225 0.53125 0.5222222222222225 0.53125 0.5592592592592595 0.5770833333333333 0.5592592592592595
3 0.525 0.45740740740740754 0.5052083333333334 0.45740740740740754 0.5052083333333334 0.48703703703703727 0.525 0.48703703703703727
3 0.934375 0.6851851851851853 0.8739583333333333 0.6851851851851853 0.8739583333333333 0.7666666666666668 0.934375 0.7666666666666668
3 0.99375 0.6925925925925928 0.9291666666666667 0.6925925925925928 0.9291666666666667 0.7814814814814817 0.99375 0.7814814814814817
3 0.8572916666666667 0.4814814814814817 0.8083333333333333 0.4814814814814817 0.8083333333333333 0.5166666666666668 0.8572916666666667 0.5166666666666668
11 0.834375 0.4537037037037039 0.784375 0.4537037037037039 0.784375 0.4888888888888891 0.834375 0.4888888888888891
3 0.7270833333333333 0.5851851851851854 0.6739583333333333 0.5851851851851854 0.6739583333333333 0.6240740740740743 0.7270833333333333 0.6240740740740743
3 0.7427083333333333 0.5722222222222224 0.6979166666666666 0.5722222222222224 0.6979166666666666 0.6129629629629632 0.7427083333333333 0.6129629629629632
3 0.6604166666666667 0.5944444444444447 0.6145833333333334 0.5944444444444447 0.6145833333333334 0.6481481481481484 0.6604166666666667 0.6481481481481484
3 0.609375 0.5259259259259261 0.5916666666666667 0.5259259259259261 0.5916666666666667 0.5666666666666669 0.609375 0.5666666666666669
11 0.6020833333333333 0.4351851851851853 0.5875 0.4351851851851853 0.5875 0.4648148148148149 0.6020833333333333 0.4648148148148149
7 0.5833333333333334 0.4407407407407408 0.5770833333333333 0.4407407407407408 0.5770833333333333 0.4629629629629631 0.5833333333333334 0.4629629629629631
3 0.2666666666666667 0.8277777777777777 0.20416666666666672 0.8277777777777777 0.20416666666666672 0.9462962962962963 0.2666666666666668 0.9462962962962963
3 0.1489583333333334 0.9037037037037037 0.05104166666666673 0.9037037037037037 0.051041666666666735 0.9833333333333333 0.1489583333333334 0.9833333333333333
3 0.1645833333333334 0.7962962962962963 0.07708333333333339 0.7962962962962963 0.07708333333333339 0.8648148148148148 0.1645833333333334 0.8648148148148148
3 0.2291666666666667 0.7314814814814815 0.1552083333333334 0.7314814814814815 0.1552083333333334 0.7944444444444444 0.2291666666666667 0.7944444444444444
3 0.25625000000000003 0.6703703703703704 0.18854166666666672 0.6703703703703704 0.18854166666666672 0.7314814814814815 0.25625000000000003 0.7314814814814815
7 0.020833333333333395 0.8981481481481481 0.003125000000000062 0.8981481481481481 0.0031250000000000644 0.9611111111111111 0.0208333333333334 0.9611111111111111
3 0.30104166666666665 0.6388888888888888 0.24166666666666672 0.6388888888888888 0.24166666666666672 0.6851851851851852 0.30104166666666665 0.6851851851851852
3 0.353125 0.6074074074074074 0.31875 0.6074074074074074 0.31875 0.6777777777777778 0.353125 0.6777777777777778
3 0.375 0.562962962962963 0.3458333333333333 0.562962962962963 0.3458333333333333 0.6203703703703703 0.375 0.6203703703703703
3 0.39166666666666666 0.5111111111111111 0.365625 0.5111111111111111 0.365625 0.5592592592592592 0.39166666666666666 0.5592592592592592
3 0.415625 0.4148148148148149 0.3885416666666667 0.4148148148148149 0.3885416666666667 0.45555555555555566 0.415625 0.45555555555555566
3 0.46041666666666664 0.3592592592592594 0.44895833333333335 0.3592592592592594 0.44895833333333335 0.3814814814814816 0.46041666666666664 0.3814814814814816
3 0.4708333333333333 0.3333333333333334 0.46041666666666664 0.3333333333333334 0.46041666666666664 0.35185185185185197 0.4708333333333333 0.35185185185185197
3 0.4270833333333333 0.37592592592592605 0.415625 0.37592592592592605 0.415625 0.3962962962962964 0.4270833333333333 0.3962962962962964
3 0.41041666666666665 0.36296296296296304 0.39375 0.36296296296296304 0.39375 0.3833333333333334 0.41041666666666665 0.3833333333333334
7 0.3875 0.37037037037037046 0.38229166666666664 0.37037037037037046 0.38229166666666664 0.3925925925925927 0.3875 0.3925925925925927
3 0.4583333333333333 0.32222222222222235 0.434375 0.32222222222222235 0.434375 0.338888888888889 0.4583333333333333 0.338888888888889
3 0.5270833333333333 0.2351851851851853 0.5208333333333334 0.2351851851851853 0.5208333333333334 0.2425925925925927 0.5270833333333333 0.2425925925925927
3 0.6270833333333333 0.31296296296296305 0.60625 0.31296296296296305 0.60625 0.325925925925926 0.6270833333333333 0.325925925925926
3 0.646875 0.32037037037037047 0.63125 0.32037037037037047 0.63125 0.33703703703703713 0.646875 0.33703703703703713
3 0.625 0.2981481481481483 0.603125 0.2981481481481483 0.603125 0.31296296296296305 0.625 0.31296296296296305
3 0.5854166666666667 0.301851851851852 0.578125 0.301851851851852 0.578125 0.31666666666666676 0.5854166666666667 0.31666666666666676
3 0.5833333333333334 0.2925925925925927 0.575 0.2925925925925927 0.575 0.30555555555555564 0.5833333333333334 0.30555555555555564
3 0.58125 0.2814814814814816 0.5739583333333333 0.2814814814814816 0.5739583333333333 0.29444444444444456 0.58125 0.29444444444444456
3 0.578125 0.2740740740740742 0.5708333333333333 0.2740740740740742 0.5708333333333333 0.28703703703703715 0.578125 0.28703703703703715
3 0.5697916666666667 0.26296296296296306 0.565625 0.26296296296296306 0.565625 0.2722222222222223 0.5697916666666667 0.2722222222222223
3 0.575 0.25555555555555565 0.5697916666666667 0.25555555555555565 0.5697916666666667 0.2666666666666668 0.575 0.2666666666666668
3 0.575 0.2500000000000001 0.56875 0.2500000000000001 0.56875 0.25925925925925936 0.575 0.25925925925925936
3 0.5729166666666666 0.24074074074074084 0.5677083333333334 0.24074074074074084 0.5677083333333334 0.25185185185185194 0.5729166666666666 0.25185185185185194
3 0.5729166666666666 0.23333333333333345 0.5677083333333334 0.23333333333333345 0.5677083333333334 0.2425925925925927 0.5729166666666666 0.2425925925925927
3 0.5572916666666666 0.23333333333333345 0.553125 0.23333333333333345 0.553125 0.2425925925925927 0.5572916666666666 0.2425925925925927
3 0.5458333333333333 0.21666666666666679 0.5416666666666666 0.21666666666666679 0.5416666666666666 0.22407407407407418 0.5458333333333333 0.22407407407407418
3 0.5333333333333333 0.22592592592592603 0.5291666666666667 0.22592592592592603 0.5291666666666667 0.2351851851851853 0.5333333333333333 0.2351851851851853
9 0.553125 0.2777777777777779 0.5479166666666667 0.2777777777777779 0.5479166666666667 0.2925925925925927 0.553125 0.2925925925925927
11 0.5864583333333333 0.34444444444444455 0.58125 0.34444444444444455 0.58125 0.36296296296296304 0.5864583333333333 0.36296296296296304
3 0.49375 0.275925925925926 0.4875 0.275925925925926 0.4875 0.288888888888889 0.49375 0.288888888888889
3 0.4625 0.30555555555555564 0.4510416666666667 0.30555555555555564 0.4510416666666667 0.32037037037037047 0.4625 0.32037037037037047
3 0.46875 0.301851851851852 0.453125 0.301851851851852 0.453125 0.3111111111111112 0.46875 0.3111111111111112
3 0.46875 0.29444444444444456 0.45208333333333334 0.29444444444444456 0.45208333333333334 0.30555555555555564 0.46875 0.30555555555555564
3 0.49583333333333335 0.26481481481481495 0.48854166666666665 0.26481481481481495 0.48854166666666665 0.2777777777777779 0.49583333333333335 0.2777777777777779
3 0.5020833333333333 0.25185185185185194 0.4947916666666667 0.25185185185185194 0.4947916666666667 0.25925925925925936 0.5020833333333333 0.25925925925925936
3 0.50625 0.2425925925925927 0.5 0.2425925925925927 0.5 0.2500000000000001 0.50625 0.2500000000000001
3 0.5104166666666666 0.2314814814814816 0.5041666666666667 0.2314814814814816 0.5041666666666667 0.24074074074074084 0.5104166666666666 0.24074074074074084
4 0.5208333333333334 0.20185185185185195 0.5083333333333333 0.20185185185185195 0.5083333333333333 0.22222222222222232 0.5208333333333334 0.22222222222222232
3 0.5135416666666667 0.22407407407407418 0.509375 0.22407407407407418 0.509375 0.2314814814814816 0.5135416666666667 0.2314814814814816
7 0.38645833333333335 0.4111111111111112 0.38229166666666664 0.4111111111111112 0.38229166666666664 0.42962962962962975 0.38645833333333335 0.42962962962962975
5 0.38645833333333335 0.4185185185185186 0.38229166666666664 0.4185185185185186 0.38229166666666664 0.42962962962962975 0.38645833333333335 0.42962962962962975
3 0.37395833333333334 0.48703703703703705 0.33229166666666665 0.48703703703703705 0.33229166666666665 0.5166666666666667 0.37395833333333334 0.5166666666666667
7 0.3104166666666667 0.7833333333333333 0.29791666666666666 0.7833333333333333 0.29791666666666666 0.8333333333333334 0.3104166666666667 0.8333333333333334
7 0.3302083333333333 0.5666666666666667 0.32083333333333336 0.5666666666666667 0.32083333333333336 0.6 0.3302083333333333 0.6
3 1 0.5666666666666669 0.9802083333333333 0.5666666666666669 0.9802083333333333 0.6074074074074076 1 0.6074074074074076
3 0.9864583333333333 0.5000000000000002 0.95 0.5000000000000002 0.95 0.5370370370370372 0.9864583333333333 0.5370370370370372
3 0.9604166666666667 0.48703703703703727 0.9135416666666667 0.48703703703703727 0.9135416666666667 0.5166666666666668 0.9604166666666667 0.5166666666666668
3 0.9322916666666666 0.47222222222222243 0.9020833333333333 0.47222222222222243 0.9020833333333333 0.49814814814814834 0.9322916666666666 0.49814814814814834
3 0.9302083333333333 0.464814814814815 0.8916666666666667 0.464814814814815 0.8916666666666667 0.48703703703703727 0.9302083333333333 0.48703703703703727
3 0.921875 0.44444444444444464 0.8802083333333334 0.44444444444444464 0.8802083333333334 0.4703703703703706 0.921875 0.4703703703703706
3 0.9020833333333333 0.43333333333333357 0.8635416666666667 0.43333333333333357 0.8635416666666667 0.4574074074074076 0.9020833333333333 0.4574074074074076
3 0.878125 0.414814814814815 0.840625 0.414814814814815 0.840625 0.4351851851851854 0.878125 0.4351851851851854
3 0.865625 0.4000000000000002 0.8302083333333333 0.4000000000000002 0.8302083333333333 0.42222222222222244 0.865625 0.42222222222222244
3 0.853125 0.39074074074074094 0.8197916666666667 0.39074074074074094 0.8197916666666667 0.4092592592592595 0.853125 0.4092592592592595
3 0.8354166666666667 0.37592592592592616 0.803125 0.37592592592592616 0.803125 0.3925925925925928 0.8354166666666667 0.3925925925925928
3 0.8697916666666666 0.36666666666666686 0.8375 0.36666666666666686 0.8375 0.3851851851851854 0.8697916666666666 0.3851851851851854
3 0.78125 0.3574074074074076 0.765625 0.3574074074074076 0.765625 0.377777777777778 0.78125 0.377777777777778
3 0.7979166666666667 0.3574074074074076 0.7822916666666667 0.3574074074074076 0.7822916666666667 0.3740740740740743 0.7979166666666667 0.3740740740740743
3 0.8208333333333333 0.3537037037037039 0.803125 0.3537037037037039 0.803125 0.37222222222222245 0.8208333333333333 0.37222222222222245
3 0.834375 0.3555555555555558 0.821875 0.3555555555555558 0.821875 0.37037037037037057 0.834375 0.37037037037037057
3 0.7625 0.3740740740740743 0.7302083333333333 0.3740740740740743 0.7302083333333333 0.39444444444444465 0.7625 0.39444444444444465
3 0.7708333333333334 0.38703703703703723 0.7364583333333333 0.38703703703703723 0.7364583333333333 0.4037037037037039 0.7708333333333334 0.4037037037037039
3 0.778125 0.39444444444444465 0.7427083333333333 0.39444444444444465 0.7427083333333333 0.4111111111111113 0.778125 0.4111111111111113
3 0.7833333333333333 0.4037037037037039 0.7510416666666667 0.4037037037037039 0.7510416666666667 0.42222222222222244 0.7833333333333333 0.42222222222222244
3 0.790625 0.414814814814815 0.75625 0.414814814814815 0.75625 0.42962962962962986 0.790625 0.42962962962962986
3 0.7979166666666667 0.42222222222222244 0.7604166666666666 0.42222222222222244 0.7604166666666666 0.4425925925925928 0.7979166666666667 0.4425925925925928
3 0.80625 0.43333333333333357 0.7666666666666667 0.43333333333333357 0.7666666666666667 0.4537037037037039 0.80625 0.4537037037037039
3 0.8239583333333333 0.4537037037037039 0.7760416666666666 0.4537037037037039 0.7760416666666666 0.47407407407407426 0.8239583333333333 0.47407407407407426
3 0.7260416666666667 0.37962962962962976 0.7125 0.37962962962962976 0.7125 0.40370370370370384 0.7260416666666667 0.4037037037037039
3 0.7302083333333333 0.44259259259259276 0.6895833333333333 0.4425925925925927 0.6895833333333333 0.46666666666666684 0.7302083333333333 0.4666666666666669
3 0.7135416666666666 0.42962962962962975 0.6791666666666667 0.42962962962962975 0.6791666666666667 0.45370370370370383 0.7135416666666666 0.45370370370370383
3 0.7072916666666667 0.42037037037037045 0.6739583333333333 0.42037037037037045 0.6739583333333333 0.4407407407407408 0.7072916666666667 0.4407407407407408
3 0.7041666666666667 0.4092592592592594 0.6729166666666667 0.4092592592592594 0.6729166666666667 0.42592592592592604 0.7041666666666667 0.42592592592592604
3 0.70625 0.4037037037037038 0.6697916666666667 0.4037037037037038 0.6697916666666667 0.4185185185185186 0.70625 0.4185185185185186
3 0.70625 0.3925925925925927 0.675 0.3925925925925927 0.675 0.4092592592592594 0.70625 0.4092592592592594
7 0.6541666666666667 0.490740740740741 0.6489583333333333 0.490740740740741 0.6489583333333333 0.5203703703703706 0.6541666666666667 0.5203703703703706
9 0.6854166666666667 0.5018518518518521 0.65625 0.5018518518518521 0.65625 0.5296296296296299 0.6854166666666667 0.5296296296296299
7 0.6697916666666667 0.5018518518518521 0.6635416666666667 0.5018518518518521 0.6635416666666667 0.5240740740740742 0.6697916666666667 0.5240740740740742
7 0.6260416666666667 0.4925925925925928 0.61875 0.4925925925925928 0.61875 0.5166666666666668 0.6260416666666667 0.5166666666666668
5 0.6270833333333333 0.5000000000000002 0.615625 0.5000000000000002 0.615625 0.5240740740740742 0.6270833333333333 0.5240740740740742
4 0.7114583333333333 0.5074074074074076 0.6885416666666667 0.5074074074074076 0.6885416666666667 0.5259259259259261 0.7114583333333333 0.5259259259259261
4 0.6760416666666667 0.5314814814814817 0.6572916666666667 0.5314814814814817 0.6572916666666667 0.5740740740740743 0.6760416666666667 0.5740740740740743