3 0.5073529411764706 0.15686274509803932 0.4676470588235294 0.15686274509803932 0.4676470588235294 0.20000000000000007 0.5073529411764706 0.20000000000000007
3 0.49264705882352944 0.6483660130718956 0.4198529411764706 0.6483660130718956 0.4198529411764706 0.7686274509803922 0.49264705882352944 0.7686274509803922
3 0.5801470588235295 0.9176470588235294 0.4985294117647059 0.9176470588235294 0.4985294117647059 1 0.5801470588235295 1
3 0.4808823529411765 0.9084967320261438 0.3948529411764706 0.9084967320261438 0.3948529411764706 0.9973856209150327 0.4808823529411765 0.9973856209150327
3 0.38088235294117645 0.7660130718954249 0.30441176470588244 0.7660130718954249 0.30441176470588244 0.8915032679738563 0.38088235294117645 0.8915032679738563
3 0.49117647058823527 0.7633986928104575 0.4022058823529412 0.7633986928104575 0.4022058823529412 0.9084967320261438 0.49117647058823527 0.9084967320261438
3 0.39191176470588235 0.6588235294117648 0.3213235294117648 0.6588235294117647 0.3213235294117648 0.7686274509803922 0.39191176470588235 0.7686274509803922
3 0.30441176470588244 0.657516339869281 0.23602941176470596 0.657516339869281 0.23602941176470596 0.7673202614379085 0.30441176470588244 0.7673202614379085
3 0.3147058823529412 0.5516339869281046 0.25 0.5516339869281046 0.25000000000000006 0.6483660130718955 0.3147058823529413 0.6483660130718955
3 0.23235294117647062 0.5189542483660131 0.16764705882352945 0.5189542483660131 0.16764705882352945 0.6248366013071895 0.23235294117647068 0.6248366013071895
3 0.275 0.465359477124183 0.21838235294117647 0.465359477124183 0.21838235294117647 0.5568627450980392 0.275 0.5568627450980392
3 0.2551470588235294 0.33986928104575165 0.2161764705882353 0.33986928104575165 0.2161764705882353 0.40261437908496733 0.2551470588235294 0.40261437908496733
3 0.20808823529411766 0.39477124183006534 0.15220588235294122 0.39477124183006534 0.15220588235294122 0.4888888888888889 0.20808823529411766 0.4888888888888889
3 0.17205882352941182 0.4562091503267974 0.12058823529411769 0.4562091503267974 0.12058823529411769 0.5320261437908497 0.17205882352941182 0.5320261437908497
3 0.11985294117647063 0.37254901960784315 0.07058823529411767 0.37254901960784315 0.07058823529411767 0.4418300653594771 0.11985294117647063 0.4418300653594771
3 0.0735294117647059 0.31241830065359477 0.028676470588235314 0.31241830065359477 0.02867647058823532 0.38823529411764707 0.0735294117647059 0.38823529411764707
3 0.1669117647058824 0.35555555555555557 0.11985294117647063 0.35555555555555557 0.11985294117647063 0.42745098039215684 0.1669117647058824 0.42745098039215684
3 0.12941176470588237 0.29673202614379085 0.08235294117647061 0.29673202614379085 0.08235294117647061 0.3686274509803922 0.1294117647058824 0.3686274509803922
3 0.10808823529411767 0.257516339869281 0.061764705882352965 0.257516339869281 0.061764705882352965 0.30980392156862746 0.1080882352941177 0.30980392156862746
3 0.03455882352941179 0.257516339869281 1.7739369075884454e-17 0.257516339869281 2.0125629383046576e-17 0.32679738562091504 0.03455882352941179 0.32679738562091504
3 0.055882352941176494 0.20392156862745098 0.015441176470588252 0.20392156862745098 0.015441176470588252 0.25882352941176473 0.055882352941176494 0.25882352941176473
3 0.03676470588235295 0.09803921568627451 0.0014705882352941241 0.09803921568627451 0.0014705882352941259 0.14248366013071895 0.03676470588235295 0.14248366013071895
2 0.14926470588235294 0.15294117647058825 0.06764705882352944 0.15294117647058825 0.06764705882352944 0.27058823529411763 0.14926470588235294 0.27058823529411763
3 0.016176470588235306 0.16470588235294117 1.1345992403865185e-17 0.16470588235294117 1.2741729564658124e-17 0.20522875816993463 0.01617647058823531 0.20522875816993463