11 0.4161764705882353 0.5986928104575164 0.3301470588235294 0.5986928104575163 0.33014705882352946 0.8248366013071895 0.4161764705882353 0.8248366013071895
3 0.8044117647058824 0.6509803921568629 0.6448529411764706 0.6509803921568629 0.6448529411764706 0.8562091503267976 0.8044117647058824 0.8562091503267977
3 0.5095588235294117 0.7673202614379085 0.40441176470588236 0.7673202614379085 0.40441176470588236 1 0.5095588235294117 1
3 0.4610294117647059 0.4470588235294119 0.4073529411764706 0.4470588235294119 0.4073529411764706 0.569934640522876 0.4610294117647059 0.569934640522876
3 0.5419117647058823 0.39607843137254917 0.49411764705882355 0.39607843137254917 0.49411764705882355 0.5045751633986929 0.5419117647058823 0.5045751633986929
3 0.4772058823529412 0.2836601307189543 0.4375 0.2836601307189543 0.4375 0.3712418300653596 0.4772058823529412 0.3712418300653596
3 0.5375 0.27450980392156876 0.49779411764705883 0.2745098039215687 0.49779411764705883 0.35294117647058837 0.5375 0.35294117647058837
3 0.6 0.2052287581699348 0.5683823529411764 0.2052287581699348 0.5683823529411764 0.26143790849673215 0.6 0.26143790849673215
3 0.6948529411764706 0.3098039215686276 0.6485294117647059 0.3098039215686276 0.6485294117647059 0.3843137254901962 0.6948529411764706 0.3843137254901962
3 0.538235294117647 0.19215686274509816 0.5080882352941176 0.1921568627450981 0.5080882352941176 0.25098039215686285 0.538235294117647 0.2509803921568629
3 0.49264705882352944 0.21307189542483668 0.4573529411764706 0.21307189542483668 0.4573529411764706 0.27581699346405236 0.49264705882352944 0.27581699346405236
3 0.4948529411764706 0.15947712418300664 0.46544117647058825 0.15947712418300664 0.46544117647058825 0.22352941176470595 0.4948529411764706 0.22352941176470595
3 0.4985294117647059 0.1215686274509805 0.47058823529411764 0.1215686274509805 0.47058823529411764 0.16862745098039222 0.4985294117647059 0.16862745098039222
3 0.5367647058823529 0.12026143790849685 0.5110294117647058 0.12026143790849685 0.5110294117647058 0.1712418300653596 0.5367647058823529 0.17124183006535962
3 0.5330882352941176 0.08104575163398704 0.513235294117647 0.08104575163398704 0.513235294117647 0.11895424836601318 0.5330882352941176 0.11895424836601318
11 0.538235294117647 0.0052287581699347555 0.5220588235294118 0.005228758169934755 0.5220588235294118 0.043137254901960895 0.538235294117647 0.043137254901960895
11 0.4713235294117647 0.03137254901960795 0.4514705882352941 0.03137254901960795 0.4514705882352941 0.08104575163398703 0.4713235294117647 0.08104575163398704
3 0.4985294117647059 0.04183006535947723 0.48161764705882354 0.04183006535947723 0.48161764705882354 0.07581699346405239 0.4985294117647059 0.07581699346405239
3 0.44191176470588234 0.10980392156862755 0.39338235294117646 0.10980392156862752 0.39338235294117646 0.15032679738562102 0.44191176470588234 0.15032679738562102
3 0.4573529411764706 0.0653594771241831 0.41102941176470587 0.0653594771241831 0.41102941176470587 0.10588235294117657 0.4573529411764706 0.10588235294117658
3 0.6301470588235294 0.009150326797385755 0.5977941176470588 0.009150326797385751 0.5977941176470588 0.035294117647058955 0.6301470588235294 0.03529411764705896
3 0.6411764705882353 0.03006535947712432 0.6125 0.030065359477124312 0.6125 0.052287581699346546 0.6411764705882353 0.05228758169934655
3 0.6470588235294118 0.04575163398692825 0.6132352941176471 0.04575163398692823 0.6132352941176471 0.07320261437908511 0.6470588235294118 0.07320261437908511
3 0.6588235294117647 0.058823529411764844 0.6264705882352941 0.05882352941176484 0.6264705882352941 0.08758169934640538 0.6588235294117647 0.08758169934640538
3 0.6720588235294118 0.08235294117647073 0.6367647058823529 0.08235294117647071 0.6367647058823529 0.10588235294117662 0.6720588235294118 0.10588235294117662
3 0.6654411764705882 0.09281045751634001 0.6257352941176471 0.09281045751634001 0.6257352941176471 0.12418300653594785 0.6654411764705882 0.12418300653594785
3 0.6779411764705883 0.10196078431372564 0.6375 0.10196078431372564 0.6375 0.1359477124183008 0.6779411764705883 0.1359477124183008
11 0.7566176470588235 0.2732026143790851 0.6933823529411764 0.2732026143790851 0.6933823529411764 0.33986928104575176 0.7566176470588235 0.33986928104575176
3 0.7639705882352941 0.22875816993464068 0.6919117647058823 0.22875816993464068 0.6919117647058823 0.28496732026143806 0.7639705882352941 0.28496732026143806
3 0.7713235294117647 0.21307189542483676 0.7036764705882353 0.21307189542483676 0.7036764705882353 0.26666666666666683 0.7713235294117647 0.26666666666666683
3 0.7323529411764705 0.1921568627450982 0.675 0.1921568627450982 0.675 0.23660130718954264 0.7323529411764705 0.23660130718954264
3 0.7066176470588236 0.18039215686274523 0.6536764705882353 0.18039215686274523 0.6536764705882353 0.22875816993464068 0.7066176470588236 0.22875816993464068
3 0.6889705882352941 0.15294117647058839 0.6404411764705882 0.15294117647058839 0.6404411764705882 0.1882352941176472 0.6889705882352941 0.1882352941176472
1 0.11764705882352945 0.36470588235294116 0.08455882352941178 0.36470588235294116 0.08455882352941178 0.4117647058823529 0.11764705882352945 0.4117647058823529
8 0.9301470588235294 0.6535947712418302 0.9066176470588235 0.6535947712418302 0.9066176470588235 0.7464052287581703 0.9301470588235294 0.7464052287581703
5 0.9360294117647059 0.6784313725490199 0.8838235294117647 0.6784313725490199 0.8838235294117647 0.7398692810457519 0.9360294117647059 0.7398692810457519
8 0.9610294117647059 0.5921568627450982 0.9330882352941177 0.5921568627450982 0.9330882352941177 0.6810457516339872 0.9610294117647059 0.6810457516339872
5 0.9698529411764706 0.6156862745098041 0.9213235294117647 0.6156862745098041 0.9213235294117647 0.6771241830065362 0.9698529411764706 0.6771241830065362
7 0.6838235294117647 0.231372549019608 0.6727941176470589 0.231372549019608 0.6727941176470589 0.28496732026143806 0.6838235294117647 0.28496732026143806
7 0.6926470588235294 0.23006535947712434 0.6816176470588236 0.23006535947712434 0.6816176470588236 0.2901960784313727 0.6926470588235294 0.2901960784313727
7 0.6044117647058823 0.07581699346405242 0.5977941176470588 0.07581699346405242 0.5977941176470588 0.1098039215686276 0.6044117647058823 0.1098039215686276
7 0.6183823529411765 0.08758169934640538 0.6102941176470589 0.08758169934640538 0.6102941176470589 0.12026143790849687 0.6183823529411765 0.12026143790849687
7 0.6235294117647059 0.09934640522875832 0.6147058823529412 0.09934640522875832 0.6147058823529412 0.13464052287581715 0.6235294117647059 0.13464052287581715
7 0.625 0.08104575163398706 0.6176470588235294 0.08104575163398706 0.6176470588235294 0.11372549019607858 0.625 0.11372549019607858
7 0.6286764705882353 0.08758169934640538 0.6213235294117647 0.08758169934640538 0.6213235294117647 0.12026143790849687 0.6286764705882353 0.12026143790849687
7 0.6367647058823529 0.17385620915032696 0.6264705882352941 0.17385620915032696 0.6264705882352941 0.21960784313725504 0.6367647058823529 0.21960784313725504
7 0.6441176470588236 0.18039215686274523 0.6345588235294117 0.18039215686274523 0.6345588235294117 0.22091503267973872 0.6441176470588236 0.22091503267973872
8 0.7154411764705882 0.09542483660130734 0.7073529411764706 0.09542483660130734 0.7073529411764706 0.1163398692810459 0.7154411764705882 0.1163398692810459
7 0.47794117647058826 0.0562091503267975 0.47205882352941175 0.0562091503267975 0.47205882352941175 0.0823529411764707 0.47794117647058826 0.0823529411764707
8 0.6661764705882353 0.3790849673202616 0.6485294117647059 0.3790849673202616 0.6485294117647059 0.44313725490196093 0.6661764705882353 0.44313725490196093
5 0.6654411764705882 0.3973856209150328 0.6470588235294118 0.3973856209150328 0.6470588235294118 0.4496732026143792 0.6654411764705882 0.4496732026143792
8 0.6389705882352941 0.2758169934640524 0.6272058823529412 0.2758169934640524 0.6272058823529412 0.32418300653594784 0.6389705882352941 0.32418300653594784
11 0.638235294117647 0.2875816993464054 0.6279411764705882 0.2875816993464054 0.6279411764705882 0.33464052287581714 0.638235294117647 0.33464052287581714
8 0.5963235294117647 0.1411764705882354 0.5860294117647059 0.1411764705882354 0.5860294117647059 0.17385620915032696 0.5963235294117647 0.17385620915032696
5 0.5963235294117647 0.14901960784313736 0.5860294117647059 0.14901960784313736 0.5860294117647059 0.18300653594771257 0.5963235294117647 0.18300653594771257
7 0.5823529411764706 0.050980392156862876 0.575735294117647 0.050980392156862876 0.575735294117647 0.06928104575163412 0.5823529411764706 0.06928104575163412
9 0.5838235294117647 0.05620915032679752 0.575 0.05620915032679752 0.575 0.08104575163398706 0.5838235294117647 0.08104575163398706
7 0.6080882352941176 0.02222222222222235 0.600735294117647 0.02222222222222235 0.600735294117647 0.04836601307189556 0.6080882352941176 0.04836601307189556
9 0.4963235294117647 0.07712418300653606 0.48455882352941176 0.07712418300653606 0.48455882352941176 0.10588235294117658 0.4963235294117647 0.10588235294117658
8 0.4933823529411765 0.07843137254901972 0.4860294117647059 0.07843137254901972 0.4860294117647059 0.09934640522875827 0.4933823529411765 0.09934640522875827
8 0.4411764705882353 0.24575163398692818 0.4279411764705882 0.24575163398692818 0.4279411764705882 0.29019607843137263 0.4411764705882353 0.29019607843137263
8 0.44485294117647056 0.2483660130718955 0.43014705882352944 0.2483660130718955 0.43014705882352944 0.29281045751633994 0.44485294117647056 0.29281045751633994
1 0.4411764705882353 0.2588235294117648 0.42867647058823527 0.2588235294117648 0.42867647058823527 0.3045751633986929 0.4411764705882353 0.3045751633986929
3 0.4632352941176471 9.74914902850638e-17 0.4323529411764706 9.412971475799264e-17 0.4323529411764706 0.01568627450980402 0.4632352941176471 0.015686274509804025
3 0.4764705882352941 0.00392156862745108 0.44485294117647056 0.003921568627451077 0.44485294117647056 0.02483660130718964 0.4764705882352941 0.024836601307189645
7 0.4161764705882353 0.05620915032679748 0.41102941176470587 0.05620915032679748 0.41102941176470587 0.07973856209150336 0.4161764705882353 0.07973856209150336
7 0.4125 0.05751633986928114 0.40661764705882353 0.05751633986928114 0.40661764705882353 0.08104575163398701 0.4125 0.08104575163398701
7 0.4345588235294118 0.011764705882353035 0.4294117647058823 0.011764705882353035 0.4294117647058823 0.036601307189542576 0.4345588235294118 0.036601307189542576
7 0.5007352941176471 1.085373241597262e-16 0.4963235294117647 1.0805707051300175e-16 0.4963235294117647 0.013071895424836708 0.5007352941176471 0.013071895424836708
3 0.6051470588235294 1.2982856916451026e-16 0.5875 1.2790755457761245e-16 0.5875 0.01045751633986941 0.6051470588235294 0.01045751633986941