0 0.033823529411764704 0.026143790849673207 1.800951175216696e-18 0.026143790849673203 3.3317596741508875e-18 0.07058823529411765 0.033823529411764704 0.07058823529411765
8 0.05514705882352941 0.03267973856209151 0.047058823529411764 0.03267973856209151 0.047058823529411764 0.054901960784313746 0.05514705882352941 0.054901960784313746
3 0.08014705882352942 0.06143790849673204 0.03235294117647059 0.06143790849673202 0.03235294117647059 0.09673202614379085 0.08014705882352942 0.09673202614379085
9 0.075 0.04052287581699348 0.03455882352941177 0.04052287581699347 0.03455882352941177 0.06405228758169935 0.075 0.06405228758169937
3 0.10588235294117647 0.023529411764705896 0.05955882352941176 0.023529411764705892 0.05955882352941176 0.06013071895424838 0.10588235294117647 0.06013071895424838
3 0.12279411764705882 0.003921568627451002 0.07573529411764705 0.003921568627450997 0.07573529411764705 0.03398692810457519 0.12279411764705882 0.03398692810457519
3 0.15514705882352942 3.065619111591087e-17 0.1264705882352941 2.7534542412201925e-17 0.1264705882352941 0.028758169934640556 0.15514705882352942 0.02875816993464056
5 0.19558823529411765 4.162198271611919e-17 0.18676470588235294 4.066147542267029e-17 0.18676470588235294 0.015686274509803963 0.19558823529411765 0.015686274509803963
3 0.15735294117647058 0.037908496732026176 0.13602941176470587 0.03790849673202617 0.13602941176470587 0.07189542483660134 0.15735294117647058 0.07189542483660134
3 0.12426470588235294 0.0928104575163399 0.09485294117647058 0.0928104575163399 0.09485294117647058 0.13725490196078435 0.12426470588235294 0.13725490196078435
5 0.08970588235294118 0.08104575163398695 0.07647058823529412 0.08104575163398695 0.07647058823529412 0.10457516339869283 0.08970588235294118 0.10457516339869284
8 0.08970588235294118 0.07058823529411766 0.08235294117647059 0.07058823529411766 0.08235294117647059 0.09673202614379087 0.08970588235294118 0.09673202614379088
8 0.0875 0.07058823529411766 0.07647058823529412 0.07058823529411766 0.07647058823529412 0.09803921568627452 0.0875 0.09803921568627455
1 0.04779411764705882 0.08496732026143791 0.0323529411764706 0.08496732026143791 0.0323529411764706 0.1084967320261438 0.04779411764705882 0.1084967320261438
8 0.043382352941176476 0.07320261437908497 0.03161764705882353 0.07320261437908497 0.031617647058823535 0.10326797385620914 0.04338235294117648 0.10326797385620914
3 0.05000000000000001 0.10326797385620914 0.006617647058823537 0.10326797385620914 0.006617647058823539 0.15555555555555556 0.050000000000000024 0.15555555555555556
1 0.05808823529411765 0.12418300653594772 0.047058823529411764 0.12418300653594772 0.047058823529411764 0.1503267973856209 0.05808823529411765 0.1503267973856209
8 0.05514705882352941 0.11372549019607843 0.04558823529411766 0.11372549019607843 0.04558823529411766 0.13856209150326798 0.05514705882352941 0.13856209150326798
7 0.027205882352941187 0.1607843137254902 0.013235294117647069 0.1607843137254902 0.013235294117647073 0.20261437908496732 0.027205882352941187 0.20261437908496732
3 0.025000000000000012 0.1411764705882353 9.725136346170158e-18 0.1411764705882353 1.1300968624484768e-17 0.1869281045751634 0.025000000000000012 0.1869281045751634
7 0.07941176470588238 0.20392156862745098 0.06544117647058825 0.20392156862745098 0.06544117647058825 0.24313725490196078 0.07941176470588238 0.24313725490196078
7 0.07205882352941179 0.20784313725490197 0.05661764705882355 0.20784313725490197 0.05661764705882355 0.2522875816993464 0.07205882352941179 0.2522875816993464
11 0.09044117647058826 0.3359477124183007 0.016176470588235316 0.3359477124183007 0.016176470588235316 0.4169934640522876 0.09044117647058826 0.4169934640522876
3 0.2875 6.067204403618913e-17 0.2698529411764706 5.875102944929133e-17 0.2698529411764706 0.014379084967320321 0.2875 0.014379084967320321
3 0.2867647058823529 0.0039215686274510385 0.24632352941176472 0.003921568627451034 0.24632352941176472 0.027450980392156925 0.2867647058823529 0.02745098039215693
3 0.2838235294117647 0.013071895424836657 0.2411764705882353 0.013071895424836652 0.2411764705882353 0.039215686274509866 0.2838235294117647 0.039215686274509866
3 0.2757352941176471 0.02614379084967326 0.2411764705882353 0.02614379084967326 0.2411764705882353 0.05359477124183012 0.2757352941176471 0.05359477124183012
7 0.2647058823529412 0.014379084967320318 0.25882352941176473 0.014379084967320318 0.25882352941176473 0.037908496732026196 0.2647058823529412 0.037908496732026196
8 0.21102941176470588 0.02091503267973861 0.2036764705882353 0.02091503267973861 0.2036764705882353 0.04444444444444448 0.21102941176470588 0.04444444444444448
5 0.21102941176470588 0.02614379084967325 0.2036764705882353 0.02614379084967325 0.2036764705882353 0.049673202614379124 0.21102941176470588 0.049673202614379124
5 0.20294117647058824 0.061437908496732065 0.19705882352941176 0.061437908496732065 0.19705882352941176 0.08366013071895428 0.20294117647058824 0.08366013071895428
8 0.2036764705882353 0.053594771241830104 0.1963235294117647 0.053594771241830104 0.1963235294117647 0.0797385620915033 0.2036764705882353 0.0797385620915033
3 0.23676470588235293 0.04967320261437913 0.21176470588235294 0.049673202614379124 0.21176470588235294 0.08104575163398697 0.23676470588235293 0.08104575163398699
3 0.28161764705882353 0.03398692810457522 0.24411764705882352 0.033986928104575216 0.24411764705882352 0.06928104575163405 0.28161764705882353 0.06928104575163405
3 0.2713235294117647 0.06928104575163405 0.22647058823529412 0.06928104575163405 0.22647058823529412 0.10457516339869287 0.2713235294117647 0.10457516339869288
3 0.24191176470588235 0.08888888888888892 0.21323529411764705 0.08888888888888892 0.21323529411764705 0.13725490196078435 0.24191176470588235 0.13725490196078435
3 0.23308823529411765 0.1254901960784314 0.18235294117647058 0.1254901960784314 0.18235294117647058 0.16078431372549024 0.23308823529411765 0.16078431372549024
7 0.22426470588235295 0.13725490196078435 0.21691176470588236 0.13725490196078435 0.21691176470588236 0.16339869281045755 0.22426470588235295 0.16339869281045755
5 0.2661764705882353 0.12156862745098045 0.24779411764705883 0.12156862745098043 0.24779411764705883 0.142483660130719 0.2661764705882353 0.14248366013071903
4 0.26029411764705884 0.1398692810457517 0.2426470588235294 0.13986928104575166 0.2426470588235294 0.16209150326797392 0.26029411764705884 0.16209150326797392
5 0.26691176470588235 0.1529411764705883 0.24485294117647058 0.15294117647058827 0.24485294117647058 0.18039215686274518 0.26691176470588235 0.18039215686274518
11 0.24779411764705883 0.15555555555555559 0.18382352941176472 0.15555555555555559 0.18382352941176472 0.20522875816993472 0.24779411764705883 0.20522875816993472
1 0.18455882352941178 0.17385620915032687 0.1713235294117647 0.17385620915032687 0.1713235294117647 0.2026143790849674 0.18455882352941178 0.2026143790849674
7 0.20808823529411766 0.1830065359477125 0.2 0.1830065359477125 0.2 0.21830065359477133 0.20808823529411766 0.21830065359477133
9 0.2698529411764706 0.18431372549019615 0.25735294117647056 0.18431372549019615 0.25735294117647056 0.215686274509804 0.2698529411764706 0.215686274509804
0 0.25735294117647056 0.16862745098039222 0.21985294117647058 0.16862745098039222 0.21985294117647058 0.21176470588235302 0.25735294117647056 0.21176470588235302
11 0.25441176470588234 0.1960784313725491 0.17794117647058824 0.1960784313725491 0.17794117647058824 0.25751633986928113 0.25441176470588234 0.25751633986928113
7 0.15 0.22745098039215686 0.14044117647058824 0.22745098039215686 0.14044117647058824 0.2758169934640523 0.15 0.2758169934640523
7 0.14191176470588235 0.2326797385620915 0.1323529411764706 0.2326797385620915 0.1323529411764706 0.27450980392156865 0.14191176470588235 0.27450980392156865
9 0.29044117647058826 0.16862745098039222 0.27426470588235297 0.16862745098039222 0.27426470588235297 0.20522875816993472 0.29044117647058826 0.20522875816993472
8 0.2948529411764706 0.1856209150326798 0.2852941176470588 0.1856209150326798 0.2852941176470588 0.20653594771241837 0.2948529411764706 0.20653594771241837
8 0.30367647058823527 0.20653594771241837 0.29558823529411765 0.20653594771241837 0.29558823529411765 0.2261437908496733 0.30367647058823527 0.2261437908496733
7 0.3 0.20000000000000007 0.2897058823529412 0.20000000000000007 0.2897058823529412 0.24575163398692818 0.3 0.24575163398692818
7 0.29044117647058826 0.21307189542483668 0.2823529411764706 0.21307189542483668 0.2823529411764706 0.25751633986928113 0.29044117647058826 0.25751633986928113
8 0.2639705882352941 0.23398692810457525 0.25220588235294117 0.23398692810457525 0.25220588235294117 0.26274509803921575 0.2639705882352941 0.26274509803921575
3 0.21911764705882353 0.2339869281045752 0.1514705882352941 0.23398692810457516 0.1514705882352941 0.28496732026143795 0.21911764705882353 0.284967320261438
11 0.23823529411764705 0.24575163398692815 0.1588235294117647 0.2457516339869281 0.15882352941176472 0.31503267973856214 0.23823529411764705 0.3150326797385622
7 0.22205882352941175 0.2614379084967321 0.21102941176470588 0.2614379084967321 0.21102941176470588 0.3150326797385622 0.22205882352941175 0.3150326797385622
7 0.23823529411764705 0.25751633986928113 0.2286764705882353 0.25751633986928113 0.2286764705882353 0.288888888888889 0.23823529411764705 0.288888888888889
8 0.25220588235294117 0.281045751633987 0.2375 0.281045751633987 0.2375 0.3098039215686275 0.25220588235294117 0.3098039215686275
8 0.25441176470588234 0.27581699346405236 0.24338235294117647 0.27581699346405236 0.24338235294117647 0.3006535947712419 0.25441176470588234 0.3006535947712419
7 0.22941176470588234 0.26535947712418306 0.22058823529411764 0.26535947712418306 0.22058823529411764 0.30588235294117655 0.22941176470588234 0.30588235294117655
7 0.35441176470588237 0.12941176470588242 0.3463235294117647 0.12941176470588242 0.3463235294117647 0.16993464052287588 0.35441176470588237 0.16993464052287588
5 0.3602941176470588 0.12810457516339877 0.35294117647058826 0.12810457516339877 0.35294117647058826 0.16078431372549026 0.3602941176470588 0.16078431372549026
7 0.3448529411764706 0.16862745098039222 0.33897058823529413 0.16862745098039222 0.33897058823529413 0.20653594771241837 0.3448529411764706 0.20653594771241837
7 0.3463235294117647 0.1895424836601308 0.3397058823529412 0.1895424836601308 0.3397058823529412 0.22091503267973864 0.3463235294117647 0.22091503267973864
7 0.34338235294117647 0.19738562091503276 0.3382352941176471 0.19738562091503276 0.3382352941176471 0.21960784313725498 0.34338235294117647 0.21960784313725498
7 0.34852941176470587 0.20915032679738568 0.34044117647058825 0.20915032679738568 0.34044117647058825 0.24705882352941183 0.34852941176470587 0.24705882352941183
7 0.3448529411764706 0.27581699346405236 0.3352941176470588 0.27581699346405236 0.3352941176470588 0.3294117647058824 0.3448529411764706 0.3294117647058824
7 0.3352941176470588 0.2509803921568628 0.3272058823529412 0.2509803921568628 0.3272058823529412 0.29803921568627456 0.3352941176470588 0.29803921568627456
7 0.3536764705882353 0.2261437908496733 0.3448529411764706 0.2261437908496733 0.3448529411764706 0.2692810457516341 0.3536764705882353 0.2692810457516341
8 0.34044117647058825 0.23921568627450987 0.32794117647058824 0.23921568627450987 0.32794117647058824 0.2692810457516341 0.34044117647058825 0.2692810457516341
8 0.34191176470588236 0.2222222222222223 0.33308823529411763 0.2222222222222223 0.33308823529411763 0.24575163398692818 0.34191176470588236 0.24575163398692818
8 0.34338235294117647 0.21699346405228764 0.3316176470588235 0.21699346405228764 0.3316176470588235 0.23921568627450987 0.34338235294117647 0.23921568627450987
8 0.3014705882352941 0.2614379084967321 0.29411764705882354 0.2614379084967321 0.29411764705882354 0.284967320261438 0.3014705882352941 0.284967320261438
8 0.2985294117647059 0.2614379084967321 0.2911764705882353 0.2614379084967321 0.2911764705882353 0.277124183006536 0.2985294117647059 0.277124183006536
7 0.26176470588235295 0.3006535947712419 0.2529411764705882 0.3006535947712419 0.2529411764705882 0.3464052287581699 0.26176470588235295 0.3464052287581699
7 0.2647058823529412 0.3098039215686275 0.25441176470588234 0.3098039215686275 0.25441176470588234 0.3568627450980392 0.2647058823529412 0.3568627450980392
8 0.29191176470588237 0.33202614379084977 0.27941176470588236 0.33202614379084977 0.27941176470588236 0.35947712418300654 0.29191176470588237 0.35947712418300654
8 0.2933823529411765 0.32156862745098047 0.28088235294117647 0.32156862745098047 0.28088235294117647 0.3477124183006536 0.2933823529411765 0.3477124183006536
7 0.28308823529411764 0.3098039215686275 0.27426470588235297 0.3098039215686275 0.27426470588235297 0.34248366013071896 0.28308823529411764 0.34248366013071896
8 0.21544117647058825 0.3150326797385622 0.20073529411764707 0.3150326797385622 0.20073529411764707 0.3464052287581699 0.21544117647058825 0.3464052287581699
0 0.2139705882352941 0.27973856209150333 0.175 0.27973856209150333 0.17500000000000002 0.3607843137254902 0.2139705882352941 0.3607843137254902
5 0.1558823529411765 0.31633986928104574 0.13455882352941181 0.31633986928104574 0.13455882352941181 0.3516339869281046 0.1558823529411765 0.3516339869281046
8 0.19705882352941176 0.3568627450980392 0.18602941176470592 0.3568627450980392 0.18602941176470592 0.3843137254901961 0.19705882352941176 0.3843137254901961
8 0.19558823529411765 0.3660130718954248 0.18014705882352947 0.3660130718954248 0.18014705882352947 0.4013071895424837 0.19558823529411765 0.4013071895424837
8 0.19117647058823528 0.38300653594771245 0.1757352941176471 0.38300653594771245 0.1757352941176471 0.4222222222222222 0.19117647058823528 0.4222222222222222
8 0.1845588235294118 0.42745098039215684 0.17132352941176474 0.42745098039215684 0.17132352941176474 0.46143790849673205 0.1845588235294118 0.46143790849673205
8 0.18161764705882358 0.43529411764705883 0.16470588235294123 0.43529411764705883 0.16470588235294123 0.47058823529411764 0.18161764705882358 0.47058823529411764
8 0.18602941176470592 0.5071895424836601 0.17058823529411768 0.5071895424836601 0.17058823529411768 0.538562091503268 0.18602941176470592 0.538562091503268
9 0.1683823529411765 0.3464052287581699 0.13529411764705887 0.3464052287581699 0.13529411764705887 0.4117647058823529 0.1683823529411765 0.4117647058823529
3 0.17058823529411768 0.40522875816993464 0.07279411764705884 0.40522875816993464 0.07279411764705886 0.4875816993464052 0.17058823529411768 0.4875816993464052
3 0.1382352941176471 0.477124183006536 0.014705882352941207 0.477124183006536 0.014705882352941213 0.596078431372549 0.1382352941176471 0.596078431372549
9 0.09117647058823533 0.44313725490196076 0.021323529411764738 0.44313725490196076 0.02132352941176474 0.5241830065359477 0.09117647058823533 0.5241830065359477
7 0.17058823529411768 0.4366013071895425 0.1558823529411765 0.4366013071895425 0.1558823529411765 0.49019607843137253 0.17058823529411768 0.49019607843137253
7 0.16985294117647062 0.5725490196078431 0.149264705882353 0.5725490196078431 0.149264705882353 0.6326797385620915 0.16985294117647062 0.6326797385620915
8 0.2051470588235295 0.6366013071895424 0.18529411764705886 0.6366013071895424 0.18529411764705886 0.6797385620915033 0.2051470588235295 0.6797385620915033
8 0.2051470588235295 0.6196078431372549 0.18823529411764714 0.6196078431372549 0.18823529411764714 0.6509803921568628 0.2051470588235295 0.6509803921568628
8 0.09852941176470592 0.6392156862745098 0.07720588235294122 0.6392156862745098 0.07720588235294122 0.6823529411764706 0.09852941176470592 0.6823529411764706
8 0.10147058823529416 0.6287581699346405 0.08235294117647063 0.6287581699346405 0.08235294117647063 0.6601307189542484 0.10147058823529416 0.6601307189542484
0 0.08529411764705887 0.5830065359477125 0.018382352941176513 0.5830065359477125 0.018382352941176516 0.7215686274509804 0.08529411764705887 0.7215686274509804
5 0.03235294117647063 0.5882352941176471 0.0029411764705882756 0.5882352941176471 0.002941176470588277 0.6313725490196078 0.03235294117647063 0.6313725490196078
3 0.07279411764705887 0.7058823529411765 4.862568173085078e-17 0.7058823529411765 5.2812893213229604e-17 0.8274509803921568 0.07279411764705888 0.8274509803921568
9 0.05955882352941183 0.8666666666666667 5.970153145843347e-17 0.8666666666666667 6.397879049957311e-17 0.9908496732026144 0.05955882352941183 0.9908496732026144
5 0.08308823529411771 0.9045751633986928 0.04191176470588241 0.9045751633986928 0.04191176470588242 1 0.08308823529411771 1
5 0.08676470588235301 0.8274509803921568 0.054411764705882416 0.8274509803921568 0.054411764705882416 0.9202614379084967 0.08676470588235301 0.9202614379084967
7 0.1477941176470589 0.9411764705882353 0.1301470588235295 0.9411764705882353 0.1301470588235295 1 0.1477941176470589 1
7 0.18308823529411772 0.9503267973856209 0.16617647058823537 0.9503267973856209 0.16617647058823537 1 0.18308823529411772 1
8 0.1816176470588236 0.9712418300653595 0.15808823529411772 0.9712418300653595 0.15808823529411772 1 0.1816176470588236 1
7 0.19191176470588245 0.8444444444444444 0.17352941176470593 0.8444444444444444 0.17352941176470593 0.9150326797385621 0.19191176470588245 0.9150326797385621
8 0.22058823529411772 0.8483660130718954 0.19411764705882362 0.8483660130718954 0.19411764705882362 0.9006535947712418 0.22058823529411772 0.9006535947712418
8 0.22426470588235303 0.8222222222222222 0.20294117647058832 0.8222222222222222 0.20294117647058832 0.8640522875816994 0.22426470588235303 0.8640522875816994
8 0.2463235294117648 0.730718954248366 0.22573529411764715 0.730718954248366 0.22573529411764715 0.7790849673202614 0.2463235294117648 0.7790849673202614
8 0.23676470588235302 0.7150326797385621 0.21985294117647067 0.7150326797385621 0.21985294117647067 0.7542483660130719 0.23676470588235302 0.7542483660130719
7 0.35882352941176476 0.6993464052287581 0.33970588235294125 0.6993464052287581 0.33970588235294125 0.7712418300653595 0.35882352941176476 0.7712418300653595
5 0.36911764705882355 0.1006535947712419 0.3602941176470588 0.1006535947712419 0.3602941176470588 0.13202614379084976 0.36911764705882355 0.13202614379084976
7 0.3654411764705882 0.21830065359477133 0.35661764705882354 0.21830065359477133 0.35661764705882354 0.26274509803921575 0.3654411764705882 0.26274509803921575
7 0.425 0.2588235294117648 0.4176470588235294 0.2588235294117648 0.4176470588235294 0.30849673202614386 0.425 0.30849673202614386
7 0.4235294117647059 0.23790849673202621 0.4161764705882353 0.23790849673202621 0.4161764705882353 0.27973856209150333 0.4235294117647059 0.27973856209150333
8 0.42058823529411765 0.2588235294117648 0.4139705882352941 0.2588235294117648 0.4139705882352941 0.2784313725490197 0.42058823529411765 0.2784313725490197
7 0.4007352941176471 0.13986928104575172 0.3948529411764706 0.13986928104575172 0.3948529411764706 0.17647058823529418 0.4007352941176471 0.17647058823529418
7 0.4117647058823529 0.13202614379084976 0.4022058823529412 0.13202614379084976 0.4022058823529412 0.17647058823529418 0.4117647058823529 0.17647058823529418
7 0.4183823529411765 0.13594771241830073 0.4117647058823529 0.13594771241830073 0.4117647058823529 0.17254901960784322 0.4183823529411765 0.17254901960784322
8 0.4441176470588235 0.14379084967320271 0.43676470588235294 0.14379084967320271 0.43676470588235294 0.17254901960784322 0.4441176470588235 0.17254901960784322
7 0.4647058823529412 0.13333333333333344 0.4573529411764706 0.13333333333333344 0.4573529411764706 0.16993464052287588 0.4647058823529412 0.16993464052287588
8 0.4823529411764706 0.154248366013072 0.47573529411764703 0.154248366013072 0.47573529411764703 0.16732026143790857 0.4823529411764706 0.16732026143790857
8 0.4933823529411765 0.14379084967320271 0.4852941176470588 0.14379084967320271 0.4852941176470588 0.16601307189542494 0.4933823529411765 0.16601307189542494
8 0.49117647058823527 0.1320261437908498 0.4838235294117647 0.1320261437908498 0.4838235294117647 0.15686274509803932 0.49117647058823527 0.15686274509803932
8 0.5095588235294117 0.1320261437908498 0.5022058823529412 0.1320261437908498 0.5022058823529412 0.15816993464052298 0.5095588235294117 0.15816993464052298
8 0.5183823529411765 0.13725490196078444 0.5102941176470588 0.13725490196078444 0.5102941176470588 0.16209150326797397 0.5183823529411765 0.16209150326797397
7 0.44632352941176473 0.028758169934640615 0.43823529411764706 0.028758169934640615 0.43823529411764706 0.0588235294117648 0.44632352941176473 0.0588235294117648
7 0.4632352941176471 0.0026143790849674203 0.45294117647058824 0.002614379084967419 0.45294117647058824 0.030065359477124284 0.4632352941176471 0.030065359477124284
7 0.475 0.024836601307189645 0.4676470588235294 0.024836601307189645 0.4676470588235294 0.053594771241830166 0.475 0.05359477124183018
7 0.48676470588235293 0.03660130718954258 0.4801470588235294 0.03660130718954258 0.4801470588235294 0.06797385620915043 0.48676470588235293 0.06797385620915043
7 0.5088235294117647 0.05751633986928116 0.5029411764705882 0.05751633986928116 0.5029411764705882 0.09019607843137266 0.5088235294117647 0.09019607843137266
7 0.5176470588235295 0.023529411764705993 0.5110294117647058 0.023529411764705993 0.5110294117647058 0.05359477124183018 0.5176470588235295 0.05359477124183018
7 0.5227941176470589 0.016993464052287695 0.5161764705882353 0.016993464052287695 0.5161764705882353 0.04575163398692821 0.5227941176470589 0.04575163398692821
7 0.5433823529411764 0.04575163398692821 0.5338235294117647 0.04575163398692821 0.5338235294117647 0.07843137254901972 0.5433823529411764 0.07843137254901972
7 0.5558823529411765 0.00522875816993476 0.549264705882353 0.005228758169934759 0.549264705882353 0.033986928104575286 0.5558823529411765 0.033986928104575286
7 0.5044117647058823 0.00392156862745109 0.4970588235294118 0.003921568627451089 0.4970588235294118 0.031372549019607954 0.5044117647058823 0.031372549019607954
7 0.6205882352941177 0.007843137254902096 0.6147058823529412 0.007843137254902096 0.6147058823529412 0.03660130718954262 0.6205882352941177 0.036601307189542624
7 0.6169117647058824 1.3375064061275995e-16 0.611764705882353 1.331903446915814e-16 0.611764705882353 0.020915032679738692 0.6169117647058824 0.020915032679738692
7 0.6455882352941177 0.007843137254902101 0.6404411764705882 0.0078431372549021 0.6404411764705882 0.036601307189542624 0.6455882352941177 0.036601307189542624
7 0.663235294117647 0.001307189542483804 0.6573529411764706 0.0013071895424838036 0.6573529411764706 0.028758169934640667 0.663235294117647 0.02875816993464067
8 0.6698529411764705 0.010457516339869424 0.6639705882352941 0.010457516339869424 0.6639705882352941 0.026143790849673353 0.6698529411764705 0.026143790849673353
7 0.6889705882352941 0.06797385620915047 0.6786764705882353 0.06797385620915047 0.6786764705882353 0.1032679738562093 0.6889705882352941 0.1032679738562093
7 0.6705882352941176 0.10065359477124197 0.6639705882352941 0.10065359477124197 0.6639705882352941 0.1359477124183008 0.6705882352941176 0.1359477124183008
8 0.6352941176470588 0.11372549019607858 0.6279411764705882 0.11372549019607858 0.6279411764705882 0.13725490196078446 0.6352941176470588 0.13725490196078446
0 0.6705882352941176 0.11503267973856224 0.6404411764705882 0.11503267973856224 0.6404411764705882 0.16732026143790865 0.6705882352941176 0.16732026143790865
9 0.65 0.12026143790849687 0.6176470588235294 0.12026143790849687 0.6176470588235294 0.14640522875817008 0.65 0.14640522875817008
9 0.6727941176470589 0.16339869281045766 0.6345588235294117 0.16339869281045766 0.6345588235294117 0.19346405228758184 0.6727941176470589 0.19346405228758184
8 0.6529411764705882 0.15686274509803935 0.6426470588235295 0.15686274509803935 0.6426470588235295 0.18431372549019623 0.6529411764705882 0.18431372549019623
7 0.6595588235294118 0.16339869281045766 0.649264705882353 0.16339869281045766 0.649264705882353 0.20261437908496746 0.6595588235294118 0.20261437908496746
7 0.6830882352941177 0.21045751633986942 0.6735294117647059 0.21045751633986942 0.6735294117647059 0.2535947712418302 0.6830882352941177 0.2535947712418302
7 0.36838235294117655 0.726797385620915 0.361029411764706 0.726797385620915 0.361029411764706 0.7699346405228759 0.36838235294117655 0.7699346405228759
7 0.4117647058823529 0.8091503267973856 0.3926470588235294 0.8091503267973856 0.3926470588235294 0.8993464052287582 0.4117647058823529 0.8993464052287582
7 0.4294117647058823 0.4954248366013073 0.4183823529411765 0.4954248366013073 0.4183823529411765 0.562091503267974 0.4294117647058823 0.562091503267974
7 0.45 0.4875816993464054 0.4411764705882353 0.4875816993464054 0.4411764705882353 0.5607843137254903 0.45 0.5607843137254903
7 0.5522058823529412 0.5150326797385623 0.5441176470588235 0.5150326797385623 0.5441176470588235 0.5764705882352943 0.5522058823529412 0.5764705882352943
7 0.7948529411764705 0.6509803921568629 0.7764705882352941 0.6509803921568629 0.7764705882352941 0.7032679738562094 0.7948529411764705 0.7032679738562094
7 0.8419117647058824 0.6901960784313729 0.8227941176470588 0.6901960784313729 0.8227941176470588 0.7660130718954251 0.8419117647058824 0.7660130718954251
7 0.763235294117647 0.4575163398692812 0.7492647058823529 0.4575163398692812 0.7492647058823529 0.5281045751633988 0.763235294117647 0.5281045751633988
7 0.7610294117647058 0.3921568627450982 0.7477941176470588 0.3921568627450982 0.7477941176470588 0.4444444444444446 0.7610294117647058 0.4444444444444446
8 0.7573529411764706 0.39346405228758186 0.7514705882352941 0.39346405228758186 0.7514705882352941 0.4117647058823531 0.7573529411764706 0.4117647058823531
7 0.6 0.17254901960784327 0.5852941176470589 0.17254901960784327 0.5852941176470589 0.21437908496732042 0.6 0.21437908496732042
1 0.6264705882352941 0.17908496732026158 0.6088235294117647 0.17908496732026158 0.6088235294117647 0.20261437908496746 0.6264705882352941 0.20261437908496746
8 0.6235294117647059 0.166013071895425 0.6125 0.166013071895425 0.6125 0.1947712418300655 0.6235294117647059 0.1947712418300655
7 0.6154411764705883 0.15816993464052304 0.6073529411764705 0.15816993464052304 0.6073529411764705 0.19607843137254916 0.6154411764705883 0.19607843137254916
7 0.5477941176470589 0.1385620915032681 0.5404411764705882 0.1385620915032681 0.5404411764705882 0.17908496732026158 0.5477941176470589 0.17908496732026158
8 0.5588235294117647 0.15032679738562102 0.5507352941176471 0.15032679738562102 0.5507352941176471 0.1751633986928106 0.5588235294117647 0.1751633986928106
8 0.5617647058823529 0.15163398692810467 0.5529411764705883 0.15163398692810467 0.5529411764705883 0.1686274509803923 0.5617647058823529 0.1686274509803923
8 0.5573529411764706 0.13986928104575175 0.5514705882352942 0.13986928104575175 0.5514705882352942 0.16209150326797397 0.5573529411764706 0.16209150326797397
8 0.5426470588235294 0.1411764705882354 0.5338235294117647 0.1411764705882354 0.5338235294117647 0.16601307189542494 0.5426470588235294 0.16601307189542494
7 0.5455882352941176 0.13071895424836613 0.5352941176470588 0.13071895424836613 0.5352941176470588 0.15686274509803932 0.5455882352941176 0.15686274509803932
8 0.538235294117647 0.12941176470588248 0.5308823529411765 0.12941176470588248 0.5308823529411765 0.15294117647058836 0.538235294117647 0.15294117647058836
8 0.5669117647058823 0.13986928104575175 0.5588235294117647 0.13986928104575175 0.5588235294117647 0.16470588235294129 0.5669117647058823 0.16470588235294129
8 0.5691176470588235 0.1281045751633988 0.5625 0.1281045751633988 0.5625 0.154248366013072 0.5691176470588235 0.154248366013072
7 0.6022058823529411 0.31241830065359494 0.5941176470588235 0.31241830065359494 0.5941176470588235 0.36078431372549036 0.6022058823529411 0.36078431372549036
7 0.6132352941176471 0.30196078431372564 0.600735294117647 0.30196078431372564 0.600735294117647 0.3516339869281047 0.6132352941176471 0.3516339869281047
7 0.7102941176470589 0.06535947712418315 0.7044117647058824 0.06535947712418315 0.7044117647058824 0.10457516339869295 0.7102941176470589 0.10457516339869295
7 0.7073529411764706 0.061437908496732176 0.7022058823529411 0.061437908496732176 0.7022058823529411 0.09411764705882368 0.7073529411764706 0.09411764705882368
7 0.7102941176470589 0.05490196078431388 0.7029411764705882 0.05490196078431388 0.7029411764705882 0.09542483660130734 0.7102941176470589 0.09542483660130734
7 0.7308823529411764 0.06666666666666682 0.7242647058823529 0.06666666666666682 0.7242647058823529 0.1032679738562093 0.7308823529411764 0.1032679738562093
7 0.7477941176470588 0.061437908496732196 0.7411764705882353 0.061437908496732196 0.7411764705882353 0.09803921568627466 0.7477941176470588 0.09803921568627466
4 0.7308823529411764 1.5736311157671218e-16 0.7147058823529412 1.5560218153872253e-16 0.7147058823529412 0.031372549019608 0.7308823529411764 0.031372549019608
7 0.7375 0.010457516339869442 0.7316176470588235 0.010457516339869438 0.7316176470588235 0.03921568627450996 0.7375 0.03921568627450996
7 0.7536764705882353 0.011764705882353104 0.7448529411764706 0.011764705882353104 0.7448529411764706 0.03790849673202631 0.7536764705882353 0.037908496732026314
5 0.7551470588235294 0.024836601307189704 0.7411764705882353 0.0248366013071897 0.7411764705882353 0.040522875816993625 0.7551470588235294 0.04052287581699363
5 0.7772058823529412 0.045751633986928275 0.7669117647058824 0.045751633986928275 0.7669117647058824 0.06666666666666683 0.7772058823529412 0.06666666666666683
8 0.7772058823529412 0.03267973856209167 0.7647058823529411 0.03267973856209167 0.7647058823529411 0.053594771241830236 0.7772058823529412 0.053594771241830236
8 0.7713235294117647 0.02875816993464069 0.7588235294117647 0.02875816993464069 0.7588235294117647 0.05098039215686291 0.7713235294117647 0.05098039215686291
8 0.7661764705882353 0.02614379084967337 0.7566176470588235 0.02614379084967337 0.7566176470588235 0.04705882352941193 0.7661764705882353 0.04705882352941193
7 0.7904411764705882 0.07843137254901977 0.7838235294117647 0.07843137254901977 0.7838235294117647 0.1111111111111113 0.7904411764705882 0.1111111111111113
8 0.8352941176470589 0.09411764705882371 0.8272058823529411 0.09411764705882371 0.8272058823529411 0.11633986928104594 0.8352941176470589 0.11633986928104594
7 0.9117647058823529 0.09803921568627469 0.9029411764705882 0.09803921568627469 0.9029411764705882 0.12810457516339888 0.9117647058823529 0.12810457516339888
7 0.8529411764705882 0.12810457516339888 0.8426470588235294 0.12810457516339888 0.8426470588235294 0.16209150326797403 0.8529411764705882 0.16209150326797403
7 0.8514705882352941 0.12156862745098058 0.8441176470588235 0.12156862745098058 0.8441176470588235 0.15816993464052306 0.8514705882352941 0.15816993464052306
1 0.9985294117647059 0.09934640522875839 0.9830882352941176 0.09934640522875839 0.9830882352941176 0.12418300653594794 0.9985294117647059 0.12418300653594794
7 0.9970588235294118 0.14379084967320283 0.986764705882353 0.14379084967320283 0.986764705882353 0.17647058823529435 0.9970588235294118 0.17647058823529435
9 0.9477941176470588 0.38562091503267987 0.8816176470588235 0.38562091503267987 0.8816176470588235 0.4405228758169936 0.9477941176470588 0.4405228758169936
8 0.9470588235294117 0.36078431372549036 0.9330882352941177 0.36078431372549036 0.9330882352941177 0.4078431372549021 0.9470588235294117 0.4078431372549021
8 0.9455882352941176 0.354248366013072 0.9316176470588236 0.354248366013072 0.9316176470588236 0.3921568627450982 0.9455882352941176 0.3921568627450982
8 0.9477941176470588 0.31111111111111134 0.9286764705882353 0.31111111111111134 0.9286764705882353 0.3555555555555557 0.9477941176470588 0.3555555555555557
8 0.9419117647058823 0.3058823529411767 0.9294117647058824 0.3058823529411767 0.9294117647058824 0.3307189542483662 0.9419117647058823 0.3307189542483662
8 0.9477941176470588 0.2692810457516342 0.9330882352941177 0.2692810457516342 0.9330882352941177 0.30457516339869306 0.9477941176470588 0.30457516339869306
8 0.9463235294117647 0.2640522875816996 0.9330882352941177 0.2640522875816996 0.9330882352941177 0.29411764705882376 0.9463235294117647 0.29411764705882376
8 0.9536764705882353 0.24575163398692831 0.9404411764705882 0.24575163398692831 0.9404411764705882 0.2849673202614381 0.9536764705882353 0.2849673202614381
7 0.9595588235294118 0.23790849673202635 0.95 0.23790849673202635 0.95 0.2849673202614381 0.9595588235294118 0.2849673202614381
8 0.9639705882352941 0.22745098039215708 0.9514705882352941 0.22745098039215708 0.9514705882352941 0.2627450980392159 0.9639705882352941 0.2627450980392159
8 0.9742647058823529 0.21176470588235316 0.9625 0.21176470588235316 0.9625 0.24575163398692831 0.9742647058823529 0.24575163398692831
1 1 0.21960784313725512 0.9742647058823529 0.21960784313725512 0.9742647058823529 0.25098039215686296 1 0.25098039215686296
8 0.9852941176470589 0.2065359477124185 0.9727941176470588 0.2065359477124185 0.9727941176470588 0.2339869281045754 0.9852941176470589 0.2339869281045754
7 0.9963235294117647 0.19215686274509827 0.9852941176470589 0.19215686274509827 0.9852941176470589 0.23137254901960808 0.9963235294117647 0.23137254901960808