4 0.3977941176470588 0.045751633986928185 0.3338235294117647 0.04575163398692818 0.3338235294117647 0.10718954248366021 0.3977941176470588 0.10718954248366021
4 0.5022058823529412 0.04444444444444454 0.42205882352941176 0.044444444444444536 0.42205882352941176 0.10326797385620924 0.5022058823529412 0.10326797385620926
3 0.23970588235294119 0.16993464052287588 0.21985294117647058 0.16993464052287588 0.21985294117647058 0.1856209150326798 0.23970588235294119 0.1856209150326798
3 0.22426470588235295 0.17254901960784322 0.20661764705882352 0.17254901960784322 0.20661764705882352 0.18823529411764714 0.22426470588235295 0.18823529411764714
3 0.24558823529411763 0.21960784313725498 0.22573529411764706 0.21960784313725498 0.22573529411764706 0.2418300653594772 0.24558823529411763 0.2418300653594772
3 0.09632352941176471 0.26405228758169935 0.04926470588235296 0.26405228758169935 0.04926470588235296 0.28888888888888886 0.09632352941176471 0.28888888888888886
3 1 0.8875816993464055 0.8742647058823529 0.8875816993464055 0.8742647058823529 1.0000000000000002 1 1.0000000000000002
11 0.6522058823529412 0.3490196078431374 0.6139705882352942 0.3490196078431374 0.6139705882352942 0.39084967320261454 0.6522058823529412 0.39084967320261454
3 0.47573529411764703 0.2666666666666667 0.4698529411764706 0.2666666666666667 0.4698529411764706 0.29803921568627456 0.47573529411764703 0.29803921568627456
9 0.5073529411764706 0.34509803921568644 0.48676470588235293 0.34509803921568644 0.48676470588235293 0.39346405228758186 0.5073529411764706 0.39346405228758186
4 0.34705882352941175 0.09803921568627458 0.3044117647058823 0.09803921568627458 0.3044117647058823 0.18039215686274518 0.34705882352941175 0.18039215686274518
3 0.3786764705882353 0.2222222222222223 0.3639705882352941 0.2222222222222223 0.3639705882352941 0.24575163398692818 0.3786764705882353 0.24575163398692818
3 0.39705882352941174 0.21699346405228764 0.3830882352941177 0.21699346405228764 0.3830882352941177 0.23660130718954256 0.39705882352941174 0.23660130718954256
3 0.37941176470588234 0.16862745098039222 0.3698529411764706 0.16862745098039222 0.3698529411764706 0.18169934640522883 0.37941176470588234 0.18169934640522883
2 0.3764705882352941 0.13986928104575172 0.3654411764705882 0.13986928104575172 0.3654411764705882 0.16470588235294126 0.3764705882352941 0.16470588235294126
11 0.37573529411764706 0.13071895424836608 0.3720588235294118 0.13071895424836608 0.3720588235294118 0.13986928104575172 0.37573529411764706 0.13986928104575172
10 0.3735294117647059 0.10718954248366021 0.36323529411764705 0.10718954248366021 0.36323529411764705 0.13464052287581707 0.3735294117647059 0.13464052287581707
11 0.35661764705882354 0.13071895424836608 0.35 0.13071895424836608 0.35 0.14248366013071903 0.35661764705882354 0.14248366013071903
5 0.4227941176470588 0.23267973856209156 0.4176470588235294 0.23267973856209156 0.4176470588235294 0.24575163398692818 0.4227941176470588 0.24575163398692818
8 0.4227941176470588 0.22745098039215694 0.4176470588235294 0.22745098039215694 0.4176470588235294 0.24313725490196086 0.4227941176470588 0.24313725490196086
3 0.7830882352941176 0.3084967320261439 0.7551470588235294 0.3084967320261439 0.7551470588235294 0.34117647058823547 0.7830882352941176 0.34117647058823547
9 0.711764705882353 0.39607843137254917 0.6683823529411764 0.39607843137254917 0.6683823529411764 0.43267973856209163 0.711764705882353 0.43267973856209163
9 0.7308823529411764 0.3895424836601309 0.6889705882352941 0.3895424836601309 0.6889705882352941 0.4248366013071897 0.7308823529411764 0.4248366013071897
9 0.6904411764705882 0.37777777777777793 0.6529411764705882 0.37777777777777793 0.6529411764705882 0.40653594771241847 0.6904411764705882 0.40653594771241847
9 0.7080882352941177 0.36732026143790864 0.6669117647058823 0.36732026143790864 0.6669117647058823 0.3986928104575165 0.7080882352941177 0.3986928104575165
10 0.5051470588235294 0.1084967320261439 0.47205882352941175 0.1084967320261439 0.47205882352941175 0.1320261437908498 0.5051470588235294 0.1320261437908498
10 0.5279411764705882 0.14248366013071906 0.4904411764705882 0.14248366013071906 0.4904411764705882 0.1738562091503269 0.5279411764705882 0.17385620915032696
10 0.538235294117647 0.14379084967320271 0.5022058823529412 0.14379084967320271 0.5022058823529412 0.17516339869281056 0.538235294117647 0.1751633986928106
10 0.55 0.13986928104575175 0.5095588235294117 0.13986928104575175 0.5095588235294117 0.1712418300653596 0.55 0.17124183006535962
10 0.5977941176470588 0.13725490196078444 0.5632352941176471 0.13725490196078444 0.5632352941176471 0.16209150326797397 0.5977941176470588 0.162091503267974
10 0.6036764705882353 0.13464052287581713 0.5691176470588235 0.1346405228758171 0.5691176470588235 0.16209150326797397 0.6036764705882353 0.162091503267974
10 0.6183823529411765 0.13464052287581713 0.5838235294117647 0.1346405228758171 0.5838235294117647 0.15686274509803935 0.6183823529411765 0.15686274509803935
10 0.6360294117647058 0.13202614379084981 0.5963235294117647 0.1320261437908498 0.5963235294117647 0.154248366013072 0.6360294117647058 0.15424836601307204
5 0.6022058823529411 0.26928104575163414 0.5933823529411765 0.26928104575163414 0.5933823529411765 0.2862745098039217 0.6022058823529411 0.2862745098039217