3 0.1770833333333334 0.8425925925925926 0.10104166666666672 0.8425925925925926 0.10104166666666672 1 0.1770833333333334 1
11 0.08541666666666672 0.7481481481481481 0.0020833333333333853 0.7481481481481481 0.002083333333333388 0.8296296296296296 0.08541666666666672 0.8296296296296296
3 0.24062500000000006 0.5666666666666667 0.19062500000000007 0.5666666666666667 0.19062500000000007 0.662962962962963 0.24062500000000006 0.662962962962963
3 0.37083333333333335 0.34814814814814826 0.34270833333333334 0.34814814814814826 0.34270833333333334 0.40555555555555567 0.37083333333333335 0.40555555555555567
3 0.51875 0.4111111111111112 0.490625 0.4111111111111112 0.490625 0.4685185185185186 0.51875 0.4685185185185186
3 0.32708333333333334 0.20000000000000004 0.3020833333333333 0.20000000000000004 0.3020833333333333 0.23518518518518525 0.32708333333333334 0.23518518518518525
10 0.2604166666666667 0.38518518518518524 0.17395833333333333 0.3851851851851852 0.17395833333333335 0.4518518518518519 0.26041666666666674 0.45185185185185195
3 0.15625 0.34444444444444444 0.12500000000000003 0.34444444444444444 0.12500000000000003 0.40555555555555556 0.15625 0.40555555555555556
3 0.60625 0.31851851851851865 0.5552083333333333 0.31851851851851865 0.5552083333333333 0.3648148148148149 0.60625 0.3648148148148149
11 0.4583333333333333 0.31481481481481494 0.41458333333333336 0.31481481481481494 0.41458333333333336 0.3870370370370371 0.4583333333333333 0.3870370370370371
11 0.46145833333333336 0.10555555555555567 0.44479166666666664 0.10555555555555567 0.44479166666666664 0.1351851851851853 0.46145833333333336 0.1351851851851853
3 0.3697916666666667 0.12777777777777785 0.35104166666666664 0.12777777777777782 0.35104166666666664 0.1574074074074075 0.3697916666666667 0.15740740740740752
3 0.3875 0.10740740740740749 0.3697916666666667 0.10740740740740749 0.3697916666666667 0.1351851851851853 0.3875 0.1351851851851853
3 0.40208333333333335 0.09074074074074082 0.38645833333333335 0.09074074074074082 0.38645833333333335 0.11666666666666675 0.40208333333333335 0.11666666666666675
3 0.46458333333333335 0.07037037037037047 0.44895833333333335 0.07037037037037047 0.44895833333333335 0.09629629629629641 0.46458333333333335 0.09629629629629641
3 0.5364583333333334 0.2500000000000001 0.51875 0.2500000000000001 0.51875 0.28703703703703715 0.5364583333333334 0.28703703703703715
3 0.5916666666666667 0.21111111111111122 0.571875 0.21111111111111122 0.571875 0.2500000000000001 0.5916666666666667 0.2500000000000001
3 0.1552083333333334 0.4722222222222222 0.10833333333333336 0.4722222222222222 0.10833333333333336 0.5722222222222222 0.1552083333333334 0.5722222222222222
3 0.10625000000000002 0.4666666666666667 0.0572916666666667 0.4666666666666667 0.057291666666666706 0.5666666666666667 0.10625000000000002 0.5666666666666667
3 0.04375000000000004 0.48148148148148145 3.316751747690748e-17 0.48148148148148145 3.571886497513114e-17 0.5555555555555556 0.043750000000000046 0.5555555555555556
3 0.1197916666666667 0.35555555555555557 0.0885416666666667 0.35555555555555557 0.0885416666666667 0.412962962962963 0.1197916666666667 0.412962962962963
3 0.0760416666666667 0.35185185185185186 0.044791666666666695 0.35185185185185186 0.044791666666666695 0.40925925925925927 0.0760416666666667 0.40925925925925927
3 0.03437500000000003 0.3592592592592593 0.004166666666666691 0.3592592592592593 0.004166666666666693 0.412962962962963 0.03437500000000003 0.412962962962963
3 0.19270833333333334 0.34814814814814815 0.16145833333333334 0.34814814814814815 0.16145833333333334 0.3962962962962963 0.19270833333333334 0.3962962962962963
3 0.25625 0.29629629629629634 0.20520833333333333 0.2962962962962963 0.20520833333333333 0.33333333333333337 0.25625 0.3333333333333334
3 0.2635416666666667 0.2796296296296297 0.21770833333333334 0.2796296296296296 0.21770833333333334 0.3092592592592593 0.2635416666666667 0.30925925925925934
3 0.2760416666666667 0.2611111111111112 0.23125 0.2611111111111111 0.23125 0.2888888888888889 0.2760416666666667 0.288888888888889
5 0.225 0.26481481481481484 0.20625 0.26481481481481484 0.20625 0.28703703703703703 0.225 0.28703703703703703
1 0.23333333333333334 0.2518518518518518 0.21770833333333334 0.2518518518518518 0.21770833333333334 0.27037037037037037 0.23333333333333334 0.27037037037037037
7 0.28229166666666666 0.15740740740740747 0.275 0.15740740740740747 0.275 0.18518518518518523 0.28229166666666666 0.18518518518518523
3 0.28854166666666664 0.12962962962962968 0.271875 0.12962962962962968 0.271875 0.15925925925925932 0.28854166666666664 0.15925925925925932
3 0.30833333333333335 0.14629629629629634 0.28958333333333336 0.14629629629629634 0.28958333333333336 0.17777777777777784 0.30833333333333335 0.17777777777777784
3 0.390625 0.08518518518518527 0.3697916666666667 0.08518518518518527 0.3697916666666667 0.11111111111111119 0.390625 0.11111111111111119
3 0.3885416666666667 0.0648148148148149 0.371875 0.0648148148148149 0.371875 0.08703703703703712 0.3885416666666667 0.08703703703703712
7 0.3177083333333333 0.37592592592592605 0.30833333333333335 0.37592592592592605 0.30833333333333335 0.39814814814814825 0.3177083333333333 0.39814814814814825
1 0.31875 0.388888888888889 0.3072916666666667 0.388888888888889 0.3072916666666667 0.4148148148148149 0.31875 0.4148148148148149
8 0.4239583333333333 0.07962962962962972 0.415625 0.0796296296296297 0.415625 0.09444444444444454 0.4239583333333333 0.09444444444444455
8 0.44583333333333336 0.04629629629629639 0.440625 0.04629629629629639 0.440625 0.0574074074074075 0.44583333333333336 0.0574074074074075
5 0.4239583333333333 0.08888888888888898 0.4166666666666667 0.08888888888888896 0.4166666666666667 0.10185185185185194 0.4239583333333333 0.10185185185185196
5 0.4479166666666667 0.05000000000000009 0.4395833333333333 0.05000000000000009 0.4395833333333333 0.06481481481481492 0.4479166666666667 0.06481481481481492
3 0.496875 0.022222222222222327 0.484375 0.022222222222222327 0.484375 0.046296296296296405 0.496875 0.046296296296296405
10 0.47604166666666664 0.03703703703703714 0.4635416666666667 0.03703703703703714 0.4635416666666667 0.059259259259259366 0.47604166666666664 0.059259259259259366
3 0.5229166666666667 0.0925925925925927 0.5083333333333333 0.0925925925925927 0.5083333333333333 0.11666666666666677 0.5229166666666667 0.11666666666666677
7 0.6322916666666667 0.27962962962962973 0.625 0.27962962962962973 0.625 0.31296296296296305 0.6322916666666667 0.31296296296296305
7 0.6489583333333333 0.31481481481481494 0.6427083333333333 0.31481481481481494 0.6427083333333333 0.34444444444444455 0.6489583333333333 0.34444444444444455
7 0.6447916666666667 0.30925925925925934 0.6385416666666667 0.30925925925925934 0.6385416666666667 0.34259259259259267 0.6447916666666667 0.34259259259259267
7 0.6041666666666666 0.17037037037037048 0.596875 0.17037037037037048 0.596875 0.19074074074074085 0.6041666666666666 0.19074074074074085
7 0.5354166666666667 0.11481481481481493 0.528125 0.11481481481481493 0.528125 0.1351851851851853 0.5354166666666667 0.1351851851851853
3 0.6166666666666667 0.14259259259259272 0.6 0.1425925925925927 0.6 0.17222222222222236 0.6166666666666667 0.1722222222222224
3 0.6104166666666667 0.12407407407407421 0.5864583333333333 0.12407407407407418 0.5864583333333333 0.14444444444444457 0.6104166666666667 0.1444444444444446
9 0.5916666666666667 0.43703703703703717 0.575 0.43703703703703717 0.575 0.49444444444444463 0.5916666666666667 0.49444444444444463
8 0.6072916666666667 0.49444444444444463 0.5947916666666667 0.49444444444444463 0.5947916666666667 0.5222222222222225 0.6072916666666667 0.5222222222222225
11 0.6447916666666667 0.8518518518518521 0.5927083333333333 0.8518518518518521 0.5927083333333333 0.975925925925926 0.6447916666666667 0.975925925925926
4 0.6197916666666666 0.0018518518518519777 0.5364583333333334 0.0018518518518519686 0.5364583333333334 0.11481481481481494 0.6197916666666666 0.11481481481481495
8 0.8020833333333334 0.3388888888888891 0.7927083333333333 0.3388888888888891 0.7927083333333333 0.37222222222222245 0.8020833333333334 0.37222222222222245
1 0.8104166666666667 0.35925925925925944 0.7822916666666667 0.35925925925925944 0.7822916666666667 0.3833333333333335 0.8104166666666667 0.3833333333333335