4 0.47708333333333336 0.26481481481481495 0.4395833333333333 0.26481481481481495 0.4395833333333333 0.36666666666666675 0.47708333333333336 0.36666666666666675
3 0.46041666666666664 0.36851851851851863 0.45208333333333334 0.36851851851851863 0.45208333333333334 0.3814814814814816 0.46041666666666664 0.3814814814814816
3 0.48020833333333335 0.37407407407407417 0.46979166666666666 0.37407407407407417 0.46979166666666666 0.39444444444444454 0.48020833333333335 0.39444444444444454
3 0.4552083333333333 0.42407407407407416 0.440625 0.42407407407407416 0.440625 0.4462962962962964 0.4552083333333333 0.4462962962962964
3 0.4791666666666667 0.44814814814814824 0.46145833333333336 0.44814814814814824 0.46145833333333336 0.4740740740740741 0.4791666666666667 0.4740740740740741
8 0.48854166666666665 0.4462962962962964 0.48333333333333334 0.4462962962962964 0.48333333333333334 0.4611111111111112 0.48854166666666665 0.4611111111111112
5 0.48854166666666665 0.45185185185185195 0.48333333333333334 0.45185185185185195 0.48333333333333334 0.4703703703703705 0.48854166666666665 0.4703703703703705
3 0.30833333333333335 0.7185185185185186 0.23645833333333338 0.7185185185185186 0.23645833333333338 0.7777777777777778 0.30833333333333335 0.7777777777777778
3 0.3072916666666667 0.7166666666666667 0.23541666666666672 0.7166666666666667 0.23541666666666672 0.7759259259259259 0.3072916666666667 0.7759259259259259
10 0.39375 0.5574074074074075 0.35625 0.5574074074074075 0.35625 0.6685185185185185 0.39375 0.6685185185185185
3 0.4510416666666667 0.6833333333333333 0.41770833333333335 0.6833333333333333 0.41770833333333335 0.762962962962963 0.4510416666666667 0.762962962962963
0 0.5239583333333333 0.6666666666666669 0.49895833333333334 0.6666666666666669 0.49895833333333334 0.7185185185185188 0.5239583333333333 0.7185185185185188
8 0.5166666666666667 0.6574074074074077 0.503125 0.6574074074074077 0.503125 0.6962962962962965 0.5166666666666667 0.6962962962962965
10 0.4645833333333334 0.8407407407407408 0.42291666666666666 0.8407407407407408 0.4229166666666667 0.9481481481481482 0.46458333333333346 0.9481481481481482