1 0.8786764705882353 0.04183006535947731 0.8580882352941176 0.04183006535947731 0.8580882352941176 0.07712418300653613 0.8786764705882353 0.07712418300653613
1 0.8625 0.05490196078431391 0.8323529411764706 0.05490196078431391 0.8323529411764706 0.08366013071895444 0.8625 0.08366013071895444
3 0.975 0.7686274509803924 0.8169117647058823 0.7686274509803924 0.8169117647058823 0.8954248366013075 0.975 0.8954248366013075
8 0.7397058823529412 0.8954248366013075 0.711764705882353 0.8954248366013075 0.711764705882353 0.9633986928104579 0.7397058823529412 0.9633986928104579
5 0.7522058823529412 0.9124183006535951 0.6963235294117647 0.9124183006535951 0.6963235294117647 0.9843137254901964 0.7522058823529412 0.9843137254901964
8 0.6352941176470588 0.573856209150327 0.6183823529411765 0.573856209150327 0.6183823529411765 0.635294117647059 0.6352941176470588 0.635294117647059
1 0.65 0.577777777777778 0.6029411764705882 0.577777777777778 0.6029411764705882 0.6326797385620917 0.65 0.6326797385620917
3 0.6617647058823529 0.6065359477124185 0.5404411764705882 0.6065359477124185 0.5404411764705882 0.7241830065359477 0.6617647058823529 0.7241830065359477
3 0.47205882352941175 0.36078431372549036 0.4235294117647059 0.36078431372549036 0.4235294117647059 0.47189542483660146 0.47205882352941175 0.47189542483660146
3 0.049264705882352974 0.42745098039215684 2.944555171479298e-17 0.42745098039215684 3.228204981575927e-17 0.5098039215686274 0.04926470588235298 0.5098039215686274
3 0.24411764705882358 0.5555555555555556 0.16397058823529415 0.5555555555555556 0.16397058823529415 0.7254901960784313 0.2441176470588236 0.7254901960784313
11 0.31397058823529417 0.5437908496732026 0.23823529411764705 0.5437908496732026 0.2382352941176471 0.7372549019607844 0.3139705882352942 0.7372549019607844
8 0.31691176470588234 0.23398692810457525 0.2977941176470588 0.23398692810457525 0.2977941176470588 0.29019607843137263 0.31691176470588234 0.29019607843137263
8 0.6073529411764705 0.6457516339869283 0.5875 0.6457516339869283 0.5875 0.6941176470588235 0.6073529411764705 0.6941176470588235
9 0.3286764705882353 0.23790849673202621 0.29705882352941176 0.23790849673202621 0.29705882352941176 0.3071895424836602 0.3286764705882353 0.3071895424836602
0 0.34338235294117647 0.36470588235294127 0.29044117647058826 0.36470588235294116 0.29044117647058826 0.4718954248366014 0.34338235294117647 0.47189542483660146
0 0.2727941176470588 0.4222222222222222 0.22205882352941175 0.4222222222222222 0.22205882352941175 0.5241830065359477 0.2727941176470588 0.5241830065359477
3 0.1544117647058824 0.2522875816993464 0.11911764705882352 0.2522875816993464 0.11911764705882355 0.3241830065359477 0.1544117647058824 0.3241830065359477
11 0.39705882352941174 0.1633986928104576 0.3514705882352941 0.1633986928104576 0.3514705882352941 0.27058823529411774 0.39705882352941174 0.27058823529411774
8 0.38529411764705884 0.2026143790849674 0.37279411764705883 0.2026143790849674 0.37279411764705883 0.24052287581699353 0.38529411764705884 0.24052287581699353
3 0.3669117647058823 0.09019607843137262 0.3235294117647059 0.09019607843137262 0.3235294117647059 0.1660130718954249 0.3669117647058823 0.1660130718954249
3 0.4183823529411765 0.07712418300653603 0.38235294117647056 0.07712418300653602 0.38235294117647056 0.15555555555555564 0.4183823529411765 0.15555555555555564
3 0.4308823529411765 0.02091503267973865 0.3985294117647059 0.020915032679738647 0.3985294117647059 0.08104575163398701 0.4308823529411765 0.08104575163398701
5 0.31838235294117645 0.01830065359477131 0.30220588235294116 0.018300653594771305 0.30220588235294116 0.05098039215686282 0.31838235294117645 0.05098039215686282
7 0.3610294117647059 0.005228758169934718 0.3514705882352941 0.005228758169934717 0.3514705882352941 0.044444444444444516 0.3610294117647059 0.044444444444444516
5 0.36323529411764705 0.02091503267973864 0.34558823529411764 0.020915032679738637 0.34558823529411764 0.06013071895424844 0.36323529411764705 0.06013071895424844