2 0.1536458333333334 0.837037037037037 0.005729166666666724 0.837037037037037 0.00572916666666673 0.9944444444444445 0.1536458333333334 0.9944444444444445
3 0.25468750000000007 0.8074074074074075 0.1942708333333334 0.8074074074074075 0.1942708333333334 0.9277777777777778 0.25468750000000007 0.9277777777777778
3 0.3390625 0.7518518518518519 0.29322916666666665 0.7518518518518519 0.29322916666666665 0.8518518518518519 0.3390625 0.8518518518518519
3 0.2911458333333333 0.6759259259259259 0.2473958333333334 0.6759259259259259 0.2473958333333334 0.7574074074074074 0.2911458333333333 0.7574074074074074
3 0.21093750000000006 0.6611111111111111 0.16406250000000006 0.6611111111111111 0.16406250000000006 0.7333333333333333 0.21093750000000006 0.7333333333333333
3 0.32447916666666665 0.5777777777777777 0.2911458333333333 0.5777777777777777 0.2911458333333333 0.6370370370370371 0.32447916666666665 0.6370370370370371
3 0.3015625 0.5166666666666667 0.2734375 0.5166666666666667 0.2734375 0.5611111111111111 0.3015625 0.5611111111111111
3 0.37864583333333335 0.5222222222222223 0.35260416666666666 0.5222222222222223 0.35260416666666666 0.5685185185185185 0.37864583333333335 0.5685185185185185
3 0.3390625 0.5055555555555555 0.31302083333333336 0.5055555555555555 0.31302083333333336 0.5537037037037037 0.3390625 0.5537037037037037
3 0.34739583333333335 0.45925925925925937 0.32760416666666664 0.45925925925925937 0.32760416666666664 0.4981481481481482 0.34739583333333335 0.4981481481481482
3 0.3854166666666667 0.4500000000000001 0.3625 0.4500000000000001 0.3625 0.49074074074074076 0.3854166666666667 0.49074074074074076
3 0.3614583333333333 0.4185185185185186 0.34270833333333334 0.4185185185185186 0.34270833333333334 0.4500000000000001 0.3614583333333333 0.4500000000000001
3 0.3953125 0.388888888888889 0.378125 0.388888888888889 0.378125 0.4166666666666668 0.3953125 0.4166666666666668
3 0.36770833333333336 0.3935185185185186 0.3515625 0.3935185185185186 0.3515625 0.4250000000000001 0.36770833333333336 0.4250000000000001
3 0.37395833333333334 0.3750000000000001 0.3567708333333333 0.3750000000000001 0.3567708333333333 0.40185185185185196 0.37395833333333334 0.40185185185185196
2 0.35885416666666664 0.32037037037037047 0.3333333333333333 0.32037037037037047 0.3333333333333333 0.3777777777777779 0.35885416666666664 0.3777777777777779
2 0.34791666666666665 0.3574074074074075 0.31666666666666665 0.3574074074074075 0.31666666666666665 0.4314814814814816 0.34791666666666665 0.4314814814814816
3 0.4265625 0.3500000000000001 0.4119791666666667 0.3500000000000001 0.4119791666666667 0.3750000000000001 0.4265625 0.3750000000000001
3 0.4015625 0.35277777777777786 0.3880208333333333 0.35277777777777786 0.3880208333333333 0.3777777777777779 0.4015625 0.3777777777777779
3 0.3796875 0.3555555555555557 0.3651041666666667 0.3555555555555557 0.3651041666666667 0.38055555555555565 0.3796875 0.38055555555555565
3 0.384375 0.33703703703703713 0.3703125 0.33703703703703713 0.3703125 0.3592592592592594 0.384375 0.3592592592592594
3 0.3645833333333333 0.3250000000000001 0.3484375 0.3250000000000001 0.3484375 0.3462962962962964 0.3645833333333333 0.3462962962962964
3 0.36822916666666666 0.30925925925925934 0.3546875 0.30925925925925934 0.3546875 0.3277777777777779 0.36822916666666666 0.3277777777777779
3 0.3723958333333333 0.2962962962962964 0.36041666666666666 0.2962962962962964 0.36041666666666666 0.313888888888889 0.3723958333333333 0.313888888888889
3 0.4046875 0.3250000000000001 0.3921875 0.3250000000000001 0.3921875 0.35277777777777786 0.4046875 0.35277777777777786
3 0.3885416666666667 0.31666666666666676 0.3765625 0.31666666666666676 0.3765625 0.33703703703703713 0.3885416666666667 0.33703703703703713
3 0.409375 0.3074074074074075 0.39791666666666664 0.3074074074074075 0.39791666666666664 0.32685185185185195 0.409375 0.32685185185185195
3 0.39479166666666665 0.29537037037037045 0.38229166666666664 0.29537037037037045 0.38229166666666664 0.31481481481481494 0.39479166666666665 0.31481481481481494
3 0.42864583333333334 0.3000000000000001 0.4171875 0.3000000000000001 0.4171875 0.31851851851851865 0.42864583333333334 0.31851851851851865
3 0.4114583333333333 0.2824074074074075 0.4010416666666667 0.2824074074074075 0.4010416666666667 0.30092592592592604 0.4114583333333333 0.30092592592592604
3 0.39479166666666665 0.28055555555555567 0.384375 0.28055555555555567 0.384375 0.29537037037037045 0.39479166666666665 0.29537037037037045
3 0.3776041666666667 0.28055555555555567 0.36770833333333336 0.28055555555555567 0.36770833333333336 0.2962962962962964 0.3776041666666667 0.2962962962962964
3 0.7338541666666667 0.8203703703703705 0.6755208333333333 0.8203703703703705 0.6755208333333333 0.9148148148148151 0.7338541666666667 0.9148148148148151
3 0.6328125 0.7629629629629632 0.5776041666666667 0.7629629629629632 0.5776041666666667 0.864814814814815 0.6328125 0.864814814814815
3 0.5515625 0.7574074074074076 0.5078125 0.7574074074074076 0.5078125 0.8462962962962965 0.5515625 0.8462962962962965
3 0.48072916666666665 0.6222222222222222 0.4484375 0.6222222222222222 0.4484375 0.6907407407407408 0.48072916666666665 0.6907407407407408
3 0.5296875 0.614814814814815 0.4984375 0.614814814814815 0.4984375 0.6796296296296298 0.5296875 0.6796296296296298
3 0.5828125 0.6259259259259261 0.5526041666666667 0.6259259259259261 0.5526041666666667 0.6814814814814817 0.5828125 0.6814814814814817
3 0.6661458333333333 0.6481481481481484 0.6244791666666667 0.6481481481481484 0.6244791666666667 0.7092592592592595 0.6661458333333333 0.7092592592592595
3 0.7005208333333334 0.7259259259259261 0.6526041666666667 0.7259259259259261 0.6526041666666667 0.8037037037037039 0.7005208333333334 0.8037037037037039
3 0.5453125 0.4824074074074076 0.521875 0.4824074074074076 0.521875 0.5157407407407409 0.5453125 0.5157407407407409
3 0.5020833333333333 0.4805555555555557 0.478125 0.48055555555555557 0.478125 0.5157407407407408 0.5020833333333333 0.5157407407407409
3 0.46510416666666665 0.4777777777777778 0.44635416666666666 0.4777777777777778 0.44635416666666666 0.5138888888888888 0.46510416666666665 0.5138888888888888
3 0.5796875 0.4425925925925927 0.55625 0.4425925925925927 0.55625 0.47592592592592614 0.5796875 0.47592592592592614
3 0.4942708333333333 0.40462962962962973 0.47708333333333336 0.40462962962962973 0.47708333333333336 0.42962962962962975 0.4942708333333333 0.42962962962962975
2 0.5302083333333333 0.3675925925925927 0.4979166666666667 0.3675925925925927 0.4979166666666667 0.43796296296296305 0.5302083333333333 0.43796296296296305
3 0.48541666666666666 0.3675925925925927 0.4708333333333333 0.3675925925925927 0.4708333333333333 0.388888888888889 0.48541666666666666 0.388888888888889
3 0.45989583333333334 0.3675925925925927 0.44583333333333336 0.3675925925925927 0.44583333333333336 0.39074074074074083 0.45989583333333334 0.39074074074074083
3 0.4578125 0.3361111111111112 0.4453125 0.3361111111111112 0.4453125 0.3555555555555557 0.4578125 0.3555555555555557
3 0.4953125 0.33055555555555566 0.48333333333333334 0.33055555555555566 0.48333333333333334 0.3490740740740742 0.4953125 0.3490740740740742
3 0.49635416666666665 0.31666666666666676 0.4822916666666667 0.31666666666666676 0.4822916666666667 0.3333333333333334 0.49635416666666665 0.3333333333333334
3 0.47760416666666666 0.32037037037037047 0.4661458333333333 0.32037037037037047 0.4661458333333333 0.3361111111111112 0.47760416666666666 0.3361111111111112
3 0.459375 0.31481481481481494 0.4473958333333333 0.31481481481481494 0.4473958333333333 0.3314814814814816 0.459375 0.3314814814814816
3 0.475 0.30277777777777787 0.4640625 0.30277777777777787 0.4640625 0.32037037037037047 0.475 0.32037037037037047
3 0.4890625 0.2935185185185186 0.4765625 0.2935185185185186 0.4765625 0.3101851851851853 0.4890625 0.3101851851851853
3 0.4708333333333333 0.288888888888889 0.45989583333333334 0.288888888888889 0.45989583333333334 0.3037037037037038 0.4708333333333333 0.3037037037037038
3 0.45416666666666666 0.2842592592592594 0.4432291666666667 0.2842592592592594 0.4432291666666667 0.3000000000000001 0.45416666666666666 0.3000000000000001
3 0.49947916666666664 0.28518518518518526 0.4875 0.28518518518518526 0.4875 0.3000000000000001 0.49947916666666664 0.3000000000000001
3 0.48125 0.27314814814814825 0.47239583333333335 0.27314814814814825 0.47239583333333335 0.2898148148148149 0.48125 0.2898148148148149
3 0.465625 0.2722222222222223 0.4557291666666667 0.2722222222222223 0.4557291666666667 0.28518518518518526 0.465625 0.28518518518518526
2 0.5177083333333333 0.2842592592592594 0.49895833333333334 0.2842592592592594 0.49895833333333334 0.3277777777777779 0.5177083333333333 0.3277777777777779
11 0.8151041666666666 0.5537037037037039 0.7609375 0.5537037037037039 0.7609375 0.6314814814814816 0.8151041666666666 0.6314814814814816
11 0.7359375 0.5796296296296298 0.6796875 0.5796296296296298 0.6796875 0.6796296296296298 0.7359375 0.6796296296296298
11 0.28854166666666664 0.28055555555555567 0.27447916666666666 0.28055555555555567 0.27447916666666666 0.301851851851852 0.28854166666666664 0.301851851851852
3 0.29322916666666665 0.22962962962962968 0.2765625 0.22962962962962968 0.2765625 0.23703703703703713 0.29322916666666665 0.23703703703703713
3 0.3072916666666667 0.22129629629629635 0.3015625 0.22129629629629635 0.3015625 0.23240740740740745 0.3072916666666667 0.23240740740740745
11 0.2869791666666667 0.2092592592592593 0.2796875 0.2092592592592593 0.2796875 0.22129629629629635 0.2869791666666667 0.22129629629629635
3 0.3255208333333333 0.22870370370370377 0.3078125 0.22870370370370377 0.3078125 0.23981481481481493 0.3255208333333333 0.23981481481481493
3 0.3421875 0.21851851851851858 0.33541666666666664 0.21851851851851858 0.33541666666666664 0.22870370370370377 0.3421875 0.22870370370370377
2 0.3307291666666667 0.17870370370370375 0.32135416666666666 0.17870370370370375 0.32135416666666666 0.19259259259259265 0.3307291666666667 0.19259259259259265
2 0.3234375 0.1731481481481482 0.315625 0.1731481481481482 0.315625 0.18703703703703708 0.3234375 0.18703703703703708
3 0.4125 0.2703703703703705 0.40208333333333335 0.2703703703703705 0.40208333333333335 0.2861111111111112 0.4125 0.2861111111111112
3 0.3859375 0.2703703703703705 0.37604166666666666 0.2703703703703705 0.37604166666666666 0.28333333333333344 0.3859375 0.28333333333333344
3 0.4484375 0.263888888888889 0.4395833333333333 0.263888888888889 0.4395833333333333 0.2787037037037038 0.4484375 0.2787037037037038
3 0.43125 0.23611111111111122 0.421875 0.23611111111111122 0.421875 0.2453703703703705 0.43125 0.2453703703703705
3 0.41458333333333336 0.23611111111111122 0.40625 0.23611111111111122 0.40625 0.2462962962962964 0.41458333333333336 0.2462962962962964
11 0.4473958333333333 0.2287037037037038 0.4395833333333333 0.2287037037037038 0.4395833333333333 0.23981481481481493 0.4473958333333333 0.23981481481481493
3 0.434375 0.22685185185185194 0.42604166666666665 0.22685185185185194 0.42604166666666665 0.23611111111111122 0.434375 0.23611111111111122
3 0.4203125 0.22314814814814826 0.4109375 0.22314814814814826 0.4109375 0.23333333333333345 0.4203125 0.23333333333333345
3 0.40677083333333336 0.2287037037037038 0.39895833333333336 0.2287037037037038 0.39895833333333336 0.23888888888888898 0.40677083333333336 0.23888888888888898
3 0.3958333333333333 0.22037037037037047 0.3875 0.22037037037037047 0.3875 0.22962962962962974 0.3958333333333333 0.22962962962962974
3 0.390625 0.22407407407407418 0.3828125 0.22407407407407418 0.3828125 0.23703703703703713 0.390625 0.23703703703703713
3 0.39739583333333334 0.2324074074074075 0.3880208333333333 0.2324074074074075 0.3880208333333333 0.24166666666666678 0.39739583333333334 0.24166666666666678
3 0.40260416666666665 0.24074074074074084 0.3921875 0.24074074074074084 0.3921875 0.24907407407407417 0.40260416666666665 0.24907407407407417
3 0.3958333333333333 0.23796296296296307 0.3880208333333333 0.23796296296296307 0.3880208333333333 0.24814814814814826 0.3958333333333333 0.24814814814814826
3 0.3765625 0.22500000000000012 0.36875 0.22500000000000012 0.36875 0.2351851851851853 0.3765625 0.2351851851851853
3 0.4078125 0.21574074074074084 0.4005208333333333 0.21574074074074084 0.4005208333333333 0.22592592592592603 0.4078125 0.22592592592592603
3 0.41041666666666665 0.20925925925925937 0.403125 0.20925925925925937 0.403125 0.2175925925925927 0.41041666666666665 0.2175925925925927
3 0.4046875 0.20555555555555566 0.396875 0.20555555555555566 0.396875 0.213888888888889 0.4046875 0.213888888888889
3 0.39114583333333336 0.2037037037037038 0.384375 0.2037037037037038 0.384375 0.21111111111111122 0.39114583333333336 0.21111111111111122
3 0.37395833333333334 0.2074074074074075 0.3671875 0.2074074074074075 0.3671875 0.21574074074074084 0.37395833333333334 0.21574074074074084
3 0.42083333333333334 0.2027777777777779 0.41354166666666664 0.2027777777777779 0.41354166666666664 0.21111111111111122 0.42083333333333334 0.21111111111111122
2 0.403125 0.18611111111111123 0.38958333333333334 0.18611111111111123 0.38958333333333334 0.20185185185185195 0.403125 0.20185185185185195
3 0.3848958333333333 0.19537037037037047 0.37916666666666665 0.19537037037037047 0.37916666666666665 0.2027777777777779 0.3848958333333333 0.2027777777777779
3 0.37395833333333334 0.19166666666666676 0.36822916666666666 0.19166666666666676 0.36822916666666666 0.2000000000000001 0.37395833333333334 0.2000000000000001
3 0.3723958333333333 0.18703703703703714 0.36822916666666666 0.18703703703703714 0.36822916666666666 0.1925925925925927 0.3723958333333333 0.1925925925925927
3 0.35885416666666664 0.1768518518518519 0.3541666666666667 0.1768518518518519 0.3541666666666667 0.18148148148148152 0.35885416666666664 0.18148148148148152
3 0.3640625 0.1824074074074075 0.35989583333333336 0.18240740740740746 0.35989583333333336 0.1870370370370371 0.3640625 0.18703703703703714
3 0.3463541666666667 0.17777777777777784 0.3411458333333333 0.17777777777777784 0.3411458333333333 0.18240740740740746 0.3463541666666667 0.18240740740740746
3 0.3515625 0.17870370370370375 0.346875 0.17870370370370375 0.346875 0.18425925925925932 0.3515625 0.18425925925925932
3 0.3380208333333333 0.17129629629629634 0.3328125 0.17129629629629634 0.3328125 0.1768518518518519 0.3380208333333333 0.1768518518518519
3 0.3385416666666667 0.16759259259259265 0.3338541666666667 0.16759259259259265 0.3338541666666667 0.17222222222222228 0.3385416666666667 0.17222222222222228
3 0.34322916666666664 0.17129629629629634 0.3390625 0.17129629629629634 0.3390625 0.17500000000000004 0.34322916666666664 0.17500000000000004
4 0.3307291666666667 0.1620370370370371 0.3223958333333333 0.1620370370370371 0.3223958333333333 0.17129629629629634 0.3307291666666667 0.17129629629629634
3 0.640625 0.426851851851852 0.6010416666666667 0.426851851851852 0.6010416666666667 0.45555555555555566 0.640625 0.45555555555555566
11 0.6432291666666666 0.45555555555555566 0.6104166666666667 0.45555555555555566 0.6104166666666667 0.5074074074074076 0.6432291666666666 0.5074074074074076
3 0.5036458333333333 0.23425925925925936 0.4947916666666667 0.23425925925925936 0.4947916666666667 0.24444444444444455 0.5036458333333333 0.24444444444444455
3 0.4901041666666667 0.2185185185185186 0.478125 0.2185185185185186 0.478125 0.22592592592592603 0.4901041666666667 0.22592592592592603
3 0.47760416666666666 0.21296296296296308 0.46510416666666665 0.21296296296296308 0.46510416666666665 0.2212962962962964 0.47760416666666666 0.2212962962962964
3 0.471875 0.21203703703703713 0.46145833333333336 0.21203703703703713 0.46145833333333336 0.2175925925925927 0.471875 0.2175925925925927
3 0.46927083333333336 0.20925925925925937 0.45729166666666665 0.20925925925925937 0.45729166666666665 0.21574074074074084 0.46927083333333336 0.21574074074074084
1 0.7645833333333333 0.6759259259259262 0.753125 0.6759259259259262 0.753125 0.7092592592592595 0.7645833333333333 0.7092592592592595
1 0.7453125 0.7361111111111113 0.71875 0.7361111111111113 0.71875 0.7620370370370373 0.7453125 0.7620370370370373
1 0.7171875 0.7314814814814817 0.7020833333333333 0.7314814814814817 0.7020833333333333 0.7648148148148151 0.7171875 0.7648148148148151
1 0.753125 0.7296296296296299 0.728125 0.7296296296296299 0.728125 0.7444444444444447 0.753125 0.7444444444444447
1 0.7385416666666667 0.7129629629629631 0.7192708333333333 0.7129629629629631 0.7192708333333333 0.7314814814814817 0.7385416666666667 0.7314814814814817
1 0.7505208333333333 0.7175925925925928 0.7338541666666667 0.7175925925925928 0.7338541666666667 0.7314814814814817 0.7505208333333333 0.7314814814814817
1 0.7390625 0.6990740740740743 0.7125 0.6990740740740743 0.7125 0.7175925925925928 0.7390625 0.7175925925925928
1 0.7276041666666667 0.6796296296296298 0.7046875 0.6796296296296298 0.7046875 0.7064814814814817 0.7276041666666667 0.7064814814814817
1 0.7333333333333333 0.6888888888888891 0.7083333333333334 0.6888888888888891 0.7083333333333334 0.7111111111111114 0.7333333333333333 0.7111111111111114
0 0.75 0.6592592592592594 0.7223958333333333 0.6592592592592594 0.7223958333333333 0.6842592592592595 0.75 0.6842592592592595
1 0.6755208333333333 0.627777777777778 0.6630208333333333 0.627777777777778 0.6630208333333333 0.6583333333333335 0.6755208333333333 0.6583333333333335
1 0.6828125 0.6231481481481483 0.6744791666666666 0.6231481481481483 0.6744791666666666 0.6537037037037039 0.6828125 0.6537037037037039
1 0.7692708333333333 0.8546296296296299 0.7567708333333333 0.8546296296296299 0.7567708333333333 0.9129629629629632 0.7692708333333333 0.9129629629629632
1 0.7375 0.7740740740740742 0.7244791666666667 0.7740740740740742 0.7244791666666667 0.8222222222222224 0.7375 0.8222222222222224
1 0.9151041666666667 0.8287037037037039 0.8848958333333333 0.8287037037037039 0.8848958333333333 0.8750000000000002 0.9151041666666667 0.8750000000000002
0 0.9536458333333333 0.839814814814815 0.9328125 0.839814814814815 0.9328125 0.8814814814814816 0.9536458333333333 0.8814814814814816
0 0.5901041666666667 0.5564814814814817 0.5822916666666667 0.5564814814814817 0.5822916666666667 0.5787037037037039 0.5901041666666667 0.5787037037037039
1 0.05572916666666671 0.7064814814814815 0.03645833333333338 0.7064814814814815 0.03645833333333338 0.737037037037037 0.05572916666666671 0.737037037037037
1 0.1067708333333334 0.7796296296296297 0.07500000000000005 0.7796296296296297 0.07500000000000005 0.8092592592592592 0.1067708333333334 0.8092592592592592
1 0.11250000000000006 0.7648148148148148 0.08177083333333339 0.7648148148148148 0.08177083333333339 0.7916666666666666 0.11250000000000006 0.7916666666666666
1 0.12916666666666674 0.7268518518518519 0.11197916666666673 0.7268518518518519 0.11197916666666673 0.762962962962963 0.12916666666666674 0.762962962962963
1 0.1114583333333334 0.725925925925926 0.0880208333333334 0.725925925925926 0.0880208333333334 0.7509259259259259 0.1114583333333334 0.7509259259259259
1 0.11562500000000006 0.7101851851851851 0.09166666666666673 0.7101851851851851 0.09166666666666673 0.7398148148148148 0.11562500000000006 0.7398148148148148
1 0.12343750000000006 0.7037037037037037 0.0958333333333334 0.7037037037037037 0.0958333333333334 0.725 0.12343750000000006 0.725
1 0.1333333333333334 0.6935185185185185 0.1036458333333334 0.6935185185185185 0.1036458333333334 0.7203703703703703 0.1333333333333334 0.7203703703703703
1 0.13906250000000006 0.6861111111111111 0.10989583333333339 0.6861111111111111 0.10989583333333339 0.7083333333333334 0.13906250000000006 0.7083333333333334
1 0.16875000000000007 0.6583333333333333 0.14218750000000005 0.6583333333333333 0.14218750000000005 0.6787037037037037 0.16875000000000007 0.6787037037037037
1 0.1614583333333334 0.6648148148148149 0.13489583333333338 0.6648148148148149 0.13489583333333338 0.6981481481481482 0.1614583333333334 0.6981481481481482
4 0.18125000000000005 0.6194444444444445 0.15052083333333338 0.6194444444444445 0.15052083333333338 0.6564814814814814 0.18125000000000005 0.6564814814814814
1 0.12083333333333336 0.5685185185185185 0.1072916666666667 0.5685185185185185 0.1072916666666667 0.5916666666666667 0.12083333333333336 0.5916666666666667
1 0.14375000000000007 0.5814814814814815 0.1322916666666667 0.5814814814814815 0.1322916666666667 0.6074074074074074 0.14375000000000007 0.6074074074074074
0 0.1395833333333334 0.5407407407407407 0.12864583333333338 0.5407407407407407 0.12864583333333338 0.562962962962963 0.1395833333333334 0.562962962962963
1 0.0760416666666667 0.43148148148148147 0.06250000000000003 0.43148148148148147 0.06250000000000003 0.4537037037037037 0.0760416666666667 0.4537037037037037
1 0.09583333333333337 0.4398148148148148 0.07656250000000003 0.4398148148148148 0.07656250000000003 0.4583333333333333 0.09583333333333337 0.4583333333333333
4 0.2161458333333334 0.55 0.1911458333333334 0.55 0.1911458333333334 0.575 0.2161458333333334 0.575
4 0.2302083333333334 0.5120370370370371 0.2177083333333334 0.5120370370370371 0.2177083333333334 0.5388888888888889 0.2302083333333334 0.5388888888888889
1 0.24010416666666667 0.37592592592592594 0.23333333333333334 0.37592592592592594 0.23333333333333334 0.39166666666666666 0.24010416666666667 0.39166666666666666
1 0.25625 0.36851851851851863 0.2515625 0.36851851851851863 0.2515625 0.3833333333333334 0.25625 0.3833333333333334
1 0.27291666666666664 0.3712962962962964 0.2677083333333333 0.3712962962962964 0.2677083333333333 0.3851851851851853 0.27291666666666664 0.3851851851851853
1 0.3265625 0.325925925925926 0.3177083333333333 0.325925925925926 0.3177083333333333 0.3351851851851853 0.3265625 0.3351851851851853
0 0.3338541666666667 0.22685185185185192 0.33177083333333335 0.22685185185185192 0.33177083333333335 0.2333333333333334 0.3338541666666667 0.2333333333333334
1 0.2708333333333333 0.44166666666666676 0.25572916666666673 0.44166666666666676 0.25572916666666673 0.4564814814814816 0.2708333333333333 0.4564814814814816
0 0.2791666666666667 0.4185185185185186 0.2640625 0.4185185185185186 0.26406250000000003 0.43796296296296305 0.2791666666666667 0.43796296296296305
4 0.28802083333333334 0.4129629629629631 0.2755208333333333 0.4129629629629631 0.2755208333333333 0.42592592592592604 0.28802083333333334 0.42592592592592604
7 0.9494791666666667 0.9064814814814817 0.9302083333333333 0.9064814814814817 0.9302083333333333 0.9833333333333333 0.9494791666666667 0.9833333333333333
7 0.8260416666666667 0.926851851851852 0.8098958333333334 0.926851851851852 0.8098958333333334 0.9962962962962963 0.8260416666666667 0.9962962962962963
7 0.79375 0.8981481481481484 0.7807291666666667 0.8981481481481484 0.7807291666666667 0.9574074074074074 0.79375 0.9574074074074074
7 0.7927083333333333 0.9481481481481482 0.7807291666666667 0.9481481481481482 0.7807291666666667 0.9990740740740741 0.7927083333333333 0.9990740740740741
7 0.8052083333333333 0.9722222222222222 0.7927083333333333 0.9722222222222222 0.7927083333333333 0.9990740740740741 0.8052083333333333 0.9990740740740741
7 0.7677083333333333 0.7740740740740742 0.7567708333333333 0.7740740740740742 0.7567708333333333 0.8240740740740743 0.7677083333333333 0.8240740740740743
8 0.7604166666666666 0.815740740740741 0.7453125 0.815740740740741 0.7453125 0.864814814814815 0.7604166666666666 0.864814814814815
8 0.7255208333333333 0.7657407407407409 0.7130208333333333 0.7657407407407409 0.7130208333333333 0.7972222222222224 0.7255208333333333 0.7972222222222224
8 0.7401041666666667 0.7657407407407409 0.7276041666666667 0.7657407407407409 0.7276041666666667 0.7972222222222224 0.7401041666666667 0.7972222222222224
8 0.7166666666666667 0.7129629629629631 0.7020833333333333 0.7129629629629631 0.7020833333333333 0.7481481481481483 0.7166666666666667 0.7481481481481483
7 0.9302083333333333 0.8324074074074076 0.9177083333333333 0.8324074074074076 0.9177083333333333 0.8981481481481484 0.9302083333333333 0.8981481481481484
8 0.9526041666666667 0.814814814814815 0.9369791666666667 0.814814814814815 0.9369791666666667 0.8740740740740743 0.9526041666666667 0.8740740740740743
8 0.9104166666666667 0.815740740740741 0.8942708333333333 0.815740740740741 0.8942708333333333 0.8731481481481483 0.9104166666666667 0.8731481481481483
8 0.909375 0.7861111111111113 0.8994791666666667 0.7861111111111113 0.8994791666666667 0.8259259259259262 0.909375 0.8259259259259262
7 0.9078125 0.7537037037037039 0.9005208333333333 0.7537037037037039 0.9005208333333333 0.8000000000000002 0.9078125 0.8000000000000002
7 0.8989583333333333 0.7546296296296299 0.8890625 0.7546296296296299 0.8890625 0.8120370370370372 0.8989583333333333 0.8120370370370372
7 0.878125 0.6611111111111113 0.8682291666666667 0.6611111111111113 0.8682291666666667 0.7166666666666669 0.878125 0.7166666666666669
7 0.865625 0.6592592592592594 0.8583333333333333 0.6592592592592594 0.8583333333333333 0.7092592592592595 0.865625 0.7092592592592595
7 0.8567708333333334 0.6620370370370372 0.8463541666666666 0.6620370370370372 0.8463541666666666 0.7046296296296298 0.8567708333333334 0.7046296296296298
7 0.8432291666666667 0.6444444444444447 0.8333333333333334 0.6444444444444447 0.8333333333333334 0.690740740740741 0.8432291666666667 0.690740740740741
7 0.8572916666666667 0.6444444444444447 0.846875 0.6444444444444447 0.846875 0.6833333333333336 0.8572916666666667 0.6833333333333336
7 0.7864583333333334 0.6074074074074076 0.7802083333333333 0.6074074074074076 0.7802083333333333 0.6537037037037039 0.7864583333333334 0.6537037037037039
7 0.7802083333333333 0.6185185185185187 0.7729166666666667 0.6185185185185187 0.7729166666666667 0.665740740740741 0.7802083333333333 0.665740740740741
7 0.7578125 0.6268518518518521 0.7479166666666667 0.6268518518518521 0.7479166666666667 0.6666666666666669 0.7578125 0.6666666666666669
7 0.7692708333333333 0.6231481481481483 0.7598958333333333 0.6231481481481483 0.7598958333333333 0.6638888888888891 0.7692708333333333 0.6638888888888891
7 0.8171875 0.49351851851851875 0.8098958333333334 0.49351851851851875 0.8098958333333334 0.526851851851852 0.8171875 0.526851851851852
7 0.8635416666666667 0.49166666666666686 0.85625 0.49166666666666686 0.85625 0.5287037037037039 0.8635416666666667 0.5287037037037039
7 0.875 0.4962962962962965 0.8713541666666667 0.4962962962962965 0.8713541666666667 0.526851851851852 0.875 0.526851851851852
7 0.8828125 0.4925925925925928 0.8770833333333333 0.4925925925925928 0.8770833333333333 0.5212962962962965 0.8828125 0.5212962962962965
7 0.8770833333333333 0.4509259259259261 0.8697916666666666 0.4509259259259261 0.8697916666666666 0.47962962962962985 0.8770833333333333 0.47962962962962985
7 0.8609375 0.44351851851851876 0.8546875 0.44351851851851876 0.8546875 0.4685185185185187 0.8609375 0.4685185185185187
7 0.8421875 0.4314814814814817 0.8359375 0.4314814814814817 0.8359375 0.45833333333333354 0.8421875 0.45833333333333354
7 0.890625 0.43425925925925946 0.8854166666666666 0.43425925925925946 0.8854166666666666 0.4629629629629632 0.890625 0.4629629629629632
7 0.9515625 0.4851851851851854 0.946875 0.4851851851851854 0.946875 0.5157407407407409 0.9515625 0.5157407407407409
7 0.9598958333333333 0.49444444444444463 0.9546875 0.49444444444444463 0.9546875 0.5194444444444447 0.9598958333333333 0.5194444444444447
7 0.9697916666666667 0.48981481481481504 0.9645833333333333 0.48981481481481504 0.9645833333333333 0.5175925925925928 0.9697916666666667 0.5175925925925928
7 0.9765625 0.4888888888888891 0.971875 0.4888888888888891 0.971875 0.5166666666666668 0.9765625 0.5166666666666668
7 0.9817708333333334 0.49722222222222245 0.9776041666666667 0.49722222222222245 0.9776041666666667 0.5203703703703706 0.9817708333333334 0.5203703703703706
7 0.6927083333333334 0.33425925925925937 0.690625 0.33425925925925937 0.690625 0.3555555555555557 0.6927083333333334 0.3555555555555557
4 0.6989583333333333 0.33240740740740754 0.6947916666666667 0.33240740740740754 0.6947916666666667 0.3601851851851853 0.6989583333333333 0.3601851851851853
7 0.3848958333333333 0.23981481481481493 0.38229166666666664 0.23981481481481493 0.38229166666666664 0.25462962962962976 0.3848958333333333 0.25462962962962976
7 0.4557291666666667 0.23888888888888898 0.453125 0.23888888888888898 0.453125 0.25462962962962976 0.4557291666666667 0.25462962962962976
7 0.46197916666666666 0.24166666666666678 0.459375 0.24166666666666678 0.459375 0.25555555555555565 0.46197916666666666 0.25555555555555565
7 0.4583333333333333 0.23796296296296307 0.4552083333333333 0.23796296296296307 0.4552083333333333 0.2537037037037038 0.4583333333333333 0.2537037037037038
7 0.44947916666666665 0.20555555555555566 0.4473958333333333 0.20555555555555566 0.4473958333333333 0.21574074074074084 0.44947916666666665 0.21574074074074084
7 0.5625 0.4000000000000001 0.5578125 0.4000000000000001 0.5578125 0.426851851851852 0.5625 0.426851851851852
8 0.5911458333333334 0.5425925925925928 0.5828125 0.5425925925925928 0.5828125 0.5685185185185188 0.5911458333333334 0.5685185185185188
7 0.60625 0.5314814814814817 0.596875 0.5314814814814817 0.596875 0.5731481481481484 0.60625 0.5731481481481484
7 0.584375 0.44722222222222235 0.5807291666666666 0.44722222222222235 0.5807291666666666 0.47592592592592614 0.584375 0.47592592592592614
8 0.05416666666666671 0.6787037037037037 0.03854166666666671 0.6787037037037037 0.03854166666666671 0.7268518518518519 0.05416666666666671 0.7268518518518519
7 0.07083333333333339 0.7305555555555555 0.05625000000000004 0.7305555555555555 0.05625000000000005 0.7898148148148149 0.07083333333333339 0.7898148148148149
7 0.0723958333333334 0.7092592592592593 0.06197916666666671 0.7092592592592593 0.06197916666666671 0.7481481481481481 0.0723958333333334 0.7481481481481481
7 0.08593750000000006 0.7046296296296296 0.07604166666666673 0.7046296296296296 0.07604166666666673 0.7592592592592593 0.08593750000000006 0.7592592592592593
7 0.09375000000000006 0.6981481481481482 0.08177083333333339 0.6981481481481482 0.08177083333333339 0.7472222222222222 0.09375000000000006 0.7472222222222222
7 0.1354166666666667 0.6370370370370371 0.12812500000000002 0.6370370370370371 0.12812500000000004 0.6768518518518518 0.1354166666666667 0.6768518518518518
7 0.10104166666666672 0.6453703703703704 0.0911458333333334 0.6453703703703704 0.0911458333333334 0.6944444444444444 0.10104166666666672 0.6944444444444444
7 0.12500000000000006 0.6305555555555555 0.11562500000000003 0.6305555555555555 0.11562500000000005 0.6694444444444444 0.12500000000000006 0.6694444444444444
7 0.11406250000000004 0.6259259259259259 0.10364583333333337 0.6259259259259259 0.10364583333333338 0.6694444444444444 0.11406250000000005 0.6694444444444444
8 0.14270833333333338 0.5611111111111111 0.13281250000000003 0.5611111111111111 0.13281250000000003 0.6 0.14270833333333338 0.6
8 0.11875000000000004 0.5518518518518518 0.1088541666666667 0.5518518518518518 0.1088541666666667 0.5814814814814815 0.11875000000000004 0.5814814814814815
8 0.13906250000000006 0.5222222222222223 0.12864583333333338 0.5222222222222223 0.12864583333333338 0.5518518518518518 0.13906250000000006 0.5518518518518518
7 0.08437500000000003 0.5416666666666666 0.07395833333333336 0.5416666666666666 0.07395833333333336 0.5851851851851851 0.08437500000000003 0.5851851851851851
7 0.09427083333333336 0.5444444444444444 0.0854166666666667 0.5444444444444444 0.0854166666666667 0.5851851851851851 0.09427083333333336 0.5851851851851851
7 0.0619791666666667 0.5268518518518519 0.05208333333333336 0.5268518518518519 0.05208333333333337 0.5657407407407408 0.06197916666666671 0.5657407407407408
7 0.025520833333333385 0.7333333333333333 0.010416666666666718 0.7333333333333333 0.010416666666666718 0.7787037037037037 0.025520833333333385 0.7787037037037037
7 0.04062500000000004 0.5944444444444444 0.02760416666666671 0.5944444444444444 0.02760416666666671 0.6416666666666667 0.04062500000000004 0.6416666666666667
7 0.03854166666666671 0.562962962962963 0.027604166666666704 0.562962962962963 0.027604166666666707 0.6 0.03854166666666671 0.6
7 0.03802083333333337 0.5370370370370371 0.028125000000000035 0.5370370370370371 0.028125000000000035 0.5694444444444444 0.03802083333333338 0.5694444444444444
7 0.030729166666666703 0.5388888888888889 0.021354166666666705 0.5388888888888889 0.021354166666666705 0.5768518518518518 0.030729166666666703 0.5768518518518518
7 0.02083333333333337 0.5231481481481481 0.01302083333333337 0.5231481481481481 0.01302083333333337 0.562037037037037 0.02083333333333337 0.562037037037037
7 0.01458333333333337 0.5138888888888888 0.0036458333333333685 0.5138888888888888 0.00364583333333337 0.5555555555555556 0.01458333333333337 0.5555555555555556
7 0.17968750000000006 0.46296296296296297 0.17135416666666672 0.46296296296296297 0.17135416666666672 0.4962962962962963 0.17968750000000006 0.4962962962962963
7 0.18645833333333334 0.3925925925925926 0.18072916666666666 0.3925925925925926 0.18072916666666666 0.4212962962962963 0.18645833333333334 0.4212962962962963
8 0.0322916666666667 0.43425925925925923 0.024479166666666698 0.43425925925925923 0.024479166666666698 0.46111111111111114 0.0322916666666667 0.46111111111111114
7 0.008854166666666698 0.43703703703703706 0.0010416666666666968 0.43703703703703706 0.0010416666666666979 0.4703703703703704 0.0088541666666667 0.4703703703703704
7 0.24062500000000006 0.45925925925925926 0.2333333333333334 0.45925925925925926 0.2333333333333334 0.49166666666666664 0.24062500000000006 0.49166666666666664
7 0.26093750000000004 0.40833333333333344 0.25364583333333335 0.40833333333333344 0.25364583333333335 0.4407407407407408 0.26093750000000004 0.4407407407407408
7 0.21041666666666667 0.35555555555555557 0.20625 0.35555555555555557 0.20625 0.38055555555555554 0.21041666666666667 0.38055555555555554
7 0.22604166666666667 0.362962962962963 0.22135416666666666 0.362962962962963 0.22135416666666666 0.387037037037037 0.22604166666666667 0.387037037037037
7 0.22864583333333333 0.36018518518518516 0.22447916666666667 0.36018518518518516 0.22447916666666667 0.3851851851851852 0.22864583333333333 0.3851851851851852
8 0.2390625 0.36666666666666664 0.23385416666666667 0.36666666666666664 0.23385416666666667 0.3851851851851852 0.2390625 0.3851851851851852
8 0.25625 0.35833333333333345 0.25052083333333336 0.35833333333333345 0.25052083333333336 0.37962962962962976 0.25625 0.37962962962962976
8 0.27239583333333334 0.3611111111111112 0.2671875 0.3611111111111112 0.2671875 0.38055555555555565 0.27239583333333334 0.38055555555555565
7 0.2484375 0.25092592592592605 0.24427083333333333 0.25092592592592605 0.24427083333333333 0.2675925925925927 0.2484375 0.2675925925925927
7 0.26927083333333335 0.28518518518518526 0.26614583333333336 0.28518518518518526 0.26614583333333336 0.3000000000000001 0.26927083333333335 0.3000000000000001
7 0.3145833333333333 0.29444444444444456 0.3109375 0.29444444444444456 0.3109375 0.313888888888889 0.3145833333333333 0.313888888888889
7 0.309375 0.3000000000000001 0.30625 0.3000000000000001 0.30625 0.3157407407407408 0.309375 0.3157407407407408
7 0.3104166666666667 0.3101851851851853 0.30572916666666666 0.3101851851851853 0.30572916666666666 0.32870370370370383 0.3104166666666667 0.32870370370370383
7 0.3026041666666667 0.25185185185185194 0.2984375 0.25185185185185194 0.2984375 0.26944444444444454 0.3026041666666667 0.26944444444444454
7 0.30364583333333334 0.2675925925925927 0.3 0.2675925925925927 0.3 0.2861111111111112 0.30364583333333334 0.2861111111111112
7 0.2994791666666667 0.2685185185185186 0.296875 0.2685185185185186 0.296875 0.2861111111111112 0.2994791666666667 0.2861111111111112
7 0.28854166666666664 0.24444444444444455 0.2859375 0.24444444444444455 0.2859375 0.2620370370370371 0.28854166666666664 0.2620370370370371
7 0.2921875 0.24351851851851863 0.2890625 0.24351851851851863 0.2890625 0.26296296296296306 0.2921875 0.26296296296296306
7 0.29583333333333334 0.2342592592592593 0.29322916666666665 0.2342592592592593 0.29322916666666665 0.2500000000000001 0.29583333333333334 0.2500000000000001
7 0.3171875 0.34259259259259267 0.31302083333333336 0.34259259259259267 0.31302083333333336 0.36574074074074087 0.3171875 0.36574074074074087
8 0.3328125 0.3351851851851853 0.32916666666666666 0.3351851851851853 0.32916666666666666 0.3472222222222223 0.3328125 0.3472222222222223
7 0.34791666666666665 0.24351851851851863 0.34375 0.24351851851851863 0.34375 0.26111111111111124 0.34791666666666665 0.26111111111111124
4 0.35625 0.2898148148148149 0.33697916666666666 0.2898148148148149 0.33697916666666666 0.31481481481481494 0.35625 0.31481481481481494
8 0.33697916666666666 0.2333333333333334 0.33489583333333334 0.2333333333333334 0.33489583333333334 0.24166666666666678 0.33697916666666666 0.24166666666666678
8 0.3338541666666667 0.22222222222222227 0.33229166666666665 0.22222222222222227 0.33229166666666665 0.22962962962962968 0.3338541666666667 0.22962962962962968
7 0.29635416666666664 0.2203703703703704 0.29375 0.2203703703703704 0.29375 0.2333333333333334 0.29635416666666664 0.2333333333333334
7 0.284375 0.22129629629629635 0.28229166666666666 0.22129629629629635 0.28229166666666666 0.23240740740740745 0.284375 0.23240740740740745
4 0.5369791666666667 0.2925925925925927 0.5208333333333334 0.2925925925925927 0.5208333333333334 0.31851851851851865 0.5369791666666667 0.31851851851851865
7 0.53125 0.31944444444444453 0.5291666666666667 0.31944444444444453 0.5291666666666667 0.3398148148148149 0.53125 0.3398148148148149
7 0.47604166666666664 0.24444444444444455 0.475 0.24444444444444455 0.475 0.25555555555555565 0.47604166666666664 0.25555555555555565
7 0.47760416666666666 0.2425925925925927 0.47604166666666664 0.2425925925925927 0.47604166666666664 0.25555555555555565 0.47760416666666666 0.25555555555555565
7 0.48020833333333335 0.2425925925925927 0.478125 0.2425925925925927 0.478125 0.2564814814814816 0.48020833333333335 0.2564814814814816
7 0.038541666666666724 0.8574074074074074 0.013541666666666726 0.8574074074074074 0.013541666666666728 0.9231481481481482 0.038541666666666724 0.9231481481481482
7 0.014062500000000063 0.8740740740740741 6.021180095807819e-17 0.8740740740740741 6.276314845630184e-17 0.9481481481481482 0.014062500000000066 0.9481481481481482
7 0.011979166666666735 0.9407407407407408 0.0010416666666667315 0.9407407407407408 0.0010416666666667334 1 0.011979166666666737 1
7 0.0072916666666667206 0.7574074074074074 5.217505633867369e-17 0.7574074074074074 5.386532405624686e-17 0.8064814814814815 0.007291666666666722 0.8064814814814815
7 0.41458333333333336 0.24074074074074084 0.4119791666666667 0.24074074074074084 0.4119791666666667 0.25462962962962976 0.41458333333333336 0.25462962962962976