4 0.5255208333333333 0.1777777777777779 0.4895833333333333 0.1777777777777779 0.4895833333333333 0.29537037037037045 0.5255208333333333 0.29537037037037045
4 0.9380208333333333 0.22500000000000014 0.5645833333333333 0.22500000000000012 0.5645833333333333 0.4962962962962965 0.9380208333333333 0.4962962962962965
9 0.9770833333333333 0.5287037037037039 0.9588541666666667 0.5287037037037039 0.9588541666666667 0.5629629629629632 0.9770833333333333 0.5629629629629632
8 0.996875 0.5675925925925928 0.9833333333333333 0.5675925925925928 0.9833333333333333 0.5935185185185188 0.996875 0.5935185185185188
8 0.9994791666666667 0.6111111111111113 0.984375 0.6111111111111113 0.984375 0.6361111111111113 0.9994791666666667 0.6361111111111113
8 0.9875 0.6074074074074076 0.9776041666666667 0.6074074074074076 0.9776041666666667 0.6324074074074076 0.9875 0.6324074074074076
8 0.9838541666666667 0.603703703703704 0.9755208333333333 0.603703703703704 0.9755208333333333 0.6296296296296299 0.9838541666666667 0.6296296296296299
5 0.5786458333333333 0.9416666666666669 0.5635416666666667 0.9416666666666669 0.5635416666666667 1 0.5786458333333333 1
8 0.5786458333333333 0.9333333333333336 0.5635416666666667 0.9333333333333336 0.5635416666666667 0.9824074074074074 0.5786458333333333 0.9824074074074074
7 0.5916666666666667 0.7351851851851854 0.5802083333333333 0.7351851851851854 0.5802083333333333 0.7759259259259261 0.5916666666666667 0.7759259259259261
3 0.5869791666666667 0.6787037037037039 0.5536458333333333 0.6787037037037039 0.5536458333333333 0.7435185185185187 0.5869791666666667 0.7435185185185187
5 0.46145833333333336 0.6935185185185185 0.44947916666666665 0.6935185185185185 0.44947916666666665 0.7527777777777778 0.46145833333333336 0.7527777777777778
5 0.534375 0.7083333333333336 0.5239583333333333 0.7083333333333336 0.5239583333333333 0.7518518518518521 0.534375 0.7518518518518521
8 0.5338541666666666 0.7074074074074076 0.5239583333333333 0.7074074074074076 0.5239583333333333 0.739814814814815 0.5338541666666666 0.739814814814815
0 0.5526041666666667 0.7740740740740742 0.5369791666666667 0.7740740740740742 0.5369791666666667 0.8351851851851854 0.5526041666666667 0.8351851851851854
8 0.5489583333333333 0.7935185185185187 0.5395833333333333 0.7935185185185187 0.5395833333333333 0.8296296296296298 0.5489583333333333 0.8296296296296298
8 0.5494791666666666 0.7870370370370372 0.5380208333333333 0.7870370370370372 0.5380208333333333 0.8203703703703705 0.5494791666666666 0.8203703703703705
1 0.5494791666666666 0.5824074074074076 0.540625 0.5824074074074076 0.540625 0.6092592592592595 0.5494791666666666 0.6092592592592595
7 0.5510416666666667 0.5731481481481484 0.5411458333333333 0.5731481481481484 0.5411458333333333 0.6055555555555557 0.5510416666666667 0.6055555555555557
5 0.521875 0.5916666666666669 0.5135416666666667 0.5916666666666669 0.5135416666666667 0.6194444444444447 0.521875 0.6194444444444447
8 0.521875 0.5851851851851854 0.5140625 0.5851851851851854 0.5140625 0.6092592592592595 0.521875 0.6092592592592595
1 0.5322916666666667 0.5805555555555557 0.5234375 0.5805555555555557 0.5234375 0.6157407407407409 0.5322916666666667 0.6157407407407409
8 0.5317708333333333 0.5833333333333336 0.5244791666666667 0.5833333333333336 0.5244791666666667 0.6074074074074076 0.5317708333333333 0.6074074074074076
3 0.4713541666666667 0.5425925925925926 0.45260416666666664 0.5425925925925926 0.45260416666666664 0.5879629629629629 0.4713541666666667 0.5879629629629629
7 0.48541666666666666 0.44722222222222235 0.48125 0.44722222222222235 0.48125 0.4703703703703705 0.48541666666666666 0.4703703703703705
5 0.48072916666666665 0.47685185185185186 0.47291666666666665 0.47685185185185186 0.47291666666666665 0.4981481481481482 0.48072916666666665 0.4981481481481482
8 0.48020833333333335 0.4712962962962964 0.4734375 0.4712962962962964 0.4734375 0.4925925925925926 0.48020833333333335 0.4925925925925926
3 0.46041666666666664 0.44166666666666676 0.44375 0.44166666666666676 0.44375 0.46944444444444455 0.46041666666666664 0.46944444444444455
3 0.5473958333333333 0.46944444444444455 0.5322916666666667 0.46944444444444455 0.5322916666666667 0.49722222222222245 0.5473958333333333 0.49722222222222245
5 0.47604166666666664 0.4166666666666668 0.4708333333333333 0.4166666666666668 0.4708333333333333 0.43703703703703717 0.47604166666666664 0.43703703703703717
0 0.5005208333333333 0.4611111111111112 0.4890625 0.4611111111111112 0.4890625 0.5000000000000002 0.5005208333333333 0.5000000000000002
8 0.4973958333333333 0.47314814814814826 0.49166666666666664 0.47314814814814826 0.49166666666666664 0.49166666666666686 0.4973958333333333 0.49166666666666686
3 0.546875 0.4250000000000001 0.5328125 0.4250000000000001 0.5328125 0.45555555555555566 0.546875 0.45555555555555566
3 0.5411458333333333 0.4092592592592594 0.5223958333333333 0.4092592592592594 0.5223958333333333 0.43981481481481494 0.5411458333333333 0.43981481481481494
1 0.5197916666666667 0.426851851851852 0.515625 0.426851851851852 0.515625 0.4462962962962964 0.5197916666666667 0.4462962962962964
8 0.5203125 0.4212962962962964 0.5145833333333333 0.4212962962962964 0.5145833333333333 0.44351851851851865 0.5203125 0.44351851851851865
3 0.5557291666666667 0.3694444444444446 0.5427083333333333 0.3694444444444446 0.5427083333333333 0.39444444444444454 0.5557291666666667 0.39444444444444454
1 0.5119791666666667 0.42407407407407416 0.5067708333333333 0.42407407407407416 0.5067708333333333 0.4425925925925927 0.5119791666666667 0.4425925925925927
8 0.5119791666666667 0.41944444444444456 0.5072916666666667 0.41944444444444456 0.5072916666666667 0.43703703703703717 0.5119791666666667 0.43703703703703717
3 0.5359375 0.37592592592592605 0.5213541666666667 0.37592592592592605 0.5213541666666667 0.39814814814814825 0.5359375 0.39814814814814825
3 0.5296875 0.35833333333333345 0.5161458333333333 0.35833333333333345 0.5161458333333333 0.37962962962962976 0.5296875 0.37962962962962976
3 0.5317708333333333 0.3490740740740742 0.51875 0.3490740740740742 0.51875 0.37037037037037046 0.5317708333333333 0.37037037037037046
3 0.546875 0.35185185185185197 0.5348958333333333 0.35185185185185197 0.5348958333333333 0.37037037037037046 0.546875 0.37037037037037046
3 0.5453125 0.33703703703703713 0.5265625 0.33703703703703713 0.5265625 0.35648148148148157 0.5453125 0.35648148148148157
3 0.5427083333333333 0.3250000000000001 0.53125 0.3250000000000001 0.53125 0.34259259259259267 0.5427083333333333 0.34259259259259267
3 0.5432291666666667 0.29722222222222233 0.5244791666666667 0.29722222222222233 0.5244791666666667 0.31666666666666676 0.5432291666666667 0.31666666666666676
5 0.5114583333333333 0.3962962962962964 0.5072916666666667 0.3962962962962964 0.5072916666666667 0.41203703703703715 0.5114583333333333 0.41203703703703715
8 0.5114583333333333 0.39074074074074083 0.5067708333333333 0.39074074074074083 0.5067708333333333 0.4092592592592594 0.5114583333333333 0.4092592592592594
3 0.525 0.31203703703703717 0.5135416666666667 0.31203703703703717 0.5135416666666667 0.33240740740740754 0.525 0.33240740740740754
3 0.5255208333333333 0.3074074074074075 0.5151041666666667 0.3074074074074075 0.5151041666666667 0.3250000000000001 0.5255208333333333 0.3250000000000001
5 0.5255208333333333 0.3314814814814816 0.5166666666666667 0.3314814814814816 0.5166666666666667 0.3453703703703705 0.5255208333333333 0.3453703703703705
8 0.5229166666666667 0.32870370370370383 0.51875 0.32870370370370383 0.51875 0.34074074074074084 0.5229166666666667 0.34074074074074084
1 0.4708333333333333 0.32037037037037047 0.4671875 0.32037037037037047 0.4671875 0.3351851851851853 0.4708333333333333 0.3351851851851853
8 0.4703125 0.3175925925925927 0.46770833333333334 0.3175925925925927 0.46770833333333334 0.33240740740740754 0.4703125 0.33240740740740754
5 0.5026041666666666 0.338888888888889 0.4973958333333333 0.338888888888889 0.4973958333333333 0.3537037037037038 0.5026041666666666 0.3537037037037038
8 0.5020833333333333 0.3361111111111112 0.4973958333333333 0.3361111111111112 0.4973958333333333 0.35185185185185197 0.5020833333333333 0.35185185185185197
5 0.5119791666666667 0.34074074074074084 0.5078125 0.34074074074074084 0.5078125 0.35462962962962974 0.5119791666666667 0.35462962962962974
8 0.5119791666666667 0.34259259259259267 0.5088541666666667 0.34259259259259267 0.5088541666666667 0.35277777777777786 0.5119791666666667 0.35277777777777786
8 0.5119791666666667 0.33703703703703713 0.5083333333333333 0.33703703703703713 0.5083333333333333 0.35185185185185197 0.5119791666666667 0.35185185185185197
5 0.478125 0.301851851851852 0.4744791666666667 0.301851851851852 0.4744791666666667 0.31296296296296305 0.478125 0.31296296296296305
8 0.47760416666666666 0.29907407407407416 0.475 0.29907407407407416 0.475 0.3111111111111112 0.47760416666666666 0.3111111111111112