3 0.5676470588235294 0.39346405228758186 0.5257352941176471 0.39346405228758186 0.5257352941176471 0.4732026143790851 0.5676470588235294 0.4732026143790851
3 0.17867647058823533 0.5712418300653594 0.09558823529411768 0.5712418300653594 0.09558823529411768 0.726797385620915 0.17867647058823533 0.726797385620915
3 0.12720588235294125 0.7398692810457517 0.03235294117647064 0.7398692810457517 0.03235294117647065 0.9137254901960784 0.12720588235294125 0.9137254901960784
3 0.12647058823529414 0.265359477124183 0.047058823529411785 0.265359477124183 0.047058823529411785 0.31633986928104574 0.12647058823529417 0.31633986928104574
3 0.14044117647058826 0.44052287581699345 0.034558823529411795 0.44052287581699345 0.034558823529411795 0.5071895424836601 0.14044117647058826 0.5071895424836601
3 0.2426470588235294 0.19738562091503276 0.21029411764705883 0.19738562091503276 0.21029411764705883 0.24967320261437917 0.2426470588235294 0.24967320261437917
11 0.1308823529411765 0.4888888888888889 0.03235294117647062 0.4888888888888889 0.032352941176470626 0.5764705882352941 0.1308823529411765 0.5764705882352941
3 0.32426470588235295 0.17385620915032687 0.29191176470588237 0.17385620915032687 0.29191176470588237 0.22352941176470595 0.32426470588235295 0.22352941176470595
3 0.33308823529411763 0.13856209150326804 0.3058823529411765 0.13856209150326804 0.3058823529411765 0.18823529411764714 0.33308823529411763 0.18823529411764714
3 0.3463235294117647 0.09150326797385629 0.32794117647058824 0.09150326797385629 0.32794117647058824 0.12549019607843145 0.3463235294117647 0.12549019607843145
3 0.3551470588235294 0.06405228758169942 0.33676470588235297 0.06405228758169942 0.33676470588235297 0.10849673202614386 0.3551470588235294 0.10849673202614386
3 0.3683823529411765 0.0352941176470589 0.3426470588235294 0.0352941176470589 0.3426470588235294 0.06666666666666674 0.3683823529411765 0.06666666666666674
10 0.37426470588235294 0.015686274509804 0.35955882352941176 0.015686274509804 0.35955882352941176 0.0352941176470589 0.37426470588235294 0.035294117647058906
7 0.1720588235294118 0.27189542483660134 0.1588235294117647 0.2718954248366013 0.15882352941176472 0.3189542483660131 0.17205882352941182 0.31895424836601316
7 0.14558823529411768 0.5202614379084968 0.12867647058823534 0.5202614379084968 0.12867647058823534 0.5816993464052288 0.14558823529411768 0.5816993464052288
8 0.28602941176470587 0.3803921568627451 0.2735294117647059 0.3803921568627451 0.2735294117647059 0.4235294117647059 0.28602941176470587 0.4235294117647059
8 0.32941176470588235 0.2784313725490197 0.32279411764705884 0.2784313725490197 0.32279411764705884 0.3006535947712419 0.32941176470588235 0.3006535947712419
4 0.6772058823529412 0.15816993464052304 0.6602941176470588 0.15816993464052304 0.6602941176470588 0.19084967320261453 0.6772058823529412 0.19084967320261453
7 0.6970588235294117 0.16993464052287596 0.6911764705882353 0.16993464052287596 0.6911764705882353 0.20261437908496746 0.6970588235294117 0.20261437908496746
7 0.7220588235294118 0.21830065359477138 0.7139705882352941 0.21830065359477138 0.7139705882352941 0.24967320261437922 0.7220588235294118 0.24967320261437922
7 0.7176470588235294 0.25620915032679753 0.7125 0.25620915032679753 0.7125 0.296732026143791 0.7176470588235294 0.296732026143791
7 0.9279411764705883 0.6666666666666669 0.9117647058823529 0.6666666666666669 0.9117647058823529 0.7398692810457519 0.9279411764705883 0.7398692810457519
7 0.9441176470588235 0.6888888888888892 0.9330882352941177 0.6888888888888892 0.9330882352941177 0.73202614379085 0.9441176470588235 0.73202614379085
7 0.9625 0.6758169934640526 0.9441176470588235 0.6758169934640526 0.9441176470588235 0.7411764705882355 0.9625 0.7411764705882355
7 0.9845588235294118 0.7307189542483663 0.9676470588235294 0.7307189542483663 0.9676470588235294 0.7960784313725493 0.9845588235294118 0.7960784313725493
7 0.9933823529411765 0.7071895424836604 0.9808823529411764 0.7071895424836604 0.9808823529411764 0.7581699346405232 0.9933823529411765 0.7581699346405232
1 0.2823529411764706 0.40784313725490196 0.2735294117647059 0.40784313725490196 0.2735294117647059 0.4287581699346405 0.2823529411764706 0.4287581699346405
1 0.3316176470588235 0.3019607843137256 0.3235294117647059 0.3019607843137256 0.3235294117647059 0.3241830065359478 0.3316176470588235 0.3241830065359478
7 0.19558823529411765 0.23267973856209156 0.18676470588235294 0.23267973856209156 0.18676470588235294 0.2692810457516341 0.19558823529411765 0.2692810457516341
7 0.21911764705882353 0.24575163398692818 0.2125 0.24575163398692818 0.2125 0.27320261437908505 0.21911764705882353 0.27320261437908505
7 0.22720588235294117 0.23267973856209156 0.21838235294117647 0.23267973856209156 0.21838235294117647 0.2679738562091504 0.22720588235294117 0.2679738562091504
3 0.033823529411764724 0.25620915032679736 1.764932151712362e-17 0.25620915032679736 1.94052489129599e-17 0.30718954248366015 0.033823529411764724 0.30718954248366015
4 0.45 0.001307189542483756 0.4308823529411765 0.0013071895424837541 0.4308823529411765 0.02483660130718964 0.45 0.024836601307189645