3 0.39558823529411763 0.6183006535947714 0.3500000000000001 0.6183006535947714 0.3500000000000001 0.7490196078431373 0.39558823529411763 0.7490196078431373
3 0.08161764705882354 0.34901960784313724 2.404269818914289e-17 0.34901960784313724 2.6338910937544178e-17 0.41568627450980394 0.08161764705882354 0.41568627450980394
3 0.09485294117647063 0.3176470588235294 0.017647058823529432 0.3176470588235294 0.017647058823529436 0.3673202614379085 0.09485294117647063 0.3673202614379085
11 0.12647058823529414 0.26405228758169935 0.04044117647058826 0.26405228758169935 0.04044117647058826 0.33986928104575165 0.12647058823529417 0.33986928104575165
3 0.23602941176470588 0.06535947712418305 0.1875 0.06535947712418304 0.1875 0.10326797385620919 0.23602941176470588 0.10326797385620919
3 0.28161764705882353 5.674997258793944e-17 0.23970588235294119 5.218756294405714e-17 0.23970588235294119 0.018300653594771298 0.28161764705882353 0.0183006535947713
7 0.16102941176470592 0.30718954248366015 0.14852941176470594 0.30718954248366015 0.14852941176470594 0.3581699346405229 0.16102941176470592 0.3581699346405229
5 0.5367647058823529 0.7986928104575164 0.5220588235294118 0.7986928104575164 0.5220588235294118 0.8601307189542484 0.5367647058823529 0.8601307189542484
8 0.5352941176470588 0.8 0.5220588235294118 0.8 0.5220588235294118 0.8418300653594771 0.5352941176470588 0.8418300653594771
7 0.6352941176470588 0.7908496732026143 0.6279411764705882 0.7908496732026143 0.6279411764705882 0.8222222222222222 0.6352941176470588 0.8222222222222222
7 0.6323529411764706 0.7686274509803922 0.625 0.7686274509803922 0.625 0.7986928104575164 0.6323529411764706 0.7986928104575164
7 0.6639705882352941 0.7555555555555555 0.6514705882352941 0.7555555555555555 0.6514705882352941 0.8065359477124183 0.6639705882352941 0.8065359477124183
11 0.6360294117647058 0.8601307189542484 0.586764705882353 0.8601307189542484 0.586764705882353 0.996078431372549 0.6360294117647058 0.996078431372549
7 0.4676470588235294 0.5790849673202616 0.45588235294117646 0.5790849673202616 0.45588235294117646 0.6248366013071897 0.4676470588235294 0.6248366013071897
7 0.5580882352941177 0.46143790849673216 0.5448529411764705 0.46143790849673216 0.5448529411764705 0.5032679738562092 0.5580882352941177 0.5032679738562092
7 0.43529411764705883 0.42614379084967335 0.42426470588235293 0.42614379084967335 0.42426470588235293 0.4732026143790851 0.43529411764705883 0.4732026143790851
1 0.43014705882352944 0.4339869281045753 0.4235294117647059 0.4339869281045753 0.4235294117647059 0.4745098039215688 0.43014705882352944 0.4745098039215688
8 0.5007352941176471 0.4745098039215688 0.4919117647058823 0.4745098039215688 0.4919117647058823 0.5071895424836603 0.5007352941176471 0.5071895424836603
1 0.5022058823529412 0.4771241830065361 0.4904411764705882 0.4771241830065361 0.4904411764705882 0.5215686274509805 0.5022058823529412 0.5215686274509805
5 0.5772058823529411 0.4117647058823531 0.5647058823529412 0.4117647058823531 0.5647058823529412 0.4496732026143792 0.5772058823529411 0.4496732026143792
3 0.5595588235294118 0.3320261437908498 0.5301470588235294 0.3320261437908498 0.5301470588235294 0.40653594771241847 0.5595588235294118 0.40653594771241847
3 0.5036764705882353 0.288888888888889 0.47573529411764703 0.288888888888889 0.47573529411764703 0.34509803921568644 0.5036764705882353 0.34509803921568644
7 0.4264705882352941 0.21960784313725498 0.41911764705882354 0.21960784313725498 0.41911764705882354 0.25359477124183016 0.4264705882352941 0.25359477124183016
7 0.5691176470588235 0.22222222222222238 0.5610294117647059 0.22222222222222238 0.5610294117647059 0.2653594771241832 0.5691176470588235 0.2653594771241832
7 0.5816176470588236 0.2379084967320263 0.5742647058823529 0.2379084967320263 0.5742647058823529 0.2732026143790851 0.5816176470588236 0.2732026143790851
8 0.5279411764705882 0.2640522875816995 0.5183823529411765 0.2640522875816995 0.5183823529411765 0.29281045751634 0.5279411764705882 0.29281045751634
9 0.5301470588235294 0.26143790849673215 0.5139705882352941 0.26143790849673215 0.5139705882352941 0.3058823529411766 0.5301470588235294 0.3058823529411766
5 0.5529411764705883 0.22222222222222238 0.5419117647058823 0.22222222222222238 0.5419117647058823 0.27973856209150344 0.5529411764705883 0.27973856209150344
1 0.5845588235294118 0.2509803921568629 0.575 0.2509803921568629 0.575 0.2875816993464054 0.5845588235294118 0.2875816993464054
8 0.4610294117647059 0.11241830065359489 0.4536764705882353 0.11241830065359489 0.4536764705882353 0.1385620915032681 0.4610294117647059 0.1385620915032681
8 0.45808823529411763 0.06797385620915042 0.45073529411764707 0.06797385620915042 0.45073529411764707 0.09019607843137266 0.45808823529411763 0.09019607843137266
5 0.4573529411764706 0.07712418300653603 0.45073529411764707 0.07712418300653603 0.45073529411764707 0.09803921568627462 0.4573529411764706 0.09803921568627462
5 0.4602941176470588 0.12287581699346416 0.4536764705882353 0.12287581699346416 0.4536764705882353 0.14640522875817005 0.4602941176470588 0.14640522875817005
10 0.4323529411764706 0.018300653594771333 0.4073529411764706 0.01830065359477133 0.4073529411764706 0.07450980392156872 0.4323529411764706 0.07450980392156872
11 0.5345588235294118 0.07450980392156874 0.5154411764705882 0.07450980392156874 0.5154411764705882 0.1215686274509805 0.5345588235294118 0.1215686274509805
7 0.5419117647058823 0.09673202614379096 0.5360294117647059 0.09673202614379096 0.5360294117647059 0.13071895424836613 0.5419117647058823 0.13071895424836613
9 0.39705882352941174 0.5045751633986929 0.34338235294117647 0.5045751633986929 0.34338235294117647 0.554248366013072 0.39705882352941174 0.554248366013072
5 0.7433823529411765 0.8496732026143794 0.7058823529411765 0.8496732026143794 0.7058823529411765 0.8901960784313728 0.7433823529411765 0.8901960784313728
5 0.9654411764705882 0.5267973856209152 0.9529411764705882 0.5267973856209152 0.9529411764705882 0.5647058823529413 0.9654411764705882 0.5647058823529413
7 0.8808823529411764 0.38562091503267987 0.8705882352941177 0.38562091503267987 0.8705882352941177 0.427450980392157 0.8808823529411764 0.427450980392157
8 1 0.5019607843137256 0.9875 0.5019607843137256 0.9875 0.5346405228758171 1 0.5346405228758171