3 0.5102941176470588 0.4640522875816995 0.48970588235294116 0.4640522875816995 0.48970588235294116 0.5359477124183007 0.5102941176470588 0.5359477124183007
3 0.4088235294117647 0.6287581699346406 0.3764705882352941 0.6287581699346406 0.3764705882352941 0.6640522875816995 0.4088235294117647 0.6640522875816995
3 0.08897058823529418 0.8117647058823529 0.0529411764705883 0.8117647058823529 0.0529411764705883 0.8614379084967321 0.08897058823529418 0.8614379084967321
3 0.15735294117647064 0.8588235294117647 0.11911764705882358 0.8588235294117647 0.11911764705882358 0.8901960784313725 0.15735294117647064 0.8901960784313725
3 0.04264705882352946 0.74640522875817 0.022058823529411818 0.74640522875817 0.022058823529411818 0.8143790849673203 0.04264705882352946 0.8143790849673203
10 0.19852941176470595 0.6078431372549019 0.17794117647058827 0.6078431372549019 0.17794117647058827 0.7019607843137254 0.19852941176470595 0.7019607843137254
7 0.04632352941176477 0.8784313725490196 0.035294117647058885 0.8784313725490196 0.035294117647058885 0.8954248366013072 0.04632352941176477 0.8954248366013072
7 0.05147058823529418 0.8169934640522876 0.04117647058823535 0.8169934640522876 0.04117647058823535 0.8274509803921568 0.05147058823529418 0.8274509803921568
7 0.055882352941176536 0.9019607843137255 0.04485294117647065 0.9019607843137255 0.04485294117647065 0.9137254901960784 0.055882352941176536 0.9137254901960784
3 0.2250000000000001 0.7895424836601307 0.20367647058823538 0.7895424836601307 0.20367647058823538 0.869281045751634 0.2250000000000001 0.869281045751634
3 0.42573529411764705 0.7895424836601307 0.40661764705882353 0.7895424836601307 0.40661764705882353 0.8627450980392157 0.42573529411764705 0.8627450980392157
3 0.40147058823529413 0.8248366013071895 0.36323529411764716 0.8248366013071895 0.36323529411764716 0.8627450980392157 0.40147058823529413 0.8627450980392157
3 0.4125 0.573856209150327 0.37941176470588234 0.573856209150327 0.37941176470588234 0.6130718954248368 0.4125 0.6130718954248368
7 0.37205882352941183 0.6000000000000002 0.36764705882352944 0.6000000000000002 0.36764705882352944 0.6156862745098041 0.37205882352941183 0.6156862745098041
3 0.5779411764705882 0.7529411764705882 0.5367647058823529 0.7529411764705882 0.5367647058823529 0.7947712418300653 0.5779411764705882 0.7947712418300653
3 0.5794117647058824 0.6875816993464052 0.5360294117647059 0.6875816993464052 0.5360294117647059 0.722875816993464 0.5794117647058824 0.722875816993464
3 0.5779411764705882 0.6287581699346406 0.5352941176470588 0.6287581699346406 0.5352941176470588 0.6640522875816995 0.5779411764705882 0.6640522875816995
3 0.5727941176470588 0.9359477124183007 0.5308823529411765 0.9359477124183007 0.5308823529411765 0.9712418300653595 0.5727941176470588 0.9712418300653595
3 0.5742647058823529 0.8954248366013072 0.5316176470588235 0.8954248366013072 0.5316176470588235 0.930718954248366 0.5742647058823529 0.930718954248366
7 0.4948529411764706 0.6522875816993465 0.48970588235294116 0.6522875816993465 0.48970588235294116 0.6666666666666669 0.4948529411764706 0.6666666666666669
7 0.36838235294117655 0.6928104575163399 0.36029411764705893 0.6928104575163399 0.36029411764705893 0.7071895424836602 0.36838235294117655 0.7071895424836602
7 0.38823529411764707 0.7058823529411765 0.38235294117647056 0.7058823529411765 0.38235294117647056 0.7163398692810458 0.38823529411764707 0.7163398692810458
7 0.3911764705882353 0.6980392156862745 0.38529411764705884 0.6980392156862745 0.38529411764705884 0.7058823529411765 0.3911764705882353 0.7058823529411765
7 0.5911764705882353 0.6431372549019609 0.5845588235294118 0.6431372549019609 0.5845588235294118 0.6575163398692812 0.5911764705882353 0.6575163398692812
7 0.3566176470588236 0.8915032679738563 0.348529411764706 0.8915032679738563 0.348529411764706 0.9058823529411765 0.3566176470588236 0.9058823529411765
8 0.40588235294117647 0.7333333333333333 0.4 0.7333333333333333 0.4 0.7450980392156863 0.40588235294117647 0.7450980392156863
5 0.40808823529411764 0.734640522875817 0.3948529411764706 0.734640522875817 0.3948529411764706 0.7450980392156863 0.40808823529411764 0.7450980392156863
8 0.525 0.7189542483660131 0.5198529411764706 0.7189542483660131 0.5198529411764706 0.7359477124183007 0.525 0.7359477124183007
5 0.5257352941176471 0.730718954248366 0.5191176470588236 0.730718954248366 0.5191176470588236 0.74640522875817 0.5257352941176471 0.74640522875817
3 0.44485294117647056 0.20653594771241837 0.41102941176470587 0.20653594771241837 0.41102941176470587 0.30588235294117655 0.44485294117647056 0.30588235294117655
8 0.5367647058823529 0.21830065359477138 0.5308823529411765 0.21830065359477138 0.5308823529411765 0.23267973856209165 0.5367647058823529 0.23267973856209165
8 0.5272058823529412 0.17124183006535962 0.5227941176470589 0.17124183006535962 0.5227941176470589 0.18692810457516354 0.5272058823529412 0.18692810457516354
5 0.538235294117647 0.22352941176470603 0.5301470588235294 0.22352941176470603 0.5301470588235294 0.2405228758169936 0.538235294117647 0.2405228758169936
5 0.5316176470588235 0.17777777777777792 0.5213235294117647 0.17777777777777792 0.5213235294117647 0.19084967320261453 0.5316176470588235 0.19084967320261453
7 0.19852941176470587 0.40522875816993464 0.19264705882352942 0.40522875816993464 0.19264705882352942 0.41830065359477125 0.19852941176470587 0.41830065359477125
7 0.20220588235294118 0.46143790849673205 0.1948529411764706 0.46143790849673205 0.1948529411764706 0.477124183006536 0.20220588235294118 0.477124183006536
7 0.22205882352941175 0.25228758169934645 0.21323529411764705 0.25228758169934645 0.21323529411764705 0.27058823529411774 0.22205882352941175 0.27058823529411774
7 0.1625 0.18169934640522875 0.15441176470588236 0.18169934640522875 0.15441176470588236 0.19738562091503267 0.1625 0.19738562091503267
3 0.5860294117647059 0.38823529411764723 0.5441176470588235 0.38823529411764723 0.5441176470588235 0.44836601307189555 0.5860294117647059 0.44836601307189555
3 0.5882352941176471 0.5477124183006538 0.55 0.5477124183006538 0.55 0.5869281045751635 0.5882352941176471 0.5869281045751635
7 0.5397058823529411 0.42875816993464066 0.5330882352941176 0.42875816993464066 0.5330882352941176 0.4444444444444446 0.5397058823529411 0.4444444444444446
3 0.5911764705882353 0.16601307189542494 0.5514705882352942 0.16601307189542494 0.5514705882352942 0.20261437908496746 0.5911764705882353 0.20261437908496746
3 0.5977941176470588 0.11503267973856222 0.5544117647058824 0.1150326797385622 0.5544117647058824 0.16339869281045766 0.5977941176470588 0.16339869281045766
5 0.6022058823529411 0.18954248366013088 0.5948529411764706 0.18954248366013088 0.5948529411764706 0.21568627450980407 0.6022058823529411 0.21568627450980407
7 0.5970588235294118 0.3790849673202616 0.5919117647058824 0.3790849673202616 0.5919117647058824 0.3947712418300655 0.5970588235294118 0.3947712418300655
5 0.5316176470588235 0.5189542483660132 0.525 0.5189542483660132 0.525 0.5359477124183007 0.5316176470588235 0.5359477124183007
8 0.5294117647058824 0.5098039215686276 0.525 0.5098039215686276 0.525 0.5228758169934642 0.5294117647058824 0.5228758169934642
5 0.5801470588235295 0.2248366013071897 0.5705882352941176 0.2248366013071897 0.5705882352941176 0.25228758169934656 0.5801470588235295 0.25228758169934656
7 0.5963235294117647 0.5281045751633988 0.5911764705882353 0.5281045751633988 0.5911764705882353 0.5398692810457518 0.5963235294117647 0.5398692810457518
3 0.575735294117647 0.8352941176470589 0.5411764705882353 0.8352941176470589 0.5411764705882353 0.8627450980392157 0.575735294117647 0.8627450980392157
5 0.5875 0.9071895424836601 0.5801470588235295 0.9071895424836601 0.5801470588235295 0.9372549019607843 0.5875 0.9372549019607843
8 0.586764705882353 0.9006535947712418 0.5816176470588236 0.9006535947712418 0.5816176470588236 0.9150326797385621 0.586764705882353 0.9150326797385621
7 0.5522058823529412 0.0627450980392158 0.5455882352941176 0.0627450980392158 0.5455882352941176 0.0823529411764707 0.5522058823529412 0.0823529411764707
3 0.6735294117647059 0.07712418300653609 0.6330882352941176 0.07712418300653608 0.6330882352941176 0.10718954248366028 0.6735294117647059 0.10718954248366028