4 0.46911764705882353 9.965263169532385e-17 0.44632352941176473 9.71713211872475e-17 0.44632352941176473 0.06274509803921578 0.46911764705882353 0.06274509803921578
3 0.46544117647058825 0.06274509803921578 0.4522058823529412 0.06274509803921578 0.4522058823529412 0.08758169934640533 0.46544117647058825 0.08758169934640533
4 0.4176470588235294 8.916709374183997e-17 0.40147058823529413 8.74061637038503e-17 0.40147058823529413 0.05620915032679748 0.4176470588235294 0.05620915032679748
7 0.48823529411764705 0.013071895424836708 0.4852941176470588 0.013071895424836708 0.4852941176470588 0.027450980392156966 0.48823529411764705 0.027450980392156966
4 0.5448529411764705 1.1293964925470035e-16 0.49264705882352944 1.0725664776846099e-16 0.49264705882352944 0.05751633986928116 0.5448529411764705 0.05751633986928116
3 0.5367647058823529 0.06013071895424848 0.5235294117647059 0.06013071895424848 0.5235294117647059 0.07712418300653606 0.5367647058823529 0.07712418300653606
3 0.5419117647058823 0.07843137254901972 0.5279411764705882 0.07843137254901972 0.5279411764705882 0.10065359477124194 0.5419117647058823 0.10065359477124194
3 0.5441176470588235 0.088888888888889 0.5308823529411765 0.088888888888889 0.5308823529411765 0.11111111111111122 0.5441176470588235 0.11111111111111122
4 0.4786764705882353 0.04836601307189554 0.47058823529411764 0.04836601307189554 0.47058823529411764 0.08627450980392168 0.4786764705882353 0.08627450980392168
7 0.46911764705882353 0.09019607843137266 0.46397058823529413 0.09019607843137266 0.46397058823529413 0.11241830065359489 0.46911764705882353 0.11241830065359489
8 0.45073529411764707 0.09150326797385631 0.4455882352941177 0.09150326797385631 0.4455882352941177 0.1084967320261439 0.45073529411764707 0.1084967320261439
4 0.4426470588235294 0.06013071895424846 0.4117647058823529 0.06013071895424846 0.4117647058823529 0.09281045751633996 0.4426470588235294 0.09281045751633998
3 0.4404411764705882 0.0980392156862746 0.40808823529411764 0.09803921568627458 0.40808823529411764 0.12287581699346414 0.4404411764705882 0.12287581699346416
3 0.4345588235294118 0.12679738562091514 0.4007352941176471 0.1267973856209151 0.4007352941176471 0.15424836601307199 0.4345588235294118 0.154248366013072
8 0.44632352941176473 0.13725490196078444 0.43970588235294117 0.13725490196078444 0.43970588235294117 0.15686274509803932 0.44632352941176473 0.15686274509803932
5 0.45 0.1450980392156864 0.4338235294117647 0.1450980392156864 0.4338235294117647 0.16078431372549032 0.45 0.16078431372549032
7 0.42573529411764705 0.1529411764705883 0.41911764705882354 0.1529411764705883 0.41911764705882354 0.17777777777777784 0.42573529411764705 0.17777777777777784
7 0.4213235294117647 0.17516339869281053 0.4161764705882353 0.17516339869281053 0.4161764705882353 0.20653594771241837 0.4213235294117647 0.20653594771241837
8 0.42720588235294116 0.17516339869281053 0.4213235294117647 0.17516339869281053 0.4213235294117647 0.19346405228758176 0.42720588235294116 0.19346405228758176
7 0.41544117647058826 0.17777777777777784 0.4102941176470588 0.17777777777777784 0.4102941176470588 0.20522875816993472 0.41544117647058826 0.20522875816993472
7 0.4022058823529412 0.2666666666666667 0.39338235294117646 0.2666666666666667 0.39338235294117646 0.3019607843137256 0.4022058823529412 0.3019607843137256
8 0.4676470588235294 0.1921568627450981 0.4610294117647059 0.1921568627450981 0.4610294117647059 0.20915032679738568 0.4676470588235294 0.20915032679738568
8 0.46691176470588236 0.20522875816993472 0.46176470588235297 0.20522875816993472 0.46176470588235297 0.23398692810457525 0.46691176470588236 0.23398692810457525
8 0.4786764705882353 0.1921568627450981 0.47205882352941175 0.1921568627450981 0.47205882352941175 0.215686274509804 0.4786764705882353 0.215686274509804
1 0.4676470588235294 0.19738562091503276 0.4610294117647059 0.19738562091503276 0.4610294117647059 0.21176470588235302 0.4676470588235294 0.21176470588235302
1 0.4676470588235294 0.21437908496732033 0.46176470588235297 0.21437908496732033 0.46176470588235297 0.23790849673202621 0.4676470588235294 0.23790849673202621
1 0.4786764705882353 0.20000000000000007 0.4727941176470588 0.20000000000000007 0.4727941176470588 0.22352941176470595 0.4786764705882353 0.22352941176470595
10 0.4470588235294118 0.16601307189542494 0.42720588235294116 0.16601307189542494 0.42720588235294116 0.21045751633986937 0.4470588235294118 0.21045751633986937
3 0.4485294117647059 0.22352941176470595 0.4227941176470588 0.22352941176470595 0.4227941176470588 0.2666666666666667 0.4485294117647059 0.2666666666666667
3 0.5161764705882353 0.15032679738562102 0.4985294117647059 0.15032679738562102 0.4985294117647059 0.18300653594771252 0.5161764705882353 0.18300653594771257
9 0.5426470588235294 0.15294117647058836 0.5308823529411765 0.15294117647058836 0.5308823529411765 0.18169934640522892 0.5426470588235294 0.18169934640522892
8 0.5264705882352941 0.16993464052287596 0.5198529411764706 0.16993464052287596 0.5198529411764706 0.19346405228758184 0.5264705882352941 0.19346405228758184
5 0.5257352941176471 0.17777777777777792 0.5183823529411765 0.17777777777777792 0.5183823529411765 0.20000000000000015 0.5257352941176471 0.20000000000000015
11 0.5220588235294118 0.29673202614379096 0.49558823529411766 0.2967320261437909 0.49558823529411766 0.35816993464052305 0.5220588235294118 0.35816993464052305
7 0.3639705882352941 0.366013071895425 0.35661764705882354 0.366013071895425 0.35661764705882354 0.40653594771241847 0.3639705882352941 0.40653594771241847
7 0.3713235294117647 0.36993464052287595 0.3639705882352941 0.36993464052287595 0.3639705882352941 0.41307189542483674 0.3713235294117647 0.41307189542483674
7 0.38088235294117645 0.4549019607843139 0.3625 0.4549019607843139 0.3625 0.49411764705882366 0.38088235294117645 0.49411764705882366
7 0.39705882352941174 0.4379084967320263 0.38529411764705884 0.4379084967320263 0.38529411764705884 0.48888888888888904 0.39705882352941174 0.48888888888888904
7 0.5647058823529412 0.3686274509803923 0.5544117647058824 0.3686274509803923 0.5544117647058824 0.4169934640522877 0.5647058823529412 0.4169934640522877
4 0.575 0.33464052287581714 0.5661764705882353 0.33464052287581714 0.5661764705882353 0.4196078431372551 0.575 0.4196078431372551
8 0.4588235294117647 0.44313725490196093 0.4470588235294118 0.44313725490196093 0.4470588235294118 0.47843137254901974 0.4588235294117647 0.47843137254901974
9 0.4632352941176471 0.4379084967320263 0.44485294117647056 0.4379084967320263 0.44485294117647056 0.49934640522875834 0.4632352941176471 0.49934640522875834
3 0.39558823529411763 0.49411764705882366 0.3522058823529412 0.49411764705882366 0.3522058823529412 0.5712418300653597 0.39558823529411763 0.5712418300653597
3 0.3977941176470588 0.5751633986928106 0.34411764705882353 0.5751633986928106 0.3441176470588236 0.6745098039215687 0.3977941176470588 0.6745098039215687
3 0.549264705882353 0.623529411764706 0.5036764705882353 0.623529411764706 0.5036764705882353 0.7320261437908496 0.549264705882353 0.7320261437908496
3 0.33602941176470597 0.8470588235294118 0.2654411764705883 0.8470588235294118 0.2654411764705883 1 0.33602941176470597 1
7 0.348529411764706 0.934640522875817 0.3286764705882354 0.934640522875817 0.3286764705882354 0.9973856209150327 0.348529411764706 0.9973856209150327
3 0.08088235294117647 0.12418300653594772 0.04117647058823531 0.12418300653594772 0.04117647058823531 0.15294117647058825 0.08088235294117649 0.15294117647058825
11 0.11029411764705882 0.1738562091503268 0.07573529411764708 0.1738562091503268 0.07573529411764708 0.2196078431372549 0.11029411764705882 0.2196078431372549
5 0.06250000000000003 0.29150326797385623 0.03750000000000002 0.29150326797385623 0.03750000000000002 0.3215686274509804 0.06250000000000003 0.3215686274509804
5 0.08676470588235297 0.2901960784313726 0.06397058823529414 0.2901960784313726 0.06397058823529414 0.3176470588235294 0.08676470588235297 0.3176470588235294
3 0.03750000000000002 0.3215686274509804 2.215169945516536e-17 0.3215686274509804 2.395265063038206e-17 0.3738562091503268 0.03750000000000002 0.3738562091503268
3 0.06764705882352946 0.6993464052287581 4.8175443937046614e-17 0.6993464052287581 5.1372132273056244e-17 0.792156862745098 0.06764705882352948 0.792156862745098