7 0.5828125 0.5287037037037039 0.575 0.5287037037037039 0.575 0.5712962962962965 0.5828125 0.5712962962962965
3 0.6229166666666667 0.7129629629629631 0.5635416666666667 0.7129629629629631 0.5635416666666667 0.7925925925925928 0.6229166666666667 0.7925925925925928
3 0.5067708333333333 0.5287037037037038 0.46927083333333336 0.5287037037037037 0.46927083333333336 0.5805555555555557 0.5067708333333333 0.5805555555555557
3 0.11718750000000003 0.23703703703703705 0.07343750000000003 0.23703703703703705 0.07343750000000003 0.262037037037037 0.11718750000000003 0.262037037037037
3 0.26197916666666665 0.22592592592592597 0.22552083333333334 0.22592592592592597 0.22552083333333334 0.2472222222222223 0.26197916666666665 0.24722222222222232
3 0.3546875 0.22777777777777783 0.32083333333333336 0.22777777777777783 0.32083333333333336 0.24351851851851863 0.3546875 0.24351851851851863
3 0.7713541666666667 0.23703703703703724 0.7375 0.23703703703703724 0.7375 0.25370370370370393 0.7713541666666667 0.25370370370370393
3 0.80625 0.2416666666666669 0.778125 0.2416666666666669 0.778125 0.25740740740740764 0.80625 0.25740740740740764
3 0.9557291666666666 0.25740740740740764 0.9286458333333333 0.25740740740740764 0.9286458333333333 0.27685185185185207 0.9557291666666666 0.27685185185185207
10 0.22604166666666667 0.30648148148148147 0.20364583333333333 0.30648148148148147 0.20364583333333333 0.33611111111111114 0.22604166666666667 0.33611111111111114
3 0.240625 0.3175925925925926 0.22760416666666666 0.3175925925925926 0.22760416666666666 0.3416666666666667 0.240625 0.3416666666666667
3 0.271875 0.32685185185185195 0.2546875 0.32685185185185195 0.2546875 0.3574074074074075 0.271875 0.3574074074074075
3 0.3932291666666667 0.3314814814814816 0.37447916666666664 0.3314814814814816 0.37447916666666664 0.35185185185185197 0.3932291666666667 0.35185185185185197
3 0.37864583333333335 0.325925925925926 0.35989583333333336 0.325925925925926 0.35989583333333336 0.3462962962962964 0.37864583333333335 0.3462962962962964
3 0.3645833333333333 0.3175925925925927 0.3458333333333333 0.3175925925925927 0.3458333333333333 0.33703703703703713 0.3645833333333333 0.33703703703703713
3 0.2953125 0.32314814814814824 0.2791666666666667 0.32314814814814824 0.2791666666666667 0.3500000000000001 0.2953125 0.3500000000000001
4 0.11250000000000002 0.15925925925925927 0.013020833333333344 0.15925925925925927 0.013020833333333346 0.22314814814814815 0.11250000000000003 0.22314814814814815