4 0.5041666666666667 0.0037037037037038006 0.38333333333333336 0.0037037037037037875 0.38333333333333336 0.10000000000000009 0.5041666666666667 0.1000000000000001
9 0.3062500000000001 0.8037037037037037 0.2677083333333333 0.8037037037037037 0.2677083333333334 0.9018518518518519 0.30625000000000013 0.9018518518518519
3 0.3770833333333334 0.7351851851851852 0.340625 0.7351851851851852 0.34062500000000007 0.8629629629629629 0.37708333333333344 0.8629629629629629
3 0.39791666666666664 0.5370370370370371 0.36666666666666664 0.5370370370370371 0.36666666666666664 0.6222222222222222 0.39791666666666664 0.6222222222222222
3 0.36666666666666664 0.4648148148148149 0.33541666666666664 0.4648148148148149 0.33541666666666664 0.55 0.36666666666666664 0.55
3 0.41041666666666665 0.34444444444444455 0.3885416666666667 0.34444444444444455 0.3885416666666667 0.3925925925925927 0.41041666666666665 0.3925925925925927
3 0.48333333333333334 0.3240740740740742 0.46145833333333336 0.3240740740740742 0.46145833333333336 0.36296296296296304 0.48333333333333334 0.36296296296296304
11 0.41458333333333336 0.2462962962962964 0.39895833333333336 0.2462962962962964 0.39895833333333336 0.29074074074074086 0.41458333333333336 0.29074074074074086
3 0.475 0.2425925925925927 0.459375 0.2425925925925927 0.459375 0.2740740740740742 0.475 0.2740740740740742
3 0.4427083333333333 0.17222222222222233 0.428125 0.17222222222222233 0.428125 0.2000000000000001 0.4427083333333333 0.2000000000000001
3 0.44479166666666664 0.12037037037037047 0.43333333333333335 0.12037037037037047 0.43333333333333335 0.14074074074074083 0.44479166666666664 0.14074074074074083
11 0.484375 0.14074074074074083 0.4739583333333333 0.14074074074074083 0.4739583333333333 0.16481481481481491 0.484375 0.16481481481481491
3 0.39479166666666665 0.10185185185185193 0.38333333333333336 0.10185185185185193 0.38333333333333336 0.12222222222222233 0.39479166666666665 0.12222222222222233
3 0.5416666666666666 0.11851851851851862 0.5166666666666667 0.11851851851851862 0.5166666666666667 0.13703703703703715 0.5416666666666666 0.13703703703703715
3 0.534375 0.09629629629629641 0.5239583333333333 0.09629629629629641 0.5239583333333333 0.11666666666666677 0.534375 0.11666666666666677
7 0.6020833333333333 0.2722222222222223 0.596875 0.2722222222222223 0.596875 0.2981481481481483 0.6020833333333333 0.2981481481481483
8 0.42291666666666666 0.5111111111111111 0.41354166666666664 0.5111111111111111 0.41354166666666664 0.5444444444444444 0.42291666666666666 0.5444444444444444
5 0.42291666666666666 0.5222222222222223 0.41354166666666664 0.5222222222222223 0.41354166666666664 0.5574074074074075 0.42291666666666666 0.5574074074074075
3 0.525 0.4611111111111112 0.4979166666666667 0.4611111111111112 0.4979166666666667 0.5203703703703706 0.525 0.5203703703703706
9 0.5625 0.49814814814814834 0.54375 0.49814814814814834 0.54375 0.5481481481481484 0.5625 0.5481481481481484
8 0.5541666666666667 0.49814814814814834 0.5458333333333333 0.49814814814814834 0.5458333333333333 0.5185185185185187 0.5541666666666667 0.5185185185185187
7 0.7854166666666667 0.5351851851851854 0.771875 0.5351851851851854 0.771875 0.5740740740740743 0.7854166666666667 0.5740740740740743
7 0.996875 0.577777777777778 0.9822916666666667 0.577777777777778 0.9822916666666667 0.6166666666666669 0.996875 0.6166666666666669
3 0.65625 0.8055555555555558 0.6041666666666666 0.8055555555555558 0.6041666666666666 0.9370370370370372 0.65625 0.9370370370370372
3 0.6104166666666667 0.6222222222222225 0.56875 0.6222222222222225 0.56875 0.7166666666666669 0.6104166666666667 0.7166666666666669
3 0.09583333333333337 0.5685185185185185 0.028125000000000035 0.5685185185185185 0.028125000000000042 0.6314814814814815 0.09583333333333337 0.6314814814814815
10 0.17916666666666672 0.5611111111111111 0.0822916666666667 0.5611111111111111 0.08229166666666671 0.6611111111111111 0.17916666666666672 0.6611111111111111
8 0.396875 0.22037037037037047 0.39166666666666666 0.22037037037037047 0.39166666666666666 0.23703703703703713 0.396875 0.23703703703703713
9 0.39895833333333336 0.22407407407407418 0.390625 0.22407407407407418 0.390625 0.24444444444444455 0.39895833333333336 0.24444444444444455
3 0.859375 0.34444444444444466 0.8104166666666667 0.34444444444444466 0.8104166666666667 0.377777777777778 0.859375 0.377777777777778
3 0.9125 0.30185185185185204 0.8708333333333333 0.30185185185185204 0.8708333333333333 0.3351851851851854 0.9125 0.3351851851851854
7 0.9739583333333334 0.25740740740740764 0.9666666666666667 0.25740740740740764 0.9666666666666667 0.2851851851851854 0.9739583333333334 0.2851851851851854
3 1 0.2703703703703706 0.9604166666666667 0.2703703703703706 0.9604166666666667 0.30555555555555575 1 0.30555555555555575
4 0.6239583333333333 0.21111111111111128 0.6166666666666667 0.21111111111111128 0.6166666666666667 0.22777777777777794 0.6239583333333333 0.22777777777777794
4 0.8322916666666667 0.2740740740740743 0.825 0.2740740740740743 0.825 0.29074074074074097 0.8322916666666667 0.29074074074074097
4 0.584375 0.1314814814814816 0.565625 0.1314814814814816 0.565625 0.1500000000000001 0.584375 0.1500000000000001