4 0.6757352941176471 0.03267973856209162 0.4294117647058823 0.032679738562091595 0.4294117647058823 0.18169934640522886 0.6757352941176471 0.18169934640522892
3 0.6176470588235294 0.6261437908496733 0.4625 0.6261437908496733 0.4625 0.8117647058823529 0.6176470588235294 0.8117647058823529
3 0.5411764705882353 0.44836601307189555 0.40808823529411764 0.44836601307189555 0.40808823529411764 0.5973856209150328 0.5411764705882353 0.5973856209150328
8 0.6985294117647058 0.44575163398692824 0.6808823529411765 0.44575163398692824 0.6808823529411765 0.5346405228758171 0.6985294117647058 0.5346405228758171
5 0.7147058823529412 0.46928104575163415 0.6522058823529412 0.46928104575163415 0.6522058823529412 0.5294117647058825 0.7147058823529412 0.5294117647058825
11 0.7544117647058823 0.28888888888888903 0.6573529411764706 0.28888888888888903 0.6573529411764706 0.4222222222222224 0.7544117647058823 0.4222222222222224
3 0.2522058823529413 0.6183006535947713 0.04191176470588239 0.6183006535947713 0.041911764705882405 0.85359477124183 0.2522058823529413 0.85359477124183
11 0.3941176470588235 0.796078431372549 0.15294117647058827 0.796078431372549 0.1529411764705883 0.996078431372549 0.3941176470588235 0.996078431372549
3 0.825735294117647 0.7124183006535949 0.6470588235294118 0.7124183006535948 0.6470588235294118 0.9346405228758171 0.825735294117647 0.9346405228758173
9 0.9977941176470588 0.41307189542483674 0.9235294117647059 0.41307189542483674 0.9235294117647059 0.5503267973856211 0.9977941176470588 0.5503267973856211
3 0.7661764705882353 0.1921568627450982 0.6757352941176471 0.1921568627450982 0.6757352941176471 0.2653594771241832 0.7661764705882353 0.2653594771241832
7 0.6227941176470588 0.17385620915032696 0.6080882352941176 0.17385620915032696 0.6080882352941176 0.22614379084967334 0.6227941176470588 0.22614379084967334
7 0.26544117647058824 0.17516339869281053 0.25588235294117645 0.17516339869281053 0.25588235294117645 0.2352941176470589 0.26544117647058824 0.2352941176470589
1 0.01985294117647061 0.30980392156862746 0.002205882352941198 0.30980392156862746 0.0022058823529412003 0.3803921568627451 0.019852941176470615 0.3803921568627451
8 0.01911764705882355 0.29411764705882354 2.0260700721187827e-17 0.29411764705882354 2.2962127484012874e-17 0.37254901960784315 0.019117647058823555 0.37254901960784315
3 0.05661764705882355 0.16993464052287582 1.1706182638908523e-17 0.16993464052287582 1.485784719553774e-17 0.26143790849673204 0.05661764705882355 0.26143790849673204
3 0.03676470588235295 0.12941176470588237 8.914708317322646e-18 0.12941176470588237 1.1661158859528106e-17 0.20915032679738563 0.03676470588235295 0.20915032679738563
7 0.34558823529411764 0.18169934640522883 0.33088235294117646 0.18169934640522883 0.33088235294117646 0.23790849673202621 0.34558823529411764 0.23790849673202621
7 0.3492647058823529 0.1921568627450981 0.34044117647058825 0.1921568627450981 0.34044117647058825 0.2313725490196079 0.3492647058823529 0.2313725490196079
7 0.3551470588235294 0.17908496732026152 0.34338235294117647 0.17908496732026152 0.34338235294117647 0.24052287581699353 0.3551470588235294 0.24052287581699353
7 0.42867647058823527 0.12156862745098049 0.41544117647058826 0.12156862745098046 0.41544117647058826 0.17647058823529418 0.42867647058823527 0.17647058823529418
1 0.4 0.12156862745098046 0.3889705882352941 0.12156862745098046 0.3889705882352941 0.16209150326797392 0.4 0.16209150326797392
3 0.31029411764705883 0.06143790849673209 0.26323529411764707 0.06143790849673208 0.26323529411764707 0.12418300653594778 0.31029411764705883 0.12418300653594778
7 0.28455882352941175 0.028758169934640584 0.27647058823529413 0.02875816993464058 0.27647058823529413 0.07320261437908503 0.28455882352941175 0.07320261437908503
8 0.3625 0.06666666666666674 0.3477941176470588 0.06666666666666674 0.3477941176470588 0.09542483660130727 0.3625 0.09542483660130727
3 0.9463235294117647 0.22352941176470612 0.8691176470588236 0.22352941176470612 0.8691176470588236 0.312418300653595 0.9463235294117647 0.312418300653595
11 0.9647058823529412 0.14379084967320283 0.9088235294117647 0.1437908496732028 0.9088235294117647 0.20915032679738585 0.9647058823529412 0.20915032679738585
3 1 0.11764705882352963 0.9676470588235294 0.11764705882352963 0.9676470588235294 0.18954248366013093 1 0.18954248366013093
5 0.8088235294117647 0.18039215686274523 0.775 0.18039215686274523 0.775 0.22352941176470603 0.8088235294117647 0.22352941176470603
7 0.7382352941176471 0.14379084967320277 0.7294117647058823 0.14379084967320277 0.7294117647058823 0.18954248366013088 0.7382352941176471 0.18954248366013088
7 0.7338235294117647 0.13986928104575178 0.7235294117647059 0.13986928104575178 0.7235294117647059 0.18039215686274523 0.7338235294117647 0.18039215686274523
3 0.7698529411764706 0.11241830065359494 0.7095588235294118 0.11241830065359491 0.7095588235294118 0.17647058823529427 0.7698529411764706 0.17647058823529427
3 0.7544117647058823 0.08758169934640538 0.6948529411764706 0.08758169934640538 0.6948529411764706 0.13856209150326812 0.7544117647058823 0.13856209150326812
5 0.6933823529411764 0.1490196078431374 0.674264705882353 0.1490196078431374 0.674264705882353 0.1751633986928106 0.6933823529411764 0.1751633986928106
7 0.6904411764705882 0.08496732026143805 0.6816176470588236 0.08496732026143805 0.6816176470588236 0.13464052287581715 0.6904411764705882 0.13464052287581715
7 0.5095588235294117 0.17254901960784322 0.49558823529411766 0.17254901960784322 0.49558823529411766 0.23660130718954256 0.5095588235294117 0.23660130718954256
7 0.5029411764705882 0.17124183006535956 0.4904411764705882 0.17124183006535956 0.4904411764705882 0.22745098039215694 0.5029411764705882 0.22745098039215694
7 0.4198529411764706 0.0784313725490197 0.4102941176470588 0.0784313725490197 0.4102941176470588 0.11241830065359484 0.4198529411764706 0.11241830065359484
7 0.40294117647058825 0.014379084967320347 0.39338235294117646 0.014379084967320346 0.39338235294117646 0.05620915032679748 0.40294117647058825 0.05620915032679748
7 0.3625 0.01437908496732034 0.3522058823529412 0.01437908496732034 0.3522058823529412 0.04967320261437916 0.3625 0.04967320261437916