4 0.5645833333333333 0.1787037037037038 0.3723958333333333 0.1787037037037038 0.3723958333333333 0.29537037037037045 0.5645833333333333 0.29537037037037045
4 0.31875 0.3472222222222223 0.2734375 0.3472222222222223 0.2734375 0.3953703703703705 0.31875 0.3953703703703705
4 0.2916666666666667 0.39351851851851855 0.22708333333333333 0.39351851851851855 0.22708333333333336 0.4314814814814815 0.2916666666666667 0.4314814814814816
4 0.5619791666666667 0.3592592592592594 0.5265625 0.3592592592592594 0.5265625 0.4212962962962964 0.5619791666666667 0.4212962962962964
4 0.5822916666666667 0.4287037037037038 0.553125 0.4287037037037038 0.553125 0.4851851851851854 0.5822916666666667 0.4851851851851854
4 0.6109375 0.5009259259259261 0.5796875 0.5009259259259261 0.5796875 0.5814814814814817 0.6109375 0.5814814814814817
3 0.13385416666666672 0.8675925925925926 0.06562500000000006 0.8675925925925926 0.06562500000000007 1 0.13385416666666672 1
3 0.19375000000000006 0.7018518518518518 0.14270833333333338 0.7018518518518518 0.14270833333333338 0.7907407407407407 0.19375000000000006 0.7907407407407407
3 0.2588541666666667 0.5157407407407407 0.22447916666666673 0.5157407407407407 0.22447916666666673 0.5685185185185185 0.2588541666666667 0.5685185185185185
3 0.2869791666666667 0.5296296296296297 0.2489583333333334 0.5296296296296297 0.2489583333333334 0.5879629629629629 0.2869791666666667 0.5879629629629629
2 0.3567708333333333 0.325925925925926 0.3255208333333333 0.325925925925926 0.3255208333333333 0.38981481481481495 0.3567708333333333 0.38981481481481495
3 0.340625 0.38425925925925936 0.3229166666666667 0.38425925925925936 0.3229166666666667 0.4148148148148149 0.340625 0.4148148148148149
3 0.2989583333333333 0.42962962962962975 0.27447916666666666 0.42962962962962975 0.27447916666666666 0.4685185185185186 0.2989583333333333 0.4685185185185186
3 0.3109375 0.4092592592592594 0.28802083333333334 0.4092592592592594 0.28802083333333334 0.4425925925925927 0.3109375 0.4425925925925927
3 0.3223958333333333 0.3925925925925927 0.3026041666666667 0.3925925925925927 0.3026041666666667 0.42592592592592604 0.3223958333333333 0.42592592592592604
3 0.4880208333333334 0.8453703703703704 0.4421875 0.8453703703703703 0.44218750000000007 0.9601851851851851 0.48802083333333346 0.9601851851851851
3 0.5536458333333333 0.853703703703704 0.5046875 0.853703703703704 0.5046875000000001 0.9685185185185186 0.5536458333333333 0.9685185185185186
3 0.48072916666666665 0.7314814814814815 0.4421875 0.7314814814814815 0.4421875 0.8101851851851852 0.48072916666666665 0.8101851851851852
3 0.55 0.739814814814815 0.5088541666666667 0.739814814814815 0.5088541666666667 0.8231481481481484 0.55 0.8231481481481484
3 0.6083333333333333 0.7388888888888892 0.5609375 0.7388888888888892 0.5609375 0.8268518518518521 0.6083333333333333 0.8268518518518521
3 0.4791666666666667 0.6537037037037037 0.4453125 0.6537037037037037 0.4453125 0.7185185185185186 0.4791666666666667 0.7185185185185186
3 0.5270833333333333 0.6500000000000002 0.49322916666666666 0.6500000000000002 0.49322916666666666 0.7166666666666669 0.5270833333333333 0.7166666666666669
3 0.47760416666666666 0.5907407407407408 0.4473958333333333 0.5907407407407408 0.4473958333333333 0.6472222222222223 0.47760416666666666 0.6472222222222223
3 0.521875 0.5916666666666669 0.49114583333333334 0.5916666666666669 0.49114583333333334 0.6462962962962965 0.521875 0.6462962962962965
3 0.5114583333333333 0.5379629629629632 0.484375 0.5379629629629632 0.484375 0.5824074074074076 0.5114583333333333 0.5824074074074076
2 0.5776041666666667 0.48703703703703727 0.5239583333333333 0.48703703703703727 0.5239583333333333 0.6240740740740743 0.5776041666666667 0.6240740740740743
3 0.4739583333333333 0.5370370370370371 0.4473958333333333 0.5370370370370371 0.4473958333333333 0.5851851851851851 0.4739583333333333 0.5851851851851851
3 0.5109375 0.48796296296296315 0.4869791666666667 0.48796296296296315 0.4869791666666667 0.5324074074074077 0.5109375 0.5324074074074077
3 0.4734375 0.5037037037037037 0.4510416666666667 0.5037037037037037 0.4510416666666667 0.5388888888888889 0.4734375 0.5388888888888889
3 0.4703125 0.475 0.44947916666666665 0.475 0.44947916666666665 0.5111111111111111 0.4703125 0.5111111111111111
3 0.5020833333333333 0.45555555555555566 0.48125 0.45555555555555566 0.48125 0.49166666666666675 0.5020833333333333 0.49166666666666686
11 0.528125 0.4361111111111112 0.509375 0.4361111111111112 0.509375 0.4722222222222223 0.528125 0.4722222222222223
3 0.503125 0.42962962962962975 0.48333333333333334 0.42962962962962975 0.48333333333333334 0.4583333333333334 0.503125 0.4583333333333334
3 0.4713541666666667 0.44537037037037047 0.4510416666666667 0.44537037037037047 0.4510416666666667 0.48333333333333334 0.4713541666666667 0.48333333333333334
2 0.5328125 0.37407407407407417 0.5036458333333333 0.37407407407407417 0.5036458333333333 0.44444444444444453 0.5328125 0.44444444444444453
3 0.45677083333333335 0.3925925925925927 0.4390625 0.3925925925925927 0.4390625 0.4212962962962964 0.45677083333333335 0.4212962962962964
3 0.4973958333333333 0.40185185185185196 0.4796875 0.40185185185185196 0.4796875 0.43055555555555564 0.4973958333333333 0.43055555555555564
3 0.4734375 0.4287037037037038 0.4552083333333333 0.4287037037037038 0.4552083333333333 0.4583333333333334 0.4734375 0.4583333333333334
3 0.47291666666666665 0.4092592592592594 0.4557291666666667 0.4092592592592594 0.4557291666666667 0.43796296296296305 0.47291666666666665 0.43796296296296305
3 0.47604166666666664 0.39444444444444454 0.459375 0.39444444444444454 0.459375 0.42037037037037045 0.47604166666666664 0.42037037037037045
3 0.49270833333333336 0.37685185185185194 0.4765625 0.37685185185185194 0.4765625 0.4027777777777779 0.49270833333333336 0.4027777777777779
3 0.4666666666666667 0.37962962962962976 0.453125 0.37962962962962976 0.453125 0.40185185185185196 0.4666666666666667 0.40185185185185196
3 0.4473958333333333 0.3435185185185186 0.43385416666666665 0.3435185185185186 0.43385416666666665 0.363888888888889 0.4473958333333333 0.363888888888889
3 0.45260416666666664 0.3250000000000001 0.440625 0.3250000000000001 0.440625 0.3462962962962964 0.45260416666666664 0.3462962962962964
3 0.49322916666666666 0.3537037037037038 0.4786458333333333 0.3537037037037038 0.4786458333333333 0.38055555555555565 0.49322916666666666 0.38055555555555565
3 0.5135416666666667 0.36574074074074087 0.49895833333333334 0.36574074074074087 0.49895833333333334 0.38796296296296306 0.5135416666666667 0.38796296296296306
3 0.5401041666666667 0.3500000000000001 0.5213541666666667 0.3500000000000001 0.5213541666666667 0.36851851851851863 0.5401041666666667 0.36851851851851863
3 0.4713541666666667 0.36851851851851863 0.45729166666666665 0.36851851851851863 0.45729166666666665 0.3916666666666668 0.4713541666666667 0.3916666666666668
3 0.4703125 0.3537037037037038 0.45625 0.3537037037037038 0.45625 0.37685185185185194 0.4703125 0.37685185185185194
3 0.5114583333333333 0.3361111111111112 0.5 0.3361111111111112 0.5 0.35833333333333345 0.5114583333333333 0.35833333333333345
3 0.4895833333333333 0.3416666666666668 0.47604166666666664 0.3416666666666668 0.47604166666666664 0.36203703703703716 0.4895833333333333 0.36203703703703716
3 0.46875 0.3416666666666668 0.4557291666666667 0.3416666666666668 0.4557291666666667 0.36203703703703716 0.46875 0.36203703703703716
3 0.5 0.33055555555555566 0.4864583333333333 0.33055555555555566 0.4864583333333333 0.35092592592592603 0.5 0.35092592592592603
3 0.5098958333333333 0.32314814814814824 0.5 0.32314814814814824 0.5 0.34259259259259267 0.5098958333333333 0.34259259259259267
3 0.5010416666666667 0.31481481481481494 0.49166666666666664 0.31481481481481494 0.49166666666666664 0.3314814814814816 0.5010416666666667 0.3314814814814816
3 0.48541666666666666 0.32870370370370383 0.47291666666666665 0.32870370370370383 0.47291666666666665 0.34814814814814826 0.48541666666666666 0.34814814814814826
3 0.46770833333333334 0.33240740740740754 0.4557291666666667 0.33240740740740754 0.4557291666666667 0.35092592592592603 0.46770833333333334 0.35092592592592603
3 0.4703125 0.31851851851851865 0.459375 0.31851851851851865 0.459375 0.33425925925925937 0.4703125 0.33425925925925937
3 0.46979166666666666 0.3240740740740742 0.4583333333333333 0.3240740740740742 0.4583333333333333 0.3453703703703705 0.46979166666666666 0.3453703703703705
3 0.4859375 0.31851851851851865 0.47604166666666664 0.31851851851851865 0.47604166666666664 0.3361111111111112 0.4859375 0.3361111111111112
2 0.18072916666666672 0.5166666666666667 0.10156250000000003 0.5166666666666667 0.10156250000000003 0.5851851851851851 0.18072916666666672 0.5851851851851851
7 0.24427083333333338 0.48518518518518516 0.23750000000000007 0.48518518518518516 0.23750000000000007 0.5212962962962963 0.24427083333333338 0.5212962962962963
7 0.25260416666666674 0.4861111111111111 0.24427083333333338 0.4861111111111111 0.24427083333333338 0.5203703703703704 0.25260416666666674 0.5203703703703704
7 0.7828125 0.927777777777778 0.7682291666666666 0.927777777777778 0.7682291666666666 1 0.7828125 1
7 0.7229166666666667 0.8722222222222225 0.7010416666666667 0.8722222222222225 0.7010416666666667 0.9361111111111113 0.7229166666666667 0.9361111111111113
9 0.7302083333333333 0.8425925925925928 0.6911458333333333 0.8425925925925928 0.6911458333333333 0.9240740740740743 0.7302083333333333 0.9240740740740743
7 0.8234375 0.8750000000000002 0.8114583333333333 0.8750000000000002 0.8114583333333333 0.9425925925925928 0.8234375 0.9425925925925928
7 0.8135416666666667 0.752777777777778 0.7994791666666666 0.752777777777778 0.7994791666666666 0.8120370370370372 0.8135416666666667 0.8120370370370372
8 0.809375 0.8222222222222224 0.7880208333333333 0.8222222222222224 0.7880208333333333 0.8759259259259261 0.809375 0.8759259259259261
1 0.8067708333333333 0.8370370370370372 0.7854166666666667 0.8370370370370372 0.7854166666666667 0.8916666666666668 0.8067708333333333 0.8916666666666668
7 0.7901041666666667 0.7481481481481483 0.7796875 0.7481481481481483 0.7796875 0.8037037037037039 0.7901041666666667 0.8037037037037039
7 0.7984375 0.7500000000000002 0.7880208333333333 0.7500000000000002 0.7880208333333333 0.8055555555555558 0.7984375 0.8055555555555558
7 0.7666666666666667 0.652777777777778 0.7578125 0.652777777777778 0.7578125 0.7055555555555557 0.7666666666666667 0.7055555555555557
7 0.8125 0.6351851851851854 0.8036458333333333 0.6351851851851854 0.8036458333333333 0.6833333333333336 0.8125 0.6833333333333336
7 0.7895833333333333 0.6583333333333335 0.7776041666666667 0.6583333333333335 0.7776041666666667 0.7138888888888891 0.7895833333333333 0.7138888888888891
7 0.796875 0.6296296296296299 0.7864583333333334 0.6296296296296299 0.7864583333333334 0.6731481481481484 0.796875 0.6731481481481484
7 0.703125 0.6750000000000002 0.6911458333333333 0.6750000000000002 0.6911458333333333 0.7240740740740743 0.703125 0.7240740740740743
8 0.6713541666666667 0.5907407407407409 0.6614583333333334 0.5907407407407409 0.6614583333333334 0.6314814814814816 0.6713541666666667 0.6314814814814816
1 0.6713541666666667 0.6046296296296299 0.6614583333333334 0.6046296296296299 0.6614583333333334 0.6379629629629632 0.6713541666666667 0.6379629629629632
7 0.6333333333333333 0.5101851851851854 0.6244791666666667 0.5101851851851854 0.6244791666666667 0.5490740740740743 0.6333333333333333 0.5490740740740743
7 0.6994791666666667 0.5148148148148151 0.690625 0.5148148148148151 0.690625 0.5490740740740743 0.6994791666666667 0.5490740740740743
7 0.7739583333333333 0.5009259259259261 0.7661458333333333 0.5009259259259261 0.7661458333333333 0.5370370370370372 0.7739583333333333 0.5370370370370372
7 0.7614583333333333 0.502777777777778 0.7536458333333333 0.502777777777778 0.7536458333333333 0.5379629629629632 0.7614583333333333 0.5379629629629632
7 0.759375 0.49166666666666686 0.7494791666666667 0.49166666666666686 0.7494791666666667 0.527777777777778 0.759375 0.527777777777778
3 0.6359375 0.36666666666666675 0.6145833333333334 0.36666666666666675 0.6145833333333334 0.4000000000000001 0.6359375 0.4000000000000001
3 0.628125 0.35185185185185197 0.6109375 0.35185185185185197 0.6109375 0.38055555555555565 0.628125 0.38055555555555565
3 0.6479166666666667 0.3555555555555557 0.6307291666666667 0.3555555555555557 0.6307291666666667 0.37962962962962976 0.6479166666666667 0.37962962962962976
7 0.9057291666666667 0.8083333333333336 0.8885416666666667 0.8083333333333336 0.8885416666666667 0.8712962962962965 0.9057291666666667 0.8712962962962965
1 0.6776041666666667 0.7379629629629632 0.6463541666666667 0.7379629629629632 0.6463541666666667 0.7740740740740742 0.6776041666666667 0.7740740740740742
5 0.671875 0.690740740740741 0.6411458333333333 0.690740740740741 0.6411458333333333 0.728703703703704 0.671875 0.728703703703704
1 0.675 0.7240740740740743 0.6463541666666667 0.7240740740740743 0.6463541666666667 0.7592592592592595 0.675 0.7592592592592595
1 0.6703125 0.7120370370370372 0.6463541666666667 0.7120370370370372 0.6463541666666667 0.7416666666666669 0.6703125 0.7416666666666669
1 0.6479166666666667 0.6435185185185187 0.6255208333333333 0.6435185185185187 0.6255208333333333 0.6787037037037039 0.6479166666666667 0.6787037037037039
7 0.625 0.47592592592592614 0.6177083333333333 0.47592592592592614 0.6177083333333333 0.5074074074074076 0.625 0.5074074074074076
7 0.6302083333333334 0.4787037037037039 0.6239583333333333 0.4787037037037039 0.6239583333333333 0.5083333333333335 0.6302083333333334 0.5083333333333335
7 0.6583333333333333 0.46759259259259267 0.6520833333333333 0.46759259259259267 0.6520833333333333 0.49814814814814834 0.6583333333333333 0.49814814814814834
7 0.6640625 0.46759259259259267 0.6583333333333333 0.46759259259259267 0.6583333333333333 0.49814814814814834 0.6640625 0.49814814814814834
3 0.11614583333333338 0.6138888888888889 0.02604166666666671 0.6138888888888889 0.02604166666666671 0.6685185185185185 0.11614583333333339 0.6685185185185185
2 0.09843750000000004 0.6268518518518519 0.015625000000000045 0.6268518518518519 0.015625000000000045 0.700925925925926 0.09843750000000005 0.700925925925926
1 0.1473958333333334 0.6277777777777778 0.1197916666666667 0.6277777777777778 0.11979166666666671 0.6601851851851852 0.1473958333333334 0.6601851851851852
8 0.6333333333333333 0.4583333333333334 0.6276041666666666 0.4583333333333334 0.6276041666666666 0.47962962962962985 0.6333333333333333 0.47962962962962985
1 0.6322916666666667 0.46759259259259267 0.6276041666666666 0.46759259259259267 0.6276041666666666 0.48703703703703727 0.6322916666666667 0.48703703703703727
7 0.5921875 0.426851851851852 0.5848958333333333 0.426851851851852 0.5848958333333333 0.45555555555555566 0.5921875 0.45555555555555566
7 0.6380208333333334 0.42037037037037045 0.6317708333333333 0.42037037037037045 0.6317708333333333 0.44814814814814824 0.6380208333333334 0.44814814814814824
7 0.6447916666666667 0.4212962962962964 0.6395833333333333 0.4212962962962964 0.6395833333333333 0.44814814814814824 0.6447916666666667 0.44814814814814824
7 0.6494791666666667 0.42222222222222233 0.6442708333333333 0.42222222222222233 0.6442708333333333 0.44814814814814824 0.6494791666666667 0.44814814814814824
7 0.6546875 0.4231481481481483 0.6489583333333333 0.4231481481481483 0.6489583333333333 0.45185185185185195 0.6546875 0.45185185185185195
0 0.6098958333333333 0.400925925925926 0.6020833333333333 0.400925925925926 0.6020833333333333 0.426851851851852 0.6098958333333333 0.426851851851852
7 0.6364583333333333 0.3990740740740742 0.6307291666666667 0.3990740740740742 0.6307291666666667 0.4231481481481483 0.6364583333333333 0.4231481481481483
7 0.6416666666666667 0.4000000000000001 0.6369791666666667 0.4000000000000001 0.6369791666666667 0.42407407407407416 0.6416666666666667 0.42407407407407416
7 0.6463541666666667 0.36851851851851863 0.6411458333333333 0.36851851851851863 0.6411458333333333 0.38981481481481495 0.6463541666666667 0.38981481481481495
7 0.584375 0.3277777777777779 0.58125 0.3277777777777779 0.58125 0.3462962962962964 0.584375 0.3462962962962964
7 0.59375 0.34814814814814826 0.5885416666666666 0.34814814814814826 0.5885416666666666 0.3694444444444446 0.59375 0.3694444444444446
7 0.5989583333333334 0.3490740740740742 0.5953125 0.3490740740740742 0.5953125 0.37037037037037046 0.5989583333333334 0.37037037037037046
7 0.6098958333333333 0.36203703703703716 0.6057291666666667 0.36203703703703716 0.6057291666666667 0.3833333333333334 0.6098958333333333 0.3833333333333334
7 0.6109375 0.3500000000000001 0.6067708333333334 0.3500000000000001 0.6067708333333334 0.3675925925925927 0.6109375 0.3675925925925927
7 0.6026041666666667 0.35092592592592603 0.5994791666666667 0.35092592592592603 0.5994791666666667 0.3694444444444446 0.6026041666666667 0.3694444444444446
7 0.6057291666666667 0.34814814814814826 0.6020833333333333 0.34814814814814826 0.6020833333333333 0.3694444444444446 0.6057291666666667 0.3694444444444446
8 0.6203125 0.4166666666666668 0.6145833333333334 0.4166666666666668 0.6145833333333334 0.43333333333333346 0.6203125 0.43333333333333346
5 0.6197916666666666 0.42592592592592604 0.6140625 0.42592592592592604 0.6140625 0.44166666666666676 0.6197916666666666 0.44166666666666676
7 0.5921875 0.41018518518518526 0.5859375 0.41018518518518526 0.5859375 0.43055555555555564 0.5921875 0.43055555555555564
7 0.5739583333333333 0.37962962962962976 0.56875 0.37962962962962976 0.56875 0.40185185185185196 0.5739583333333333 0.40185185185185196
7 0.5833333333333334 0.400925925925926 0.5786458333333333 0.400925925925926 0.5786458333333333 0.42592592592592604 0.5833333333333334 0.42592592592592604
7 0.5807291666666666 0.40185185185185196 0.575 0.40185185185185196 0.575 0.426851851851852 0.5807291666666666 0.426851851851852
7 0.5713541666666667 0.40185185185185196 0.5666666666666667 0.40185185185185196 0.5666666666666667 0.4231481481481483 0.5713541666666667 0.4231481481481483
7 0.5666666666666667 0.40185185185185196 0.5630208333333333 0.40185185185185196 0.5630208333333333 0.4231481481481483 0.5666666666666667 0.4231481481481483