3 0.5755208333333334 0.7759259259259261 0.49895833333333334 0.7759259259259261 0.4989583333333334 0.95 0.5755208333333334 0.95
7 0.05364583333333339 0.8648148148148148 0.03125000000000006 0.8648148148148148 0.03125000000000006 0.9611111111111111 0.05364583333333339 0.9611111111111111
5 0.019791666666666725 0.8361111111111111 5.759666977239896e-17 0.8361111111111111 5.982909883334465e-17 0.9009259259259259 0.019791666666666725 0.9009259259259259
1 0.18072916666666672 0.9333333333333333 0.12500000000000006 0.9333333333333333 0.12500000000000006 0.9944444444444445 0.18072916666666672 0.9944444444444445
3 0.2510416666666667 0.9111111111111111 0.18750000000000006 0.9111111111111111 0.18750000000000006 1 0.2510416666666667 1
11 0.27604166666666674 0.7537037037037037 0.21093750000000006 0.7537037037037037 0.21093750000000006 0.912962962962963 0.2760416666666668 0.912962962962963
4 0.19531250000000006 0.8009259259259259 0.14375000000000007 0.8009259259259259 0.14375000000000007 0.9092592592592592 0.19531250000000006 0.9092592592592592
4 0.20885416666666673 0.6731481481481482 0.1786458333333334 0.6731481481481482 0.1786458333333334 0.7694444444444445 0.20885416666666673 0.7694444444444445
4 0.2255208333333334 0.6657407407407407 0.19947916666666674 0.6657407407407407 0.19947916666666674 0.7490740740740741 0.2255208333333334 0.7490740740740741
7 0.15937500000000007 0.7194444444444444 0.14270833333333338 0.7194444444444444 0.14270833333333338 0.7907407407407407 0.15937500000000007 0.7907407407407407
1 0.1770833333333334 0.737037037037037 0.1333333333333334 0.737037037037037 0.1333333333333334 0.7953703703703704 0.1770833333333334 0.7953703703703704
7 0.15729166666666672 0.6759259259259259 0.1395833333333334 0.6759259259259259 0.1395833333333334 0.737037037037037 0.15729166666666672 0.737037037037037
1 0.1677083333333334 0.6944444444444444 0.12916666666666674 0.6944444444444444 0.12916666666666674 0.7435185185185185 0.1677083333333334 0.7435185185185185
1 0.23437500000000006 0.6185185185185185 0.20156250000000006 0.6185185185185185 0.20156250000000006 0.6648148148148149 0.23437500000000006 0.6648148148148149
3 0.29270833333333335 0.6333333333333333 0.2411458333333334 0.6333333333333333 0.2411458333333334 0.7574074074074074 0.29270833333333335 0.7574074074074074
8 0.32708333333333334 0.6601851851851852 0.31302083333333336 0.6601851851851852 0.31302083333333336 0.7083333333333334 0.32708333333333334 0.7083333333333334
8 0.325 0.6537037037037037 0.31666666666666665 0.6537037037037037 0.31666666666666665 0.6851851851851852 0.325 0.6851851851851852
5 0.32916666666666666 0.6666666666666666 0.3109375 0.6666666666666666 0.3109375 0.7240740740740741 0.32916666666666666 0.7240740740740741
7 0.0869791666666667 0.5907407407407408 0.06875000000000003 0.5907407407407408 0.06875000000000005 0.6537037037037037 0.08697916666666673 0.6537037037037037
7 0.10833333333333338 0.5925925925925926 0.0854166666666667 0.5925925925925926 0.08541666666666671 0.6537037037037037 0.10833333333333339 0.6537037037037037
7 0.12395833333333336 0.575925925925926 0.1072916666666667 0.575925925925926 0.1072916666666667 0.6388888888888888 0.12395833333333336 0.6388888888888888
8 0.19687500000000005 0.5935185185185186 0.18125000000000005 0.5935185185185186 0.18125000000000005 0.6425925925925926 0.19687500000000005 0.6425925925925926
5 0.1989583333333334 0.6046296296296296 0.18125000000000005 0.6046296296296296 0.18125000000000005 0.6564814814814814 0.1989583333333334 0.6564814814814814
1 0.05520833333333338 0.5435185185185185 0.03854166666666671 0.5435185185185185 0.03854166666666671 0.5861111111111111 0.05520833333333338 0.5861111111111111
5 0.09375000000000003 0.5296296296296297 0.06354166666666669 0.5296296296296297 0.0635416666666667 0.5648148148148148 0.09375000000000003 0.5648148148148148
1 0.1010416666666667 0.5324074074074074 0.0666666666666667 0.5324074074074074 0.0666666666666667 0.5703703703703704 0.1010416666666667 0.5703703703703704
8 0.05833333333333337 0.5 0.04218750000000003 0.5 0.04218750000000004 0.5518518518518518 0.058333333333333376 0.5518518518518518
1 0.07083333333333336 0.5138888888888888 0.03645833333333336 0.5138888888888888 0.03645833333333337 0.5509259259259259 0.07083333333333336 0.5509259259259259
7 0.13125000000000003 0.5351851851851852 0.1135416666666667 0.5351851851851852 0.1135416666666667 0.5925925925925926 0.13125000000000003 0.5925925925925926
7 0.14843750000000006 0.55 0.1364583333333334 0.55 0.1364583333333334 0.6101851851851852 0.14843750000000006 0.6101851851851852
3 0.053125000000000026 0.45925925925925926 3.163670897797329e-17 0.45925925925925926 3.367778697655222e-17 0.5185185185185185 0.053125000000000026 0.5185185185185185
7 0.12864583333333338 0.5018518518518519 0.11458333333333336 0.5018518518518519 0.11458333333333336 0.5527777777777778 0.12864583333333338 0.5527777777777778
7 0.1708333333333334 0.5425925925925926 0.1614583333333334 0.5425925925925926 0.1614583333333334 0.5962962962962963 0.1708333333333334 0.5962962962962963
7 0.1880208333333334 0.5268518518518519 0.17760416666666673 0.5268518518518519 0.17760416666666673 0.5879629629629629 0.1880208333333334 0.5879629629629629
7 0.1442708333333334 0.5074074074074074 0.12968750000000004 0.5074074074074074 0.12968750000000004 0.562962962962963 0.1442708333333334 0.562962962962963
7 0.11562500000000003 0.44722222222222224 0.10208333333333336 0.44722222222222224 0.10208333333333336 0.4935185185185185 0.11562500000000003 0.4935185185185185
3 0.044791666666666695 0.3731481481481482 2.57048260446033e-17 0.3731481481481482 2.7490769293359855e-17 0.425 0.044791666666666695 0.425
8 0.1333333333333334 0.48518518518518516 0.11822916666666669 0.48518518518518516 0.11822916666666669 0.5314814814814814 0.1333333333333334 0.5314814814814814
1 0.14062500000000006 0.5 0.11406250000000002 0.5 0.11406250000000002 0.5407407407407407 0.14062500000000006 0.5407407407407407
8 0.15416666666666673 0.4537037037037037 0.1432291666666667 0.4537037037037037 0.1432291666666667 0.49722222222222223 0.15416666666666673 0.49722222222222223
1 0.1645833333333334 0.475 0.13697916666666674 0.475 0.13697916666666674 0.5074074074074074 0.1645833333333334 0.5074074074074074
7 0.15572916666666672 0.4444444444444444 0.14531250000000007 0.4444444444444444 0.14531250000000007 0.48333333333333334 0.15572916666666672 0.48333333333333334
7 0.1822916666666667 0.4462962962962963 0.17135416666666672 0.4462962962962963 0.17135416666666672 0.49166666666666664 0.1822916666666667 0.49166666666666664
7 0.16406250000000006 0.5333333333333333 0.15468750000000006 0.5333333333333333 0.15468750000000006 0.587037037037037 0.16406250000000006 0.587037037037037
7 0.16510416666666672 0.5185185185185185 0.1567708333333334 0.5185185185185185 0.1567708333333334 0.5675925925925925 0.16510416666666672 0.5675925925925925
8 0.1927083333333334 0.48055555555555557 0.17760416666666673 0.48055555555555557 0.17760416666666673 0.524074074074074 0.1927083333333334 0.524074074074074
1 0.2005208333333334 0.4962962962962963 0.17291666666666672 0.4962962962962963 0.17291666666666672 0.5287037037037037 0.2005208333333334 0.5287037037037037
7 0.2145833333333334 0.5092592592592593 0.20416666666666672 0.5092592592592593 0.20416666666666672 0.5611111111111111 0.2145833333333334 0.5611111111111111
7 0.22604166666666672 0.49537037037037035 0.2135416666666667 0.49537037037037035 0.2135416666666667 0.5444444444444444 0.22604166666666672 0.5444444444444444
7 0.2380208333333334 0.5092592592592593 0.2270833333333334 0.5092592592592593 0.2270833333333334 0.562037037037037 0.2380208333333334 0.562037037037037
7 0.2489583333333334 0.5157407407407407 0.23541666666666672 0.5157407407407407 0.23541666666666672 0.5666666666666667 0.2489583333333334 0.5666666666666667
7 0.27239583333333334 0.5055555555555555 0.2583333333333334 0.5055555555555555 0.2583333333333334 0.5592592592592592 0.27239583333333334 0.5592592592592592
7 0.29635416666666664 0.5148148148148148 0.2864583333333333 0.5148148148148148 0.2864583333333333 0.5638888888888889 0.29635416666666664 0.5638888888888889
7 0.30104166666666665 0.5203703703703704 0.2875 0.5203703703703704 0.2875 0.5712962962962963 0.30104166666666665 0.5712962962962963
3 0.06093750000000002 0.3148148148148148 0.0036458333333333546 0.3148148148148148 0.003645833333333356 0.35555555555555557 0.060937500000000026 0.35555555555555557
11 0.034375000000000024 0.3037037037037037 2.092104948543395e-17 0.3037037037037037 2.2292398765729166e-17 0.3435185185185185 0.03437500000000003 0.3435185185185185
3 0.2010416666666667 0.41574074074074074 0.12708333333333335 0.41574074074074074 0.12708333333333335 0.46944444444444444 0.20104166666666673 0.46944444444444444
8 0.19843750000000007 0.43703703703703706 0.18906250000000005 0.43703703703703706 0.18906250000000005 0.4777777777777778 0.19843750000000007 0.4777777777777778
8 0.20156250000000006 0.4425925925925926 0.1942708333333334 0.4425925925925926 0.1942708333333334 0.4787037037037037 0.20156250000000006 0.4787037037037037
5 0.20260416666666672 0.44907407407407407 0.1880208333333334 0.44907407407407407 0.1880208333333334 0.47962962962962963 0.20260416666666672 0.47962962962962963
7 0.21041666666666672 0.46296296296296297 0.20104166666666673 0.46296296296296297 0.20104166666666673 0.5064814814814815 0.21041666666666672 0.5064814814814815
7 0.2151041666666667 0.42592592592592593 0.20364583333333333 0.42592592592592593 0.20364583333333336 0.4759259259259259 0.21510416666666674 0.4759259259259259
7 0.22291666666666674 0.4324074074074074 0.21406250000000007 0.4324074074074074 0.21406250000000007 0.4759259259259259 0.22291666666666674 0.4759259259259259
7 0.2255208333333334 0.43703703703703706 0.21822916666666672 0.43703703703703706 0.21822916666666672 0.48148148148148145 0.2255208333333334 0.48148148148148145
7 0.23281250000000006 0.4388888888888889 0.2239583333333334 0.4388888888888889 0.2239583333333334 0.48333333333333334 0.23281250000000006 0.48333333333333334
7 0.23750000000000002 0.42592592592592593 0.2265625 0.42592592592592593 0.22656250000000003 0.4675925925925926 0.23750000000000007 0.4675925925925926
8 0.2526041666666667 0.42870370370370375 0.24114583333333334 0.4287037037037037 0.24114583333333336 0.4731481481481482 0.25260416666666674 0.47314814814814826
1 0.2520833333333334 0.4398148148148149 0.2411458333333334 0.4398148148148148 0.2411458333333334 0.475 0.2520833333333334 0.475
7 0.18072916666666666 0.37037037037037035 0.17291666666666666 0.37037037037037035 0.17291666666666666 0.4111111111111111 0.18072916666666666 0.4111111111111111
7 0.26302083333333337 0.4824074074074074 0.25468750000000007 0.4824074074074074 0.25468750000000007 0.525 0.26302083333333337 0.525
3 0.32135416666666666 0.3935185185185186 0.25364583333333335 0.3935185185185186 0.25364583333333335 0.44166666666666676 0.32135416666666666 0.44166666666666676
8 0.2598958333333333 0.36666666666666675 0.24895833333333334 0.36666666666666675 0.24895833333333334 0.39444444444444454 0.2598958333333333 0.39444444444444454
5 0.2625 0.37314814814814823 0.24791666666666667 0.37314814814814823 0.24791666666666667 0.4027777777777779 0.2625 0.4027777777777779
8 0.33645833333333336 0.4324074074074075 0.32395833333333335 0.4324074074074075 0.32395833333333335 0.46944444444444455 0.33645833333333336 0.46944444444444455
1 0.34270833333333334 0.44351851851851865 0.31979166666666664 0.44351851851851865 0.31979166666666664 0.4777777777777778 0.34270833333333334 0.4777777777777778
7 0.33489583333333334 0.4129629629629631 0.32864583333333336 0.4129629629629631 0.32864583333333336 0.4527777777777779 0.33489583333333334 0.4527777777777779
8 0.23177083333333334 0.37037037037037035 0.22083333333333333 0.37037037037037035 0.22083333333333333 0.3962962962962963 0.23177083333333334 0.3962962962962963
8 0.23177083333333334 0.36203703703703705 0.22291666666666668 0.36203703703703705 0.22291666666666668 0.3925925925925926 0.23177083333333334 0.3925925925925926
5 0.234375 0.3712962962962963 0.221875 0.3712962962962963 0.221875 0.4009259259259259 0.234375 0.4009259259259259
11 0.17864583333333334 0.3388888888888889 0.12760416666666669 0.3388888888888889 0.12760416666666669 0.3814814814814815 0.17864583333333334 0.3814814814814815
8 0.1765625 0.3175925925925926 0.16770833333333332 0.3175925925925926 0.16770833333333332 0.3435185185185185 0.1765625 0.3435185185185185
5 0.18229166666666666 0.32685185185185184 0.16197916666666667 0.32685185185185184 0.16197916666666667 0.3509259259259259 0.18229166666666666 0.3509259259259259
3 0.19583333333333333 0.30092592592592593 0.13958333333333334 0.30092592592592593 0.13958333333333334 0.3388888888888889 0.19583333333333333 0.3388888888888889
3 0.18125 0.2861111111111111 0.13385416666666666 0.2861111111111111 0.13385416666666666 0.32222222222222224 0.18125 0.32222222222222224
3 0.1515625 0.275 0.1010416666666667 0.275 0.1010416666666667 0.30925925925925923 0.1515625 0.30925925925925923
7 0.04375000000000002 0.28425925925925927 0.03697916666666668 0.28425925925925927 0.03697916666666668 0.32037037037037036 0.04375000000000002 0.32037037037037036
7 0.047395833333333345 0.2833333333333333 0.04166666666666668 0.2833333333333333 0.04166666666666668 0.31574074074074077 0.047395833333333345 0.31574074074074077
7 0.05833333333333335 0.28703703703703703 0.05156250000000002 0.28703703703703703 0.05156250000000002 0.32222222222222224 0.05833333333333335 0.32222222222222224
7 0.06510416666666669 0.2851851851851852 0.05937500000000002 0.2851851851851852 0.05937500000000002 0.31666666666666665 0.06510416666666669 0.31666666666666665
7 0.07343750000000003 0.2796296296296296 0.0666666666666667 0.2796296296296296 0.0666666666666667 0.3101851851851852 0.07343750000000003 0.3101851851851852
7 0.07916666666666669 0.27314814814814814 0.07239583333333337 0.27314814814814814 0.07239583333333337 0.30648148148148147 0.07916666666666669 0.30648148148148147
7 0.0744791666666667 0.27037037037037037 0.06927083333333336 0.27037037037037037 0.06927083333333336 0.3 0.0744791666666667 0.3
7 0.05937500000000002 0.2740740740740741 0.05364583333333335 0.2740740740740741 0.05364583333333335 0.3037037037037037 0.05937500000000002 0.3037037037037037
1 0.09739583333333336 0.26666666666666666 0.08125000000000003 0.26666666666666666 0.08125000000000003 0.28425925925925927 0.09739583333333336 0.28425925925925927
1 0.11302083333333336 0.2601851851851852 0.10052083333333336 0.2601851851851852 0.10052083333333336 0.2833333333333333 0.11302083333333336 0.2833333333333333
8 0.019270833333333355 0.27870370370370373 0.011979166666666685 0.27870370370370373 0.011979166666666687 0.3 0.019270833333333355 0.3
8 0.03125000000000002 0.2759259259259259 0.02291666666666669 0.2759259259259259 0.02291666666666669 0.29907407407407405 0.03125000000000002 0.29907407407407405
1 0.024479166666666687 0.28703703703703703 0.008333333333333352 0.28703703703703703 0.008333333333333354 0.30833333333333335 0.024479166666666687 0.30833333333333335
1 0.03593750000000002 0.28703703703703703 0.01822916666666669 0.28703703703703703 0.01822916666666669 0.3074074074074074 0.03593750000000002 0.3074074074074074
7 0.03645833333333335 0.262037037037037 0.028125000000000015 0.262037037037037 0.028125000000000018 0.2851851851851852 0.03645833333333335 0.2851851851851852
7 0.04270833333333335 0.26296296296296295 0.03697916666666668 0.26296296296296295 0.03697916666666668 0.29074074074074074 0.04270833333333335 0.29074074074074074
7 0.04218750000000002 0.25833333333333336 0.03697916666666668 0.25833333333333336 0.03697916666666668 0.2861111111111111 0.04218750000000002 0.2861111111111111
7 0.04895833333333335 0.25277777777777777 0.04270833333333335 0.25277777777777777 0.04270833333333335 0.28055555555555556 0.04895833333333335 0.28055555555555556
7 0.05989583333333335 0.24074074074074073 0.05312500000000001 0.24074074074074073 0.05312500000000001 0.27037037037037037 0.05989583333333335 0.27037037037037037
7 0.06510416666666669 0.23981481481481481 0.05885416666666668 0.23981481481481481 0.05885416666666668 0.26666666666666666 0.06510416666666669 0.26666666666666666
7 0.07552083333333336 0.2361111111111111 0.06927083333333336 0.2361111111111111 0.06927083333333336 0.26481481481481484 0.07552083333333336 0.26481481481481484
7 0.05312500000000001 0.2361111111111111 0.04947916666666668 0.2361111111111111 0.04947916666666668 0.26666666666666666 0.05312500000000001 0.26666666666666666
7 0.039062500000000014 0.22314814814814815 0.03333333333333335 0.22314814814814815 0.03333333333333335 0.24814814814814815 0.039062500000000014 0.24814814814814815
7 0.10937500000000001 0.2074074074074074 0.103125 0.2074074074074074 0.10312500000000001 0.22685185185185186 0.10937500000000003 0.22685185185185186
11 0.11041666666666669 0.23981481481481481 0.08281250000000002 0.23981481481481481 0.08281250000000002 0.2759259259259259 0.11041666666666669 0.2759259259259259
11 0.13385416666666666 0.23611111111111113 0.10625000000000002 0.2361111111111111 0.10625000000000002 0.26851851851851855 0.13385416666666666 0.26851851851851855
11 0.15520833333333334 0.23611111111111116 0.13177083333333336 0.23611111111111116 0.13177083333333336 0.26481481481481484 0.15520833333333334 0.26481481481481484
11 0.1765625 0.23148148148148154 0.15520833333333334 0.23148148148148154 0.15520833333333334 0.2611111111111111 0.1765625 0.2611111111111111
3 0.19947916666666668 0.2305555555555556 0.17447916666666666 0.2305555555555556 0.17447916666666666 0.2537037037037037 0.19947916666666668 0.2537037037037037
3 0.2296875 0.22592592592592597 0.2 0.22592592592592597 0.2 0.2518518518518518 0.2296875 0.2518518518518518
3 0.24739583333333334 0.2203703703703704 0.225 0.2203703703703704 0.225 0.24351851851851858 0.24739583333333334 0.24351851851851863
11 0.284375 0.2083333333333334 0.25 0.2083333333333334 0.25 0.2305555555555556 0.284375 0.2305555555555556
2 0.31875 0.2194444444444445 0.21666666666666667 0.2194444444444445 0.21666666666666667 0.29351851851851857 0.31875 0.2935185185185186
8 0.29739583333333336 0.2740740740740742 0.29010416666666666 0.2740740740740742 0.29010416666666666 0.2981481481481483 0.29739583333333336 0.2981481481481483
1 0.29791666666666666 0.2824074074074075 0.290625 0.2824074074074075 0.290625 0.3037037037037038 0.29791666666666666 0.3037037037037038
3 0.7177083333333333 0.8416666666666669 0.6291666666666667 0.8416666666666669 0.6291666666666667 0.9953703703703703 0.7177083333333333 0.9953703703703703
3 0.7755208333333333 0.7851851851851854 0.6869791666666667 0.7851851851851854 0.6869791666666667 0.9240740740740743 0.7755208333333333 0.9240740740740743
3 0.6494791666666667 0.6962962962962965 0.5802083333333333 0.6962962962962965 0.5802083333333333 0.8074074074074076 0.6494791666666667 0.8074074074074076
3 0.6989583333333333 0.651851851851852 0.6265625 0.651851851851852 0.6265625 0.7601851851851854 0.6989583333333333 0.7601851851851854
11 0.8442708333333333 0.7425925925925928 0.7411458333333333 0.7425925925925928 0.7411458333333333 0.8962962962962965 0.8442708333333333 0.8962962962962965
8 0.8947916666666667 0.8212962962962965 0.86875 0.8212962962962965 0.86875 0.8796296296296299 0.8947916666666667 0.8796296296296299
5 0.9088541666666666 0.8268518518518521 0.8598958333333333 0.8268518518518521 0.8598958333333333 0.9046296296296299 0.9088541666666666 0.9046296296296299
8 0.8791666666666667 0.6972222222222224 0.859375 0.6972222222222224 0.859375 0.7620370370370373 0.8791666666666667 0.7620370370370373
1 0.8796875 0.7185185185185188 0.8572916666666667 0.7185185185185188 0.8572916666666667 0.7796296296296299 0.8796875 0.7796296296296299
8 0.8348958333333333 0.6435185185185187 0.8192708333333333 0.6435185185185187 0.8192708333333333 0.6888888888888891 0.8348958333333333 0.6888888888888891
1 0.8302083333333333 0.6574074074074077 0.81875 0.6574074074074077 0.81875 0.7092592592592595 0.8302083333333333 0.7092592592592595
1 1 0.7731481481481484 0.9796875 0.7731481481481484 0.9796875 0.8333333333333336 1 0.8333333333333336
1 0.99375 0.7648148148148151 0.9625 0.7648148148148151 0.9625 0.8231481481481484 0.99375 0.8231481481481484
1 0.9822916666666667 0.7490740740740743 0.95 0.7490740740740743 0.95 0.8074074074074076 0.9822916666666667 0.8074074074074076
1 0.9765625 0.7361111111111113 0.9432291666666667 0.7361111111111113 0.9432291666666667 0.7990740740740743 0.9765625 0.7990740740740743
1 0.9666666666666667 0.7268518518518521 0.9458333333333333 0.7268518518518521 0.9458333333333333 0.7824074074074077 0.9666666666666667 0.7824074074074077
1 0.9536458333333333 0.7259259259259261 0.9348958333333334 0.7259259259259261 0.9348958333333334 0.7796296296296299 0.9536458333333333 0.7796296296296299
1 0.9489583333333333 0.7157407407407409 0.921875 0.7157407407407409 0.921875 0.7750000000000002 0.9489583333333333 0.7750000000000002
1 0.9453125 0.7166666666666669 0.9182291666666667 0.7166666666666669 0.9182291666666667 0.7620370370370373 0.9453125 0.7620370370370373
1 0.9286458333333333 0.7185185185185188 0.8989583333333333 0.7185185185185188 0.8989583333333333 0.7666666666666668 0.9286458333333333 0.7666666666666668
1 0.9296875 0.7009259259259262 0.9015625 0.7009259259259262 0.9015625 0.7472222222222225 0.9296875 0.7472222222222225
1 0.9348958333333334 0.6833333333333336 0.9057291666666667 0.6833333333333336 0.9057291666666667 0.7361111111111113 0.9348958333333334 0.7361111111111113
1 0.9182291666666667 0.6805555555555558 0.9 0.6805555555555558 0.9 0.7296296296296299 0.9182291666666667 0.7296296296296299
1 0.9088541666666666 0.6814814814814817 0.8859375 0.6814814814814817 0.8859375 0.728703703703704 0.9088541666666666 0.728703703703704
1 0.9161458333333333 0.6648148148148151 0.8942708333333333 0.6648148148148151 0.8942708333333333 0.7120370370370372 0.9161458333333333 0.7120370370370372
1 0.9010416666666666 0.6509259259259261 0.8729166666666667 0.6509259259259261 0.8729166666666667 0.6925925925925928 0.9010416666666666 0.6925925925925928
5 0.8885416666666667 0.6240740740740743 0.8552083333333333 0.6240740740740743 0.8552083333333333 0.6731481481481484 0.8885416666666667 0.6731481481481484
5 0.8682291666666667 0.6083333333333335 0.846875 0.6083333333333335 0.846875 0.6574074074074077 0.8682291666666667 0.6574074074074077
1 0.8541666666666666 0.6018518518518521 0.8333333333333334 0.6018518518518521 0.8333333333333334 0.6407407407407409 0.8541666666666666 0.6407407407407409
1 0.8494791666666667 0.5935185185185188 0.8260416666666667 0.5935185185185188 0.8260416666666667 0.6314814814814816 0.8494791666666667 0.6314814814814816
7 0.8598958333333333 0.5666666666666669 0.8494791666666667 0.5666666666666669 0.8494791666666667 0.6250000000000002 0.8598958333333333 0.6250000000000002
7 0.8755208333333333 0.5101851851851854 0.8645833333333334 0.5101851851851854 0.8645833333333334 0.5629629629629632 0.8755208333333333 0.5629629629629632
7 1 0.5324074074074077 0.9885416666666667 0.5324074074074077 0.9885416666666667 0.5861111111111114 1 0.5861111111111114
7 0.9354166666666667 0.43425925925925946 0.9244791666666666 0.43425925925925946 0.9244791666666666 0.48333333333333356 0.9354166666666667 0.48333333333333356
7 0.9651041666666667 0.43333333333333357 0.95 0.43333333333333357 0.95 0.47962962962962985 0.9651041666666667 0.47962962962962985
4 0.81875 0.5120370370370373 0.7703125 0.5120370370370373 0.7703125 0.5842592592592595 0.81875 0.5842592592592595
4 0.7625 0.45833333333333354 0.7390625 0.45833333333333354 0.7390625 0.5185185185185187 0.7625 0.5185185185185187
4 0.7755208333333333 0.48981481481481504 0.7609375 0.48981481481481504 0.7609375 0.5287037037037039 0.7755208333333333 0.5287037037037039
8 0.7791666666666667 0.4574074074074076 0.7671875 0.4574074074074076 0.7671875 0.49537037037037057 0.7791666666666667 0.49537037037037057
5 0.7791666666666667 0.47222222222222243 0.7661458333333333 0.47222222222222243 0.7661458333333333 0.5064814814814816 0.7791666666666667 0.5064814814814816
3 0.5953125 0.5824074074074076 0.5432291666666667 0.5824074074074076 0.5432291666666667 0.6629629629629632 0.5953125 0.6629629629629632
3 0.6421875 0.552777777777778 0.5880208333333333 0.552777777777778 0.5880208333333333 0.6250000000000002 0.6421875 0.6250000000000002
3 0.6989583333333333 0.5481481481481484 0.6416666666666667 0.5481481481481484 0.6416666666666667 0.6222222222222225 0.6989583333333333 0.6222222222222225
3 0.5661458333333333 0.5018518518518521 0.5197916666666667 0.5018518518518521 0.5197916666666667 0.5666666666666669 0.5661458333333333 0.5666666666666669
3 0.5994791666666667 0.47777777777777797 0.55625 0.47777777777777797 0.55625 0.5361111111111113 0.5994791666666667 0.5361111111111113
3 0.621875 0.43425925925925934 0.5776041666666667 0.43425925925925934 0.5776041666666667 0.48703703703703727 0.621875 0.48703703703703727
8 0.7364583333333333 0.5055555555555558 0.7234375 0.5055555555555558 0.7234375 0.5500000000000002 0.7364583333333333 0.5500000000000002
1 0.7375 0.5175925925925928 0.7192708333333333 0.5175925925925928 0.7192708333333333 0.5574074074074076 0.7375 0.5574074074074076
8 0.7125 0.49537037037037057 0.7010416666666667 0.49537037037037057 0.7010416666666667 0.5425925925925928 0.7125 0.5425925925925928
1 0.7135416666666666 0.5064814814814816 0.6989583333333333 0.5064814814814816 0.6989583333333333 0.5453703703703706 0.7135416666666666 0.5453703703703706
8 0.6989583333333333 0.490740740740741 0.6838541666666667 0.490740740740741 0.6838541666666667 0.5416666666666669 0.6989583333333333 0.5416666666666669
1 0.6989583333333333 0.5037037037037039 0.6828125 0.5037037037037039 0.6828125 0.5444444444444446 0.6989583333333333 0.5444444444444446
8 0.7192708333333333 0.4861111111111113 0.709375 0.4861111111111113 0.709375 0.5296296296296299 0.7192708333333333 0.5296296296296299
1 0.7208333333333333 0.4990740740740743 0.7041666666666667 0.4990740740740743 0.7041666666666667 0.5351851851851854 0.7208333333333333 0.5351851851851854
8 0.6890625 0.4712962962962964 0.6760416666666667 0.4712962962962964 0.6760416666666667 0.5083333333333335 0.6890625 0.5083333333333335
1 0.6869791666666667 0.47962962962962985 0.6734375 0.47962962962962985 0.6734375 0.5185185185185187 0.6869791666666667 0.5185185185185187
8 0.703125 0.4648148148148149 0.6927083333333334 0.4648148148148149 0.6927083333333334 0.5009259259259261 0.703125 0.5009259259259261
1 0.7026041666666667 0.4768518518518521 0.6932291666666667 0.4768518518518521 0.6932291666666667 0.5083333333333335 0.7026041666666667 0.5083333333333335
8 0.6973958333333333 0.44537037037037047 0.6854166666666667 0.44537037037037047 0.6854166666666667 0.48333333333333356 0.6973958333333333 0.48333333333333356
5 0.6979166666666666 0.45555555555555566 0.6848958333333334 0.45555555555555566 0.6848958333333334 0.490740740740741 0.6979166666666666 0.490740740740741
8 0.6552083333333333 0.4462962962962964 0.6463541666666667 0.4462962962962964 0.6463541666666667 0.48796296296296315 0.6552083333333333 0.48796296296296315
1 0.6557291666666667 0.4564814814814816 0.6458333333333334 0.4564814814814816 0.6458333333333334 0.49351851851851875 0.6557291666666667 0.49351851851851875
8 0.6760416666666667 0.45370370370370383 0.6630208333333333 0.45370370370370383 0.6630208333333333 0.4925925925925928 0.6760416666666667 0.4925925925925928
5 0.6760416666666667 0.45740740740740754 0.6645833333333333 0.45740740740740754 0.6645833333333333 0.49722222222222245 0.6760416666666667 0.49722222222222245
8 0.6614583333333334 0.43981481481481494 0.6520833333333333 0.43981481481481494 0.6520833333333333 0.47314814814814826 0.6614583333333334 0.47314814814814826
5 0.6625 0.44722222222222235 0.6520833333333333 0.44722222222222235 0.6520833333333333 0.48425925925925944 0.6625 0.48425925925925944
7 0.42604166666666665 0.4231481481481483 0.41458333333333336 0.4231481481481483 0.41458333333333336 0.46944444444444455 0.42604166666666665 0.46944444444444455
8 0.41041666666666665 0.38981481481481495 0.3984375 0.38981481481481495 0.3984375 0.42592592592592604 0.41041666666666665 0.42592592592592604
1 0.4166666666666667 0.40462962962962973 0.39479166666666665 0.40462962962962973 0.39479166666666665 0.4314814814814816 0.4166666666666667 0.4314814814814816
0 0.3536458333333333 0.3472222222222223 0.340625 0.3472222222222223 0.340625 0.388888888888889 0.3536458333333333 0.388888888888889
8 0.334375 0.3296296296296297 0.3265625 0.3296296296296297 0.3265625 0.3574074074074075 0.334375 0.3574074074074075
1 0.334375 0.33703703703703713 0.3265625 0.33703703703703713 0.3265625 0.36203703703703716 0.334375 0.36203703703703716
8 0.3494791666666667 0.33240740740740754 0.3416666666666667 0.33240740740740754 0.3416666666666667 0.3611111111111112 0.3494791666666667 0.3611111111111112
1 0.35 0.34074074074074084 0.3416666666666667 0.34074074074074084 0.3416666666666667 0.3648148148148149 0.35 0.3648148148148149
8 0.3692708333333333 0.325925925925926 0.3619791666666667 0.325925925925926 0.3619791666666667 0.3574074074074075 0.3692708333333333 0.3574074074074075
1 0.36875 0.3361111111111112 0.3619791666666667 0.3361111111111112 0.3619791666666667 0.36203703703703716 0.36875 0.36203703703703716
8 0.30885416666666665 0.3037037037037038 0.3015625 0.3037037037037038 0.3015625 0.3296296296296297 0.30885416666666665 0.3296296296296297
1 0.31302083333333336 0.31296296296296305 0.29739583333333336 0.31296296296296305 0.29739583333333336 0.3351851851851853 0.31302083333333336 0.3351851851851853
8 0.675 0.4314814814814816 0.6661458333333333 0.4314814814814816 0.6661458333333333 0.4601851851851853 0.675 0.4601851851851853
1 0.6744791666666666 0.43796296296296305 0.6609375 0.43796296296296305 0.6609375 0.46574074074074084 0.6744791666666666 0.46574074074074084
8 0.6817708333333333 0.4231481481481483 0.6734375 0.4231481481481483 0.6734375 0.4500000000000001 0.6817708333333333 0.4500000000000001
1 0.68125 0.4287037037037038 0.6713541666666667 0.4287037037037038 0.6713541666666667 0.4629629629629631 0.68125 0.4629629629629631
8 0.6796875 0.4129629629629631 0.6729166666666667 0.4129629629629631 0.6729166666666667 0.4407407407407408 0.6796875 0.4407407407407408
1 0.6802083333333333 0.42222222222222233 0.6697916666666667 0.42222222222222233 0.6697916666666667 0.4500000000000001 0.6802083333333333 0.4500000000000001
8 0.6640625 0.4175925925925927 0.65625 0.4175925925925927 0.65625 0.4500000000000001 0.6640625 0.4500000000000001
1 0.665625 0.42962962962962975 0.6541666666666667 0.42962962962962975 0.6541666666666667 0.45925925925925937 0.665625 0.45925925925925937
8 0.6333333333333333 0.42407407407407416 0.6255208333333333 0.42407407407407416 0.6255208333333333 0.45925925925925937 0.6333333333333333 0.45925925925925937
1 0.6328125 0.43333333333333346 0.6234375 0.43333333333333346 0.6234375 0.46759259259259267 0.6328125 0.46759259259259267
8 0.6416666666666667 0.4148148148148149 0.6307291666666667 0.4148148148148149 0.6307291666666667 0.45185185185185195 0.6416666666666667 0.45185185185185195
3 0.6401041666666667 0.4250000000000001 0.6307291666666667 0.4250000000000001 0.6307291666666667 0.4601851851851853 0.6401041666666667 0.4601851851851853
8 0.6515625 0.4148148148148149 0.6416666666666667 0.4148148148148149 0.6416666666666667 0.45555555555555566 0.6515625 0.45555555555555566
1 0.6526041666666667 0.4250000000000001 0.6421875 0.4250000000000001 0.6421875 0.4583333333333334 0.6526041666666667 0.4583333333333334
8 0.6661458333333333 0.40462962962962973 0.6567708333333333 0.40462962962962973 0.6567708333333333 0.4361111111111112 0.6661458333333333 0.4361111111111112
1 0.6651041666666667 0.4148148148148149 0.6557291666666667 0.4148148148148149 0.6557291666666667 0.4462962962962964 0.6651041666666667 0.4462962962962964
8 0.6734375 0.400925925925926 0.6635416666666667 0.400925925925926 0.6635416666666667 0.43425925925925934 0.6734375 0.43425925925925934
1 0.6734375 0.4092592592592594 0.6640625 0.4092592592592594 0.6640625 0.4351851851851853 0.6734375 0.4351851851851853
8 0.6489583333333333 0.3916666666666668 0.640625 0.3916666666666668 0.640625 0.42777777777777787 0.6489583333333333 0.42777777777777787
7 0.6385416666666667 0.39444444444444454 0.6317708333333333 0.39444444444444454 0.6317708333333333 0.42777777777777787 0.6385416666666667 0.42777777777777787
5 0.6572916666666667 0.39814814814814825 0.6354166666666666 0.39814814814814825 0.6354166666666666 0.42962962962962975 0.6572916666666667 0.42962962962962975
7 0.6651041666666667 0.37592592592592605 0.659375 0.37592592592592605 0.659375 0.41944444444444456 0.6651041666666667 0.41944444444444456
7 0.6505208333333333 0.36851851851851863 0.640625 0.36851851851851863 0.640625 0.4074074074074075 0.6505208333333333 0.4074074074074075
7 0.584375 0.38240740740740753 0.5739583333333333 0.38240740740740753 0.5739583333333333 0.42222222222222233 0.584375 0.42222222222222233
7 0.6223958333333334 0.3601851851851853 0.6140625 0.3601851851851853 0.6140625 0.3972222222222223 0.6223958333333334 0.3972222222222223
8 0.6354166666666666 0.3555555555555557 0.6239583333333333 0.3555555555555557 0.6239583333333333 0.3870370370370371 0.6354166666666666 0.3870370370370371
5 0.6369791666666667 0.35833333333333345 0.6260416666666667 0.35833333333333345 0.6260416666666667 0.39074074074074083 0.6369791666666667 0.39074074074074083
8 0.6369791666666667 0.3435185185185186 0.6296875 0.3435185185185186 0.6296875 0.3694444444444446 0.6369791666666667 0.3694444444444446
1 0.6369791666666667 0.3500000000000001 0.6302083333333334 0.3500000000000001 0.6302083333333334 0.37407407407407417 0.6369791666666667 0.37407407407407417
7 0.6161458333333333 0.34074074074074084 0.6088541666666667 0.34074074074074084 0.6088541666666667 0.37592592592592605 0.6161458333333333 0.37592592592592605
7 0.6067708333333334 0.3351851851851853 0.5989583333333334 0.3351851851851853 0.5989583333333334 0.3750000000000001 0.6067708333333334 0.3750000000000001
7 0.6192708333333333 0.33240740740740754 0.6140625 0.33240740740740754 0.6140625 0.36666666666666675 0.6192708333333333 0.36666666666666675
7 0.634375 0.32314814814814824 0.6270833333333333 0.32314814814814824 0.6270833333333333 0.3611111111111112 0.634375 0.3611111111111112
8 0.6421875 0.325925925925926 0.6364583333333333 0.325925925925926 0.6364583333333333 0.35277777777777786 0.6421875 0.35277777777777786
1 0.6427083333333333 0.3351851851851853 0.6359375 0.3351851851851853 0.6359375 0.3611111111111112 0.6427083333333333 0.3611111111111112
7 0.6567708333333333 0.33703703703703713 0.6484375 0.33703703703703713 0.6484375 0.3750000000000001 0.6567708333333333 0.3750000000000001
8 0.6723958333333333 0.3574074074074075 0.6645833333333333 0.3574074074074075 0.6645833333333333 0.38055555555555565 0.6723958333333333 0.38055555555555565
8 0.6161458333333333 0.32222222222222235 0.6072916666666667 0.32222222222222235 0.6072916666666667 0.3472222222222223 0.6161458333333333 0.3472222222222223
5 0.6182291666666667 0.3314814814814816 0.6046875 0.3314814814814816 0.6046875 0.35277777777777786 0.6182291666666667 0.35277777777777786
8 0.6020833333333333 0.31944444444444453 0.59375 0.31944444444444453 0.59375 0.3490740740740742 0.6020833333333333 0.3490740740740742
8 0.6015625 0.31203703703703717 0.5916666666666667 0.31203703703703717 0.5916666666666667 0.34259259259259267 0.6015625 0.34259259259259267
5 0.6083333333333333 0.3277777777777779 0.590625 0.3277777777777779 0.590625 0.35462962962962974 0.6083333333333333 0.35462962962962974
1 0.6041666666666666 0.3212962962962964 0.5875 0.3212962962962964 0.5875 0.3453703703703705 0.6041666666666666 0.3453703703703705
7 0.6541666666666667 0.32037037037037047 0.6458333333333334 0.32037037037037047 0.6458333333333334 0.35648148148148157 0.6541666666666667 0.35648148148148157
3 0.5708333333333333 0.37037037037037046 0.5369791666666667 0.37037037037037046 0.5369791666666667 0.4148148148148149 0.5708333333333333 0.4148148148148149
11 0.5765625 0.3379629629629631 0.5479166666666667 0.3379629629629631 0.5479166666666667 0.37592592592592605 0.5765625 0.37592592592592605
11 0.5953125 0.28518518518518526 0.5677083333333334 0.28518518518518526 0.5677083333333334 0.33055555555555566 0.5953125 0.33055555555555566
8 0.40989583333333335 0.27314814814814825 0.4041666666666667 0.27314814814814825 0.4041666666666667 0.301851851851852 0.40989583333333335 0.301851851851852
1 0.41041666666666665 0.2842592592592594 0.4041666666666667 0.2842592592592594 0.4041666666666667 0.30462962962962975 0.41041666666666665 0.30462962962962975
11 0.4609375 0.275925925925926 0.4328125 0.275925925925926 0.4328125 0.31481481481481494 0.4609375 0.31481481481481494
3 0.4734375 0.2453703703703705 0.4421875 0.2453703703703705 0.4421875 0.275925925925926 0.4734375 0.275925925925926
3 0.4953125 0.25740740740740753 0.465625 0.25740740740740753 0.465625 0.29074074074074086 0.4953125 0.29074074074074086
3 0.5333333333333333 0.22685185185185194 0.5020833333333333 0.22685185185185194 0.5020833333333333 0.25462962962962976 0.5333333333333333 0.25462962962962976
3 0.6296875 0.2564814814814816 0.6020833333333333 0.2564814814814816 0.6020833333333333 0.28518518518518526 0.6296875 0.28518518518518526
11 0.6109375 0.23611111111111124 0.5791666666666667 0.23611111111111122 0.5791666666666667 0.26296296296296306 0.6109375 0.26296296296296306
4 0.703125 0.31666666666666676 0.6739583333333333 0.31666666666666676 0.6739583333333333 0.3648148148148149 0.703125 0.3648148148148149
7 0.7338541666666667 0.41111111111111126 0.7203125 0.4111111111111112 0.7203125 0.45277777777777795 0.7338541666666667 0.452777777777778
4 0.71875 0.41944444444444456 0.6989583333333333 0.41944444444444456 0.6989583333333333 0.4611111111111112 0.71875 0.4611111111111112
4 0.7052083333333333 0.3953703703703705 0.6838541666666667 0.3953703703703705 0.6838541666666667 0.4407407407407408 0.7052083333333333 0.4407407407407408
7 0.6838541666666667 0.37222222222222234 0.6802083333333333 0.37222222222222234 0.6802083333333333 0.4027777777777779 0.6838541666666667 0.4027777777777779
4 0.6869791666666667 0.38796296296296306 0.675 0.38796296296296306 0.675 0.41574074074074086 0.6869791666666667 0.41574074074074086
7 0.7130208333333333 0.3000000000000001 0.7088541666666667 0.3000000000000001 0.7088541666666667 0.32870370370370383 0.7130208333333333 0.32870370370370383
7 0.7140625 0.30555555555555564 0.7098958333333333 0.30555555555555564 0.7098958333333333 0.3333333333333334 0.7140625 0.3333333333333334
4 0.7234375 0.31203703703703717 0.7015625 0.31203703703703717 0.7015625 0.3453703703703705 0.7234375 0.3453703703703705
3 0.34270833333333334 0.22129629629629635 0.32135416666666666 0.22129629629629635 0.32135416666666666 0.24722222222222232 0.34270833333333334 0.24722222222222232
3 0.35052083333333334 0.2083333333333334 0.33489583333333334 0.2083333333333334 0.33489583333333334 0.23240740740740745 0.35052083333333334 0.23240740740740745
8 0.36822916666666666 0.2111111111111112 0.3619791666666667 0.21111111111111117 0.3619791666666667 0.2361111111111112 0.36822916666666666 0.23611111111111122
1 0.3697916666666667 0.22037037037037044 0.35833333333333334 0.2203703703703704 0.35833333333333334 0.2361111111111112 0.3697916666666667 0.23611111111111122
8 0.38385416666666666 0.20925925925925937 0.37916666666666665 0.20925925925925937 0.37916666666666665 0.23333333333333345 0.38385416666666666 0.23333333333333345
1 0.3848958333333333 0.21944444444444455 0.3776041666666667 0.21944444444444455 0.3776041666666667 0.23611111111111122 0.3848958333333333 0.23611111111111122
8 0.36614583333333334 0.20462962962962972 0.3619791666666667 0.2046296296296297 0.3619791666666667 0.2250000000000001 0.36614583333333334 0.22500000000000012
1 0.3692708333333333 0.21296296296296305 0.3578125 0.21296296296296302 0.3578125 0.22870370370370377 0.3692708333333333 0.2287037037037038
8 0.35989583333333336 0.2018518518518519 0.35520833333333335 0.2018518518518519 0.35520833333333335 0.22222222222222227 0.35989583333333336 0.22222222222222227
1 0.36354166666666665 0.20833333333333343 0.3515625 0.2083333333333334 0.3515625 0.225925925925926 0.36354166666666665 0.22592592592592603
7 0.32395833333333335 0.21388888888888893 0.31927083333333334 0.21388888888888893 0.31927083333333334 0.23518518518518525 0.32395833333333335 0.23518518518518525
8 0.3385416666666667 0.19629629629629636 0.334375 0.19629629629629636 0.334375 0.21851851851851858 0.3385416666666667 0.21851851851851858
5 0.34375 0.2018518518518519 0.33125 0.2018518518518519 0.33125 0.21759259259259264 0.34375 0.21759259259259264
3 0.20989583333333334 0.16851851851851857 0.19114583333333332 0.16851851851851857 0.19114583333333332 0.18796296296296303 0.20989583333333334 0.18796296296296303
7 0.19895833333333332 0.17129629629629634 0.19427083333333334 0.17129629629629634 0.19427083333333334 0.19259259259259265 0.19895833333333332 0.19259259259259265
7 0.15208333333333332 0.21388888888888893 0.146875 0.21388888888888893 0.146875 0.23796296296296296 0.15208333333333332 0.23796296296296296
7 0.14791666666666667 0.20277777777777783 0.14270833333333333 0.20277777777777783 0.14270833333333333 0.22870370370370377 0.14791666666666667 0.22870370370370377
3 0.17760416666666667 0.1907407407407408 0.14166666666666666 0.1907407407407408 0.14166666666666666 0.21111111111111117 0.17760416666666667 0.21111111111111117
3 0.17708333333333334 0.18518518518518523 0.13958333333333334 0.18518518518518523 0.13958333333333334 0.2055555555555556 0.17708333333333334 0.2055555555555556
7 0.1390625 0.18240740740740746 0.13489583333333333 0.18240740740740746 0.13489583333333333 0.2055555555555556 0.1390625 0.2055555555555556
7 0.13177083333333334 0.17777777777777784 0.12760416666666666 0.17777777777777784 0.12760416666666666 0.1981481481481482 0.13177083333333334 0.1981481481481482
7 0.13645833333333332 0.17592592592592599 0.13229166666666667 0.17592592592592599 0.13229166666666667 0.19351851851851856 0.13645833333333332 0.19351851851851856
11 0.16979166666666667 0.1657407407407408 0.1390625 0.1657407407407408 0.1390625 0.18611111111111117 0.16979166666666667 0.18611111111111117
4 0.13385416666666666 0.14814814814814817 0.11145833333333334 0.14814814814814814 0.11145833333333334 0.17592592592592596 0.13385416666666666 0.17592592592592599
11 0.16875 0.16111111111111118 0.14010416666666667 0.16111111111111118 0.14010416666666667 0.1805555555555556 0.16875 0.1805555555555556
11 0.16354166666666667 0.15000000000000005 0.14114583333333333 0.15000000000000005 0.14114583333333333 0.17222222222222228 0.16354166666666667 0.17222222222222228
3 0.1640625 0.1481481481481482 0.13802083333333334 0.1481481481481482 0.13802083333333334 0.1666666666666667 0.1640625 0.1666666666666667
7 0.15 0.13981481481481486 0.14791666666666667 0.13981481481481486 0.14791666666666667 0.15277777777777782 0.15 0.15277777777777782
7 0.14947916666666666 0.1370370370370371 0.14739583333333334 0.1370370370370371 0.14739583333333334 0.150925925925926 0.14947916666666666 0.150925925925926
7 0.16614583333333333 0.12962962962962968 0.1625 0.12962962962962968 0.1625 0.14351851851851857 0.16614583333333333 0.14351851851851857
7 0.18489583333333334 0.1518518518518519 0.18125 0.1518518518518519 0.18125 0.17037037037037042 0.18489583333333334 0.17037037037037042
7 0.1875 0.15277777777777782 0.18385416666666668 0.15277777777777782 0.18385416666666668 0.17129629629629634 0.1875 0.17129629629629634
7 0.19270833333333334 0.150925925925926 0.1890625 0.150925925925926 0.1890625 0.1694444444444445 0.19270833333333334 0.1694444444444445
7 0.19635416666666666 0.15740740740740747 0.1921875 0.15740740740740747 0.1921875 0.17407407407407413 0.19635416666666666 0.17407407407407413
3 0.26510416666666664 0.18518518518518523 0.23333333333333334 0.18518518518518523 0.23333333333333334 0.2046296296296297 0.26510416666666664 0.2046296296296297
3 0.26145833333333335 0.18240740740740746 0.23177083333333334 0.18240740740740746 0.23177083333333334 0.2018518518518519 0.26145833333333335 0.2018518518518519
3 0.2546875 0.17870370370370375 0.22291666666666668 0.17870370370370375 0.22291666666666668 0.1981481481481482 0.2546875 0.1981481481481482
3 0.24947916666666667 0.17037037037037042 0.22291666666666668 0.17037037037037042 0.22291666666666668 0.1907407407407408 0.24947916666666667 0.1907407407407408
3 0.24947916666666667 0.1666666666666667 0.21666666666666667 0.1666666666666667 0.21666666666666667 0.18703703703703708 0.24947916666666667 0.18703703703703708
3 0.2375 0.1620370370370371 0.21197916666666666 0.1620370370370371 0.21197916666666666 0.1796296296296297 0.2375 0.1796296296296297
11 0.24166666666666667 0.15277777777777782 0.2109375 0.15277777777777782 0.2109375 0.17592592592592599 0.24166666666666667 0.17592592592592599
11 0.22916666666666666 0.15462962962962967 0.20572916666666666 0.15462962962962967 0.20572916666666666 0.17129629629629634 0.22916666666666666 0.17129629629629634
11 0.2296875 0.15000000000000005 0.2046875 0.15000000000000005 0.2046875 0.1666666666666667 0.2296875 0.1666666666666667
11 0.225 0.14722222222222228 0.20104166666666667 0.14722222222222228 0.20104166666666667 0.1657407407407408 0.225 0.1657407407407408
3 0.22291666666666668 0.14537037037037043 0.19791666666666666 0.14537037037037043 0.19791666666666666 0.16018518518518524 0.22291666666666668 0.16018518518518524
7 0.2630208333333333 0.17222222222222228 0.2578125 0.17222222222222228 0.2578125 0.19259259259259265 0.2630208333333333 0.19259259259259265
4 0.29010416666666666 0.16018518518518524 0.27239583333333334 0.16018518518518524 0.27239583333333334 0.20740740740740746 0.29010416666666666 0.20740740740740746
7 0.29791666666666666 0.19907407407407413 0.29375 0.19907407407407413 0.29375 0.21666666666666673 0.29791666666666666 0.21666666666666673
7 0.2989583333333333 0.19722222222222227 0.2953125 0.19722222222222227 0.2953125 0.21296296296296302 0.2989583333333333 0.21296296296296302
4 0.2765625 0.17222222222222228 0.265625 0.17222222222222228 0.265625 0.1907407407407408 0.2765625 0.1907407407407408
4 0.26666666666666666 0.15648148148148153 0.25104166666666666 0.15648148148148153 0.25104166666666666 0.1796296296296297 0.26666666666666666 0.1796296296296297
4 0.25364583333333335 0.14629629629629634 0.2421875 0.14629629629629634 0.2421875 0.1657407407407408 0.25364583333333335 0.1657407407407408
4 0.24375 0.1333333333333334 0.23125 0.1333333333333334 0.23125 0.1518518518518519 0.24375 0.1518518518518519
4 0.23177083333333334 0.1342592592592593 0.22604166666666667 0.1342592592592593 0.22604166666666667 0.14907407407407414 0.23177083333333334 0.14907407407407414
7 0.16614583333333333 0.10000000000000002 0.16354166666666667 0.10000000000000002 0.16354166666666667 0.11574074074074077 0.16614583333333333 0.11574074074074077
7 0.16822916666666668 0.10740740740740744 0.16614583333333333 0.10740740740740744 0.16614583333333333 0.12222222222222227 0.16822916666666668 0.12222222222222227
7 0.171875 0.10648148148148151 0.16875 0.10648148148148151 0.16875 0.12129629629629635 0.171875 0.12129629629629635
7 0.17552083333333332 0.10740740740740744 0.17291666666666666 0.10740740740740744 0.17291666666666666 0.12129629629629635 0.17552083333333332 0.12129629629629635
7 0.17135416666666667 0.0990740740740741 0.16822916666666668 0.0990740740740741 0.16822916666666668 0.11481481481481484 0.17135416666666667 0.11481481481481484
7 0.17447916666666666 0.09166666666666669 0.171875 0.09166666666666669 0.171875 0.10462962962962966 0.17447916666666666 0.10462962962962966
7 0.15572916666666667 0.10092592592592595 0.15364583333333334 0.10092592592592595 0.15364583333333334 0.11388888888888891 0.15572916666666667 0.11388888888888891
7 0.159375 0.0953703703703704 0.15677083333333333 0.0953703703703704 0.15677083333333333 0.10740740740740744 0.159375 0.10740740740740744
7 0.2015625 0.12592592592592597 0.1984375 0.12592592592592597 0.1984375 0.14537037037037043 0.2015625 0.14537037037037043
7 0.225 0.13240740740740747 0.22083333333333333 0.13240740740740747 0.22083333333333333 0.14722222222222228 0.225 0.14722222222222228
7 0.20885416666666667 0.12500000000000006 0.20677083333333332 0.12500000000000006 0.20677083333333332 0.13981481481481486 0.20885416666666667 0.13981481481481486
11 0.209375 0.11759259259259265 0.19375 0.11759259259259265 0.19375 0.13148148148148153 0.209375 0.13148148148148153
8 0.24010416666666667 0.12407407407407413 0.23697916666666666 0.12407407407407413 0.23697916666666666 0.13518518518518524 0.24010416666666667 0.13518518518518524
8 0.25364583333333335 0.1342592592592593 0.25 0.1342592592592593 0.25 0.14629629629629634 0.25364583333333335 0.14629629629629634
8 0.25885416666666666 0.13611111111111115 0.2546875 0.13611111111111115 0.2546875 0.15000000000000005 0.25885416666666666 0.15000000000000005
8 0.265625 0.14351851851851857 0.26145833333333335 0.14351851851851857 0.26145833333333335 0.15462962962962967 0.265625 0.15462962962962967
1 0.25833333333333336 0.14166666666666672 0.2552083333333333 0.14166666666666672 0.2552083333333333 0.1518518518518519 0.25833333333333336 0.1518518518518519
1 0.253125 0.13888888888888895 0.25 0.13888888888888895 0.25 0.15000000000000005 0.253125 0.15000000000000005
1 0.265625 0.14907407407407414 0.26197916666666665 0.14907407407407414 0.26197916666666665 0.15740740740740747 0.265625 0.15740740740740747
3 0.2953125 0.14166666666666672 0.2828125 0.14166666666666672 0.2828125 0.15740740740740747 0.2953125 0.15740740740740747
7 0.3104166666666667 0.19259259259259265 0.30625 0.19259259259259265 0.30625 0.21481481481481488 0.3104166666666667 0.21481481481481488
7 0.3177083333333333 0.20000000000000004 0.31354166666666666 0.20000000000000004 0.31354166666666666 0.22407407407407412 0.3177083333333333 0.22407407407407412
7 0.32395833333333335 0.20000000000000004 0.31927083333333334 0.20000000000000004 0.31927083333333334 0.2203703703703704 0.32395833333333335 0.2203703703703704
7 0.32135416666666666 0.18981481481481488 0.3171875 0.18981481481481488 0.3171875 0.2092592592592593 0.32135416666666666 0.2092592592592593
7 0.31614583333333335 0.18888888888888894 0.3104166666666667 0.18888888888888894 0.3104166666666667 0.20648148148148154 0.31614583333333335 0.20648148148148154
7 0.31145833333333334 0.18425925925925932 0.3078125 0.18425925925925932 0.3078125 0.20370370370370375 0.31145833333333334 0.20370370370370375
1 0.3171875 0.1981481481481482 0.3109375 0.1981481481481482 0.3109375 0.21018518518518522 0.3171875 0.21018518518518522
1 0.31145833333333334 0.1907407407407408 0.3067708333333333 0.1907407407407408 0.3067708333333333 0.2046296296296297 0.31145833333333334 0.2046296296296297
11 0.3421875 0.18518518518518523 0.3223958333333333 0.18518518518518523 0.3223958333333333 0.21111111111111117 0.3421875 0.21111111111111117
3 0.328125 0.1796296296296297 0.3109375 0.1796296296296297 0.3109375 0.19907407407407413 0.328125 0.19907407407407413
3 0.315625 0.17037037037037042 0.3015625 0.17037037037037042 0.3015625 0.18981481481481488 0.315625 0.18981481481481488
3 0.30572916666666666 0.162962962962963 0.2916666666666667 0.162962962962963 0.2916666666666667 0.18333333333333338 0.30572916666666666 0.18333333333333338
4 0.2994791666666667 0.17037037037037042 0.28854166666666664 0.17037037037037042 0.28854166666666664 0.18611111111111117 0.2994791666666667 0.18611111111111117
11 0.3463541666666667 0.1731481481481482 0.32916666666666666 0.1731481481481482 0.32916666666666666 0.19629629629629636 0.3463541666666667 0.19629629629629636
3 0.334375 0.1694444444444445 0.321875 0.1694444444444445 0.321875 0.18796296296296303 0.334375 0.18796296296296303
3 0.3265625 0.16111111111111118 0.3125 0.16111111111111118 0.3125 0.18333333333333338 0.3265625 0.18333333333333338
3 0.31614583333333335 0.15370370370370376 0.3015625 0.15370370370370376 0.3015625 0.17407407407407413 0.31614583333333335 0.17407407407407413
11 0.3046875 0.14629629629629634 0.2916666666666667 0.14629629629629634 0.2916666666666667 0.16388888888888895 0.3046875 0.16388888888888895
3 0.2869791666666667 0.13518518518518524 0.27291666666666664 0.13518518518518524 0.27291666666666664 0.150925925925926 0.2869791666666667 0.150925925925926
3 0.2796875 0.13148148148148153 0.2682291666666667 0.13148148148148153 0.2682291666666667 0.14537037037037043 0.2796875 0.14537037037037043
3 0.27395833333333336 0.12777777777777782 0.2630208333333333 0.12777777777777782 0.2630208333333333 0.1407407407407408 0.27395833333333336 0.1407407407407408
3 0.2630208333333333 0.12870370370370376 0.25104166666666666 0.12870370370370376 0.25104166666666666 0.14537037037037043 0.2630208333333333 0.14537037037037043
3 0.2671875 0.1231481481481482 0.25625 0.1231481481481482 0.25625 0.1370370370370371 0.2671875 0.1370370370370371
3 0.2630208333333333 0.11851851851851856 0.253125 0.11851851851851856 0.253125 0.13240740740740747 0.2630208333333333 0.13240740740740747
3 0.25677083333333334 0.11481481481481487 0.24739583333333334 0.11481481481481487 0.24739583333333334 0.12870370370370376 0.25677083333333334 0.12870370370370376
11 0.25 0.10740740740740747 0.240625 0.10740740740740747 0.240625 0.12037037037037042 0.25 0.12037037037037042
11 0.24322916666666666 0.10277777777777783 0.23333333333333334 0.10277777777777783 0.23333333333333334 0.11481481481481487 0.24322916666666666 0.11481481481481487
3 0.19947916666666668 0.09074074074074079 0.19166666666666668 0.09074074074074079 0.19166666666666668 0.1018518518518519 0.19947916666666668 0.1018518518518519
3 0.21354166666666666 0.08888888888888895 0.2046875 0.08888888888888895 0.2046875 0.09907407407407412 0.21354166666666666 0.09907407407407412
3 0.22916666666666666 0.0981481481481482 0.21822916666666667 0.0981481481481482 0.21822916666666667 0.11481481481481487 0.22916666666666666 0.11481481481481487
4 0.20052083333333334 0.07129629629629633 0.17395833333333333 0.07129629629629632 0.17395833333333333 0.087962962962963 0.20052083333333334 0.08796296296296302
3 0.2682291666666667 0.11388888888888894 0.25625 0.11388888888888894 0.25625 0.12592592592592597 0.2682291666666667 0.12592592592592597
11 0.275 0.11666666666666672 0.26510416666666664 0.11666666666666672 0.26510416666666664 0.12962962962962968 0.275 0.12962962962962968
3 0.2833333333333333 0.12222222222222227 0.27239583333333334 0.12222222222222227 0.27239583333333334 0.1333333333333334 0.2833333333333333 0.1333333333333334
3 0.2916666666666667 0.1268518518518519 0.28072916666666664 0.1268518518518519 0.28072916666666664 0.13981481481481486 0.2916666666666667 0.13981481481481486
11 0.2984375 0.13148148148148153 0.2875 0.13148148148148153 0.2875 0.14537037037037043 0.2984375 0.14537037037037043
3 0.30885416666666665 0.1370370370370371 0.2953125 0.1370370370370371 0.2953125 0.150925925925926 0.30885416666666665 0.150925925925926
3 0.3182291666666667 0.1444444444444445 0.30520833333333336 0.1444444444444445 0.30520833333333336 0.15925925925925932 0.3182291666666667 0.15925925925925932
3 0.328125 0.150925925925926 0.31354166666666666 0.150925925925926 0.31354166666666666 0.16759259259259265 0.328125 0.16759259259259265
3 0.3385416666666667 0.15370370370370376 0.32395833333333335 0.15370370370370376 0.32395833333333335 0.17222222222222228 0.3385416666666667 0.17222222222222228
3 0.35052083333333334 0.1620370370370371 0.33541666666666664 0.1620370370370371 0.33541666666666664 0.18240740740740746 0.35052083333333334 0.18240740740740746
3 0.3651041666666667 0.17129629629629636 0.3489583333333333 0.17129629629629634 0.3489583333333333 0.1935185185185186 0.3651041666666667 0.19351851851851862
4 0.40625 0.05277777777777786 0.3828125 0.052777777777777854 0.3828125 0.11018518518518526 0.40625 0.11018518518518526
3 0.3807291666666667 0.07500000000000008 0.375 0.07500000000000008 0.375 0.0861111111111112 0.3807291666666667 0.0861111111111112
7 0.3734375 0.11666666666666675 0.37083333333333335 0.11666666666666675 0.37083333333333335 0.12777777777777788 0.3734375 0.12777777777777788
8 0.409375 0.12407407407407418 0.40572916666666664 0.12407407407407418 0.40572916666666664 0.1361111111111112 0.409375 0.1361111111111112
1 0.409375 0.12777777777777788 0.40572916666666664 0.12777777777777788 0.40572916666666664 0.13796296296296306 0.409375 0.13796296296296306
7 0.415625 0.12592592592592602 0.41302083333333334 0.12592592592592602 0.41302083333333334 0.138888888888889 0.415625 0.138888888888889
3 0.4234375 0.1425925925925927 0.4125 0.1425925925925927 0.4125 0.15833333333333344 0.4234375 0.15833333333333344
3 0.45729166666666665 0.16203703703703715 0.4322916666666667 0.16203703703703715 0.4322916666666667 0.18333333333333343 0.45729166666666665 0.18333333333333343
3 0.4609375 0.15833333333333344 0.43854166666666666 0.15833333333333344 0.43854166666666666 0.18055555555555566 0.4609375 0.18055555555555566
8 0.44375 0.18240740740740752 0.4395833333333333 0.18240740740740752 0.4395833333333333 0.19907407407407418 0.44375 0.19907407407407418
1 0.44375 0.18796296296296308 0.4390625 0.18796296296296308 0.4390625 0.20462962962962974 0.44375 0.20462962962962974
7 0.4552083333333333 0.20092592592592604 0.44947916666666665 0.20092592592592604 0.44947916666666665 0.22500000000000012 0.4552083333333333 0.22500000000000012
8 0.4510416666666667 0.19814814814814824 0.446875 0.19814814814814824 0.446875 0.21574074074074084 0.4510416666666667 0.21574074074074084
5 0.453125 0.2037037037037038 0.4432291666666667 0.2037037037037038 0.4432291666666667 0.22037037037037047 0.453125 0.22037037037037047
8 0.4661458333333333 0.20185185185185195 0.4609375 0.20185185185185195 0.4609375 0.2212962962962964 0.4661458333333333 0.2212962962962964
5 0.46510416666666665 0.20833333333333343 0.4609375 0.20833333333333343 0.4609375 0.22407407407407418 0.46510416666666665 0.22407407407407418
8 0.4640625 0.18148148148148158 0.45989583333333334 0.18148148148148158 0.45989583333333334 0.20092592592592604 0.4640625 0.20092592592592604
1 0.4640625 0.18703703703703714 0.459375 0.18703703703703714 0.459375 0.2027777777777779 0.4640625 0.2027777777777779
7 0.471875 0.1611111111111112 0.46822916666666664 0.1611111111111112 0.46822916666666664 0.17962962962962972 0.471875 0.17962962962962972
1 0.4744791666666667 0.16574074074074086 0.465625 0.16574074074074086 0.465625 0.1777777777777779 0.4744791666666667 0.1777777777777779
7 0.459375 0.1425925925925927 0.45677083333333335 0.1425925925925927 0.45677083333333335 0.16296296296296306 0.459375 0.16296296296296306
7 0.48072916666666665 0.15185185185185196 0.47760416666666666 0.15185185185185196 0.47760416666666666 0.16944444444444454 0.48072916666666665 0.16944444444444454
1 0.4630208333333333 0.1361111111111112 0.45989583333333334 0.1361111111111112 0.45989583333333334 0.1462962962962964 0.4630208333333333 0.1462962962962964
8 0.48489583333333336 0.1462962962962964 0.48125 0.1462962962962964 0.48125 0.15648148148148158 0.48489583333333336 0.15648148148148158
7 0.7869791666666667 0.40833333333333355 0.7786458333333334 0.40833333333333355 0.7786458333333334 0.46203703703703725 0.7869791666666667 0.46203703703703725
7 0.8182291666666667 0.37685185185185205 0.8109375 0.37685185185185205 0.8109375 0.41666666666666685 0.8182291666666667 0.41666666666666685
7 0.8192708333333333 0.38611111111111135 0.8109375 0.38611111111111135 0.8109375 0.4194444444444447 0.8192708333333333 0.4194444444444447
7 0.8369791666666667 0.3879629629629632 0.828125 0.3879629629629632 0.828125 0.43240740740740763 0.8369791666666667 0.43240740740740763
8 0.8072916666666666 0.36296296296296315 0.79375 0.36296296296296315 0.79375 0.3935185185185187 0.8072916666666666 0.3935185185185187
7 0.7697916666666667 0.3166666666666669 0.7619791666666667 0.3166666666666669 0.7619791666666667 0.3537037037037039 0.7697916666666667 0.3537037037037039
7 0.7760416666666666 0.3240740740740743 0.7692708333333333 0.3240740740740743 0.7692708333333333 0.3537037037037039 0.7760416666666666 0.3537037037037039
7 0.7380208333333333 0.2981481481481484 0.7307291666666667 0.2981481481481484 0.7307291666666667 0.3314814814814817 0.7380208333333333 0.3314814814814817
7 0.8833333333333333 0.40092592592592613 0.8708333333333333 0.40092592592592613 0.8708333333333333 0.44351851851851876 0.8833333333333333 0.44351851851851876
7 0.934375 0.3972222222222224 0.9223958333333333 0.3972222222222224 0.9223958333333333 0.4370370370370372 0.934375 0.4370370370370372
7 0.9442708333333333 0.3916666666666669 0.934375 0.3916666666666669 0.934375 0.43240740740740763 0.9442708333333333 0.43240740740740763
7 0.9479166666666666 0.402777777777778 0.9380208333333333 0.402777777777778 0.9380208333333333 0.4472222222222224 0.9479166666666666 0.4472222222222224
7 0.953125 0.40833333333333355 0.9442708333333333 0.40833333333333355 0.9442708333333333 0.4509259259259261 0.953125 0.4509259259259261
7 0.9604166666666667 0.4138888888888891 0.9458333333333333 0.4138888888888891 0.9458333333333333 0.4564814814814817 0.9604166666666667 0.4564814814814817
7 0.9770833333333333 0.40462962962962984 0.9666666666666667 0.40462962962962984 0.9666666666666667 0.452777777777778 0.9770833333333333 0.452777777777778
7 0.9776041666666667 0.4212962962962965 0.965625 0.4212962962962965 0.965625 0.4601851851851854 0.9776041666666667 0.4601851851851854
8 0.9901041666666667 0.4138888888888891 0.9765625 0.4138888888888891 0.9765625 0.46203703703703725 0.9901041666666667 0.46203703703703725
7 0.9197916666666667 0.37037037037037057 0.9109375 0.37037037037037057 0.9109375 0.4111111111111113 0.9197916666666667 0.4111111111111113
7 0.9276041666666667 0.36944444444444463 0.9192708333333334 0.36944444444444463 0.9192708333333334 0.414814814814815 0.9276041666666667 0.414814814814815
7 0.890625 0.33703703703703725 0.8833333333333333 0.33703703703703725 0.8833333333333333 0.37592592592592616 0.890625 0.37592592592592616
3 0.8619791666666666 0.3000000000000002 0.8552083333333333 0.3000000000000002 0.8552083333333333 0.33703703703703725 0.8619791666666666 0.33703703703703725
7 0.8885416666666667 0.2629629629629632 0.8802083333333334 0.2629629629629632 0.8802083333333334 0.29166666666666685 0.8885416666666667 0.29166666666666685
7 0.7526041666666666 0.30092592592592615 0.7453125 0.30092592592592615 0.7453125 0.3361111111111113 0.7526041666666666 0.3361111111111113
7 0.7583333333333333 0.302777777777778 0.7526041666666666 0.302777777777778 0.7526041666666666 0.3351851851851854 0.7583333333333333 0.3351851851851854
7 0.7520833333333333 0.2962962962962965 0.7458333333333333 0.2962962962962965 0.7458333333333333 0.3324074074074076 0.7520833333333333 0.3324074074074076
7 0.7588541666666667 0.2962962962962965 0.7526041666666666 0.2962962962962965 0.7526041666666666 0.33055555555555577 0.7588541666666667 0.33055555555555577
7 0.7708333333333334 0.29351851851851873 0.7645833333333333 0.29351851851851873 0.7645833333333333 0.3259259259259261 0.7708333333333334 0.3259259259259261
7 0.7979166666666667 0.2944444444444447 0.790625 0.2944444444444447 0.790625 0.327777777777778 0.7979166666666667 0.327777777777778
7 0.7755208333333333 0.289814814814815 0.7697916666666667 0.289814814814815 0.7697916666666667 0.3175925925925928 0.7755208333333333 0.3175925925925928
7 0.7791666666666667 0.2944444444444447 0.7734375 0.2944444444444447 0.7734375 0.3203703703703706 0.7791666666666667 0.3203703703703706
7 0.7677083333333333 0.28703703703703726 0.7625 0.28703703703703726 0.7625 0.31296296296296316 0.7677083333333333 0.31296296296296316
7 0.7807291666666667 0.2851851851851854 0.775 0.2851851851851854 0.775 0.3120370370370372 0.7807291666666667 0.3120370370370372
7 0.7848958333333333 0.2787037037037039 0.7796875 0.2787037037037039 0.7796875 0.3064814814814817 0.7848958333333333 0.3064814814814817
7 0.8166666666666667 0.2666666666666669 0.8104166666666667 0.2666666666666669 0.8104166666666667 0.2925925925925928 0.8166666666666667 0.2925925925925928
7 0.7932291666666667 0.28333333333333355 0.7885416666666667 0.28333333333333355 0.7885416666666667 0.30555555555555575 0.7932291666666667 0.30555555555555575
8 0.64375 0.2879629629629631 0.6354166666666666 0.2879629629629631 0.6354166666666666 0.32037037037037047 0.64375 0.32037037037037047
7 0.6421875 0.28333333333333344 0.6369791666666667 0.28333333333333344 0.6369791666666667 0.31296296296296305 0.6421875 0.31296296296296305
1 0.6458333333333334 0.29907407407407416 0.6307291666666667 0.29907407407407416 0.6307291666666667 0.32222222222222235 0.6458333333333334 0.32222222222222235
7 0.69375 0.2824074074074075 0.6885416666666667 0.2824074074074075 0.6885416666666667 0.3064814814814816 0.69375 0.3064814814814816
7 0.6963541666666667 0.2898148148148149 0.6916666666666667 0.2898148148148149 0.6916666666666667 0.31203703703703717 0.6963541666666667 0.31203703703703717
7 0.6625 0.2898148148148149 0.6552083333333333 0.2898148148148149 0.6552083333333333 0.31851851851851865 0.6625 0.31851851851851865
7 0.659375 0.2814814814814816 0.6552083333333333 0.2814814814814816 0.6552083333333333 0.3111111111111112 0.659375 0.3111111111111112
7 0.6604166666666667 0.27314814814814825 0.6557291666666667 0.27314814814814825 0.6557291666666667 0.3000000000000001 0.6604166666666667 0.3000000000000001
7 0.675 0.27314814814814825 0.6703125 0.27314814814814825 0.6703125 0.30277777777777787 0.675 0.30277777777777787
4 0.6734375 0.3296296296296297 0.6578125 0.3296296296296297 0.6578125 0.3555555555555557 0.6734375 0.3555555555555557
4 0.8494791666666667 0.2546296296296298 0.8177083333333334 0.2546296296296298 0.8177083333333334 0.28333333333333355 0.8494791666666667 0.28333333333333355
4 0.8088541666666667 0.264814814814815 0.7947916666666667 0.264814814814815 0.7947916666666667 0.29351851851851873 0.8088541666666667 0.29351851851851873
8 0.7416666666666667 0.2666666666666669 0.7338541666666667 0.2666666666666669 0.7338541666666667 0.29074074074074097 0.7416666666666667 0.29074074074074097
1 0.7427083333333333 0.27592592592592613 0.73125 0.27592592592592613 0.73125 0.29537037037037056 0.7427083333333333 0.29537037037037056
8 0.75 0.2712962962962965 0.7447916666666666 0.2712962962962965 0.7447916666666666 0.29074074074074097 0.75 0.29074074074074097
1 0.7515625 0.27685185185185207 0.74375 0.27685185185185207 0.74375 0.2944444444444447 0.7515625 0.2944444444444447
8 0.7802083333333333 0.25185185185185205 0.7723958333333333 0.25185185185185205 0.7723958333333333 0.2712962962962965 0.7802083333333333 0.2712962962962965
1 0.7807291666666667 0.26111111111111135 0.7697916666666667 0.26111111111111135 0.7697916666666667 0.277777777777778 0.7807291666666667 0.277777777777778
8 0.7848958333333333 0.26203703703703723 0.7776041666666667 0.26203703703703723 0.7776041666666667 0.27592592592592613 0.7848958333333333 0.27592592592592613
7 0.7848958333333333 0.2787037037037039 0.7796875 0.2787037037037039 0.7796875 0.3064814814814817 0.7848958333333333 0.3064814814814817
1 0.7869791666666667 0.2685185185185187 0.775 0.2685185185185187 0.775 0.28333333333333355 0.7869791666666667 0.28333333333333355
8 0.7848958333333333 0.252777777777778 0.7802083333333333 0.252777777777778 0.7802083333333333 0.26944444444444465 0.7848958333333333 0.26944444444444465
1 0.7864583333333334 0.2601851851851854 0.778125 0.2601851851851854 0.778125 0.27314814814814836 0.7864583333333334 0.27314814814814836
8 0.7880208333333333 0.24814814814814837 0.7822916666666667 0.24814814814814837 0.7822916666666667 0.2638888888888891 0.7880208333333333 0.2638888888888891
1 0.7880208333333333 0.25370370370370393 0.7791666666666667 0.25370370370370393 0.7791666666666667 0.2712962962962965 0.7880208333333333 0.2712962962962965
8 0.7947916666666667 0.24722222222222243 0.7890625 0.24722222222222243 0.7890625 0.26203703703703723 0.7947916666666667 0.26203703703703723
8 0.796875 0.24537037037037057 0.7927083333333333 0.24537037037037057 0.7927083333333333 0.25925925925925947 0.796875 0.25925925925925947
8 0.8140625 0.23518518518518533 0.8083333333333333 0.23518518518518533 0.8083333333333333 0.25370370370370393 0.8140625 0.25370370370370393
8 0.8119791666666667 0.2462962962962965 0.8067708333333333 0.2462962962962965 0.8067708333333333 0.26111111111111135 0.8119791666666667 0.26111111111111135
5 0.815625 0.2425925925925928 0.80625 0.2425925925925928 0.80625 0.25740740740740764 0.815625 0.25740740740740764
4 0.865625 0.20185185185185203 0.8229166666666666 0.201851851851852 0.8229166666666666 0.2685185185185187 0.865625 0.2685185185185187
4 0.9213541666666667 0.19722222222222244 0.8635416666666667 0.19722222222222244 0.8635416666666667 0.2500000000000002 0.9213541666666667 0.2500000000000002
4 0.8625 0.21666666666666687 0.8505208333333333 0.21666666666666687 0.8505208333333333 0.23611111111111133 0.8625 0.23611111111111133
4 0.5244791666666667 0.1740740740740742 0.475 0.1740740740740742 0.475 0.2212962962962964 0.5244791666666667 0.2212962962962964
1 0.4828125 0.22314814814814826 0.47760416666666666 0.22314814814814826 0.47760416666666666 0.23796296296296307 0.4828125 0.23796296296296307
8 0.5322916666666667 0.18796296296296308 0.5276041666666667 0.18796296296296308 0.5276041666666667 0.2027777777777779 0.5322916666666667 0.2027777777777779
1 0.5338541666666666 0.19351851851851862 0.5260416666666666 0.19351851851851862 0.5260416666666666 0.20925925925925937 0.5338541666666666 0.20925925925925937
8 0.5390625 0.2074074074074075 0.534375 0.2074074074074075 0.534375 0.2324074074074075 0.5390625 0.2324074074074075
1 0.5416666666666666 0.2185185185185186 0.5322916666666667 0.2185185185185186 0.5322916666666667 0.2351851851851853 0.5416666666666666 0.2351851851851853
8 0.546875 0.18518518518518529 0.5421875 0.18518518518518529 0.5421875 0.19814814814814824 0.546875 0.19814814814814824
1 0.5489583333333333 0.19074074074074085 0.5401041666666667 0.19074074074074085 0.5401041666666667 0.20555555555555566 0.5489583333333333 0.20555555555555566
7 0.55 0.20925925925925937 0.5458333333333333 0.20925925925925937 0.5458333333333333 0.2314814814814816 0.55 0.2314814814814816
7 0.5567708333333333 0.2037037037037038 0.5526041666666667 0.2037037037037038 0.5526041666666667 0.2287037037037038 0.5567708333333333 0.2287037037037038
4 0.5822916666666667 0.1601851851851853 0.5197916666666667 0.1601851851851853 0.5197916666666667 0.1787037037037038 0.5822916666666667 0.1787037037037038
4 0.65 0.14907407407407422 0.615625 0.14907407407407422 0.615625 0.1722222222222224 0.65 0.1722222222222224
3 0.5958333333333333 0.21111111111111122 0.5645833333333333 0.21111111111111122 0.5645833333333333 0.23425925925925936 0.5958333333333333 0.23425925925925936
3 0.6151041666666667 0.21388888888888902 0.5848958333333333 0.213888888888889 0.5848958333333333 0.23981481481481493 0.6151041666666667 0.23981481481481493
3 0.5973958333333333 0.2027777777777779 0.5671875 0.2027777777777779 0.5671875 0.22314814814814826 0.5973958333333333 0.22314814814814826
11 0.5885416666666666 0.19166666666666676 0.5598958333333334 0.19166666666666676 0.5598958333333334 0.2185185185185186 0.5885416666666666 0.2185185185185186
3 0.5869791666666667 0.188888888888889 0.559375 0.188888888888889 0.559375 0.20925925925925937 0.5869791666666667 0.20925925925925937
11 0.6203125 0.1777777777777779 0.590625 0.1777777777777779 0.590625 0.20462962962962977 0.6203125 0.2046296296296298
4 0.6182291666666667 0.16203703703703717 0.58125 0.16203703703703715 0.58125 0.17592592592592607 0.6182291666666667 0.1759259259259261
11 0.6296875 0.18888888888888902 0.6005208333333333 0.188888888888889 0.6005208333333333 0.21666666666666679 0.6296875 0.2166666666666668
11 0.6442708333333333 0.17962962962962978 0.6203125 0.17962962962962978 0.6203125 0.20277777777777795 0.6442708333333333 0.20277777777777795
3 0.6484375 0.17407407407407424 0.6255208333333333 0.17407407407407424 0.6255208333333333 0.19259259259259276 0.6484375 0.19259259259259276
3 0.6572916666666667 0.1879629629629631 0.6317708333333333 0.1879629629629631 0.6317708333333333 0.20833333333333348 0.6572916666666667 0.20833333333333348
11 0.6567708333333333 0.201851851851852 0.6291666666666667 0.201851851851852 0.6291666666666667 0.22870370370370385 0.6567708333333333 0.22870370370370385
3 0.6723958333333333 0.2166666666666668 0.6442708333333333 0.2166666666666668 0.6442708333333333 0.24074074074074084 0.6723958333333333 0.24074074074074084
11 0.68125 0.226851851851852 0.6536458333333334 0.226851851851852 0.6536458333333334 0.25092592592592605 0.68125 0.25092592592592605
3 0.7057291666666666 0.2296296296296298 0.6765625 0.2296296296296298 0.6765625 0.2564814814814816 0.7057291666666666 0.2564814814814816
11 0.734375 0.24259259259259275 0.7015625 0.2425925925925927 0.7015625 0.2694444444444446 0.734375 0.26944444444444465
11 0.690625 0.1879629629629631 0.6651041666666667 0.1879629629629631 0.6651041666666667 0.22037037037037052 0.690625 0.22037037037037052
3 0.725 0.2120370370370372 0.7010416666666667 0.2120370370370372 0.7010416666666667 0.23518518518518533 0.725 0.23518518518518533
3 0.6703125 0.176851851851852 0.6494791666666667 0.176851851851852 0.6494791666666667 0.19537037037037053 0.6703125 0.19537037037037053
3 0.6822916666666666 0.18148148148148163 0.6598958333333333 0.18148148148148163 0.6598958333333333 0.2009259259259261 0.6822916666666666 0.2009259259259261
11 0.6973958333333333 0.16111111111111126 0.6723958333333333 0.16111111111111126 0.6723958333333333 0.18148148148148163 0.6973958333333333 0.18148148148148163
3 0.696875 0.16851851851851868 0.6786458333333333 0.16851851851851868 0.6786458333333333 0.18888888888888905 0.696875 0.18888888888888905
3 0.7046875 0.17500000000000016 0.6828125 0.17500000000000016 0.6828125 0.19444444444444461 0.7046875 0.19444444444444461
3 0.7375 0.19629629629629644 0.7119791666666667 0.19629629629629644 0.7119791666666667 0.22037037037037052 0.7375 0.22037037037037052
3 0.753125 0.21481481481481499 0.7260416666666667 0.21481481481481499 0.7260416666666667 0.23981481481481504 0.753125 0.23981481481481504
3 0.7723958333333333 0.22129629629629646 0.7494791666666667 0.22129629629629646 0.7494791666666667 0.24907407407407428 0.7723958333333333 0.24907407407407428
3 0.725 0.16296296296296311 0.7052083333333333 0.16296296296296311 0.7052083333333333 0.18148148148148163 0.725 0.18148148148148163
3 0.728125 0.16851851851851868 0.7072916666666667 0.16851851851851868 0.7072916666666667 0.18611111111111128 0.728125 0.18611111111111128
3 0.7286458333333333 0.1759259259259261 0.7057291666666666 0.1759259259259261 0.7057291666666666 0.19537037037037053 0.7286458333333333 0.19537037037037053
11 0.7432291666666667 0.17870370370370386 0.7208333333333333 0.17870370370370386 0.7208333333333333 0.2009259259259261 0.7432291666666667 0.2009259259259261
11 0.7526041666666666 0.15277777777777793 0.73125 0.15277777777777793 0.73125 0.1722222222222224 0.7526041666666666 0.1722222222222224
11 0.7520833333333333 0.16111111111111126 0.7333333333333333 0.16111111111111126 0.7333333333333333 0.17962962962962978 0.7520833333333333 0.17962962962962978
11 0.7557291666666667 0.1694444444444446 0.7375 0.1694444444444446 0.7375 0.18611111111111128 0.7557291666666667 0.18611111111111128
2 0.7703125 0.12777777777777793 0.7260416666666667 0.12777777777777793 0.7260416666666667 0.16481481481481497 0.7703125 0.16481481481481497
11 0.7796875 0.18425925925925943 0.7546875 0.18425925925925943 0.7546875 0.21111111111111128 0.7796875 0.21111111111111128
11 0.803125 0.19537037037037053 0.7796875 0.19537037037037053 0.7796875 0.21851851851851867 0.803125 0.21851851851851867
3 0.8161458333333333 0.21111111111111128 0.790625 0.21111111111111128 0.790625 0.23611111111111127 0.8161458333333333 0.23611111111111127
3 0.775 0.17129629629629645 0.753125 0.17129629629629645 0.753125 0.19259259259259276 0.775 0.19259259259259276
3 0.7802083333333333 0.1620370370370372 0.7567708333333333 0.1620370370370372 0.7567708333333333 0.18148148148148163 0.7802083333333333 0.18148148148148163
3 0.7947916666666667 0.16388888888888906 0.7739583333333333 0.16388888888888906 0.7739583333333333 0.1833333333333335 0.7947916666666667 0.1833333333333335
2 0.815625 0.1296296296296298 0.771875 0.1296296296296298 0.771875 0.1759259259259261 0.815625 0.1759259259259261
11 0.8109375 0.15740740740740758 0.7927083333333333 0.15740740740740758 0.7927083333333333 0.17962962962962978 0.8109375 0.17962962962962978
11 0.8307291666666666 0.15092592592592607 0.8130208333333333 0.15092592592592607 0.8130208333333333 0.17129629629629645 0.8307291666666666 0.17129629629629645
11 0.8421875 0.17407407407407424 0.8203125 0.17407407407407424 0.8203125 0.19629629629629644 0.8421875 0.19629629629629644
11 0.85625 0.16203703703703723 0.8359375 0.1620370370370372 0.8359375 0.18333333333333351 0.85625 0.18333333333333354
3 0.8864583333333333 0.17685185185185207 0.8661458333333333 0.17685185185185207 0.8661458333333333 0.19351851851851873 0.8864583333333333 0.19351851851851873
2 0.8229166666666666 0.11851851851851868 0.7854166666666667 0.11851851851851868 0.7854166666666667 0.15185185185185202 0.8229166666666666 0.15185185185185202
3 0.8276041666666667 0.14537037037037054 0.8140625 0.14537037037037054 0.8140625 0.16481481481481497 0.8276041666666667 0.16481481481481497
3 0.7796875 0.15277777777777793 0.7614583333333333 0.15277777777777793 0.7614583333333333 0.16851851851851868 0.7796875 0.16851851851851868
3 0.834375 0.13796296296296312 0.8166666666666667 0.13796296296296312 0.8166666666666667 0.15555555555555572 0.834375 0.15555555555555572
3 0.8432291666666667 0.14259259259259274 0.8260416666666667 0.14259259259259274 0.8260416666666667 0.16388888888888906 0.8432291666666667 0.16388888888888906
3 0.8442708333333333 0.15092592592592607 0.8260416666666667 0.15092592592592607 0.8260416666666667 0.16759259259259274 0.8442708333333333 0.16759259259259274
11 0.8520833333333333 0.1259259259259261 0.8375 0.12592592592592608 0.8375 0.14629629629629648 0.8520833333333333 0.1462962962962965
4 0.8640625 0.10277777777777797 0.825 0.10277777777777797 0.825 0.12314814814814833 0.8640625 0.12314814814814835
4 0.86875 0.12314814814814835 0.8557291666666667 0.12314814814814835 0.8557291666666667 0.15925925925925946 0.86875 0.15925925925925946
3 0.9234375 0.1740740740740743 0.903125 0.1740740740740743 0.903125 0.19166666666666687 0.9234375 0.19166666666666687
2 0.9166666666666666 0.13055555555555576 0.8744791666666667 0.13055555555555576 0.8744791666666667 0.1740740740740743 0.9166666666666666 0.1740740740740743
8 0.68125 0.14629629629629645 0.6770833333333334 0.14629629629629645 0.6770833333333334 0.16018518518518535 0.68125 0.16018518518518535
1 0.6838541666666667 0.15277777777777793 0.6760416666666667 0.15277777777777793 0.6760416666666667 0.1657407407407409 0.6838541666666667 0.1657407407407409
7 0.7026041666666667 0.1342592592592594 0.6989583333333333 0.1342592592592594 0.6989583333333333 0.15000000000000016 0.7026041666666667 0.15000000000000016
8 0.6973958333333333 0.14537037037037054 0.69375 0.14537037037037054 0.69375 0.15648148148148164 0.6973958333333333 0.15648148148148164
1 0.6973958333333333 0.15000000000000016 0.6921875 0.15000000000000016 0.6921875 0.1592592592592594 0.6973958333333333 0.1592592592592594
7 0.7255208333333333 0.1296296296296298 0.7223958333333333 0.1296296296296298 0.7223958333333333 0.14907407407407422 0.7255208333333333 0.14907407407407422