3 0.5573529411764706 0.06143790849673215 0.4963235294117647 0.06143790849673214 0.4963235294117647 0.12549019607843148 0.5573529411764706 0.12549019607843148
10 0.7610294117647058 0.00653594771241846 0.7066176470588236 0.0065359477124184535 0.7066176470588236 0.12810457516339885 0.7610294117647058 0.12810457516339885
3 0.8227941176470588 0.21830065359477138 0.7691176470588236 0.21830065359477138 0.7691176470588236 0.31764705882352956 0.8227941176470588 0.31764705882352956
3 0.9051470588235294 0.23398692810457536 0.8441176470588235 0.2339869281045753 0.8441176470588235 0.32287581699346424 0.9051470588235294 0.3228758169934643
11 0.9522058823529411 0.3254901960784316 0.8786764705882353 0.3254901960784316 0.8786764705882353 0.435294117647059 0.9522058823529411 0.435294117647059
3 0.9948529411764706 0.46666666666666684 0.9397058823529412 0.46666666666666684 0.9397058823529412 0.5973856209150328 0.9948529411764706 0.5973856209150328
3 0.7044117647058824 0.7477124183006537 0.6316176470588235 0.7477124183006536 0.6316176470588235 1.0000000000000002 0.7044117647058824 1.0000000000000002
7 0.4117647058823529 0.9777777777777777 0.39191176470588235 0.9777777777777777 0.39191176470588235 0.9986928104575163 0.4117647058823529 0.9986928104575163
7 0.5117647058823529 0.8496732026143791 0.49117647058823527 0.8496732026143791 0.49117647058823527 0.9294117647058824 0.5117647058823529 0.9294117647058824
8 0.5683823529411764 0.7503267973856209 0.5448529411764705 0.7503267973856209 0.5448529411764705 0.8052287581699347 0.5683823529411764 0.8052287581699347
9 0.5705882352941176 0.7189542483660131 0.5411764705882353 0.7189542483660131 0.5411764705882353 0.8483660130718954 0.5705882352941176 0.8483660130718954
8 0.6257352941176471 0.7071895424836602 0.6058823529411764 0.7071895424836602 0.6058823529411764 0.7490196078431373 0.6257352941176471 0.7490196078431373
8 0.2970588235294119 0.7555555555555555 0.274264705882353 0.7555555555555555 0.274264705882353 0.8013071895424837 0.2970588235294119 0.8013071895424837
8 0.4470588235294118 0.6967320261437908 0.42205882352941176 0.6967320261437908 0.42205882352941176 0.7372549019607844 0.4470588235294118 0.7372549019607844
9 0.44779411764705884 0.6941176470588235 0.4007352941176471 0.6941176470588235 0.4007352941176471 0.8352941176470589 0.44779411764705884 0.8352941176470589
7 0.5088235294117647 0.6248366013071897 0.4933823529411765 0.6248366013071897 0.4933823529411765 0.6993464052287581 0.5088235294117647 0.6993464052287581
7 0.3683823529411765 0.5712418300653597 0.3551470588235294 0.5712418300653597 0.3551470588235294 0.6261437908496733 0.36838235294117655 0.6261437908496733
7 0.3801470588235294 0.5594771241830067 0.3625 0.5594771241830067 0.36250000000000004 0.631372549019608 0.3801470588235294 0.631372549019608
8 0.45073529411764707 0.562091503267974 0.4308823529411765 0.562091503267974 0.4308823529411765 0.6078431372549021 0.45073529411764707 0.6078431372549021
7 0.525 0.5869281045751635 0.5147058823529411 0.5869281045751635 0.5147058823529411 0.6287581699346406 0.525 0.6287581699346406
7 0.5169117647058824 0.5594771241830067 0.5007352941176471 0.5594771241830067 0.5007352941176471 0.6300653594771244 0.5169117647058824 0.6300653594771244
7 0.6235294117647059 0.63921568627451 0.6095588235294118 0.63921568627451 0.6095588235294118 0.7084967320261438 0.6235294117647059 0.7084967320261438
7 0.6227941176470588 0.619607843137255 0.611764705882353 0.619607843137255 0.611764705882353 0.6784313725490196 0.6227941176470588 0.6784313725490196
7 0.6529411764705882 0.5882352941176472 0.6352941176470588 0.5882352941176472 0.6352941176470588 0.6483660130718956 0.6529411764705882 0.6483660130718956
7 0.7183823529411765 0.25620915032679753 0.7066176470588236 0.25620915032679753 0.7066176470588236 0.31503267973856225 0.7183823529411765 0.31503267973856225
7 0.611764705882353 0.508496732026144 0.6 0.508496732026144 0.6 0.5790849673202616 0.611764705882353 0.5790849673202616
7 0.5838235294117647 0.4771241830065361 0.5698529411764706 0.4771241830065361 0.5698529411764706 0.5241830065359478 0.5838235294117647 0.5241830065359478
7 0.5720588235294117 0.4575163398692812 0.5544117647058824 0.4575163398692812 0.5544117647058824 0.5241830065359478 0.5720588235294117 0.5241830065359478
9 0.6551470588235294 0.46535947712418313 0.6132352941176471 0.46535947712418313 0.6132352941176471 0.5764705882352943 0.6551470588235294 0.5764705882352943
9 0.6463235294117647 0.3764705882352943 0.5948529411764706 0.3764705882352943 0.5948529411764706 0.4732026143790851 0.6463235294117647 0.4732026143790851
8 0.5963235294117647 0.3843137254901962 0.5801470588235295 0.3843137254901962 0.5801470588235295 0.42614379084967335 0.5963235294117647 0.42614379084967335
8 0.5801470588235295 0.36339869281045767 0.5683823529411764 0.36339869281045767 0.5683823529411764 0.4169934640522877 0.5801470588235295 0.4169934640522877
1 0.4198529411764706 0.5202614379084969 0.3926470588235294 0.5202614379084969 0.3926470588235294 0.5895424836601308 0.4198529411764706 0.5895424836601308
7 0.41911764705882354 0.3921568627450982 0.40441176470588236 0.3921568627450982 0.40441176470588236 0.45620915032679754 0.41911764705882354 0.45620915032679754
7 0.3977941176470588 0.3490196078431374 0.3830882352941177 0.3490196078431374 0.3830882352941177 0.4052287581699348 0.3977941176470588 0.4052287581699348
3 0.4 0.36078431372549036 0.3536764705882353 0.36078431372549036 0.3536764705882353 0.5241830065359478 0.4 0.5241830065359478
7 0.2566176470588235 0.10849673202614385 0.24338235294117647 0.10849673202614382 0.24338235294117647 0.15816993464052292 0.2566176470588235 0.15816993464052295
5 0.3514705882352941 0.24705882352941183 0.33455882352941174 0.24705882352941183 0.33455882352941174 0.29281045751633994 0.3514705882352941 0.29281045751633994
7 0.35661764705882354 0.22745098039215694 0.3426470588235294 0.22745098039215694 0.3426470588235294 0.288888888888889 0.35661764705882354 0.288888888888889
7 0.37720588235294117 0.23267973856209156 0.36911764705882355 0.23267973856209156 0.36911764705882355 0.2666666666666667 0.37720588235294117 0.2666666666666667
7 0.4536764705882353 0.3124183006535948 0.44485294117647056 0.3124183006535948 0.44485294117647056 0.354248366013072 0.4536764705882353 0.354248366013072
7 0.44632352941176473 0.2549019607843138 0.4360294117647059 0.2549019607843138 0.4360294117647059 0.31111111111111117 0.44632352941176473 0.31111111111111117
9 0.46691176470588236 0.23398692810457525 0.42867647058823527 0.23398692810457525 0.42867647058823527 0.3045751633986929 0.46691176470588236 0.3045751633986929
7 0.46397058823529413 0.2941176470588236 0.4536764705882353 0.2941176470588236 0.4536764705882353 0.3464052287581701 0.46397058823529413 0.3464052287581701
7 0.46544117647058825 0.3176470588235295 0.45588235294117646 0.3176470588235295 0.45588235294117646 0.3725490196078433 0.46544117647058825 0.3725490196078433
9 0.4904411764705882 0.31633986928104585 0.46176470588235297 0.31633986928104585 0.46176470588235297 0.3986928104575165 0.4904411764705882 0.3986928104575165
7 0.5058823529411764 0.30849673202614386 0.49779411764705883 0.30849673202614386 0.49779411764705883 0.3437908496732028 0.5058823529411764 0.3437908496732028
7 0.5014705882352941 0.28235294117647064 0.48970588235294116 0.28235294117647064 0.48970588235294116 0.34117647058823547 0.5014705882352941 0.34117647058823547
7 0.49411764705882355 0.2614379084967321 0.4823529411764706 0.2614379084967321 0.4823529411764706 0.3202614379084968 0.49411764705882355 0.3202614379084968
5 0.5051470588235294 0.2745098039215687 0.4742647058823529 0.2745098039215687 0.4742647058823529 0.3098039215686275 0.5051470588235294 0.3098039215686275
7 0.5529411764705883 0.24575163398692826 0.5397058823529411 0.24575163398692826 0.5397058823529411 0.29803921568627467 0.5529411764705883 0.29803921568627467
5 0.5566176470588236 0.2640522875816995 0.5433823529411764 0.2640522875816995 0.5433823529411764 0.3098039215686276 0.5566176470588236 0.3098039215686276
8 0.5683823529411764 0.22352941176470603 0.5595588235294118 0.22352941176470603 0.5595588235294118 0.2653594771241832 0.5683823529411764 0.2653594771241832
5 0.5661764705882353 0.23921568627450995 0.5588235294117647 0.23921568627450995 0.5588235294117647 0.2836601307189544 0.5661764705882353 0.2836601307189544
7 0.5845588235294118 0.21699346405228773 0.5735294117647058 0.21699346405228773 0.5735294117647058 0.27450980392156876 0.5845588235294118 0.27450980392156876
9 0.6198529411764706 0.2575163398692812 0.5669117647058823 0.2575163398692812 0.5669117647058823 0.3764705882352943 0.6198529411764706 0.3764705882352943