4 0.521875 0.11296296296296306 0.31145833333333334 0.11296296296296304 0.31145833333333334 0.30555555555555564 0.521875 0.30555555555555564
3 0.28958333333333347 0.8814814814814815 0.2510416666666667 0.8814814814814815 0.2510416666666667 0.9944444444444445 0.28958333333333347 0.9944444444444445
3 0.51875 0.6259259259259261 0.49375 0.6259259259259261 0.49375 0.6666666666666669 0.51875 0.6666666666666669
3 0.7052083333333333 0.790740740740741 0.665625 0.790740740740741 0.665625 0.8629629629629632 0.7052083333333333 0.8629629629629632
3 0.34479166666666666 0.5185185185185185 0.3260416666666667 0.5185185185185185 0.3260416666666667 0.5666666666666667 0.34479166666666666 0.5666666666666667
3 0.47604166666666664 0.48518518518518516 0.46041666666666664 0.48518518518518516 0.46041666666666664 0.5148148148148148 0.47604166666666664 0.5148148148148148
3 0.3625 0.4462962962962964 0.346875 0.4462962962962964 0.346875 0.4740740740740741 0.3625 0.4740740740740741
3 0.3875 0.42777777777777787 0.3729166666666667 0.42777777777777787 0.3729166666666667 0.45370370370370383 0.3875 0.45370370370370383
3 0.3614583333333333 0.40555555555555567 0.34791666666666665 0.40555555555555567 0.34791666666666665 0.42777777777777787 0.3614583333333333 0.42777777777777787
3 0.41770833333333335 0.39074074074074083 0.39895833333333336 0.39074074074074083 0.39895833333333336 0.4111111111111112 0.41770833333333335 0.4111111111111112
3 0.43645833333333334 0.3277777777777779 0.425 0.3277777777777779 0.425 0.34259259259259267 0.43645833333333334 0.34259259259259267
3 0.4427083333333333 0.3611111111111112 0.421875 0.3611111111111112 0.421875 0.37962962962962976 0.4427083333333333 0.37962962962962976
3 0.44479166666666664 0.4185185185185186 0.43125 0.4185185185185186 0.43125 0.44444444444444453 0.44479166666666664 0.44444444444444453
3 0.5260416666666666 0.49444444444444463 0.5083333333333333 0.49444444444444463 0.5083333333333333 0.5259259259259261 0.5260416666666666 0.5259259259259261
3 0.43645833333333334 0.3777777777777779 0.4239583333333333 0.3777777777777779 0.4239583333333333 0.3962962962962964 0.43645833333333334 0.3962962962962964
3 0.4479166666666667 0.31296296296296305 0.43854166666666666 0.31296296296296305 0.43854166666666666 0.3277777777777779 0.4479166666666667 0.3277777777777779
3 0.42916666666666664 0.3074074074074075 0.42083333333333334 0.3074074074074075 0.42083333333333334 0.32222222222222235 0.42916666666666664 0.32222222222222235
3 0.4510416666666667 0.338888888888889 0.440625 0.338888888888889 0.440625 0.3555555555555557 0.4510416666666667 0.3555555555555557
3 0.45416666666666666 0.3555555555555557 0.4427083333333333 0.3555555555555557 0.4427083333333333 0.37222222222222234 0.45416666666666666 0.37222222222222234
11 0.49583333333333335 0.4648148148148149 0.4791666666666667 0.4648148148148149 0.4791666666666667 0.501851851851852 0.49583333333333335 0.5018518518518521
11 0.525 0.42962962962962975 0.5104166666666666 0.42962962962962975 0.5104166666666666 0.45925925925925937 0.525 0.45925925925925937
10 0.4635416666666667 0.40555555555555567 0.4510416666666667 0.40555555555555567 0.4510416666666667 0.42962962962962975 0.4635416666666667 0.42962962962962975
3 0.28020833333333334 0.36666666666666675 0.26458333333333334 0.36666666666666675 0.26458333333333334 0.3851851851851853 0.28020833333333334 0.3851851851851853
3 0.29791666666666666 0.3611111111111112 0.28020833333333334 0.3611111111111112 0.28020833333333334 0.3814814814814816 0.29791666666666666 0.3814814814814816
3 0.290625 0.39074074074074083 0.2791666666666667 0.39074074074074083 0.2791666666666667 0.4092592592592594 0.290625 0.4092592592592594
3 0.33645833333333336 0.3500000000000001 0.31145833333333334 0.3500000000000001 0.31145833333333334 0.3648148148148149 0.33645833333333336 0.3648148148148149
3 0.3375 0.34444444444444455 0.3125 0.34444444444444455 0.3125 0.3592592592592594 0.3375 0.3592592592592594
3 0.3416666666666667 0.338888888888889 0.31666666666666665 0.338888888888889 0.31666666666666665 0.3537037037037038 0.3416666666666667 0.3537037037037038
3 0.359375 0.3240740740740742 0.35104166666666664 0.3240740740740742 0.35104166666666664 0.33703703703703713 0.359375 0.33703703703703713
3 0.3416666666666667 0.30925925925925934 0.33541666666666664 0.30925925925925934 0.33541666666666664 0.32037037037037047 0.3416666666666667 0.32037037037037047
11 0.45729166666666665 0.37592592592592605 0.44583333333333336 0.37592592592592605 0.44583333333333336 0.3962962962962964 0.45729166666666665 0.3962962962962964
3 0.47604166666666664 0.3333333333333334 0.46770833333333334 0.3333333333333334 0.46770833333333334 0.3462962962962964 0.47604166666666664 0.3462962962962964
3 0.5125 0.3462962962962964 0.4864583333333333 0.3462962962962964 0.4864583333333333 0.36296296296296304 0.5125 0.36296296296296304
3 0.33125 0.3074074074074075 0.321875 0.3074074074074075 0.321875 0.31666666666666676 0.33125 0.31666666666666676
8 0.3145833333333333 0.6185185185185185 0.3072916666666667 0.6185185185185185 0.3072916666666667 0.6351851851851852 0.3145833333333333 0.6351851851851852
7 0.621875 0.5314814814814817 0.615625 0.5314814814814817 0.615625 0.5592592592592595 0.621875 0.5592592592592595
7 0.5489583333333333 0.44444444444444453 0.5427083333333333 0.44444444444444453 0.5427083333333333 0.4611111111111112 0.5489583333333333 0.4611111111111112
8 0.521875 0.5444444444444446 0.515625 0.5444444444444446 0.515625 0.5592592592592595 0.521875 0.5592592592592595
5 0.5239583333333333 0.5481481481481484 0.5135416666666667 0.5481481481481484 0.5135416666666667 0.5685185185185188 0.5239583333333333 0.5685185185185188
11 0.453125 0.45925925925925937 0.43854166666666666 0.45925925925925937 0.43854166666666666 0.49074074074074076 0.453125 0.49074074074074076
7 0.5072916666666667 0.36851851851851863 0.5041666666666667 0.36851851851851863 0.5041666666666667 0.3851851851851853 0.5072916666666667 0.3851851851851853
7 0.49895833333333334 0.3648148148148149 0.49375 0.3648148148148149 0.49375 0.3870370370370371 0.49895833333333334 0.3870370370370371
7 0.5135416666666667 0.3851851851851853 0.5083333333333333 0.3851851851851853 0.5083333333333333 0.4000000000000001 0.5135416666666667 0.4000000000000001
3 0.5052083333333334 0.37222222222222234 0.4979166666666667 0.37222222222222234 0.4979166666666667 0.39074074074074083 0.5052083333333334 0.39074074074074083
7 0.23750000000000007 0.8240740740740741 0.22812500000000005 0.8240740740740741 0.22812500000000005 0.8592592592592593 0.23750000000000007 0.8592592592592593