7 0.02941176470588239 0.4980392156862745 0.006617647058823563 0.4980392156862745 0.006617647058823566 0.5790849673202615 0.029411764705882394 0.5790849673202615
7 0.038970588235294146 0.43529411764705883 0.021323529411764738 0.43529411764705883 0.02132352941176474 0.5111111111111111 0.038970588235294146 0.5111111111111111
3 0.10000000000000005 0.4091503267973856 0.012500000000000027 0.4091503267973856 0.012500000000000032 0.5137254901960784 0.10000000000000005 0.5137254901960784
3 0.33676470588235297 0.5006535947712418 0.22573529411764706 0.5006535947712418 0.2257352941176471 0.6196078431372549 0.336764705882353 0.6196078431372549
3 0.46911764705882353 0.4849673202614381 0.3625 0.4849673202614381 0.36250000000000004 0.6222222222222223 0.46911764705882353 0.6222222222222223
8 0.6669117647058823 0.3333333333333335 0.6544117647058824 0.3333333333333335 0.6544117647058824 0.3751633986928106 0.6669117647058823 0.3751633986928106
7 0.6147058823529412 0.3921568627450982 0.6022058823529411 0.3921568627450982 0.6022058823529411 0.4601307189542485 0.6147058823529412 0.4601307189542485
7 0.6411764705882353 0.4222222222222224 0.6257352941176471 0.4222222222222224 0.6257352941176471 0.4705882352941178 0.6411764705882353 0.4705882352941178
7 0.6286764705882353 0.40653594771241847 0.6183823529411765 0.40653594771241847 0.6183823529411765 0.46535947712418313 0.6286764705882353 0.46535947712418313
1 0.6735294117647059 0.5111111111111113 0.6551470588235294 0.5111111111111113 0.6551470588235294 0.5686274509803924 0.6735294117647059 0.5686274509803924
7 0.6838235294117647 0.48888888888888904 0.6580882352941176 0.48888888888888904 0.6580882352941176 0.5686274509803924 0.6838235294117647 0.5686274509803924
5 0.7830882352941176 0.7359477124183009 0.7551470588235294 0.7359477124183009 0.7551470588235294 0.8235294117647062 0.7830882352941176 0.8235294117647062
8 0.7830882352941176 0.708496732026144 0.7514705882352941 0.708496732026144 0.7514705882352941 0.8078431372549023 0.7830882352941176 0.8078431372549023
7 0.7933823529411764 0.6091503267973858 0.7720588235294118 0.6091503267973858 0.7720588235294118 0.6980392156862748 0.7933823529411764 0.6980392156862748
7 0.7816176470588235 0.6065359477124185 0.763235294117647 0.6065359477124185 0.763235294117647 0.6888888888888892 0.7816176470588235 0.6888888888888892
7 0.9213235294117647 0.2666666666666669 0.8816176470588235 0.2666666666666669 0.8816176470588235 0.31372549019607865 0.9213235294117647 0.31372549019607865
5 0.825 0.42875816993464066 0.8110294117647059 0.42875816993464066 0.8110294117647059 0.4745098039215688 0.825 0.4745098039215688
8 0.8272058823529411 0.41045751633986943 0.8066176470588236 0.41045751633986943 0.8066176470588236 0.46666666666666684 0.8272058823529411 0.46666666666666684