4 0.6317708333333333 0.552777777777778 0.5302083333333333 0.552777777777778 0.5302083333333333 0.5925925925925928 0.6317708333333333 0.5925925925925928
4 0.5203125 0.602777777777778 0.5046875 0.602777777777778 0.5046875 0.6481481481481484 0.5203125 0.6481481481481484
7 0.29687500000000006 0.8027777777777778 0.2786458333333333 0.8027777777777778 0.27864583333333337 0.9222222222222223 0.2968750000000001 0.9222222222222223
7 0.3192708333333334 0.7564814814814815 0.2947916666666667 0.7564814814814815 0.29479166666666673 0.862037037037037 0.31927083333333345 0.862037037037037
7 0.39010416666666664 0.6564814814814814 0.3770833333333333 0.6564814814814814 0.3770833333333333 0.7166666666666667 0.39010416666666664 0.7166666666666667
7 0.36041666666666666 0.7194444444444444 0.3458333333333333 0.7194444444444444 0.3458333333333333 0.8037037037037037 0.36041666666666666 0.8037037037037037
5 0.4973958333333333 0.5944444444444447 0.48802083333333335 0.5944444444444447 0.48802083333333335 0.6222222222222225 0.4973958333333333 0.6222222222222225
3 0.653125 0.5907407407407409 0.6328125 0.5907407407407409 0.6328125 0.6379629629629632 0.653125 0.6379629629629632
3 0.5276041666666668 0.8555555555555556 0.4234375 0.8555555555555555 0.4234375000000001 1 0.5276041666666668 1
3 0.47291666666666665 0.6388888888888888 0.38958333333333334 0.6388888888888888 0.38958333333333334 0.6953703703703704 0.47291666666666665 0.6953703703703704
5 0.45625 0.6324074074074074 0.4317708333333333 0.6324074074074074 0.4317708333333333 0.6555555555555556 0.45625 0.6555555555555556
8 0.45 0.6222222222222222 0.4390625 0.6222222222222222 0.4390625 0.65 0.45 0.65
1 0.44947916666666665 0.6981481481481482 0.4359375 0.6981481481481482 0.4359375 0.7490740740740741 0.44947916666666665 0.7490740740740741
1 0.44635416666666666 0.6824074074074075 0.41458333333333336 0.6824074074074075 0.41458333333333336 0.7287037037037037 0.44635416666666666 0.7287037037037037
3 0.5291666666666667 0.7666666666666667 0.4546875 0.7666666666666667 0.4546875000000001 0.8796296296296298 0.5291666666666668 0.8796296296296299
1 0.49947916666666664 0.6935185185185186 0.46875 0.6935185185185185 0.46875 0.7425925925925927 0.49947916666666664 0.7425925925925928
8 0.4921875 0.6740740740740742 0.47552083333333334 0.674074074074074 0.47552083333333334 0.7324074074074075 0.4921875 0.7324074074074076
9 0.5036458333333333 0.6379629629629631 0.465625 0.637962962962963 0.465625 0.6805555555555557 0.5036458333333333 0.6805555555555558
8 0.48854166666666665 0.626851851851852 0.47239583333333335 0.6268518518518519 0.47239583333333335 0.6731481481481483 0.48854166666666665 0.6731481481481484
8 0.7765625 0.9055555555555558 0.74375 0.9055555555555558 0.74375 1 0.7765625 1
5 0.7005208333333334 0.8787037037037039 0.6645833333333333 0.8787037037037039 0.6645833333333333 0.9953703703703703 0.7005208333333334 0.9953703703703703
8 0.6979166666666666 0.8629629629629632 0.6651041666666667 0.8629629629629632 0.6651041666666667 0.9768518518518519 0.6979166666666666 0.9768518518518519
3 0.6286458333333333 0.7787037037037039 0.5640625 0.7787037037037039 0.5640625 0.8916666666666668 0.6286458333333333 0.8916666666666668
1 0.5546875 0.6046296296296299 0.5473958333333333 0.6046296296296299 0.5473958333333333 0.6333333333333335 0.5546875 0.6333333333333335
8 0.5552083333333333 0.5925925925925928 0.5473958333333333 0.5925925925925928 0.5473958333333333 0.6296296296296299 0.5552083333333333 0.6296296296296299
1 0.5401041666666667 0.6259259259259261 0.53125 0.6259259259259261 0.53125 0.6564814814814817 0.5401041666666667 0.6564814814814817
8 0.5416666666666666 0.6064814814814817 0.5322916666666667 0.6064814814814817 0.5322916666666667 0.6611111111111113 0.5416666666666666 0.6611111111111113
3 0.6078125 0.6425925925925928 0.5208333333333334 0.6425925925925928 0.5208333333333334 0.6916666666666669 0.6078125 0.6916666666666669
3 0.6208333333333333 0.6574074074074077 0.5255208333333333 0.6574074074074077 0.5255208333333333 0.7194444444444447 0.6208333333333333 0.7194444444444447
5 0.5895833333333333 0.7037037037037039 0.5734375 0.7037037037037039 0.5734375 0.7592592592592595 0.5895833333333333 0.7592592592592595
8 0.5875 0.7009259259259262 0.5729166666666666 0.7009259259259262 0.5729166666666666 0.752777777777778 0.5875 0.752777777777778
8 0.59375 0.6824074074074076 0.5692708333333333 0.6824074074074076 0.5692708333333333 0.7546296296296299 0.59375 0.7546296296296299
3 0.7390625 0.6537037037037039 0.6484375 0.6537037037037039 0.6484375 0.7101851851851854 0.7390625 0.7101851851851854
3 0.8052083333333333 0.6851851851851853 0.7130208333333333 0.6851851851851853 0.7130208333333333 0.7351851851851854 0.8052083333333333 0.7351851851851854
5 0.6453125 0.7231481481481483 0.6197916666666666 0.7231481481481483 0.6197916666666666 0.7805555555555558 0.6453125 0.7805555555555558
8 0.6447916666666667 0.702777777777778 0.6166666666666667 0.702777777777778 0.6166666666666667 0.7750000000000002 0.6447916666666667 0.7750000000000002
7 0.6911458333333333 0.6842592592592595 0.6723958333333333 0.6842592592592595 0.6723958333333333 0.7620370370370373 0.6911458333333333 0.7620370370370373
1 0.653125 0.7444444444444447 0.6333333333333333 0.7444444444444447 0.6333333333333333 0.802777777777778 0.653125 0.802777777777778
8 0.6515625 0.7250000000000002 0.6380208333333334 0.7250000000000002 0.6380208333333334 0.7972222222222224 0.6515625 0.7972222222222224
1 0.6588541666666666 0.7694444444444447 0.6385416666666667 0.7694444444444447 0.6385416666666667 0.8425925925925928 0.6588541666666666 0.8425925925925928
7 0.7359375 0.6944444444444446 0.7083333333333334 0.6944444444444446 0.7083333333333334 0.7814814814814817 0.7359375 0.7814814814814817
1 0.7338541666666667 0.7379629629629632 0.7130208333333333 0.7379629629629632 0.7130208333333333 0.8000000000000002 0.7338541666666667 0.8000000000000002
8 0.7307291666666667 0.7157407407407409 0.7109375 0.7157407407407409 0.7109375 0.7962962962962965 0.7307291666666667 0.7962962962962965
1 0.7015625 0.7416666666666669 0.6838541666666667 0.7416666666666669 0.6838541666666667 0.801851851851852 0.7015625 0.801851851851852
8 0.7010416666666667 0.7194444444444447 0.6807291666666667 0.7194444444444447 0.6807291666666667 0.8046296296296298 0.7010416666666667 0.8046296296296298
1 0.7072916666666667 0.7953703703703706 0.6875 0.7953703703703706 0.6875 0.8712962962962965 0.7072916666666667 0.8712962962962965
8 0.7072916666666667 0.7648148148148151 0.6869791666666667 0.7648148148148151 0.6869791666666667 0.8509259259259261 0.7072916666666667 0.8509259259259261
7 0.6609375 0.7425925925925928 0.6322916666666667 0.7425925925925928 0.6322916666666667 0.8361111111111114 0.6609375 0.8361111111111114
11 0.4166666666666667 0.6074074074074074 0.35833333333333334 0.6074074074074074 0.35833333333333334 0.6648148148148149 0.4166666666666667 0.6648148148148149