3 0.9352941176470588 0.6300653594771244 0.6625 0.6300653594771244 0.6625 0.9960784313725491 0.9352941176470588 0.9960784313725494
7 0.9073529411764706 0.5032679738562092 0.8514705882352941 0.5032679738562092 0.8514705882352941 0.6183006535947714 0.9073529411764706 0.6183006535947714
7 0.9272058823529412 0.34117647058823547 0.8727941176470588 0.34117647058823547 0.8727941176470588 0.45620915032679754 0.9272058823529412 0.45620915032679754
7 0.6169117647058824 0.22352941176470603 0.5794117647058824 0.22352941176470603 0.5794117647058824 0.3359477124183008 0.6169117647058824 0.3359477124183008
8 0.5279411764705882 0.3228758169934642 0.49779411764705883 0.3228758169934641 0.49779411764705883 0.40261437908496744 0.5279411764705882 0.40261437908496744
7 0.5286764705882353 0.6522875816993465 0.49117647058823527 0.6522875816993465 0.49117647058823527 0.730718954248366 0.5286764705882353 0.730718954248366
7 0.5426470588235294 0.7071895424836602 0.5102941176470588 0.7071895424836602 0.5102941176470588 0.7986928104575164 0.5426470588235294 0.7986928104575164
7 0.5176470588235295 0.7529411764705882 0.48823529411764705 0.7529411764705882 0.48823529411764705 0.8444444444444444 0.5176470588235295 0.8444444444444444
7 0.45955882352941174 0.8888888888888888 0.43676470588235294 0.8888888888888888 0.43676470588235294 0.9607843137254902 0.45955882352941174 0.9607843137254902
7 0.40808823529411764 0.8352941176470589 0.3750000000000001 0.8352941176470589 0.3750000000000001 0.9150326797385621 0.40808823529411764 0.9150326797385621
7 0.4 0.9019607843137255 0.3691176470588236 0.9019607843137255 0.3691176470588236 0.9751633986928104 0.4 0.9751633986928104
7 0.37205882352941183 0.9372549019607843 0.3389705882352942 0.9372549019607843 0.3389705882352942 1 0.37205882352941183 1
7 0.34264705882352947 0.9071895424836601 0.30441176470588244 0.9071895424836601 0.30441176470588244 0.9751633986928104 0.34264705882352947 0.9751633986928104
7 0.3125000000000001 0.9320261437908497 0.27352941176470597 0.9320261437908497 0.27352941176470597 1 0.3125000000000001 1
7 0.2875000000000001 0.8470588235294118 0.23088235294117657 0.8470588235294118 0.23088235294117657 0.918954248366013 0.2875000000000001 0.918954248366013
7 0.054411764705882375 0.20522875816993463 0.0029411764705882496 0.20522875816993463 0.0029411764705882543 0.33725490196078434 0.054411764705882375 0.33725490196078434
7 0.07500000000000002 0.27320261437908494 0.0029411764705882535 0.27320261437908494 0.0029411764705882574 0.3869281045751634 0.07500000000000002 0.3869281045751634
7 0.15220588235294116 0.09019607843137259 0.10073529411764706 0.09019607843137259 0.10073529411764706 0.21830065359477124 0.15220588235294116 0.21830065359477124
7 0.1022058823529412 0.21045751633986928 0.038970588235294125 0.21045751633986928 0.03897058823529413 0.3137254901960784 0.10220588235294122 0.3137254901960784
7 0.050000000000000065 0.8169934640522876 5.627972422552175e-17 0.8169934640522876 5.925129366462929e-17 0.9032679738562092 0.050000000000000065 0.9032679738562092
7 0.21544117647058833 0.938562091503268 0.1764705882352942 0.938562091503268 0.1764705882352942 1 0.21544117647058833 1