8 0.32352941176470595 0.6235294117647059 0.30955882352941183 0.6235294117647059 0.30955882352941183 0.6588235294117647 0.32352941176470595 0.6588235294117647
5 0.3279411764705883 0.6339869281045751 0.3088235294117648 0.6339869281045751 0.3088235294117648 0.6692810457516339 0.3279411764705883 0.6692810457516339
5 0.36691176470588244 0.807843137254902 0.3448529411764707 0.807843137254902 0.3448529411764707 0.8457516339869281 0.36691176470588244 0.8457516339869281
7 0.44779411764705884 0.48888888888888904 0.4375 0.48888888888888904 0.4375 0.5281045751633988 0.44779411764705884 0.5281045751633988
8 0.5470588235294118 0.4470588235294119 0.5397058823529411 0.4470588235294119 0.5397058823529411 0.46928104575163415 0.5470588235294118 0.46928104575163415
5 0.5470588235294118 0.45882352941176485 0.5389705882352941 0.45882352941176485 0.5389705882352941 0.48235294117647076 0.5470588235294118 0.48235294117647076
3 0.48676470588235293 0.8392156862745098 0.4375 0.8392156862745098 0.4375 0.9568627450980393 0.48676470588235293 0.9568627450980393
11 0.3897058823529412 0.8222222222222222 0.32941176470588246 0.8222222222222222 0.32941176470588246 0.9464052287581699 0.3897058823529412 0.9464052287581699
3 0.5183823529411765 0.5594771241830067 0.48455882352941176 0.5594771241830067 0.48455882352941176 0.6339869281045754 0.5183823529411765 0.6339869281045754
3 0.5426470588235294 0.5137254901960786 0.5102941176470588 0.5137254901960786 0.5102941176470588 0.5764705882352943 0.5426470588235294 0.5764705882352943
3 0.43970588235294117 0.44313725490196093 0.4147058823529412 0.44313725490196093 0.4147058823529412 0.496732026143791 0.43970588235294117 0.496732026143791
3 0.40661764705882353 0.3895424836601309 0.35661764705882354 0.3895424836601309 0.35661764705882354 0.42614379084967335 0.40661764705882353 0.42614379084967335
7 0.3588235294117647 0.2967320261437909 0.3522058823529412 0.2967320261437909 0.3522058823529412 0.3241830065359478 0.3588235294117647 0.3241830065359478
3 0.3735294117647059 0.2248366013071896 0.34191176470588236 0.2248366013071896 0.34191176470588236 0.2509803921568628 0.3735294117647059 0.2509803921568628
10 0.425 0.3241830065359478 0.4051470588235294 0.3241830065359478 0.4051470588235294 0.3843137254901962 0.425 0.3843137254901962
3 0.5558823529411765 0.3764705882352943 0.5330882352941176 0.3764705882352943 0.5330882352941176 0.41568627450980405 0.5558823529411765 0.41568627450980405
3 0.5404411764705882 0.33986928104575176 0.5213235294117647 0.33986928104575176 0.5213235294117647 0.37385620915032697 0.5404411764705882 0.37385620915032697
3 0.5279411764705882 0.31372549019607854 0.5088235294117647 0.3137254901960785 0.5088235294117647 0.34771241830065375 0.5279411764705882 0.34771241830065375
11 0.5161764705882353 0.2562091503267975 0.5022058823529412 0.2562091503267975 0.5022058823529412 0.29411764705882365 0.5161764705882353 0.2941176470588237
3 0.46397058823529413 0.22352941176470595 0.45 0.22352941176470595 0.45 0.2509803921568628 0.46397058823529413 0.2509803921568628
3 0.43823529411764706 0.15424836601307199 0.4264705882352941 0.15424836601307196 0.4264705882352941 0.17777777777777784 0.43823529411764706 0.17777777777777784
3 0.4213235294117647 0.1529411764705883 0.40588235294117647 0.1529411764705883 0.40588235294117647 0.17124183006535956 0.4213235294117647 0.17124183006535956
8 0.4485294117647059 0.3490196078431374 0.44191176470588234 0.3490196078431374 0.44191176470588234 0.3686274509803923 0.4485294117647059 0.3686274509803923
8 0.5088235294117647 0.3594771241830067 0.5022058823529412 0.3594771241830067 0.5022058823529412 0.37777777777777793 0.5088235294117647 0.37777777777777793
8 0.4801470588235294 0.2745098039215687 0.4742647058823529 0.2745098039215687 0.4742647058823529 0.2915032679738563 0.4801470588235294 0.2915032679738563
8 0.49558823529411766 0.2718954248366014 0.48970588235294116 0.2718954248366014 0.48970588235294116 0.2875816993464053 0.49558823529411766 0.2875816993464053
5 0.5095588235294117 0.36732026143790864 0.5022058823529412 0.36732026143790864 0.5022058823529412 0.3869281045751635 0.5095588235294117 0.3869281045751635
5 0.4808823529411765 0.28235294117647064 0.47352941176470587 0.28235294117647064 0.47352941176470587 0.3019607843137256 0.4808823529411765 0.3019607843137256
5 0.4963235294117647 0.2784313725490197 0.4889705882352941 0.2784313725490197 0.4889705882352941 0.29803921568627456 0.4963235294117647 0.29803921568627456
1 0.44926470588235295 0.35816993464052305 0.44191176470588234 0.35816993464052305 0.44191176470588234 0.37777777777777793 0.44926470588235295 0.37777777777777793
11 0.43014705882352944 0.3019607843137256 0.4147058823529412 0.3019607843137256 0.4147058823529412 0.3424836601307191 0.43014705882352944 0.3424836601307191
11 0.4176470588235294 0.27320261437908505 0.4022058823529412 0.27320261437908505 0.4022058823529412 0.3137254901960785 0.4176470588235294 0.3137254901960785
3 0.711764705882353 0.7934640522875819 0.6602941176470588 0.7934640522875817 0.6602941176470588 0.9045751633986929 0.711764705882353 0.9045751633986931
8 0.6941176470588235 0.8888888888888892 0.6845588235294118 0.8888888888888892 0.6845588235294118 0.9411764705882356 0.6941176470588235 0.9411764705882356
5 0.7036764705882353 0.9019607843137256 0.6676470588235294 0.9019607843137255 0.6676470588235294 0.9333333333333335 0.7036764705882353 0.9333333333333337
5 0.6985294117647058 0.9346405228758171 0.6757352941176471 0.934640522875817 0.6757352941176471 0.9973856209150328 0.6985294117647058 0.997385620915033
5 0.7154411764705882 0.9620915032679741 0.7 0.9620915032679741 0.7 1.0000000000000002 0.7154411764705882 1.0000000000000002
3 0.7102941176470589 0.63921568627451 0.6558823529411765 0.63921568627451 0.6558823529411765 0.7163398692810459 0.7102941176470589 0.7163398692810461
3 0.6823529411764706 0.5294117647058825 0.6176470588235294 0.5294117647058825 0.6176470588235294 0.5960784313725491 0.6823529411764706 0.5960784313725491
3 0.674264705882353 0.49150326797385635 0.6088235294117647 0.49150326797385635 0.6088235294117647 0.5464052287581701 0.674264705882353 0.5464052287581701
3 0.6125 0.40261437908496744 0.5632352941176471 0.40261437908496744 0.5632352941176471 0.43921568627450996 0.6125 0.43921568627450996
5 0.6617647058823529 0.3843137254901962 0.638235294117647 0.3843137254901962 0.638235294117647 0.4078431372549021 0.6617647058823529 0.4078431372549021
7 0.6588235294117647 0.34117647058823547 0.6507352941176471 0.34117647058823547 0.6507352941176471 0.3764705882352943 0.6588235294117647 0.3764705882352943
7 0.6558823529411765 0.3385620915032681 0.6477941176470589 0.3385620915032681 0.6477941176470589 0.37385620915032697 0.6558823529411765 0.37385620915032697
8 0.6691176470588235 0.3816993464052289 0.6610294117647059 0.3816993464052289 0.6610294117647059 0.3986928104575165 0.6691176470588235 0.3986928104575165
8 0.6669117647058823 0.3764705882352943 0.6588235294117647 0.3764705882352943 0.6588235294117647 0.39346405228758186 0.6669117647058823 0.39346405228758186
8 0.775 0.5882352941176472 0.7654411764705882 0.5882352941176472 0.7654411764705882 0.6222222222222223 0.775 0.6222222222222223
1 0.7786764705882353 0.5960784313725491 0.7588235294117647 0.5960784313725491 0.7588235294117647 0.6300653594771244 0.7786764705882353 0.6300653594771244
7 0.7889705882352941 0.6000000000000002 0.7794117647058824 0.6000000000000002 0.7794117647058824 0.6248366013071897 0.7889705882352941 0.6248366013071897
8 0.6919117647058823 0.3895424836601309 0.6816176470588236 0.3895424836601309 0.6816176470588236 0.41307189542483674 0.6919117647058823 0.41307189542483674
10 0.38382352941176473 0.45751633986928114 0.30808823529411766 0.45751633986928103 0.30808823529411766 0.5150326797385621 0.38382352941176473 0.5150326797385623
7 0.3816176470588235 0.21699346405228764 0.37426470588235294 0.21699346405228764 0.37426470588235294 0.2352941176470589 0.3816176470588235 0.2352941176470589
7 0.38088235294117645 0.21176470588235302 0.37720588235294117 0.21176470588235302 0.37720588235294117 0.23006535947712425 0.38088235294117645 0.23006535947712425
3 0.42058823529411765 0.25359477124183016 0.40147058823529413 0.25359477124183016 0.40147058823529413 0.28627450980392166 0.42058823529411765 0.28627450980392166
3 0.425 0.23660130718954256 0.4022058823529412 0.23660130718954256 0.4022058823529412 0.2666666666666667 0.425 0.2666666666666667
3 0.42426470588235293 0.22352941176470595 0.4007352941176471 0.22352941176470595 0.4007352941176471 0.25359477124183016 0.42426470588235293 0.25359477124183016
11 0.4117647058823529 0.19738562091503276 0.3830882352941177 0.19738562091503276 0.3830882352941177 0.2248366013071896 0.4117647058823529 0.2248366013071896
3 0.3977941176470588 0.18823529411764714 0.3683823529411765 0.18823529411764714 0.3683823529411765 0.21437908496732033 0.3977941176470588 0.21437908496732033
9 0.46691176470588236 0.18823529411764714 0.45588235294117646 0.18823529411764714 0.45588235294117646 0.21437908496732033 0.46691176470588236 0.21437908496732033
3 0.5191176470588236 0.21830065359477135 0.4889705882352941 0.21830065359477133 0.4889705882352941 0.24444444444444455 0.5191176470588236 0.2444444444444446
3 0.49264705882352944 0.20784313725490203 0.4786764705882353 0.20784313725490203 0.4786764705882353 0.2313725490196079 0.49264705882352944 0.2313725490196079
3 0.4823529411764706 0.18039215686274518 0.47058823529411764 0.18039215686274518 0.47058823529411764 0.20000000000000007 0.4823529411764706 0.20000000000000007
7 0.4698529411764706 0.16993464052287588 0.4661764705882353 0.16993464052287588 0.4661764705882353 0.18823529411764714 0.4698529411764706 0.18823529411764714
10 0.4338235294117647 0.1372549019607844 0.42205882352941176 0.13725490196078438 0.42205882352941176 0.15555555555555564 0.4338235294117647 0.15555555555555567
3 0.4088235294117647 0.17647058823529418 0.3948529411764706 0.17647058823529418 0.3948529411764706 0.1986928104575164 0.4088235294117647 0.1986928104575164
3 0.3830882352941177 0.17124183006535956 0.3536764705882353 0.17124183006535956 0.3536764705882353 0.18823529411764714 0.3830882352941177 0.18823529411764714
3 0.36323529411764705 0.1633986928104576 0.3338235294117647 0.1633986928104576 0.3338235294117647 0.18169934640522883 0.36323529411764705 0.18169934640522883
3 0.3830882352941177 0.16209150326797392 0.3551470588235294 0.16209150326797392 0.3551470588235294 0.18039215686274518 0.3830882352941177 0.18039215686274518
3 0.3786764705882353 0.15424836601307196 0.3514705882352941 0.15424836601307196 0.3514705882352941 0.17254901960784322 0.3786764705882353 0.17254901960784322
3 0.3698529411764706 0.14901960784313734 0.3426470588235294 0.14901960784313734 0.3426470588235294 0.16732026143790857 0.3698529411764706 0.16732026143790857
3 0.3845588235294118 0.13725490196078438 0.35955882352941176 0.13725490196078438 0.35955882352941176 0.16078431372549026 0.3845588235294118 0.16078431372549026
3 0.3860294117647059 0.1267973856209151 0.3639705882352941 0.1267973856209151 0.3639705882352941 0.14901960784313734 0.3860294117647059 0.14901960784313734
3 0.40588235294117647 0.1568627450980393 0.3830882352941177 0.1568627450980393 0.3830882352941177 0.17908496732026152 0.40588235294117647 0.17908496732026152
11 0.4823529411764706 0.15294117647058836 0.46544117647058825 0.15294117647058836 0.46544117647058825 0.17516339869281053 0.4823529411764706 0.17516339869281053
3 0.4801470588235294 0.14640522875817005 0.4573529411764706 0.14640522875817005 0.4573529411764706 0.16862745098039222 0.4801470588235294 0.16862745098039222
3 0.475 0.1320261437908498 0.45294117647058824 0.1320261437908498 0.45294117647058824 0.154248366013072 0.475 0.154248366013072
3 0.4073529411764706 0.14117647058823538 0.39338235294117646 0.14117647058823538 0.39338235294117646 0.16078431372549026 0.4073529411764706 0.16078431372549026
11 0.40441176470588236 0.12810457516339877 0.3897058823529412 0.12810457516339877 0.3897058823529412 0.14771241830065368 0.40441176470588236 0.14771241830065368
4 0.5294117647058824 0.009150326797385717 0.35441176470588237 0.009150326797385698 0.35441176470588237 0.12156862745098049 0.5294117647058824 0.1215686274509805
3 0.4411764705882353 0.12418300653594783 0.43014705882352944 0.12418300653594783 0.43014705882352944 0.13594771241830075 0.4411764705882353 0.13594771241830075
8 0.9492647058823529 0.8732026143790853 0.9375 0.8732026143790853 0.9375 0.916339869281046 0.9492647058823529 0.916339869281046