7 0.8632352941176471 0.789542483660131 0.8397058823529412 0.789542483660131 0.8397058823529412 0.850980392156863 0.8632352941176471 0.850980392156863
7 0.8801470588235294 0.8143790849673206 0.8654411764705883 0.8143790849673206 0.8654411764705883 0.8784313725490199 0.8801470588235294 0.8784313725490199
7 0.8919117647058824 0.8300653594771245 0.8801470588235294 0.8300653594771245 0.8801470588235294 0.8771241830065363 0.8919117647058824 0.8771241830065363
7 0.7911764705882353 0.7843137254901964 0.7676470588235295 0.7843137254901964 0.7676470588235295 0.8575163398692813 0.7911764705882353 0.8575163398692813
7 0.8029411764705883 0.8052287581699349 0.7816176470588235 0.8052287581699349 0.7816176470588235 0.8718954248366017 0.8029411764705883 0.8718954248366017
8 0.7360294117647059 0.7725490196078434 0.7088235294117647 0.7725490196078434 0.7088235294117647 0.8287581699346408 0.7360294117647059 0.8287581699346408
8 0.611764705882353 0.6705882352941176 0.5948529411764706 0.6705882352941176 0.5948529411764706 0.7254901960784313 0.611764705882353 0.7254901960784313
8 0.35441176470588237 0.3895424836601309 0.3448529411764706 0.3895424836601309 0.3448529411764706 0.427450980392157 0.35441176470588237 0.427450980392157
8 0.5117647058823529 0.043137254901960895 0.5073529411764706 0.043137254901960895 0.5073529411764706 0.05751633986928116 0.5117647058823529 0.05751633986928116
8 0.5970588235294118 0.07712418300653608 0.5926470588235294 0.07712418300653608 0.5926470588235294 0.09411764705882364 0.5970588235294118 0.09411764705882364
4 0.5823529411764706 0.02875816993464065 0.575 0.028758169934640643 0.575 0.04836601307189556 0.5823529411764706 0.04836601307189556
7 0.5933823529411765 0.047058823529411896 0.5889705882352941 0.047058823529411896 0.5889705882352941 0.06535947712418314 0.5933823529411765 0.06535947712418314
7 0.6014705882352941 0.0797385620915034 0.5985294117647059 0.0797385620915034 0.5985294117647059 0.10196078431372564 0.6014705882352941 0.10196078431372564
7 0.6095588235294118 0.07581699346405242 0.6044117647058823 0.07581699346405242 0.6044117647058823 0.09542483660130734 0.6095588235294118 0.09542483660130734
7 0.6088235294117647 0.08235294117647071 0.6058823529411764 0.08235294117647071 0.6058823529411764 0.10065359477124197 0.6088235294117647 0.10065359477124197
7 0.6154411764705883 0.0797385620915034 0.6125 0.0797385620915034 0.6125 0.09803921568627466 0.6154411764705883 0.09803921568627466
7 0.6161764705882353 0.09673202614379099 0.6125 0.09673202614379099 0.6125 0.11372549019607858 0.6161764705882353 0.11372549019607858
7 0.6485294117647059 0.08888888888888903 0.6455882352941177 0.08888888888888903 0.6455882352941177 0.1098039215686276 0.6485294117647059 0.1098039215686276
7 0.7647058823529411 0.4091503267973858 0.7529411764705882 0.4091503267973858 0.7529411764705882 0.4575163398692812 0.7647058823529411 0.4575163398692812
7 0.7727941176470589 0.41568627450980405 0.7639705882352941 0.41568627450980405 0.7639705882352941 0.45359477124183023 0.7727941176470589 0.45359477124183023
1 0.9014705882352941 0.46928104575163415 0.8875 0.46928104575163415 0.8875 0.512418300653595 0.9014705882352941 0.512418300653595
1 0.9110294117647059 0.46666666666666684 0.8977941176470589 0.46666666666666684 0.8977941176470589 0.5071895424836603 0.9110294117647059 0.5071895424836603
5 0.7375 0.7647058823529415 0.7095588235294118 0.7647058823529415 0.7095588235294118 0.8535947712418304 0.7375 0.8535947712418304
5 0.7485294117647059 0.3137254901960786 0.7301470588235294 0.3137254901960786 0.7301470588235294 0.3437908496732028 0.7485294117647059 0.3437908496732028
5 0.7669117647058824 0.3163398692810459 0.7448529411764706 0.3163398692810459 0.7448529411764706 0.34117647058823547 0.7669117647058824 0.34117647058823547
5 0.7242647058823529 0.2248366013071897 0.7058823529411765 0.2248366013071897 0.7058823529411765 0.24313725490196092 0.7242647058823529 0.24313725490196092
5 0.7286764705882353 0.23006535947712434 0.7110294117647059 0.23006535947712434 0.7110294117647059 0.2509803921568629 0.7286764705882353 0.2509803921568629
5 0.5117647058823529 0.04967320261437919 0.5073529411764706 0.04967320261437919 0.5073529411764706 0.0627450980392158 0.5117647058823529 0.0627450980392158
1 0.6147058823529412 0.6823529411764706 0.586764705882353 0.6823529411764706 0.586764705882353 0.7333333333333333 0.6147058823529412 0.7333333333333333
1 0.3551470588235294 0.4013071895424838 0.3448529411764706 0.4013071895424838 0.3448529411764706 0.4379084967320263 0.3551470588235294 0.4379084967320263
3 0.8610294117647059 0.939869281045752 0.7294117647058823 0.939869281045752 0.7294117647058823 1.0000000000000002 0.8610294117647059 1.0000000000000002
3 0.663235294117647 0.7202614379084967 0.5536764705882353 0.7202614379084967 0.5536764705882353 0.8405228758169935 0.663235294117647 0.8405228758169935
3 0.7654411764705882 0.63921568627451 0.663235294117647 0.63921568627451 0.663235294117647 0.7098039215686276 0.7654411764705882 0.7098039215686277
3 0.7477941176470588 0.5790849673202616 0.6566176470588235 0.5790849673202616 0.6566176470588235 0.6483660130718956 0.7477941176470588 0.6483660130718956
3 0.7198529411764706 0.44313725490196093 0.6448529411764706 0.44313725490196093 0.6448529411764706 0.4980392156862747 0.7198529411764706 0.4980392156862747
3 0.6205882352941177 0.4875816993464054 0.5830882352941177 0.4875816993464054 0.5830882352941177 0.562091503267974 0.6205882352941177 0.562091503267974
3 0.5007352941176471 0.7581699346405228 0.44779411764705884 0.7581699346405228 0.44779411764705884 0.9058823529411765 0.5007352941176471 0.9058823529411765
3 0.41911764705882354 0.6941176470588235 0.3691176470588236 0.6941176470588235 0.3691176470588236 0.8549019607843137 0.41911764705882354 0.8549019607843137
3 0.44338235294117645 0.49411764705882366 0.40441176470588236 0.49411764705882366 0.40441176470588236 0.5908496732026145 0.44338235294117645 0.5908496732026145
3 0.5889705882352941 0.41045751633986943 0.5455882352941176 0.41045751633986943 0.5455882352941176 0.47189542483660146 0.5889705882352941 0.47189542483660146
3 0.5963235294117647 0.362091503267974 0.5691176470588235 0.362091503267974 0.5691176470588235 0.42091503267973873 0.5963235294117647 0.42091503267973873
3 0.5558823529411765 0.2052287581699348 0.5352941176470588 0.2052287581699348 0.5352941176470588 0.2405228758169936 0.5558823529411765 0.2405228758169936
3 0.4323529411764706 0.40000000000000013 0.3963235294117647 0.40000000000000013 0.3963235294117647 0.47581699346405243 0.4323529411764706 0.47581699346405243
3 0.5102941176470588 0.37385620915032697 0.48161764705882354 0.37385620915032697 0.48161764705882354 0.4300653594771243 0.5102941176470588 0.4300653594771243
3 0.42867647058823527 0.3333333333333334 0.3985294117647059 0.3333333333333334 0.3985294117647059 0.4013071895424838 0.42867647058823527 0.4013071895424838
3 0.3058823529411765 0.27973856209150333 0.2735294117647059 0.27973856209150333 0.2735294117647059 0.3241830065359478 0.3058823529411765 0.3241830065359478
3 0.34558823529411764 0.4562091503267975 0.3044117647058823 0.4562091503267974 0.3044117647058823 0.558169934640523 0.34558823529411764 0.558169934640523
3 0.6823529411764706 0.3555555555555557 0.6279411764705882 0.3555555555555557 0.6279411764705882 0.40392156862745116 0.6823529411764706 0.40392156862745116
3 0.75 0.2549019607843139 0.6948529411764706 0.2549019607843139 0.6948529411764706 0.2993464052287583 0.75 0.2993464052287583
3 0.6308823529411764 0.1986928104575165 0.5852941176470589 0.1986928104575165 0.5852941176470589 0.2339869281045753 0.6308823529411764 0.2339869281045753
3 0.6147058823529412 0.1647058823529413 0.5727941176470588 0.16470588235294129 0.5727941176470588 0.19346405228758184 0.6147058823529412 0.19346405228758184
3 0.6713235294117647 0.12418300653594785 0.6338235294117647 0.12418300653594785 0.6338235294117647 0.1490196078431374 0.6713235294117647 0.1490196078431374
3 0.5411764705882353 0.11764705882352952 0.525 0.11764705882352952 0.525 0.14640522875817005 0.5411764705882353 0.14640522875817005
3 0.5926470588235294 0.12549019607843148 0.5573529411764706 0.12549019607843148 0.5573529411764706 0.14901960784313736 0.5926470588235294 0.14901960784313736
3 0.4875 0.07058823529411776 0.47573529411764703 0.07058823529411776 0.47573529411764703 0.09281045751633998 0.4875 0.09281045751633998
3 0.538235294117647 0.09281045751633998 0.5220588235294118 0.09281045751633998 0.5220588235294118 0.11633986928104587 0.538235294117647 0.11633986928104587
3 0.5 0.03921568627450991 0.48823529411764705 0.03921568627450991 0.48823529411764705 0.0627450980392158 0.5 0.0627450980392158
3 0.6073529411764705 0.026143790849673332 0.586764705882353 0.026143790849673332 0.586764705882353 0.04183006535947725 0.6073529411764705 0.04183006535947725
3 0.5713235294117647 0.027450980392156984 0.5573529411764706 0.027450980392156984 0.5573529411764706 0.04444444444444457 0.5713235294117647 0.04444444444444457
3 0.5985294117647059 0.009150326797385748 0.575 0.009150326797385746 0.575 0.02614379084967333 0.5985294117647059 0.026143790849673332
3 0.6588235294117647 0.2732026143790851 0.6051470588235294 0.2732026143790851 0.6051470588235294 0.3098039215686276 0.6588235294117647 0.3098039215686276
3 0.6441176470588236 0.25620915032679753 0.5992647058823529 0.25620915032679753 0.5992647058823529 0.28888888888888903 0.6441176470588236 0.28888888888888903
3 0.6448529411764706 0.23267973856209165 0.5919117647058824 0.23267973856209165 0.5919117647058824 0.2679738562091505 0.6448529411764706 0.2679738562091505
3 0.6080882352941176 0.15294117647058836 0.5735294117647058 0.15294117647058836 0.5735294117647058 0.17647058823529427 0.6080882352941176 0.17647058823529427
3 0.586764705882353 0.11372549019607854 0.5551470588235294 0.11372549019607854 0.5551470588235294 0.1346405228758171 0.586764705882353 0.1346405228758171
3 0.575735294117647 0.07843137254901973 0.5477941176470589 0.07843137254901972 0.5477941176470589 0.1019607843137256 0.575735294117647 0.1019607843137256
3 0.5852941176470589 0.08496732026143802 0.5529411764705883 0.08496732026143802 0.5529411764705883 0.10718954248366024 0.5852941176470589 0.10718954248366024
3 0.5933823529411765 1.2686700500970947e-16 0.5720588235294117 1.2454577905054128e-16 0.5720588235294117 0.013071895424836728 0.5933823529411765 0.013071895424836732
3 0.39044117647058824 0.8679738562091504 0.33455882352941185 0.8679738562091504 0.33455882352941185 1 0.39044117647058824 1
11 0.49926470588235294 0.49934640522875834 0.4632352941176471 0.49934640522875834 0.4632352941176471 0.5830065359477126 0.49926470588235294 0.5830065359477126
11 0.4 0.31111111111111117 0.36911764705882355 0.31111111111111117 0.36911764705882355 0.3843137254901962 0.4 0.3843137254901962
11 0.5882352941176471 0.1019607843137256 0.5507352941176471 0.1019607843137256 0.5507352941176471 0.13071895424836613 0.5882352941176471 0.13071895424836613
11 0.6757352941176471 0.29281045751634 0.6102941176470589 0.29281045751634 0.6102941176470589 0.34771241830065375 0.6757352941176471 0.34771241830065375
11 0.6441176470588236 0.07712418300653609 0.6080882352941176 0.07712418300653608 0.6080882352941176 0.10718954248366028 0.6441176470588236 0.10718954248366028
11 0.5566176470588236 0.05098039215686287 0.5235294117647059 0.050980392156862855 0.5235294117647059 0.07712418300653606 0.5566176470588236 0.07712418300653608
10 0.4904411764705882 1.0509550635820097e-16 0.475 1.0341461859466538e-16 0.475 0.03660130718954258 0.4904411764705882 0.03660130718954258
10 0.44338235294117645 0.2640522875816994 0.42205882352941176 0.2640522875816994 0.42205882352941176 0.34771241830065375 0.44338235294117645 0.34771241830065375
10 0.5919117647058824 0.08758169934640533 0.55 0.08758169934640533 0.55 0.11895424836601318 0.5919117647058824 0.11895424836601318
3 0.4117647058823529 0.5869281045751635 0.36176470588235293 0.5869281045751635 0.361764705882353 0.7045751633986929 0.4117647058823529 0.7045751633986929
10 0.5022058823529412 0.16732026143790857 0.46838235294117647 0.16732026143790857 0.46838235294117647 0.3176470588235295 0.5022058823529412 0.3176470588235295