8 0.09218750000000006 0.662962962962963 0.08489583333333339 0.662962962962963 0.08489583333333339 0.6833333333333333 0.09218750000000006 0.6833333333333333
1 0.09322916666666672 0.6768518518518518 0.08229166666666672 0.6768518518518518 0.08229166666666672 0.6962962962962963 0.09322916666666672 0.6962962962962963
8 0.09114583333333338 0.6444444444444445 0.0885416666666667 0.6444444444444445 0.08854166666666671 0.6592592592592592 0.0911458333333334 0.6592592592592592
7 0.09114583333333338 0.6268518518518519 0.08489583333333336 0.6268518518518519 0.08489583333333338 0.6564814814814814 0.0911458333333334 0.6564814814814814
7 0.08385416666666672 0.6333333333333333 0.07656250000000003 0.6333333333333333 0.07656250000000005 0.6638888888888889 0.08385416666666673 0.6638888888888889
5 0.07552083333333338 0.6388888888888888 0.058333333333333376 0.6388888888888888 0.058333333333333376 0.6583333333333333 0.0755208333333334 0.6583333333333333
7 0.06718750000000002 0.6037037037037037 0.05989583333333338 0.6037037037037037 0.05989583333333338 0.6314814814814815 0.06718750000000002 0.6314814814814815
7 0.018750000000000044 0.6037037037037037 0.011458333333333374 0.6037037037037037 0.011458333333333376 0.6324074074074074 0.018750000000000044 0.6324074074074074
8 0.007291666666666705 0.5361111111111111 3.693075503678737e-17 0.5361111111111111 3.750480822388769e-17 0.5527777777777778 0.007291666666666706 0.5527777777777778
5 0.006770833333333371 0.5472222222222223 0.0005208333333333711 0.5472222222222223 0.0005208333333333715 0.5611111111111111 0.006770833333333373 0.5611111111111111
1 0.11041666666666669 0.4935185185185185 0.10312500000000004 0.4935185185185185 0.10312500000000004 0.5083333333333333 0.11041666666666669 0.5083333333333333
5 0.05833333333333336 0.48148148148148145 0.05052083333333336 0.48148148148148145 0.05052083333333336 0.5027777777777778 0.05833333333333336 0.5027777777777778
7 0.10260416666666669 0.5027777777777778 0.09687500000000003 0.5027777777777778 0.09687500000000003 0.5259259259259259 0.10260416666666669 0.5259259259259259
7 0.09895833333333336 0.49907407407407406 0.0932291666666667 0.49907407407407406 0.0932291666666667 0.5203703703703704 0.09895833333333336 0.5203703703703704
7 0.09218750000000003 0.5064814814814815 0.08802083333333337 0.5064814814814815 0.08802083333333337 0.5268518518518519 0.09218750000000003 0.5268518518518519
7 0.08750000000000004 0.5009259259259259 0.08177083333333336 0.5009259259259259 0.08177083333333336 0.5194444444444445 0.08750000000000004 0.5194444444444445
5 0.020312500000000032 0.4685185185185185 0.011458333333333367 0.4685185185185185 0.011458333333333367 0.49074074074074076 0.020312500000000035 0.49074074074074076
3 0.0322916666666667 0.45092592592592595 0.010937500000000029 0.45092592592592595 0.010937500000000032 0.47129629629629627 0.0322916666666667 0.47129629629629627
3 0.021354166666666695 0.4083333333333333 0.0010416666666666948 0.4083333333333333 0.0010416666666666955 0.42777777777777776 0.021354166666666695 0.42777777777777776
4 0.4234375 0.35185185185185197 0.3932291666666667 0.35185185185185197 0.3932291666666667 0.3851851851851853 0.4234375 0.3851851851851853
4 0.5145833333333333 0.21018518518518528 0.47604166666666664 0.21018518518518528 0.47604166666666664 0.2500000000000001 0.5145833333333333 0.2500000000000001
3 0.496875 0.24814814814814826 0.49114583333333334 0.24814814814814826 0.49114583333333334 0.25740740740740753 0.496875 0.25740740740740753
3 0.4921875 0.26481481481481495 0.4875 0.26481481481481495 0.4875 0.2722222222222223 0.4921875 0.2722222222222223
3 0.48125 0.25555555555555565 0.478125 0.25555555555555565 0.478125 0.26296296296296306 0.48125 0.26296296296296306
0 0.48854166666666665 0.2787037037037038 0.48385416666666664 0.2787037037037038 0.48385416666666664 0.2898148148148149 0.48854166666666665 0.2898148148148149
3 0.5104166666666666 0.2666666666666668 0.5036458333333333 0.2666666666666668 0.5036458333333333 0.275925925925926 0.5104166666666666 0.275925925925926
8 0.5015625 0.26574074074074083 0.49947916666666664 0.26574074074074083 0.49947916666666664 0.2712962962962964 0.5015625 0.2712962962962964
5 0.5020833333333333 0.2685185185185186 0.5 0.2685185185185186 0.5 0.2740740740740742 0.5020833333333333 0.2740740740740742
3 0.49166666666666664 0.3074074074074075 0.48489583333333336 0.3074074074074075 0.48489583333333336 0.31944444444444453 0.49166666666666664 0.31944444444444453
8 0.49947916666666664 0.31203703703703717 0.496875 0.31203703703703717 0.496875 0.32037037037037047 0.49947916666666664 0.32037037037037047
5 0.49895833333333334 0.3175925925925927 0.496875 0.3175925925925927 0.496875 0.3250000000000001 0.49895833333333334 0.3250000000000001
7 0.5119791666666667 0.31666666666666676 0.5083333333333333 0.31666666666666676 0.5083333333333333 0.3296296296296297 0.5119791666666667 0.3296296296296297
8 0.5078125 0.31944444444444453 0.5041666666666667 0.31944444444444453 0.5041666666666667 0.325925925925926 0.5078125 0.325925925925926
5 0.5067708333333333 0.3240740740740742 0.5046875 0.3240740740740742 0.5046875 0.33055555555555566 0.5067708333333333 0.33055555555555566
8 0.5005208333333333 0.3250000000000001 0.4973958333333333 0.3250000000000001 0.4973958333333333 0.3314814814814816 0.5005208333333333 0.3314814814814816
5 0.5010416666666667 0.33055555555555566 0.4984375 0.33055555555555566 0.4984375 0.3379629629629631 0.5010416666666667 0.3379629629629631
3 0.49583333333333335 0.3314814814814816 0.48802083333333335 0.3314814814814816 0.48802083333333335 0.3435185185185186 0.49583333333333335 0.3435185185185186
3 0.4973958333333333 0.3453703703703705 0.4895833333333333 0.3453703703703705 0.4895833333333333 0.3592592592592594 0.4973958333333333 0.3592592592592594
3 0.5213541666666667 0.3351851851851853 0.5130208333333334 0.3351851851851853 0.5130208333333334 0.3472222222222223 0.5213541666666667 0.3472222222222223
3 0.5244791666666667 0.34259259259259267 0.5177083333333333 0.34259259259259267 0.5177083333333333 0.3574074074074075 0.5244791666666667 0.3574074074074075
3 0.5302083333333333 0.35185185185185197 0.5229166666666667 0.35185185185185197 0.5229166666666667 0.36574074074074087 0.5302083333333333 0.36574074074074087
7 0.5140625 0.3361111111111112 0.5109375 0.3361111111111112 0.5109375 0.3500000000000001 0.5140625 0.3500000000000001
7 0.509375 0.33240740740740754 0.5057291666666667 0.33240740740740754 0.5057291666666667 0.34444444444444455 0.509375 0.34444444444444455
0 0.5119791666666667 0.34444444444444455 0.5078125 0.34444444444444455 0.5078125 0.3574074074074075 0.5119791666666667 0.3574074074074075
5 0.5057291666666667 0.34259259259259267 0.5026041666666666 0.34259259259259267 0.5026041666666666 0.3555555555555557 0.5057291666666667 0.3555555555555557
8 0.5020833333333333 0.3416666666666668 0.4984375 0.3416666666666668 0.4984375 0.3472222222222223 0.5020833333333333 0.3472222222222223
5 0.5015625 0.3453703703703705 0.49947916666666664 0.3453703703703705 0.49947916666666664 0.35277777777777786 0.5015625 0.35277777777777786
8 0.4828125 0.3250000000000001 0.4796875 0.3250000000000001 0.4796875 0.3314814814814816 0.4828125 0.3314814814814816
5 0.48333333333333334 0.3296296296296297 0.48072916666666665 0.3296296296296297 0.48072916666666665 0.3379629629629631 0.48333333333333334 0.3379629629629631
7 0.48020833333333335 0.3212962962962964 0.4765625 0.3212962962962964 0.4765625 0.3333333333333334 0.48020833333333335 0.3333333333333334
7 0.47760416666666666 0.3240740740740742 0.475 0.3240740740740742 0.475 0.338888888888889 0.47760416666666666 0.338888888888889
7 0.47552083333333334 0.3333333333333334 0.47239583333333335 0.3333333333333334 0.47239583333333335 0.3462962962962964 0.47552083333333334 0.3462962962962964
7 0.475 0.3490740740740742 0.4713541666666667 0.3490740740740742 0.4713541666666667 0.36296296296296304 0.475 0.36296296296296304
7 0.48020833333333335 0.36296296296296304 0.47708333333333336 0.36296296296296304 0.47708333333333336 0.37685185185185194 0.48020833333333335 0.37685185185185194
7 0.478125 0.36666666666666675 0.47552083333333334 0.36666666666666675 0.47552083333333334 0.3777777777777779 0.478125 0.3777777777777779
3 0.475 0.36203703703703716 0.465625 0.36203703703703716 0.465625 0.37592592592592605 0.475 0.37592592592592605
3 0.5072916666666667 0.363888888888889 0.496875 0.363888888888889 0.496875 0.38055555555555565 0.5072916666666667 0.38055555555555565
8 0.5125 0.35833333333333345 0.5098958333333333 0.35833333333333345 0.5098958333333333 0.36574074074074087 0.5125 0.36574074074074087
1 0.5130208333333334 0.363888888888889 0.509375 0.363888888888889 0.509375 0.37407407407407417 0.5130208333333334 0.37407407407407417
8 0.525 0.3601851851851853 0.5192708333333333 0.3601851851851853 0.5192708333333333 0.37037037037037046 0.525 0.37037037037037046
5 0.5244791666666667 0.36666666666666675 0.5192708333333333 0.36666666666666675 0.5192708333333333 0.37592592592592605 0.5244791666666667 0.37592592592592605
3 0.5354166666666667 0.3675925925925927 0.5244791666666667 0.3675925925925927 0.5244791666666667 0.3833333333333334 0.5354166666666667 0.3833333333333334
3 0.5375 0.38240740740740753 0.528125 0.38240740740740753 0.528125 0.4000000000000001 0.5375 0.4000000000000001
11 0.5385416666666667 0.39814814814814825 0.5296875 0.39814814814814825 0.5296875 0.4129629629629631 0.5385416666666667 0.4129629629629631
8 0.5229166666666667 0.38240740740740753 0.5192708333333333 0.38240740740740753 0.5192708333333333 0.39814814814814825 0.5229166666666667 0.39814814814814825
1 0.525 0.38796296296296306 0.521875 0.38796296296296306 0.521875 0.4000000000000001 0.525 0.4000000000000001
3 0.5322916666666667 0.4185185185185186 0.5192708333333333 0.4185185185185186 0.5192708333333333 0.43981481481481494 0.5322916666666667 0.43981481481481494
3 0.4708333333333333 0.3750000000000001 0.46041666666666664 0.3750000000000001 0.46041666666666664 0.3916666666666668 0.4708333333333333 0.3916666666666668
3 0.46927083333333336 0.38981481481481495 0.4578125 0.38981481481481495 0.4578125 0.40555555555555567 0.46927083333333336 0.40555555555555567
8 0.4786458333333333 0.38981481481481495 0.4739583333333333 0.38981481481481495 0.4739583333333333 0.4000000000000001 0.4786458333333333 0.4000000000000001
5 0.478125 0.3972222222222223 0.475 0.3972222222222223 0.475 0.40833333333333344 0.478125 0.40833333333333344
3 0.49270833333333336 0.3935185185185186 0.4822916666666667 0.3935185185185186 0.4822916666666667 0.41018518518518526 0.49270833333333336 0.41018518518518526
3 0.490625 0.4074074074074075 0.48125 0.4074074074074075 0.48125 0.4250000000000001 0.490625 0.4250000000000001
3 0.49322916666666666 0.42037037037037045 0.4822916666666667 0.42037037037037045 0.4822916666666667 0.4407407407407408 0.49322916666666666 0.4407407407407408
0 0.4859375 0.4287037037037038 0.4786458333333333 0.4287037037037038 0.4786458333333333 0.4490740740740742 0.4859375 0.4490740740740742
3 0.47239583333333335 0.4314814814814816 0.46041666666666664 0.4314814814814816 0.46041666666666664 0.450925925925926 0.47239583333333335 0.450925925925926
8 0.45625 0.42222222222222233 0.45260416666666664 0.42222222222222233 0.45260416666666664 0.4361111111111112 0.45625 0.4361111111111112
5 0.4552083333333333 0.42777777777777787 0.4510416666666667 0.42777777777777787 0.4510416666666667 0.43981481481481494 0.4552083333333333 0.43981481481481494
3 0.46041666666666664 0.438888888888889 0.4421875 0.438888888888889 0.4421875 0.4583333333333334 0.46041666666666664 0.4583333333333334
8 0.5072916666666667 0.3916666666666668 0.5026041666666666 0.3916666666666668 0.5026041666666666 0.4027777777777779 0.5072916666666667 0.4027777777777779
5 0.5083333333333333 0.4000000000000001 0.503125 0.4000000000000001 0.503125 0.4092592592592594 0.5083333333333333 0.4092592592592594
3 0.5046875 0.4037037037037038 0.4947916666666667 0.4037037037037038 0.4947916666666667 0.42222222222222233 0.5046875 0.42222222222222233
8 0.5177083333333333 0.4092592592592594 0.5135416666666667 0.4092592592592594 0.5135416666666667 0.41944444444444456 0.5177083333333333 0.41944444444444456
5 0.5177083333333333 0.413888888888889 0.5130208333333334 0.413888888888889 0.5130208333333334 0.4250000000000001 0.5177083333333333 0.4250000000000001
8 0.5166666666666667 0.4250000000000001 0.5125 0.4250000000000001 0.5125 0.4314814814814816 0.5166666666666667 0.4314814814814816
5 0.5161458333333333 0.42962962962962975 0.5130208333333334 0.42962962962962975 0.5130208333333334 0.438888888888889 0.5161458333333333 0.438888888888889
8 0.51875 0.4361111111111112 0.5140625 0.4361111111111112 0.5140625 0.44537037037037047 0.51875 0.44537037037037047
5 0.51875 0.44166666666666676 0.5151041666666667 0.44166666666666676 0.5151041666666667 0.4500000000000001 0.51875 0.4500000000000001
5 0.5359375 0.4666666666666668 0.53125 0.4666666666666668 0.53125 0.48796296296296315 0.5359375 0.48796296296296315
8 0.528125 0.4750000000000002 0.5244791666666667 0.4750000000000002 0.5244791666666667 0.4851851851851854 0.528125 0.4851851851851854
5 0.5302083333333333 0.4814814814814817 0.5197916666666667 0.4814814814814817 0.5197916666666667 0.49351851851851875 0.5302083333333333 0.49351851851851875
7 0.5244791666666667 0.46574074074074084 0.5213541666666667 0.46574074074074084 0.5213541666666667 0.4824074074074076 0.5244791666666667 0.4824074074074076
7 0.5182291666666666 0.463888888888889 0.5151041666666667 0.463888888888889 0.5151041666666667 0.48333333333333356 0.5182291666666666 0.48333333333333356
1 0.5213541666666667 0.4712962962962964 0.5177083333333333 0.4712962962962964 0.5177083333333333 0.48425925925925944 0.5213541666666667 0.48425925925925944
8 0.5145833333333333 0.4527777777777779 0.5114583333333333 0.4527777777777779 0.5114583333333333 0.4648148148148149 0.5145833333333333 0.4648148148148149
5 0.5151041666666667 0.4601851851851853 0.5119791666666667 0.4601851851851853 0.5119791666666667 0.4703703703703705 0.5151041666666667 0.4703703703703705
8 0.5135416666666667 0.47592592592592614 0.5104166666666666 0.47592592592592614 0.5104166666666666 0.4851851851851854 0.5135416666666667 0.4851851851851854
8 0.5135416666666667 0.4703703703703705 0.5098958333333333 0.4703703703703705 0.5098958333333333 0.4814814814814817 0.5135416666666667 0.4814814814814817
5 0.5135416666666667 0.47777777777777797 0.509375 0.47777777777777797 0.509375 0.4888888888888891 0.5135416666666667 0.4888888888888891
8 0.50625 0.46203703703703713 0.5020833333333333 0.46203703703703713 0.5020833333333333 0.4750000000000002 0.50625 0.4750000000000002
5 0.5052083333333334 0.4703703703703705 0.5026041666666666 0.4703703703703705 0.5026041666666666 0.48425925925925944 0.5052083333333334 0.48425925925925944
8 0.5020833333333333 0.47407407407407426 0.4984375 0.47407407407407426 0.4984375 0.4851851851851854 0.5020833333333333 0.4851851851851854
5 0.503125 0.4768518518518521 0.4984375 0.4768518518518521 0.4984375 0.49537037037037057 0.503125 0.49537037037037057
8 0.48385416666666664 0.4740740740740742 0.48020833333333335 0.4740740740740741 0.48020833333333335 0.4851851851851853 0.48385416666666664 0.4851851851851854
1 0.48489583333333336 0.48148148148148157 0.48072916666666665 0.48148148148148145 0.48072916666666665 0.49537037037037046 0.48489583333333336 0.49537037037037057
8 0.4817708333333333 0.48055555555555557 0.47760416666666666 0.48055555555555557 0.47760416666666666 0.4925925925925926 0.4817708333333333 0.4925925925925926
5 0.4822916666666667 0.487962962962963 0.47760416666666666 0.487962962962963 0.47760416666666666 0.5027777777777778 0.4822916666666667 0.5027777777777778
3 0.49375 0.49722222222222234 0.48072916666666665 0.49722222222222223 0.48072916666666665 0.5222222222222224 0.49375 0.5222222222222225
3 0.49322916666666666 0.5305555555555557 0.47760416666666666 0.5305555555555556 0.47760416666666666 0.5592592592592593 0.49322916666666666 0.5592592592592595
3 0.4666666666666667 0.4712962962962964 0.45260416666666664 0.4712962962962964 0.45260416666666664 0.5018518518518519 0.4666666666666667 0.5018518518518519
7 0.4708333333333333 0.49907407407407406 0.4666666666666667 0.49907407407407406 0.4666666666666667 0.5175925925925926 0.4708333333333333 0.5175925925925926
7 0.47239583333333335 0.4925925925925926 0.46822916666666664 0.4925925925925926 0.46822916666666664 0.5101851851851852 0.47239583333333335 0.5101851851851852
1 0.475 0.5 0.46822916666666664 0.5 0.46822916666666664 0.5148148148148148 0.475 0.5148148148148148
7 0.509375 0.5092592592592595 0.5046875 0.5092592592592595 0.5046875 0.5314814814814817 0.509375 0.5314814814814817
7 0.5052083333333334 0.5203703703703706 0.5005208333333333 0.5203703703703706 0.5005208333333333 0.5444444444444446 0.5052083333333334 0.5444444444444446
7 0.51875 0.49444444444444463 0.5140625 0.49444444444444463 0.5140625 0.5175925925925928 0.51875 0.5175925925925928
1 0.5208333333333334 0.4962962962962965 0.5166666666666667 0.4962962962962965 0.5166666666666667 0.5120370370370373 0.5208333333333334 0.5120370370370373
7 0.528125 0.49722222222222245 0.5223958333333333 0.49722222222222245 0.5223958333333333 0.5166666666666668 0.528125 0.5166666666666668
8 0.5244791666666667 0.5148148148148151 0.5203125 0.5148148148148151 0.5203125 0.5231481481481484 0.5244791666666667 0.5231481481481484
5 0.5260416666666666 0.5185185185185187 0.5208333333333334 0.5185185185185187 0.5208333333333334 0.5333333333333335 0.5260416666666666 0.5333333333333335
8 0.515625 0.5203703703703706 0.5119791666666667 0.5203703703703706 0.5119791666666667 0.5314814814814817 0.515625 0.5314814814814817
5 0.5166666666666667 0.5287037037037039 0.5125 0.5287037037037039 0.5125 0.5425925925925928 0.5166666666666667 0.5425925925925928
3 0.5119791666666667 0.6407407407407409 0.4901041666666667 0.6407407407407409 0.4901041666666667 0.6888888888888891 0.5119791666666667 0.6888888888888891
8 0.459375 0.6037037037037037 0.4546875 0.6037037037037037 0.4546875 0.6166666666666667 0.459375 0.6166666666666667
8 0.45989583333333334 0.5972222222222222 0.4546875 0.5972222222222222 0.4546875 0.6157407407407407 0.45989583333333334 0.6157407407407407
5 0.459375 0.6111111111111112 0.4552083333333333 0.6111111111111112 0.4552083333333333 0.6305555555555555 0.459375 0.6305555555555555
7 0.44114583333333335 0.5509259259259259 0.4359375 0.5509259259259259 0.4359375 0.575 0.44114583333333335 0.575
8 0.47291666666666665 0.6222222222222222 0.46770833333333334 0.6222222222222222 0.46770833333333334 0.6407407407407407 0.47291666666666665 0.6407407407407407
5 0.4713541666666667 0.6342592592592593 0.46770833333333334 0.6342592592592593 0.46770833333333334 0.6462962962962963 0.4713541666666667 0.6462962962962963
0 0.475 0.6462962962962963 0.4661458333333333 0.6462962962962963 0.4661458333333333 0.6842592592592592 0.475 0.6842592592592592
8 0.4473958333333333 0.7379629629629629 0.4359375 0.7379629629629629 0.4359375 0.7583333333333333 0.4473958333333333 0.7583333333333333
1 0.44427083333333334 0.75 0.43645833333333334 0.75 0.43645833333333334 0.7787037037037037 0.44427083333333334 0.7787037037037037
3 0.4192708333333333 0.7212962962962963 0.3572916666666667 0.7212962962962963 0.3572916666666667 0.7675925925925926 0.4192708333333333 0.7675925925925926
8 0.4791666666666667 0.6981481481481482 0.47239583333333335 0.6981481481481482 0.47239583333333335 0.7194444444444444 0.4791666666666667 0.7194444444444444
8 0.47708333333333336 0.7046296296296296 0.4713541666666667 0.7046296296296296 0.4713541666666667 0.7194444444444444 0.47708333333333336 0.7194444444444444
5 0.4796875 0.7064814814814815 0.4708333333333333 0.7064814814814815 0.4708333333333333 0.7361111111111112 0.4796875 0.7361111111111112
7 0.5677083333333334 0.7731481481481484 0.5619791666666667 0.7731481481481484 0.5619791666666667 0.8138888888888891 0.5677083333333334 0.8138888888888891
7 0.5619791666666667 0.7694444444444447 0.5536458333333333 0.7694444444444447 0.5536458333333333 0.8083333333333336 0.5619791666666667 0.8083333333333336
8 0.5380208333333333 0.7351851851851854 0.5317708333333333 0.7351851851851854 0.5317708333333333 0.7555555555555558 0.5380208333333333 0.7555555555555558
7 0.5395833333333333 0.7333333333333335 0.5354166666666667 0.7333333333333335 0.5354166666666667 0.7509259259259261 0.5395833333333333 0.7509259259259261
5 0.5385416666666667 0.7481481481481483 0.5322916666666667 0.7481481481481483 0.5322916666666667 0.7722222222222225 0.5385416666666667 0.7722222222222225
0 0.5348958333333333 0.7509259259259261 0.5192708333333333 0.7509259259259261 0.5192708333333333 0.8064814814814817 0.5348958333333333 0.8064814814814817
3 0.5536458333333333 0.8296296296296298 0.525 0.8296296296296298 0.525 0.8944444444444447 0.5536458333333333 0.8944444444444447
3 0.5151041666666667 0.853703703703704 0.484375 0.853703703703704 0.48437500000000006 0.9379629629629632 0.5151041666666668 0.9379629629629632
5 0.575 0.9555555555555556 0.5619791666666667 0.9555555555555556 0.5619791666666667 1 0.575 1
8 0.4583333333333333 0.8046296296296296 0.45 0.8046296296296296 0.45 0.8287037037037037 0.4583333333333333 0.8287037037037037
9 0.4625 0.8277777777777777 0.45 0.8277777777777777 0.45 0.8546296296296296 0.4625 0.8546296296296296
8 0.4687500000000001 0.8898148148148148 0.45989583333333345 0.8898148148148148 0.45989583333333345 0.9222222222222223 0.4687500000000001 0.9222222222222223
5 0.46718750000000014 0.9074074074074074 0.4604166666666668 0.9074074074074074 0.4604166666666668 0.9425925925925925 0.46718750000000014 0.9425925925925925
8 0.44739583333333344 0.9259259259259259 0.4369791666666668 0.9259259259259259 0.4369791666666668 0.9527777777777777 0.44739583333333344 0.9527777777777777
5 0.4463541666666668 0.937962962962963 0.4401041666666668 0.937962962962963 0.4401041666666668 0.9722222222222222 0.4463541666666668 0.9722222222222222
3 0.43593750000000003 0.8481481481481481 0.40572916666666664 0.8481481481481481 0.40572916666666675 0.937962962962963 0.43593750000000014 0.937962962962963
3 0.3776041666666668 0.8657407407407407 0.33177083333333346 0.8657407407407407 0.33177083333333346 0.9268518518518518 0.3776041666666668 0.9268518518518518