9 0.7125 0.7083333333333336 0.6864583333333333 0.7083333333333336 0.6864583333333333 0.7981481481481484 0.7125 0.7981481481481484
8 0.7104166666666667 0.7268518518518521 0.6958333333333333 0.7268518518518521 0.6958333333333333 0.7694444444444447 0.7104166666666667 0.7694444444444447
10 0.43385416666666665 0.4583333333333334 0.38697916666666665 0.4583333333333334 0.38697916666666665 0.5740740740740741 0.43385416666666665 0.5740740740740741
7 0.3927083333333333 0.40185185185185196 0.3859375 0.40185185185185196 0.3859375 0.43333333333333346 0.3927083333333333 0.43333333333333346
3 0.4859375 0.41944444444444456 0.46458333333333335 0.41944444444444456 0.46458333333333335 0.4611111111111112 0.4859375 0.4611111111111112
2 0.6255208333333333 0.41574074074074086 0.5880208333333333 0.41574074074074086 0.5880208333333333 0.5333333333333335 0.6255208333333333 0.5333333333333335
7 0.6411458333333333 0.4212962962962964 0.634375 0.4212962962962964 0.634375 0.450925925925926 0.6411458333333333 0.450925925925926
7 0.6541666666666667 0.4148148148148149 0.6479166666666667 0.4148148148148149 0.6479166666666667 0.4425925925925927 0.6541666666666667 0.4425925925925927
1 0.6682291666666667 0.4722222222222223 0.6604166666666667 0.4722222222222223 0.6604166666666667 0.4990740740740743 0.6682291666666667 0.4990740740740743
3 0.5770833333333333 0.37592592592592605 0.5604166666666667 0.37592592592592605 0.5604166666666667 0.4037037037037038 0.5770833333333333 0.4037037037037038
3 0.5619791666666667 0.3361111111111112 0.546875 0.3361111111111112 0.546875 0.36296296296296304 0.5619791666666667 0.36296296296296304
3 0.515625 0.3472222222222223 0.49947916666666664 0.3472222222222223 0.49947916666666664 0.37314814814814823 0.515625 0.37314814814814823
3 0.6255208333333333 0.32685185185185195 0.6104166666666667 0.32685185185185195 0.6104166666666667 0.3500000000000001 0.6255208333333333 0.3500000000000001
3 0.66875 0.32870370370370383 0.6395833333333333 0.32870370370370383 0.6395833333333333 0.3500000000000001 0.66875 0.3500000000000001
11 0.7260416666666667 0.32407407407407424 0.7 0.3240740740740742 0.7 0.351851851851852 0.7260416666666667 0.3518518518518521
7 0.6177083333333333 0.2814814814814816 0.6145833333333334 0.2814814814814816 0.6145833333333334 0.2981481481481483 0.6177083333333333 0.2981481481481483
8 0.46979166666666666 0.32037037037037047 0.46510416666666665 0.32037037037037047 0.46510416666666665 0.33055555555555566 0.46979166666666666 0.33055555555555566
5 0.46927083333333336 0.32870370370370383 0.46458333333333335 0.32870370370370383 0.46458333333333335 0.338888888888889 0.46927083333333336 0.338888888888889
8 0.48854166666666665 0.2879629629629631 0.48489583333333336 0.2879629629629631 0.48489583333333336 0.29907407407407416 0.48854166666666665 0.29907407407407416
5 0.4890625 0.29537037037037045 0.48385416666666664 0.29537037037037045 0.48385416666666664 0.3074074074074075 0.4890625 0.3074074074074075
3 0.5109375 0.2898148148148149 0.4979166666666667 0.2898148148148149 0.4979166666666667 0.3074074074074075 0.5109375 0.3074074074074075
7 0.46822916666666664 0.28055555555555567 0.46510416666666665 0.28055555555555567 0.46510416666666665 0.29537037037037045 0.46822916666666664 0.29537037037037045
7 0.4661458333333333 0.27962962962962973 0.4640625 0.27962962962962973 0.4640625 0.2925925925925927 0.4661458333333333 0.2925925925925927
1 0.46510416666666665 0.2879629629629631 0.4583333333333333 0.2879629629629631 0.4583333333333333 0.2981481481481483 0.46510416666666665 0.2981481481481483
8 0.4796875 0.26481481481481495 0.47708333333333336 0.26481481481481495 0.47708333333333336 0.2740740740740742 0.4796875 0.2740740740740742
1 0.4796875 0.2722222222222223 0.47708333333333336 0.2722222222222223 0.47708333333333336 0.27962962962962973 0.4796875 0.27962962962962973
8 0.48489583333333336 0.2722222222222223 0.48125 0.2722222222222223 0.48125 0.2814814814814816 0.48489583333333336 0.2814814814814816
5 0.484375 0.2777777777777779 0.4822916666666667 0.2777777777777779 0.4822916666666667 0.2861111111111112 0.484375 0.2861111111111112
8 0.4890625 0.2685185185185186 0.48541666666666666 0.2685185185185186 0.48541666666666666 0.2777777777777779 0.4890625 0.2777777777777779
5 0.48854166666666665 0.2740740740740742 0.48541666666666666 0.2740740740740742 0.48541666666666666 0.28333333333333344 0.48854166666666665 0.28333333333333344
10 0.5744791666666667 0.2685185185185186 0.559375 0.2685185185185186 0.559375 0.2962962962962964 0.5744791666666667 0.2962962962962964
3 0.5802083333333333 0.2564814814814816 0.5692708333333333 0.2564814814814816 0.5692708333333333 0.2722222222222223 0.5802083333333333 0.2722222222222223
3 0.5098958333333333 0.263888888888889 0.5 0.263888888888889 0.5 0.28055555555555567 0.5098958333333333 0.28055555555555567
3 0.5161458333333333 0.24907407407407417 0.5067708333333333 0.24907407407407417 0.5067708333333333 0.26574074074074083 0.5161458333333333 0.26574074074074083
3 0.5052083333333334 0.24444444444444455 0.49583333333333335 0.24444444444444455 0.49583333333333335 0.2583333333333334 0.5052083333333334 0.2583333333333334
3 0.5015625 0.23796296296296307 0.49322916666666666 0.23796296296296307 0.49322916666666666 0.24907407407407417 0.5015625 0.24907407407407417
3 0.503125 0.23333333333333345 0.4953125 0.23333333333333345 0.4953125 0.24444444444444455 0.503125 0.24444444444444455
3 0.5010416666666667 0.21574074074074084 0.49270833333333336 0.21574074074074084 0.49270833333333336 0.22777777777777788 0.5010416666666667 0.22777777777777788
3 0.48854166666666665 0.2037037037037038 0.48125 0.2037037037037038 0.48125 0.21203703703703713 0.48854166666666665 0.21203703703703713
11 0.478125 0.19907407407407418 0.471875 0.19907407407407418 0.471875 0.2074074074074075 0.478125 0.2074074074074075
7 0.49270833333333336 0.1962962962962964 0.4901041666666667 0.1962962962962964 0.4901041666666667 0.2037037037037038 0.49270833333333336 0.2037037037037038
7 0.5192708333333333 0.20185185185185195 0.5171875 0.20185185185185195 0.5171875 0.21203703703703713 0.5192708333333333 0.21203703703703713
9 0.5104166666666666 0.20462962962962974 0.5067708333333333 0.20462962962962974 0.5067708333333333 0.21203703703703713 0.5104166666666666 0.21203703703703713
3 0.515625 0.21203703703703713 0.5078125 0.21203703703703713 0.5078125 0.22037037037037047 0.515625 0.22037037037037047
3 0.5296875 0.21481481481481493 0.5203125 0.21481481481481493 0.5203125 0.22314814814814826 0.5296875 0.22314814814814826
10 0.5479166666666667 0.21018518518518528 0.5348958333333333 0.21018518518518528 0.5348958333333333 0.23703703703703713 0.5479166666666667 0.23703703703703713
10 0.5802083333333333 0.22500000000000012 0.5635416666666667 0.22500000000000012 0.5635416666666667 0.2453703703703705 0.5802083333333333 0.2453703703703705
8 0.5765625 0.2425925925925927 0.5744791666666667 0.2425925925925927 0.5744791666666667 0.25092592592592605 0.5765625 0.25092592592592605
1 0.5765625 0.24814814814814826 0.5744791666666667 0.24814814814814826 0.5744791666666667 0.25555555555555565 0.5765625 0.25555555555555565
11 0.5604166666666667 0.2425925925925927 0.5505208333333333 0.2425925925925927 0.5505208333333333 0.26111111111111124 0.5604166666666667 0.26111111111111124
10 0.5447916666666667 0.2425925925925927 0.534375 0.2425925925925927 0.534375 0.26111111111111124 0.5447916666666667 0.26111111111111124
3 0.5536458333333333 0.23981481481481493 0.5453125 0.23981481481481493 0.5453125 0.25185185185185194 0.5536458333333333 0.25185185185185194
3 0.55625 0.23796296296296307 0.5489583333333333 0.23796296296296307 0.5489583333333333 0.24814814814814826 0.55625 0.24814814814814826
3 0.5401041666666667 0.24166666666666678 0.5322916666666667 0.24166666666666678 0.5322916666666667 0.2527777777777779 0.5401041666666667 0.2527777777777779
11 0.5385416666666667 0.23333333333333345 0.53125 0.23333333333333345 0.53125 0.24722222222222232 0.5385416666666667 0.24722222222222232
3 0.5333333333333333 0.23333333333333345 0.5260416666666666 0.23333333333333345 0.5260416666666666 0.2453703703703705 0.5333333333333333 0.2453703703703705
3 0.528125 0.22500000000000012 0.5208333333333334 0.22500000000000012 0.5208333333333334 0.23796296296296307 0.528125 0.23796296296296307
3 0.5223958333333333 0.22407407407407418 0.5161458333333333 0.22407407407407418 0.5161458333333333 0.23611111111111122 0.5223958333333333 0.23611111111111122
3 0.5322916666666667 0.22314814814814826 0.5229166666666667 0.22314814814814826 0.5229166666666667 0.2324074074074075 0.5322916666666667 0.2324074074074075