3 0.11838235294117651 0.6705882352941176 0.018382352941176516 0.6705882352941176 0.01838235294117652 0.7581699346405228 0.11838235294117651 0.7581699346405228
3 0.16397058823529415 0.6313725490196078 0.07279411764705887 0.6313725490196078 0.07279411764705887 0.6980392156862745 0.16397058823529415 0.6980392156862745
3 0.20661764705882357 0.5803921568627451 0.11764705882352945 0.5803921568627451 0.11764705882352945 0.6392156862745098 0.2066176470588236 0.6392156862745098
3 0.21029411764705883 0.550326797385621 0.14264705882352946 0.550326797385621 0.14264705882352946 0.5973856209150327 0.21029411764705883 0.5973856209150327
3 0.2323529411764706 0.5176470588235295 0.15514705882352944 0.5176470588235295 0.15514705882352944 0.5738562091503268 0.2323529411764706 0.5738562091503268
3 0.2625 0.46013071895424834 0.19264705882352942 0.46013071895424834 0.19264705882352942 0.5084967320261438 0.2625 0.5084967320261438
3 0.27426470588235297 0.4143790849673203 0.2125 0.4143790849673203 0.2125 0.4549019607843137 0.27426470588235297 0.4549019607843137
3 0.2772058823529412 0.396078431372549 0.21911764705882353 0.396078431372549 0.21911764705882353 0.43137254901960786 0.2772058823529412 0.43137254901960786
3 0.28455882352941175 0.3790849673202614 0.2323529411764706 0.3790849673202614 0.2323529411764706 0.41830065359477125 0.28455882352941175 0.41830065359477125
3 0.2985294117647059 0.36470588235294116 0.2485294117647059 0.36470588235294116 0.2485294117647059 0.403921568627451 0.2985294117647059 0.403921568627451
3 0.3058823529411765 0.3503267973856209 0.2580882352941177 0.3503267973856209 0.2580882352941177 0.38823529411764707 0.3058823529411765 0.38823529411764707
11 0.12794117647058828 0.35294117647058826 0.08014705882352943 0.35294117647058826 0.08014705882352943 0.42745098039215684 0.12794117647058828 0.42745098039215684
9 0.14632352941176474 0.4222222222222222 0.10588235294117651 0.4222222222222222 0.10588235294117651 0.4627450980392157 0.14632352941176474 0.4627450980392157
4 0.18382352941176475 0.36470588235294116 0.13235294117647062 0.36470588235294116 0.13235294117647062 0.4235294117647059 0.18382352941176475 0.4235294117647059
4 0.20588235294117646 0.31764705882352945 0.14485294117647063 0.3176470588235294 0.14485294117647063 0.3542483660130719 0.20588235294117646 0.3542483660130719
11 0.20294117647058824 0.2928104575163399 0.16470588235294117 0.2928104575163399 0.1647058823529412 0.3294117647058824 0.20294117647058824 0.3294117647058824
3 0.21838235294117647 0.28235294117647064 0.18088235294117647 0.28235294117647064 0.1808823529411765 0.30588235294117655 0.21838235294117647 0.30588235294117655
3 0.23602941176470588 0.2745098039215687 0.20073529411764707 0.2745098039215687 0.20073529411764707 0.2993464052287582 0.23602941176470588 0.2993464052287582
11 0.2485294117647059 0.2483660130718955 0.21470588235294116 0.2483660130718955 0.21470588235294116 0.2784313725490197 0.2485294117647059 0.2784313725490197
3 0.2551470588235294 0.24444444444444452 0.225 0.24444444444444452 0.225 0.2679738562091504 0.2551470588235294 0.2679738562091504
3 0.26029411764705884 0.23660130718954256 0.23161764705882354 0.23660130718954256 0.23161764705882354 0.26013071895424844 0.26029411764705884 0.26013071895424844
3 0.31470588235294117 0.338562091503268 0.2698529411764706 0.338562091503268 0.2698529411764706 0.3686274509803922 0.31470588235294117 0.3686274509803922
3 0.31691176470588234 0.33202614379084977 0.2772058823529412 0.33202614379084977 0.2772058823529412 0.3607843137254902 0.31691176470588234 0.3607843137254902
3 0.3139705882352941 0.31111111111111117 0.2676470588235294 0.31111111111111117 0.2676470588235294 0.34509803921568627 0.3139705882352941 0.34509803921568627
3 0.3272058823529412 0.3045751633986929 0.28602941176470587 0.3045751633986929 0.28602941176470587 0.3333333333333334 0.3272058823529412 0.3333333333333334
11 0.3220588235294118 0.21830065359477133 0.30220588235294116 0.21830065359477133 0.30220588235294116 0.25228758169934645 0.3220588235294118 0.25228758169934645
7 0.26029411764705884 0.29803921568627456 0.25441176470588234 0.29803921568627456 0.25441176470588234 0.3241830065359478 0.26029411764705884 0.3241830065359478
7 0.2551470588235294 0.29803921568627456 0.25 0.29803921568627456 0.25 0.32810457516339875 0.2551470588235294 0.32810457516339875
5 0.2647058823529412 0.2313725490196079 0.2529411764705882 0.2313725490196079 0.2529411764705882 0.24313725490196086 0.2647058823529412 0.24313725490196086
5 0.2757352941176471 0.2313725490196079 0.26544117647058824 0.2313725490196079 0.26544117647058824 0.24444444444444452 0.2757352941176471 0.24444444444444452
11 0.2647058823529412 0.1895424836601308 0.25 0.1895424836601308 0.25 0.21437908496732033 0.2647058823529412 0.21437908496732033
3 0.2948529411764706 0.1921568627450981 0.27794117647058825 0.1921568627450981 0.27794117647058825 0.215686274509804 0.2948529411764706 0.215686274509804
3 0.31029411764705883 0.19738562091503276 0.2985294117647059 0.19738562091503276 0.2985294117647059 0.21437908496732033 0.31029411764705883 0.21437908496732033
11 0.3220588235294118 0.1921568627450981 0.31176470588235294 0.1921568627450981 0.31176470588235294 0.21437908496732033 0.3220588235294118 0.21437908496732033
5 0.31323529411764706 0.2666666666666667 0.2985294117647059 0.2666666666666667 0.2985294117647059 0.28235294117647064 0.31323529411764706 0.28235294117647064
8 0.30808823529411766 0.25751633986928113 0.30220588235294116 0.25751633986928113 0.30220588235294116 0.2784313725490197 0.30808823529411766 0.2784313725490197
8 0.28602941176470587 0.5699346405228758 0.2713235294117647 0.5699346405228758 0.2713235294117647 0.6039215686274509 0.28602941176470587 0.6039215686274509
3 0.3985294117647059 0.7686274509803922 0.2941176470588236 0.7686274509803922 0.2941176470588236 0.9150326797385621 0.3985294117647059 0.9150326797385621
7 0.3786764705882353 0.8169934640522876 0.36323529411764716 0.8169934640522876 0.36323529411764716 0.8967320261437909 0.3786764705882353 0.8967320261437909
3 0.36470588235294127 0.681045751633987 0.31323529411764717 0.681045751633987 0.31323529411764717 0.7934640522875817 0.36470588235294127 0.7934640522875817
11 0.4676470588235294 0.5921568627450982 0.43308823529411766 0.5921568627450982 0.43308823529411766 0.6928104575163399 0.4676470588235294 0.6928104575163399
5 0.43970588235294117 0.7189542483660131 0.42426470588235293 0.7189542483660131 0.42426470588235293 0.7686274509803922 0.43970588235294117 0.7686274509803922
8 0.43970588235294117 0.6967320261437908 0.4235294117647059 0.6967320261437908 0.4235294117647059 0.7477124183006536 0.43970588235294117 0.7477124183006536
3 0.4036764705882353 0.35816993464052305 0.3625 0.35816993464052305 0.3625 0.40392156862745116 0.4036764705882353 0.40392156862745116
3 0.4389705882352941 0.3307189542483661 0.41911764705882354 0.3307189542483661 0.41911764705882354 0.3712418300653596 0.4389705882352941 0.3712418300653596
3 0.4522058823529412 0.2967320261437909 0.43529411764705883 0.2967320261437909 0.43529411764705883 0.32549019607843144 0.4522058823529412 0.32549019607843144
3 0.44779411764705884 0.2836601307189543 0.43014705882352944 0.2836601307189543 0.43014705882352944 0.3071895424836602 0.44779411764705884 0.3071895424836602
7 0.45 0.26274509803921575 0.44485294117647056 0.26274509803921575 0.44485294117647056 0.2875816993464053 0.45 0.2875816993464053
7 0.4485294117647059 0.24313725490196086 0.4441176470588235 0.24313725490196086 0.4441176470588235 0.26274509803921575 0.4485294117647059 0.26274509803921575
3 0.46544117647058825 0.21437908496732033 0.4522058823529412 0.21437908496732033 0.4522058823529412 0.2352941176470589 0.46544117647058825 0.2352941176470589
8 0.44338235294117645 0.20784313725490203 0.43970588235294117 0.20784313725490203 0.43970588235294117 0.22352941176470595 0.44338235294117645 0.22352941176470595
7 0.45 0.20915032679738568 0.44632352941176473 0.20915032679738568 0.44632352941176473 0.2261437908496733 0.45 0.2261437908496733
7 0.4514705882352941 0.2026143790849674 0.44779411764705884 0.2026143790849674 0.44779411764705884 0.21307189542483668 0.4514705882352941 0.21307189542483668
11 0.4625 0.19477124183006544 0.4514705882352941 0.19477124183006544 0.4514705882352941 0.21437908496732033 0.4625 0.21437908496732033
8 0.46691176470588236 0.2248366013071896 0.4625 0.2248366013071896 0.4625 0.2352941176470589 0.46691176470588236 0.2352941176470589
5 0.46691176470588236 0.2313725490196079 0.4625 0.2313725490196079 0.4625 0.24052287581699353 0.46691176470588236 0.24052287581699353
8 0.475 0.2784313725490197 0.4698529411764706 0.2784313725490197 0.4698529411764706 0.2941176470588236 0.475 0.2941176470588236
5 0.475 0.28627450980392166 0.4698529411764706 0.28627450980392166 0.4698529411764706 0.3006535947712419 0.475 0.3006535947712419
3 0.49411764705882355 0.20653594771241837 0.4823529411764706 0.20653594771241837 0.4823529411764706 0.23267973856209156 0.49411764705882355 0.23267973856209156
3 0.4889705882352941 0.19738562091503276 0.4727941176470588 0.19738562091503276 0.4727941176470588 0.215686274509804 0.4889705882352941 0.215686274509804
4 0.5007352941176471 0.041830065359477225 0.4676470588235294 0.04183006535947722 0.4676470588235294 0.10457516339869292 0.5007352941176471 0.10457516339869292
3 0.47205882352941175 0.15294117647058836 0.46397058823529413 0.15294117647058836 0.46397058823529413 0.16732026143790857 0.47205882352941175 0.16732026143790857
11 0.4742647058823529 0.14248366013071906 0.46397058823529413 0.14248366013071906 0.46397058823529413 0.154248366013072 0.4742647058823529 0.154248366013072
4 0.47352941176470587 0.11111111111111122 0.46176470588235297 0.11111111111111122 0.46176470588235297 0.1411764705882354 0.47352941176470587 0.1411764705882354
3 0.4852941176470588 0.10588235294117658 0.4801470588235294 0.10588235294117658 0.4801470588235294 0.1150326797385622 0.4852941176470588 0.1150326797385622
11 0.4970588235294118 0.13725490196078444 0.4904411764705882 0.13725490196078444 0.4904411764705882 0.14901960784313736 0.4970588235294118 0.14901960784313736
4 0.4632352941176471 0.1477124183006537 0.4536764705882353 0.1477124183006537 0.4536764705882353 0.18169934640522883 0.4632352941176471 0.18169934640522883
7 0.48823529411764705 0.16339869281045763 0.4852941176470588 0.16339869281045763 0.4852941176470588 0.17777777777777784 0.48823529411764705 0.17777777777777784
7 0.49411764705882355 0.24052287581699353 0.4904411764705882 0.24052287581699353 0.4904411764705882 0.2614379084967321 0.49411764705882355 0.2614379084967321
7 0.4801470588235294 0.14640522875817005 0.47794117647058826 0.14640522875817005 0.47794117647058826 0.15686274509803932 0.4801470588235294 0.15686274509803932
7 0.4786764705882353 0.13333333333333344 0.47573529411764703 0.13333333333333344 0.47573529411764703 0.14379084967320271 0.4786764705882353 0.14379084967320271
4 0.5110294117647058 0.11764705882352952 0.4985294117647059 0.11764705882352952 0.4985294117647059 0.16993464052287588 0.5110294117647058 0.16993464052287588
8 0.5161764705882353 0.18300653594771257 0.5125 0.18300653594771257 0.5125 0.19346405228758184 0.5161764705882353 0.19346405228758184
5 0.5161764705882353 0.1882352941176472 0.5125 0.1882352941176472 0.5125 0.19738562091503284 0.5161764705882353 0.19738562091503284
3 0.5169117647058824 0.2470588235294119 0.5029411764705882 0.24705882352941183 0.5029411764705882 0.2718954248366014 0.5169117647058824 0.27189542483660145
11 0.5088235294117647 0.27320261437908505 0.4948529411764706 0.27320261437908505 0.4948529411764706 0.30588235294117655 0.5088235294117647 0.30588235294117655
8 0.5205882352941177 0.2705882352941178 0.5161764705882353 0.2705882352941178 0.5161764705882353 0.28496732026143806 0.5205882352941177 0.28496732026143806
5 0.5205882352941177 0.27973856209150344 0.5161764705882353 0.27973856209150344 0.5161764705882353 0.29281045751634 0.5205882352941177 0.29281045751634
3 0.5139705882352941 0.3281045751633988 0.4948529411764706 0.32810457516339875 0.4948529411764706 0.35816993464052305 0.5139705882352941 0.35816993464052305
3 0.49926470588235294 0.40653594771241847 0.47205882352941175 0.40653594771241847 0.47205882352941175 0.45359477124183023 0.49926470588235294 0.45359477124183023
9 0.5433823529411764 0.3137254901960786 0.5286764705882353 0.3137254901960786 0.5286764705882353 0.3437908496732028 0.5433823529411764 0.3437908496732028
8 0.5360294117647059 0.3137254901960786 0.5301470588235294 0.3137254901960786 0.5301470588235294 0.3267973856209152 0.5360294117647059 0.3267973856209152
7 0.5485294117647059 0.3490196078431374 0.5426470588235294 0.3490196078431374 0.5426470588235294 0.3816993464052289 0.5485294117647059 0.3816993464052289
7 0.5573529411764706 0.3516339869281047 0.5514705882352942 0.3516339869281047 0.5514705882352942 0.3843137254901962 0.5573529411764706 0.3843137254901962
11 0.5522058823529412 0.2732026143790851 0.5352941176470588 0.2732026143790851 0.5352941176470588 0.3084967320261439 0.5522058823529412 0.3084967320261439
5 0.5647058823529412 0.726797385620915 0.5477941176470589 0.726797385620915 0.5477941176470589 0.7816993464052288 0.5647058823529412 0.7816993464052288
8 0.5639705882352941 0.7163398692810458 0.55 0.7163398692810458 0.55 0.7660130718954249 0.5639705882352941 0.7660130718954249
7 0.6044117647058823 0.8235294117647058 0.5889705882352941 0.8235294117647058 0.5889705882352941 0.8941176470588236 0.6044117647058823 0.8941176470588236
10 0.8330882352941177 0.9555555555555557 0.6727941176470589 0.9555555555555556 0.6727941176470589 1.0000000000000002 0.8330882352941177 1.0000000000000002
10 0.8102941176470588 0.811764705882353 0.6485294117647059 0.8117647058823529 0.6485294117647059 0.9555555555555557 0.8102941176470588 0.9555555555555558
10 0.7382352941176471 0.6562091503267975 0.6242647058823529 0.6562091503267975 0.6242647058823529 0.7555555555555558 0.7382352941176471 0.7555555555555559
7 0.8404411764705882 0.5934640522875818 0.825735294117647 0.5934640522875818 0.825735294117647 0.6431372549019609 0.8404411764705882 0.6431372549019609
7 0.8580882352941176 0.5908496732026145 0.8477941176470588 0.5908496732026145 0.8477941176470588 0.63921568627451 0.8580882352941176 0.63921568627451
8 0.8397058823529412 0.5934640522875818 0.8338235294117647 0.5934640522875818 0.8338235294117647 0.6183006535947714 0.8397058823529412 0.6183006535947714
8 0.9860294117647059 0.7607843137254905 0.975 0.7607843137254905 0.975 0.7856209150326801 0.9860294117647059 0.7856209150326801
2 1 0.5398692810457518 0.85 0.5398692810457518 0.85 0.6522875816993465 1 0.6522875816993465
5 0.7963235294117647 0.4954248366013073 0.7867647058823529 0.4954248366013073 0.7867647058823529 0.5294117647058825 0.7963235294117647 0.5294117647058825
5 0.8066176470588236 0.496732026143791 0.7970588235294118 0.496732026143791 0.7970588235294118 0.5320261437908498 0.8066176470588236 0.5320261437908498
4 0.7639705882352941 0.4300653594771243 0.7419117647058824 0.4300653594771243 0.7419117647058824 0.4732026143790851 0.7639705882352941 0.4732026143790851
5 0.7389705882352942 0.40392156862745116 0.7323529411764705 0.40392156862745116 0.7323529411764705 0.4339869281045753 0.7389705882352942 0.4339869281045753
5 0.725 0.3712418300653596 0.7161764705882353 0.3712418300653596 0.7161764705882353 0.39346405228758186 0.725 0.39346405228758186
5 0.7169117647058824 0.3725490196078433 0.7102941176470589 0.3725490196078433 0.7102941176470589 0.3973856209150328 0.7169117647058824 0.3973856209150328
5 0.7036764705882353 0.3712418300653596 0.6941176470588235 0.3712418300653596 0.6941176470588235 0.3947712418300655 0.7036764705882353 0.3947712418300655
5 0.7022058823529411 0.366013071895425 0.6882352941176471 0.366013071895425 0.6882352941176471 0.3816993464052289 0.7022058823529411 0.3816993464052289
5 0.7154411764705882 0.3568627450980394 0.7 0.3568627450980394 0.7 0.3790849673202616 0.7154411764705882 0.3790849673202616
7 0.6808823529411765 0.296732026143791 0.674264705882353 0.296732026143791 0.674264705882353 0.3267973856209152 0.6808823529411765 0.3267973856209152
7 0.6602941176470588 0.2705882352941178 0.6566176470588235 0.2705882352941178 0.6566176470588235 0.296732026143791 0.6602941176470588 0.296732026143791
7 0.6580882352941176 0.2679738562091505 0.6529411764705882 0.2679738562091505 0.6529411764705882 0.2941176470588237 0.6580882352941176 0.2941176470588237