3 0.8904411764705882 0.862745098039216 0.7779411764705882 0.862745098039216 0.7779411764705882 1.0000000000000002 0.8904411764705882 1.0000000000000002
3 0.7860294117647059 0.5908496732026145 0.7014705882352941 0.5908496732026145 0.7014705882352941 0.6679738562091505 0.7860294117647059 0.6679738562091505
3 0.6889705882352941 0.49150326797385635 0.65 0.49150326797385635 0.65 0.5464052287581701 0.6889705882352941 0.5464052287581701
3 0.5477941176470589 0.5594771241830067 0.5073529411764706 0.5594771241830067 0.5073529411764706 0.627450980392157 0.5477941176470589 0.627450980392157
3 0.4786764705882353 0.5098039215686276 0.4485294117647059 0.5098039215686276 0.4485294117647059 0.5712418300653597 0.4786764705882353 0.5712418300653597
3 0.3683823529411765 0.5869281045751634 0.31985294117647056 0.5869281045751634 0.3198529411764706 0.6836601307189543 0.36838235294117655 0.6836601307189543
3 0.39558823529411763 0.45359477124183023 0.36470588235294116 0.45359477124183023 0.36470588235294116 0.5111111111111113 0.39558823529411763 0.5111111111111113
3 0.48455882352941176 0.3071895424836602 0.4661764705882353 0.3071895424836602 0.4661764705882353 0.3424836601307191 0.48455882352941176 0.3424836601307191
3 0.4375 0.30326797385620924 0.41691176470588237 0.30326797385620924 0.41691176470588237 0.3385620915032681 0.4375 0.3385620915032681
11 0.46176470588235297 0.27058823529411774 0.43676470588235294 0.27058823529411774 0.43676470588235294 0.2967320261437909 0.46176470588235297 0.2967320261437909
3 0.2125 0.21437908496732033 0.20073529411764707 0.21437908496732033 0.20073529411764707 0.2313725490196079 0.2125 0.2313725490196079
3 0.23897058823529413 0.215686274509804 0.21985294117647058 0.215686274509804 0.21985294117647058 0.23267973856209156 0.23897058823529413 0.23267973856209156
3 0.27426470588235297 0.215686274509804 0.2485294117647059 0.215686274509804 0.2485294117647059 0.2352941176470589 0.27426470588235297 0.2352941176470589
3 0.26176470588235295 0.23267973856209156 0.2286764705882353 0.23267973856209156 0.2286764705882353 0.24967320261437917 0.26176470588235295 0.24967320261437917
3 0.2625 0.24575163398692818 0.22573529411764706 0.24575163398692818 0.22573529411764706 0.2666666666666667 0.2625 0.2666666666666667
3 0.31470588235294117 0.21699346405228764 0.2985294117647059 0.21699346405228764 0.2985294117647059 0.23660130718954256 0.31470588235294117 0.23660130718954256
3 0.3492647058823529 0.21830065359477133 0.33897058823529413 0.21830065359477133 0.33897058823529413 0.23660130718954256 0.3492647058823529 0.23660130718954256
3 0.3698529411764706 0.215686274509804 0.3463235294117647 0.215686274509804 0.3463235294117647 0.2313725490196079 0.3698529411764706 0.2313725490196079
3 0.38529411764705884 0.21307189542483668 0.37426470588235294 0.21307189542483668 0.37426470588235294 0.23006535947712425 0.38529411764705884 0.23006535947712425
3 0.3514705882352941 0.1830065359477125 0.33676470588235297 0.1830065359477125 0.33676470588235297 0.2026143790849674 0.3514705882352941 0.2026143790849674
3 0.3889705882352941 0.20522875816993472 0.3786764705882353 0.20522875816993472 0.3786764705882353 0.2222222222222223 0.3889705882352941 0.2222222222222223
3 0.39338235294117646 0.20000000000000007 0.38235294117647056 0.20000000000000007 0.38235294117647056 0.21699346405228764 0.39338235294117646 0.21699346405228764
3 0.39558823529411763 0.19346405228758176 0.38676470588235295 0.19346405228758176 0.38676470588235295 0.21045751633986937 0.39558823529411763 0.21045751633986937
3 0.3875 0.16732026143790857 0.3698529411764706 0.16732026143790857 0.3698529411764706 0.17647058823529418 0.3875 0.17647058823529418
3 0.39044117647058824 0.18039215686274518 0.3830882352941177 0.18039215686274518 0.3830882352941177 0.19477124183006544 0.39044117647058824 0.19477124183006544
3 0.40294117647058825 0.17124183006535956 0.38823529411764707 0.17124183006535956 0.38823529411764707 0.1830065359477125 0.40294117647058825 0.1830065359477125
3 0.4051470588235294 0.18039215686274518 0.39705882352941174 0.18039215686274518 0.39705882352941174 0.1960784313725491 0.4051470588235294 0.1960784313725491
3 0.4036764705882353 0.18692810457516348 0.3948529411764706 0.18692810457516348 0.3948529411764706 0.2026143790849674 0.4036764705882353 0.2026143790849674
3 0.3977941176470588 0.19477124183006544 0.3889705882352941 0.19477124183006544 0.3889705882352941 0.20784313725490203 0.3977941176470588 0.20784313725490203
3 0.4573529411764706 0.17385620915032687 0.45073529411764707 0.17385620915032687 0.45073529411764707 0.18692810457516348 0.4573529411764706 0.18692810457516348
3 0.47205882352941175 0.17124183006535956 0.46544117647058825 0.17124183006535956 0.46544117647058825 0.18431372549019615 0.47205882352941175 0.18431372549019615
3 0.49779411764705883 0.1960784313725491 0.48823529411764705 0.1960784313725491 0.48823529411764705 0.21045751633986937 0.49779411764705883 0.21045751633986937
3 0.49779411764705883 0.17647058823529418 0.48970588235294116 0.17647058823529418 0.48970588235294116 0.1895424836601308 0.49779411764705883 0.1895424836601308
3 0.48823529411764705 0.14640522875817005 0.48161764705882354 0.14640522875817005 0.48161764705882354 0.15816993464052298 0.48823529411764705 0.15816993464052298
3 0.49779411764705883 0.13986928104575175 0.49264705882352944 0.13986928104575175 0.49264705882352944 0.15032679738562102 0.49779411764705883 0.15032679738562102
3 0.48676470588235293 0.12941176470588248 0.4823529411764706 0.12941176470588248 0.4823529411764706 0.13594771241830075 0.48676470588235293 0.13594771241830075
3 0.49117647058823527 0.12026143790849685 0.4875 0.12026143790849685 0.4875 0.1281045751633988 0.49117647058823527 0.1281045751633988
3 0.4808823529411765 0.11895424836601318 0.4772058823529412 0.11895424836601318 0.4772058823529412 0.12418300653594783 0.4808823529411765 0.12418300653594783
3 0.47573529411764703 0.11633986928104587 0.47205882352941175 0.11633986928104587 0.47205882352941175 0.1215686274509805 0.47573529411764703 0.1215686274509805
4 0.49779411764705883 0.07843137254901972 0.47941176470588237 0.07843137254901972 0.47941176470588237 0.10326797385620926 0.49779411764705883 0.10326797385620926
3 0.4852941176470588 0.10718954248366024 0.48308823529411765 0.10718954248366024 0.48308823529411765 0.11111111111111122 0.4852941176470588 0.11111111111111122
3 0.4801470588235294 0.10326797385620926 0.4772058823529412 0.10326797385620926 0.4772058823529412 0.1084967320261439 0.4801470588235294 0.1084967320261439
3 0.4566176470588235 0.154248366013072 0.44632352941176473 0.154248366013072 0.44632352941176473 0.16862745098039222 0.4566176470588235 0.16862745098039222
3 0.40147058823529413 0.16078431372549026 0.39338235294117646 0.16078431372549026 0.39338235294117646 0.17124183006535956 0.40147058823529413 0.17124183006535956
4 0.3669117647058823 0.17516339869281053 0.35294117647058826 0.17516339869281053 0.35294117647058826 0.18823529411764714 0.3669117647058823 0.18823529411764714
3 0.3316176470588235 0.215686274509804 0.3220588235294118 0.215686274509804 0.3220588235294118 0.23267973856209156 0.3316176470588235 0.23267973856209156
10 0.19264705882352942 0.20653594771241837 0.18088235294117647 0.20653594771241837 0.18088235294117647 0.2313725490196079 0.19264705882352942 0.2313725490196079
3 0.17720588235294119 0.28758169934640526 0.15 0.2875816993464052 0.15000000000000002 0.3189542483660131 0.1772058823529412 0.31895424836601316
3 0.20955882352941177 0.28496732026143795 0.17058823529411765 0.2849673202614379 0.17058823529411768 0.3189542483660131 0.20955882352941177 0.31895424836601316
3 0.22794117647058823 0.29542483660130725 0.1948529411764706 0.29542483660130725 0.1948529411764706 0.3241830065359478 0.22794117647058823 0.3241830065359478
3 0.28308823529411764 0.3607843137254902 0.2485294117647059 0.3607843137254902 0.2485294117647059 0.4013071895424837 0.28308823529411764 0.4013071895424837
3 0.2911764705882353 0.338562091503268 0.24338235294117647 0.338562091503268 0.24338235294117647 0.37516339869281046 0.2911764705882353 0.37516339869281046
3 0.2838235294117647 0.31895424836601316 0.23897058823529413 0.31895424836601316 0.23897058823529413 0.3477124183006536 0.2838235294117647 0.3477124183006536
3 0.2757352941176471 0.2993464052287582 0.23529411764705882 0.2993464052287582 0.23529411764705882 0.32156862745098047 0.2757352941176471 0.32156862745098047
3 0.2426470588235294 0.38300653594771245 0.1772058823529412 0.38300653594771245 0.1772058823529412 0.42745098039215684 0.2426470588235294 0.42745098039215684
3 0.23823529411764705 0.4013071895424837 0.17205882352941182 0.4013071895424837 0.17205882352941182 0.4496732026143791 0.23823529411764705 0.4496732026143791
3 0.21323529411764705 0.4392156862745098 0.16470588235294123 0.4392156862745098 0.16470588235294123 0.5124183006535947 0.21323529411764705 0.5124183006535947
3 0.5639705882352941 0.24575163398692826 0.5338235294117647 0.24575163398692826 0.5338235294117647 0.2705882352941178 0.5639705882352941 0.2705882352941178
3 0.6691176470588235 0.25228758169934656 0.6375 0.25228758169934656 0.6375 0.2732026143790851 0.6691176470588235 0.2732026143790851
3 0.6477941176470589 0.21307189542483676 0.6272058823529412 0.21307189542483676 0.6272058823529412 0.23006535947712434 0.6477941176470589 0.23006535947712434
3 0.6654411764705882 0.21568627450980407 0.6485294117647059 0.21568627450980407 0.6485294117647059 0.23529411764705896 0.6654411764705882 0.23529411764705896
3 0.6816176470588236 0.22222222222222238 0.6654411764705882 0.22222222222222238 0.6654411764705882 0.2405228758169936 0.6816176470588236 0.2405228758169936
3 0.6786764705882353 0.2509803921568629 0.6551470588235294 0.2509803921568629 0.6551470588235294 0.2679738562091505 0.6786764705882353 0.2679738562091505
3 0.7235294117647059 0.2535947712418302 0.6919117647058823 0.2535947712418302 0.6919117647058823 0.2758169934640524 0.7235294117647059 0.2758169934640524
3 0.7345588235294118 0.2535947712418302 0.7102941176470589 0.2535947712418302 0.7102941176470589 0.26928104575163414 0.7345588235294118 0.26928104575163414
3 0.7661764705882353 0.2575163398692812 0.7360294117647059 0.2575163398692812 0.7360294117647059 0.2771241830065361 0.7661764705882353 0.2771241830065361
3 0.7477941176470588 0.28888888888888903 0.7102941176470589 0.28888888888888903 0.7102941176470589 0.3111111111111113 0.7477941176470588 0.3111111111111113
3 0.7272058823529411 0.29281045751634 0.6919117647058823 0.29281045751634 0.6919117647058823 0.3163398692810459 0.7272058823529411 0.3163398692810459
3 0.7022058823529411 0.29542483660130736 0.6647058823529411 0.29542483660130736 0.6647058823529411 0.3215686274509805 0.7022058823529411 0.3215686274509805
3 0.6941176470588235 0.300653594771242 0.6566176470588235 0.300653594771242 0.6566176470588235 0.32810457516339886 0.6941176470588235 0.32810457516339886
3 0.6316176470588235 0.3215686274509805 0.6036764705882353 0.3215686274509805 0.6036764705882353 0.35032679738562106 0.6316176470588235 0.35032679738562106
7 0.6176470588235294 0.34509803921568644 0.5963235294117647 0.34509803921568644 0.5963235294117647 0.3751633986928106 0.6176470588235294 0.3751633986928106
3 0.6227941176470588 0.3725490196078433 0.600735294117647 0.3725490196078433 0.600735294117647 0.40653594771241847 0.6227941176470588 0.40653594771241847
3 0.6654411764705882 0.43660130718954265 0.6367647058823529 0.43660130718954265 0.6367647058823529 0.48235294117647076 0.6654411764705882 0.48235294117647076
3 0.6455882352941177 0.3973856209150328 0.6235294117647059 0.3973856209150328 0.6235294117647059 0.43921568627450996 0.6455882352941177 0.43921568627450996
4 0.8536764705882353 0.31241830065359494 0.7389705882352942 0.31241830065359494 0.7389705882352942 0.3320261437908499 0.8536764705882353 0.3320261437908499
7 0.7889705882352941 0.29281045751634 0.7823529411764706 0.29281045751634 0.7823529411764706 0.32026143790849687 0.7889705882352941 0.32026143790849687
7 0.7867647058823529 0.3320261437908498 0.7801470588235294 0.3320261437908498 0.7801470588235294 0.36339869281045767 0.7867647058823529 0.36339869281045767
3 0.7963235294117647 0.3320261437908498 0.7889705882352941 0.3320261437908498 0.7889705882352941 0.3594771241830067 0.7963235294117647 0.3594771241830067
4 0.8492647058823529 0.33725490196078445 0.8 0.33725490196078445 0.8 0.366013071895425 0.8492647058823529 0.366013071895425
7 0.7242647058823529 0.3189542483660132 0.7198529411764706 0.3189542483660132 0.7198529411764706 0.34509803921568644 0.7242647058823529 0.34509803921568644
7 0.7161764705882353 0.3215686274509805 0.7139705882352941 0.3215686274509805 0.7139705882352941 0.34509803921568644 0.7161764705882353 0.34509803921568644
7 0.7198529411764706 0.32418300653594784 0.7161764705882353 0.32418300653594784 0.7161764705882353 0.3490196078431374 0.7198529411764706 0.3490196078431374
11 0.7227941176470588 0.37385620915032697 0.6676470588235294 0.37385620915032697 0.6676470588235294 0.4143790849673204 0.7227941176470588 0.4143790849673204
9 0.9477941176470588 0.5437908496732028 0.9058823529411765 0.5437908496732028 0.9058823529411765 0.6117647058823531 0.9477941176470588 0.6117647058823531
5 0.9272058823529412 0.5045751633986929 0.8985294117647059 0.5045751633986929 0.8985294117647059 0.5411764705882355 0.9272058823529412 0.5411764705882355
1 0.9566176470588236 0.47581699346405243 0.9301470588235294 0.47581699346405243 0.9301470588235294 0.5045751633986929 0.9566176470588236 0.5045751633986929
7 0.8757352941176471 0.3895424836601309 0.8683823529411765 0.3895424836601309 0.8683823529411765 0.4300653594771243 0.8757352941176471 0.4300653594771243
7 0.8948529411764706 0.8392156862745102 0.8786764705882353 0.8392156862745102 0.8786764705882353 0.9189542483660134 0.8948529411764706 0.9189542483660134