3 0.9838235294117647 0.9267973856209153 0.8338235294117647 0.9267973856209153 0.8338235294117647 1.0000000000000002 0.9838235294117647 1.0000000000000002
3 0.9419117647058823 0.8457516339869284 0.8022058823529412 0.8457516339869284 0.8022058823529412 0.9450980392156866 0.9419117647058823 0.9450980392156866
8 0.5713235294117647 0.7241830065359477 0.5551470588235294 0.7241830065359477 0.5551470588235294 0.7699346405228759 0.5713235294117647 0.7699346405228759
5 0.5705882352941176 0.7320261437908496 0.5529411764705883 0.7320261437908496 0.5529411764705883 0.7986928104575164 0.5705882352941176 0.7986928104575164
3 0.39044117647058824 0.6875816993464052 0.31323529411764717 0.6875816993464052 0.31323529411764717 0.8326797385620915 0.39044117647058824 0.8326797385620915
0 0.36691176470588244 0.6366013071895426 0.30735294117647066 0.6366013071895424 0.30735294117647066 0.6980392156862745 0.36691176470588244 0.6980392156862745
0 0.3757352941176471 0.6026143790849674 0.3095588235294118 0.6026143790849673 0.30955882352941183 0.6692810457516339 0.37573529411764717 0.6692810457516339
5 0.1926470588235295 0.7712418300653595 0.13235294117647062 0.7712418300653595 0.13235294117647062 0.8274509803921568 0.1926470588235295 0.8274509803921568
3 0.4073529411764706 0.5490196078431373 0.31029411764705883 0.5490196078431373 0.3102941176470589 0.6222222222222223 0.4073529411764706 0.6222222222222223
5 0.275 0.4562091503267974 0.24191176470588235 0.4562091503267974 0.24191176470588235 0.49411764705882355 0.275 0.49411764705882355
11 0.4022058823529412 0.44967320261437915 0.32794117647058824 0.4496732026143791 0.32794117647058824 0.5437908496732027 0.4022058823529412 0.5437908496732028
7 0.2948529411764706 0.42745098039215684 0.28088235294117647 0.42745098039215684 0.28088235294117647 0.4797385620915033 0.2948529411764706 0.4797385620915033
7 0.32279411764705884 0.41830065359477125 0.3095588235294118 0.41830065359477125 0.3095588235294118 0.469281045751634 0.32279411764705884 0.469281045751634
5 0.3110294117647059 0.36993464052287583 0.28161764705882353 0.36993464052287583 0.28161764705882353 0.403921568627451 0.3110294117647059 0.403921568627451
3 0.3985294117647059 0.3202614379084968 0.32794117647058824 0.3202614379084968 0.32794117647058824 0.3856209150326798 0.3985294117647059 0.38562091503267987
3 0.40955882352941175 0.2679738562091504 0.38382352941176473 0.2679738562091504 0.38382352941176473 0.3267973856209151 0.40955882352941175 0.3267973856209151
5 0.7404411764705883 0.4732026143790851 0.7029411764705882 0.4732026143790851 0.7029411764705882 0.5137254901960786 0.7404411764705883 0.5137254901960786
5 0.7323529411764705 0.4496732026143792 0.7139705882352941 0.4496732026143792 0.7139705882352941 0.48627450980392173 0.7323529411764705 0.48627450980392173
7 0.6955882352941176 0.4117647058823531 0.6889705882352941 0.4117647058823531 0.6889705882352941 0.45359477124183023 0.6955882352941176 0.45359477124183023
7 0.6948529411764706 0.3973856209150328 0.6852941176470588 0.3973856209150328 0.6852941176470588 0.43660130718954265 0.6948529411764706 0.43660130718954265
5 0.7029411764705882 0.40392156862745116 0.6823529411764706 0.40392156862745116 0.6823529411764706 0.44313725490196093 0.7029411764705882 0.44313725490196093
9 0.6933823529411764 0.40392156862745116 0.6647058823529411 0.40392156862745116 0.6647058823529411 0.4797385620915034 0.6933823529411764 0.4797385620915034
7 0.6352941176470588 0.36732026143790864 0.6242647058823529 0.36732026143790864 0.6242647058823529 0.4169934640522877 0.6352941176470588 0.4169934640522877
7 0.6257352941176471 0.3686274509803923 0.6154411764705883 0.3686274509803923 0.6154411764705883 0.41307189542483674 0.6257352941176471 0.41307189542483674
7 0.600735294117647 0.3189542483660132 0.5919117647058824 0.3189542483660132 0.5919117647058824 0.362091503267974 0.600735294117647 0.362091503267974
5 0.6823529411764706 0.31764705882352956 0.6580882352941176 0.31764705882352956 0.6580882352941176 0.3464052287581701 0.6823529411764706 0.3464052287581701
7 0.6691176470588235 0.30196078431372564 0.6602941176470588 0.30196078431372564 0.6602941176470588 0.33986928104575176 0.6691176470588235 0.33986928104575176
7 0.6602941176470588 0.30196078431372564 0.6529411764705882 0.30196078431372564 0.6529411764705882 0.34117647058823547 0.6602941176470588 0.34117647058823547
5 0.675 0.27973856209150344 0.6536764705882353 0.27973856209150344 0.6536764705882353 0.30196078431372564 0.675 0.30196078431372564
5 0.6727941176470589 0.26928104575163414 0.6529411764705882 0.26928104575163414 0.6529411764705882 0.29281045751634 0.6727941176470589 0.29281045751634
5 0.6301470588235294 0.1882352941176472 0.6132352941176471 0.1882352941176472 0.6132352941176471 0.21176470588235308 0.6301470588235294 0.21176470588235308
5 0.6191176470588236 0.1294117647058825 0.6066176470588235 0.1294117647058825 0.6066176470588235 0.15163398692810473 0.6191176470588236 0.15163398692810473
1 0.6272058823529412 0.15163398692810473 0.611764705882353 0.15163398692810473 0.611764705882353 0.16993464052287596 0.6272058823529412 0.16993464052287596
3 0.5889705882352941 0.20392156862745112 0.5610294117647059 0.20392156862745112 0.5610294117647059 0.2444444444444446 0.5889705882352941 0.2444444444444446
3 0.5772058823529411 0.12941176470588248 0.5558823529411765 0.12941176470588248 0.5558823529411765 0.16732026143790865 0.5772058823529411 0.16732026143790865
3 0.3764705882352941 0.12549019607843145 0.35955882352941176 0.12549019607843145 0.35955882352941176 0.15816993464052295 0.3764705882352941 0.15816993464052295
3 0.40147058823529413 0.12156862745098046 0.3830882352941177 0.12156862745098046 0.3830882352941177 0.15555555555555564 0.40147058823529413 0.15555555555555564
7 0.4 0.15163398692810465 0.3941176470588235 0.15163398692810465 0.3941176470588235 0.1830065359477125 0.4 0.1830065359477125
3 0.42573529411764705 0.13202614379084976 0.40588235294117647 0.13202614379084976 0.40588235294117647 0.16470588235294126 0.42573529411764705 0.16470588235294126
3 0.5544117647058824 0.09673202614379096 0.538235294117647 0.09673202614379096 0.538235294117647 0.12941176470588248 0.5544117647058824 0.12941176470588248
3 0.5580882352941177 0.07450980392156875 0.5411764705882353 0.07450980392156874 0.5411764705882353 0.10588235294117658 0.5580882352941177 0.10588235294117658
7 0.5345588235294118 0.09281045751633998 0.5264705882352941 0.09281045751633998 0.5264705882352941 0.1215686274509805 0.5345588235294118 0.1215686274509805
7 0.5852941176470589 0.06535947712418314 0.5786764705882353 0.06535947712418314 0.5786764705882353 0.09019607843137266 0.5852941176470589 0.09019607843137266
3 0.5742647058823529 0.028758169934640643 0.5595588235294118 0.028758169934640643 0.5595588235294118 0.05228758169934654 0.5742647058823529 0.05228758169934654
3 0.5617647058823529 0.009150326797385741 0.5477941176470589 0.00915032679738574 0.5477941176470589 0.030065359477124305 0.5617647058823529 0.030065359477124305
7 0.5580882352941177 1.211840035234701e-16 0.5551470588235294 1.208638344256538e-16 0.5551470588235294 0.013071895424836721 0.5580882352941177 0.013071895424836721
7 0.5514705882352942 1.196632003088427e-16 0.5477941176470589 1.192629889365723e-16 0.5477941176470589 0.016993464052287702 0.5514705882352942 0.016993464052287702
3 0.5477941176470589 0.022222222222222345 0.5352941176470588 0.022222222222222345 0.5352941176470588 0.04444444444444456 0.5477941176470589 0.04444444444444456
3 0.5102941176470588 0.006535947712418411 0.4970588235294118 0.00653594771241841 0.4970588235294118 0.027450980392156973 0.5102941176470588 0.027450980392156973
3 0.45441176470588235 0.0653594771241831 0.4161764705882353 0.0653594771241831 0.4161764705882353 0.09411764705882363 0.45441176470588235 0.09411764705882364
3 0.4117647058823529 0.07450980392156871 0.3764705882352941 0.0745098039215687 0.3764705882352941 0.10457516339869288 0.4117647058823529 0.10457516339869288
1 0.38382352941176473 0.09934640522875825 0.37573529411764706 0.09934640522875825 0.37573529411764706 0.12156862745098046 0.38382352941176473 0.12156862745098046
0 0.3786764705882353 0.07843137254901968 0.36764705882352944 0.07843137254901968 0.36764705882352944 0.11111111111111119 0.3786764705882353 0.11111111111111119
11 0.4536764705882353 0.03006535947712428 0.42867647058823527 0.030065359477124277 0.42867647058823527 0.0588235294117648 0.4536764705882353 0.0588235294117648
10 0.4566176470588235 0.002614379084967417 0.4279411764705882 0.0026143790849674133 0.4279411764705882 0.028758169934640622 0.4566176470588235 0.028758169934640625
3 0.46176470588235297 9.797174393178825e-17 0.43823529411764706 9.541039114925784e-17 0.43823529411764706 0.01699346405228768 0.46176470588235297 0.016993464052287684
7 0.47058823529411764 1.0197385765449203e-16 0.4661764705882353 1.0149360400776758e-16 0.4661764705882353 0.013071895424836704 0.47058823529411764 0.013071895424836704
8 0.48823529411764705 1.0581588682828764e-16 0.4838235294117647 1.0533563318156319e-16 0.4838235294117647 0.014379084967320368 0.48823529411764705 0.014379084967320368
1 0.4875 0.007843137254902066 0.48455882352941176 0.007843137254902065 0.48455882352941176 0.020915032679738665 0.4875 0.020915032679738665