3 0.9470588235294117 0.5725490196078433 0.8455882352941176 0.5725490196078433 0.8455882352941176 0.7869281045751637 0.9470588235294117 0.7869281045751637
11 1 0.11503267973856232 0.9514705882352941 0.11503267973856232 0.9514705882352941 0.2169934640522878 1 0.2169934640522878
3 0.8779411764705882 0.1856209150326799 0.775 0.18562091503267988 0.775 0.2679738562091505 0.8779411764705882 0.26797385620915054
3 0.4088235294117647 0.38431372549019616 0.2911764705882353 0.3843137254901961 0.2911764705882353 0.5189542483660131 0.4088235294117647 0.5189542483660132
3 0.26691176470588235 0.29150326797385623 0.16838235294117648 0.29150326797385623 0.16838235294117648 0.4091503267973856 0.26691176470588235 0.4091503267973856
3 0.42205882352941176 0.20915032679738568 0.3272058823529412 0.20915032679738568 0.3272058823529412 0.2993464052287582 0.42205882352941176 0.2993464052287582
3 0.2139705882352941 0.10980392156862749 0.16838235294117648 0.10980392156862749 0.16838235294117648 0.17647058823529416 0.2139705882352941 0.17647058823529418
3 0.13161764705882353 0.06143790849673205 0.07058823529411765 0.061437908496732044 0.07058823529411765 0.1215686274509804 0.13161764705882353 0.12156862745098043
9 0.35367647058823537 0.8562091503267973 0.2338235294117648 0.8562091503267973 0.2338235294117648 1 0.35367647058823537 1
9 0.3477941176470588 0.46274509803921576 0.2610294117647059 0.4627450980392157 0.2610294117647059 0.562091503267974 0.3477941176470588 0.562091503267974
8 0.3397058823529412 0.469281045751634 0.31029411764705883 0.469281045751634 0.31029411764705883 0.5333333333333333 0.3397058823529412 0.5333333333333333
7 0.28750000000000003 0.5908496732026144 0.26838235294117646 0.5908496732026144 0.2683823529411765 0.6875816993464052 0.2875000000000001 0.6875816993464052
7 0.30514705882352944 0.5751633986928104 0.2823529411764706 0.5751633986928104 0.28235294117647064 0.6692810457516339 0.3051470588235295 0.6692810457516339
8 0.3213235294117648 0.6326797385620915 0.29779411764705893 0.6326797385620915 0.29779411764705893 0.6836601307189543 0.3213235294117648 0.6836601307189543
3 0.07573529411764705 0.056209150326797394 0.020588235294117654 0.05620915032679739 0.020588235294117654 0.13071895424836602 0.07573529411764705 0.13071895424836602
7 0.7727941176470589 0.2444444444444446 0.7536764705882353 0.2444444444444446 0.7536764705882353 0.3098039215686276 0.7727941176470589 0.3098039215686276
7 0.7529411764705882 0.27973856209150344 0.7389705882352942 0.27973856209150344 0.7389705882352942 0.35032679738562106 0.7529411764705882 0.35032679738562106
7 0.7470588235294118 0.24705882352941191 0.7286764705882353 0.24705882352941191 0.7286764705882353 0.31241830065359494 0.7470588235294118 0.31241830065359494
9 0.6654411764705882 0.20915032679738577 0.6220588235294118 0.20915032679738577 0.6220588235294118 0.25882352941176484 0.6654411764705882 0.25882352941176484
5 0.5941176470588235 0.23921568627450995 0.5764705882352941 0.23921568627450995 0.5764705882352941 0.296732026143791 0.5941176470588235 0.296732026143791
8 0.4933823529411765 0.288888888888889 0.47352941176470587 0.288888888888889 0.47352941176470587 0.3568627450980394 0.4933823529411765 0.3568627450980394
5 0.5007352941176471 0.30849673202614386 0.4661764705882353 0.30849673202614386 0.4661764705882353 0.36078431372549036 0.5007352941176471 0.36078431372549036
8 0.5308823529411765 0.3281045751633988 0.5088235294117647 0.32810457516339875 0.5088235294117647 0.3869281045751635 0.5308823529411765 0.3869281045751635
5 0.538235294117647 0.34771241830065375 0.5044117647058823 0.34771241830065375 0.5044117647058823 0.4013071895424838 0.538235294117647 0.4013071895424838
8 0.46176470588235297 0.6418300653594773 0.44191176470588234 0.6418300653594773 0.44191176470588234 0.7098039215686275 0.46176470588235297 0.7098039215686275
8 0.47794117647058826 0.6509803921568629 0.45294117647058824 0.6509803921568629 0.45294117647058824 0.738562091503268 0.47794117647058826 0.738562091503268
5 0.49117647058823527 0.6705882352941176 0.4426470588235294 0.6705882352941176 0.4426470588235294 0.7620915032679738 0.49117647058823527 0.7620915032679738
8 0.49264705882352944 0.5450980392156864 0.4742647058823529 0.5450980392156864 0.4742647058823529 0.6222222222222223 0.49264705882352944 0.6222222222222223
8 0.5058823529411764 0.5516339869281047 0.4808823529411765 0.5516339869281047 0.4808823529411765 0.6287581699346406 0.5058823529411764 0.6287581699346406
5 0.5191176470588236 0.5633986928104576 0.46544117647058825 0.5633986928104576 0.46544117647058825 0.6470588235294119 0.5191176470588236 0.6470588235294119
7 0.8919117647058824 0.3437908496732028 0.875 0.3437908496732028 0.875 0.40000000000000013 0.8919117647058824 0.40000000000000013
7 0.8970588235294118 0.31895424836601327 0.8801470588235294 0.31895424836601327 0.8801470588235294 0.3973856209150328 0.8970588235294118 0.3973856209150328
7 0.8647058823529412 0.26013071895424855 0.85 0.2601307189542485 0.85 0.32287581699346424 0.8647058823529412 0.3228758169934643
7 0.8529411764705882 0.21045751633986942 0.8382352941176471 0.21045751633986942 0.8382352941176471 0.27450980392156876 0.8529411764705882 0.27450980392156876
5 0.49558823529411766 0.21176470588235302 0.4632352941176471 0.21176470588235302 0.4632352941176471 0.2562091503267975 0.49558823529411766 0.2562091503267975
5 0.5176470588235295 0.22614379084967332 0.4904411764705882 0.2261437908496733 0.4904411764705882 0.27058823529411774 0.5176470588235295 0.2705882352941178
7 0.5272058823529412 0.2627450980392158 0.5088235294117647 0.26274509803921575 0.5088235294117647 0.32679738562091515 0.5272058823529412 0.3267973856209152
7 0.4279411764705882 0.17777777777777784 0.41102941176470587 0.17777777777777784 0.41102941176470587 0.23790849673202621 0.4279411764705882 0.23790849673202621
7 0.43676470588235294 0.15555555555555564 0.4213235294117647 0.15555555555555564 0.4213235294117647 0.215686274509804 0.43676470588235294 0.215686274509804
5 0.35661764705882354 0.16209150326797392 0.3352941176470588 0.16209150326797392 0.3352941176470588 0.20653594771241837 0.35661764705882354 0.20653594771241837
5 0.375 0.17385620915032687 0.35 0.17385620915032687 0.35 0.2248366013071896 0.375 0.2248366013071896
7 0.40294117647058825 0.13856209150326804 0.39044117647058824 0.13856209150326804 0.39044117647058824 0.20522875816993472 0.40294117647058825 0.20522875816993472
7 0.24705882352941178 0.0575163398692811 0.2338235294117647 0.0575163398692811 0.2338235294117647 0.10588235294117651 0.24705882352941178 0.10588235294117651
8 0.225 0.10457516339869284 0.2125 0.10457516339869284 0.2125 0.138562091503268 0.225 0.138562091503268
5 0.24044117647058824 0.10588235294117651 0.2161764705882353 0.10588235294117651 0.2161764705882353 0.14640522875816997 0.24044117647058824 0.14640522875816997
8 0.28088235294117647 0.11241830065359484 0.2676470588235294 0.11241830065359484 0.2676470588235294 0.15424836601307196 0.28088235294117647 0.15424836601307196
5 0.29044117647058826 0.12549019607843145 0.2647058823529412 0.12549019607843145 0.2647058823529412 0.1660130718954249 0.29044117647058826 0.1660130718954249
5 0.27794117647058825 0.11895424836601312 0.25 0.11895424836601311 0.25 0.16339869281045757 0.27794117647058825 0.1633986928104576
5 0.17573529411764705 0.06405228758169938 0.15073529411764705 0.06405228758169938 0.15073529411764705 0.10065359477124186 0.17573529411764705 0.10065359477124186
5 0.1676470588235294 0.05228758169934644 0.1514705882352941 0.05228758169934644 0.1514705882352941 0.09019607843137259 0.1676470588235294 0.09019607843137259
5 0.11544117647058824 0.024836601307189565 0.09264705882352942 0.024836601307189562 0.09264705882352942 0.06405228758169937 0.11544117647058824 0.06405228758169937
5 0.12794117647058822 0.02352941176470591 0.1125 0.02352941176470591 0.1125 0.058823529411764726 0.12794117647058822 0.058823529411764726
7 0.0625 1.2166425717019455e-17 0.04926470588235294 1.07256647768461e-17 0.04926470588235294 0.033986928104575174 0.0625 0.033986928104575174
5 0.5786764705882353 0.231372549019608 0.549264705882353 0.231372549019608 0.549264705882353 0.2862745098039217 0.5786764705882353 0.2862745098039217
5 0.55 0.22614379084967334 0.5338235294117647 0.22614379084967334 0.5338235294117647 0.2836601307189544 0.55 0.2836601307189544
5 0.9176470588235294 0.27581699346405253 0.8830882352941176 0.27581699346405253 0.8830882352941176 0.3359477124183008 0.9176470588235294 0.3359477124183008
8 0.9345588235294118 0.33725490196078445 0.9154411764705882 0.33725490196078445 0.9154411764705882 0.40653594771241847 0.9345588235294118 0.40653594771241847
1 0.9352941176470588 0.35032679738562106 0.9110294117647059 0.35032679738562106 0.9110294117647059 0.42091503267973873 0.9352941176470588 0.42091503267973873