4 0.5541666666666667 0.12314814814814826 0.4661458333333333 0.12314814814814826 0.4661458333333333 0.17037037037037048 0.5541666666666667 0.17037037037037048
4 0.4786458333333333 0.1712962962962964 0.45625 0.1712962962962964 0.45625 0.213888888888889 0.4786458333333333 0.213888888888889
3 0.5380208333333333 0.17314814814814825 0.5328125 0.17314814814814825 0.5328125 0.18055555555555566 0.5380208333333333 0.18055555555555566
3 0.546875 0.17685185185185195 0.540625 0.17685185185185195 0.540625 0.18611111111111123 0.546875 0.18611111111111123
3 0.5520833333333334 0.20185185185185195 0.5447916666666667 0.20185185185185195 0.5447916666666667 0.21296296296296308 0.5520833333333334 0.21296296296296308
3 0.5770833333333333 0.25555555555555565 0.5651041666666666 0.25555555555555565 0.5651041666666666 0.27314814814814825 0.5770833333333333 0.27314814814814825
3 0.5223958333333333 0.1777777777777779 0.5161458333333333 0.1777777777777779 0.5161458333333333 0.18703703703703714 0.5223958333333333 0.18703703703703714
3 0.5380208333333333 0.24351851851851863 0.5276041666666667 0.24351851851851863 0.5276041666666667 0.2601851851851853 0.5380208333333333 0.2601851851851853
3 0.5421875 0.23703703703703713 0.5328125 0.23703703703703713 0.5328125 0.2500000000000001 0.5421875 0.2500000000000001
3 0.5338541666666666 0.21944444444444455 0.5260416666666666 0.21944444444444455 0.5260416666666666 0.2324074074074075 0.5338541666666666 0.2324074074074075
11 0.5348958333333333 0.22777777777777788 0.5276041666666667 0.22777777777777788 0.5276041666666667 0.24444444444444455 0.5348958333333333 0.24444444444444455
3 0.53125 0.2074074074074075 0.5234375 0.2074074074074075 0.5234375 0.21944444444444455 0.53125 0.21944444444444455
3 0.5291666666666667 0.19722222222222233 0.5223958333333333 0.19722222222222233 0.5223958333333333 0.2074074074074075 0.5291666666666667 0.2074074074074075
3 0.5255208333333333 0.18796296296296308 0.5192708333333333 0.18796296296296308 0.5192708333333333 0.19907407407407418 0.5255208333333333 0.19907407407407418
3 0.5260416666666666 0.18240740740740752 0.5203125 0.18240740740740752 0.5203125 0.19166666666666676 0.5260416666666666 0.19166666666666676
11 0.5114583333333333 0.20925925925925937 0.5026041666666666 0.20925925925925937 0.5026041666666666 0.22592592592592603 0.5114583333333333 0.22592592592592603
3 0.4890625 0.22685185185185194 0.4791666666666667 0.22685185185185194 0.4791666666666667 0.23981481481481493 0.4890625 0.23981481481481493
3 0.48125 0.2898148148148149 0.46822916666666664 0.2898148148148149 0.46822916666666664 0.3101851851851853 0.48125 0.3101851851851853
3 0.5036458333333333 0.2814814814814816 0.490625 0.2814814814814816 0.490625 0.3064814814814816 0.5036458333333333 0.3064814814814816
3 0.4791666666666667 0.3277777777777779 0.4640625 0.3277777777777779 0.4640625 0.35185185185185197 0.4791666666666667 0.35185185185185197
3 0.5291666666666667 0.3314814814814816 0.5125 0.3314814814814816 0.5125 0.3601851851851853 0.5291666666666667 0.3601851851851853
3 0.5302083333333333 0.30925925925925934 0.5166666666666667 0.30925925925925934 0.5166666666666667 0.3333333333333334 0.5302083333333333 0.3333333333333334
3 0.525 0.2861111111111112 0.5125 0.2861111111111112 0.5125 0.30555555555555564 0.525 0.30555555555555564
3 0.5229166666666667 0.27314814814814825 0.5109375 0.27314814814814825 0.5109375 0.2916666666666668 0.5229166666666667 0.2916666666666668
3 0.5223958333333333 0.26481481481481495 0.5109375 0.26481481481481495 0.5109375 0.2814814814814816 0.5223958333333333 0.2814814814814816
3 0.521875 0.25740740740740753 0.5119791666666667 0.25740740740740753 0.5119791666666667 0.2722222222222223 0.521875 0.2722222222222223
3 0.5203125 0.2500000000000001 0.5104166666666666 0.2500000000000001 0.5104166666666666 0.26574074074074083 0.5203125 0.26574074074074083
3 0.5197916666666667 0.2453703703703705 0.5104166666666666 0.2453703703703705 0.5104166666666666 0.2583333333333334 0.5197916666666667 0.2583333333333334
3 0.5145833333333333 0.22222222222222232 0.50625 0.22222222222222232 0.50625 0.23611111111111122 0.5145833333333333 0.23611111111111122
3 0.5182291666666666 0.2287037037037038 0.5098958333333333 0.2287037037037038 0.5098958333333333 0.24166666666666678 0.5182291666666666 0.24166666666666678
3 0.5171875 0.23425925925925936 0.5083333333333333 0.23425925925925936 0.5083333333333333 0.2462962962962964 0.5171875 0.2462962962962964
3 0.5192708333333333 0.23888888888888898 0.5104166666666666 0.23888888888888898 0.5104166666666666 0.2527777777777779 0.5192708333333333 0.2527777777777779
9 0.5802083333333333 0.22777777777777788 0.575 0.22777777777777788 0.575 0.23796296296296307 0.5802083333333333 0.23796296296296307
8 0.5786458333333333 0.22592592592592603 0.5755208333333334 0.22592592592592603 0.5755208333333334 0.23425925925925936 0.5786458333333333 0.23425925925925936
1 0.6192708333333333 0.29537037037037045 0.615625 0.29537037037037045 0.615625 0.3101851851851853 0.6192708333333333 0.3101851851851853
8 0.6197916666666666 0.288888888888889 0.615625 0.288888888888889 0.615625 0.3074074074074075 0.6197916666666666 0.3074074074074075
5 0.6020833333333333 0.2685185185185186 0.5984375 0.2685185185185186 0.5984375 0.28333333333333344 0.6020833333333333 0.28333333333333344
8 0.6026041666666667 0.26574074074074083 0.5989583333333334 0.26574074074074083 0.5989583333333334 0.2814814814814816 0.6026041666666667 0.2814814814814816
4 0.4625 0.23333333333333345 0.4453125 0.23333333333333345 0.4453125 0.25185185185185194 0.4625 0.25185185185185194
4 0.4401041666666667 0.2620370370370371 0.4328125 0.2620370370370371 0.4328125 0.28703703703703715 0.4401041666666667 0.28703703703703715
7 0.42083333333333334 0.28518518518518526 0.4171875 0.28518518518518526 0.4171875 0.30462962962962975 0.42083333333333334 0.30462962962962975
3 0.471875 0.400925925925926 0.4515625 0.400925925925926 0.4515625 0.43703703703703717 0.471875 0.43703703703703717
3 0.4661458333333333 0.45370370370370383 0.4427083333333333 0.45370370370370383 0.4427083333333333 0.49722222222222223 0.4661458333333333 0.49722222222222223
3 0.5067708333333333 0.4166666666666668 0.4864583333333333 0.4166666666666668 0.4864583333333333 0.4527777777777779 0.5067708333333333 0.4527777777777779
3 0.5369791666666667 0.38055555555555565 0.51875 0.38055555555555565 0.51875 0.41018518518518526 0.5369791666666667 0.41018518518518526
10 0.5645833333333333 0.4000000000000001 0.5182291666666666 0.4000000000000001 0.5182291666666666 0.6064814814814817 0.5645833333333333 0.6064814814814817
3 0.4479166666666667 0.5842592592592593 0.41354166666666664 0.5842592592592593 0.41354166666666664 0.649074074074074 0.4479166666666667 0.649074074074074
3 0.39739583333333334 0.5796296296296296 0.3578125 0.5796296296296296 0.3578125 0.6611111111111111 0.39739583333333334 0.6611111111111111
3 0.47708333333333336 0.6370370370370371 0.4401041666666667 0.6370370370370371 0.4401041666666667 0.7185185185185186 0.47708333333333336 0.7185185185185186
3 0.5651041666666666 0.6537037037037039 0.525 0.6537037037037039 0.525 0.7509259259259261 0.5651041666666666 0.7509259259259261
3 0.5359375 0.7351851851851854 0.48854166666666665 0.7351851851851854 0.4885416666666667 0.8611111111111113 0.5359375 0.8611111111111113
3 0.6026041666666667 0.8046296296296298 0.5541666666666667 0.8046296296296298 0.5541666666666667 0.9361111111111113 0.6026041666666667 0.9361111111111113
3 0.34375000000000006 0.7722222222222223 0.2875 0.7722222222222223 0.28750000000000003 0.8962962962962963 0.3437500000000001 0.8962962962962963
3 0.41093750000000007 0.7944444444444444 0.35572916666666665 0.7944444444444444 0.3557291666666667 0.950925925925926 0.4109375000000001 0.950925925925926
1 0.2786458333333333 0.687962962962963 0.26666666666666666 0.687962962962963 0.26666666666666666 0.7314814814814815 0.2786458333333333 0.7314814814814815
8 0.2786458333333333 0.6694444444444444 0.26666666666666666 0.6694444444444444 0.26666666666666666 0.7185185185185186 0.2786458333333333 0.7185185185185186