3 0.7942857142857143 0.9352791878172592 0.7442857142857143 0.9352791878172592 0.7442857142857143 0.9733502538071069 0.7942857142857143 0.9733502538071069
3 0.5057142857142857 0.5913705583756347 0.49214285714285716 0.5913705583756347 0.49214285714285716 0.635786802030457 0.5057142857142857 0.635786802030457
3 0.58 0.5901015228426397 0.565 0.5901015228426397 0.565 0.634517766497462 0.58 0.634517766497462
3 0.5542857142857143 0.4936548223350255 0.54 0.4936548223350255 0.54 0.5380710659898479 0.5542857142857143 0.5380710659898479
3 0.6035714285714285 0.6789340101522843 0.5828571428571429 0.6789340101522843 0.5828571428571429 0.7233502538071066 0.6035714285714285 0.7233502538071066
3 0.9014285714285715 0.7246192893401018 0.8657142857142858 0.7246192893401018 0.8657142857142858 0.7538071065989851 0.9014285714285715 0.7538071065989851
3 0.9564285714285714 0.7246192893401018 0.9185714285714286 0.7246192893401018 0.9185714285714286 0.7538071065989851 0.9564285714285714 0.7538071065989851
3 0.48714285714285716 0.3159898477157361 0.47785714285714287 0.3159898477157361 0.47785714285714287 0.3401015228426397 0.48714285714285716 0.3401015228426397
3 0.5492857142857143 0.32360406091370575 0.5378571428571428 0.32360406091370575 0.5378571428571428 0.352791878172589 0.5492857142857143 0.352791878172589
3 0.48714285714285716 0.16878172588832493 0.47928571428571426 0.16878172588832493 0.47928571428571426 0.18908629441624372 0.48714285714285716 0.18908629441624372
3 0.5164285714285715 0.18274111675126917 0.51 0.18274111675126917 0.51 0.20304568527918795 0.5164285714285715 0.20304568527918795
3 0.5421428571428571 0.06472081218274123 0.5357142857142857 0.06472081218274123 0.5357142857142857 0.07868020304568539 0.5421428571428571 0.0786802030456854
3 0.5214285714285715 0.04695431472081229 0.5164285714285715 0.04695431472081229 0.5164285714285715 0.06472081218274123 0.5214285714285715 0.06472081218274123
3 0.5071428571428571 0.050761421319797065 0.5021428571428571 0.050761421319797065 0.5021428571428571 0.06472081218274123 0.5071428571428571 0.06472081218274123
3 0.5092857142857142 0.025380710659898584 0.5035714285714286 0.025380710659898584 0.5035714285714286 0.04060913705583767 0.5092857142857142 0.04060913705583767
3 0.5007142857142857 0.006345177664974728 0.4942857142857143 0.006345177664974728 0.4942857142857143 0.01395939086294427 0.5007142857142857 0.01395939086294427
2 0.5428571428571428 0.015228426395939203 0.5364285714285715 0.015228426395939203 0.5364285714285715 0.05203045685279199 0.5428571428571428 0.052030456852792006
10 0.5007142857142857 0.02664974619289351 0.49142857142857144 0.02664974619289351 0.49142857142857144 0.050761421319797065 0.5007142857142857 0.050761421319797065
11 0.5321428571428571 0.05329949238578691 0.525 0.05329949238578691 0.525 0.06979695431472092 0.5321428571428571 0.06979695431472092
11 0.5271428571428571 0.5571065989847718 0.5142857142857142 0.5571065989847718 0.5142857142857142 0.6078680203045687 0.5271428571428571 0.6078680203045687
11 0.7721428571428571 0.7322335025380714 0.7292857142857143 0.7322335025380714 0.7292857142857143 0.7690355329949241 0.7721428571428571 0.7690355329949241
11 0.8528571428571429 0.7246192893401018 0.8092857142857143 0.7246192893401018 0.8092857142857143 0.7614213197969546 0.8528571428571429 0.7614213197969546
3 1 0.7106598984771576 0.9664285714285714 0.7106598984771576 0.9664285714285714 0.7423857868020307 1 0.7423857868020307
3 1 0.7436548223350257 0.9885714285714285 0.7436548223350257 0.9885714285714285 0.7753807106598988 1 0.7753807106598988
3 0.44571428571428573 0.9631979695431472 0.425 0.9631979695431472 0.425 0.998730964467005 0.44571428571428573 0.998730964467005
7 0.36857142857142855 0.5812182741116753 0.36357142857142855 0.5812182741116753 0.3635714285714286 0.6002538071065991 0.36857142857142855 0.6002538071065991
7 0.4 0.4593908629441626 0.3964285714285714 0.4593908629441626 0.3964285714285714 0.47461928934010167 0.4 0.47461928934010167
7 0.4585714285714286 0.36421319796954327 0.4542857142857143 0.36421319796954327 0.4542857142857143 0.3756345177664976 0.4585714285714286 0.3756345177664976
7 0.4907142857142857 0.369289340101523 0.485 0.369289340101523 0.485 0.3807106598984773 0.4907142857142857 0.3807106598984773
7 0.7828571428571428 0.7982233502538074 0.78 0.7982233502538074 0.78 0.8109137055837566 0.7828571428571428 0.8109137055837566