11 0.0664285714285715 0.7133333333333334 6.55186037543834e-17 0.7133333333333334 6.923628153750929e-17 0.7942857142857143 0.0664285714285715 0.7942857142857143
5 0.09714285714285723 0.7495238095238095 0.07000000000000006 0.7495238095238095 0.07000000000000008 0.8 0.09714285714285723 0.8
5 0.11714285714285723 0.7638095238095238 0.09428571428571436 0.7638095238095238 0.09428571428571436 0.8152380952380952 0.11714285714285723 0.8152380952380952
5 0.13928571428571437 0.780952380952381 0.10714285714285722 0.780952380952381 0.10714285714285722 0.8333333333333334 0.13928571428571437 0.8333333333333334
3 0.2207142857142858 0.8085714285714286 0.14000000000000007 0.8085714285714286 0.14000000000000007 0.8961904761904762 0.2207142857142858 0.8961904761904762
3 0.32928571428571435 0.8038095238095239 0.2507142857142858 0.8038095238095239 0.2507142857142858 0.8980952380952381 0.32928571428571435 0.8980952380952381
3 0.3478571428571429 0.7457142857142857 0.2700000000000001 0.7457142857142857 0.2700000000000001 0.8247619047619048 0.3478571428571429 0.8247619047619048
3 0.36857142857142855 0.6923809523809524 0.2928571428571429 0.6923809523809524 0.2928571428571429 0.7676190476190476 0.36857142857142855 0.7676190476190476
5 0.4257142857142857 0.6857142857142857 0.40214285714285714 0.6857142857142857 0.40214285714285714 0.7295238095238096 0.4257142857142857 0.7295238095238096
3 0.4742857142857143 0.6780952380952381 0.41714285714285715 0.6780952380952381 0.41714285714285715 0.7885714285714286 0.4742857142857143 0.7885714285714286
5 0.4 0.6 0.3871428571428571 0.6 0.3871428571428571 0.638095238095238 0.4 0.638095238095238
3 0.44642857142857145 0.5438095238095239 0.37642857142857145 0.5438095238095239 0.37642857142857145 0.6095238095238096 0.44642857142857145 0.6095238095238096
9 0.4707142857142857 0.5219047619047619 0.45071428571428573 0.5219047619047619 0.45071428571428573 0.5847619047619048 0.4707142857142857 0.5847619047619048
10 0.4514285714285714 0.4895238095238095 0.37642857142857145 0.4895238095238095 0.37642857142857145 0.559047619047619 0.4514285714285714 0.559047619047619
3 0.48142857142857143 0.44095238095238104 0.4135714285714286 0.44095238095238104 0.4135714285714286 0.4990476190476191 0.48142857142857143 0.4990476190476191
5 0.49214285714285716 0.38476190476190486 0.4642857142857143 0.38476190476190486 0.4642857142857143 0.4076190476190477 0.49214285714285716 0.4076190476190477
10 0.5507142857142857 0.23333333333333345 0.5042857142857143 0.23333333333333345 0.5042857142857143 0.2857142857142858 0.5507142857142857 0.2857142857142858
9 0.56 0.2104761904761906 0.5157142857142857 0.2104761904761906 0.5157142857142857 0.2523809523809525 0.56 0.2523809523809525
5 0.6 0.14666666666666678 0.5771428571428572 0.14666666666666678 0.5771428571428572 0.16952380952380963 0.6 0.16952380952380963
5 0.5771428571428572 0.14666666666666678 0.5514285714285714 0.14666666666666678 0.5514285714285714 0.16476190476190486 0.5771428571428572 0.16476190476190486
5 0.5757142857142857 0.1323809523809525 0.5528571428571428 0.1323809523809525 0.5528571428571428 0.15142857142857152 0.5757142857142857 0.15142857142857152
5 0.5792857142857143 0.11904761904761912 0.5585714285714286 0.11904761904761912 0.5585714285714286 0.14095238095238105 0.5792857142857143 0.14095238095238105
5 0.5835714285714285 0.10952380952380962 0.5642857142857143 0.1095238095238096 0.5642857142857143 0.1323809523809525 0.5835714285714285 0.1323809523809525
3 0.6342857142857142 0.10095238095238106 0.5957142857142858 0.10095238095238106 0.5957142857142858 0.15714285714285725 0.6342857142857142 0.15714285714285725
3 0.6121428571428571 0.06952380952380961 0.5564285714285714 0.0695238095238096 0.5564285714285714 0.11428571428571438 0.6121428571428571 0.1142857142857144
3 0.625 0.04190476190476201 0.5721428571428572 0.041904761904762 0.5721428571428572 0.08761904761904771 0.625 0.08761904761904772
3 0.6321428571428571 0.01714285714285724 0.5814285714285714 0.017142857142857237 0.5814285714285714 0.0600000000000001 0.6321428571428571 0.06000000000000011
10 0.6507142857142857 1.0129578524375963e-16 0.59 9.633888153292512e-17 0.59 0.04380952380952391 0.6507142857142857 0.043809523809523916
3 0.03571428571428577 0.5838095238095238 5.3622034848380533e-17 0.5838095238095238 5.69023387746681e-17 0.6552380952380953 0.035714285714285775 0.6552380952380953
3 0.5421428571428573 0.9133333333333333 0.4550000000000002 0.9133333333333333 0.4550000000000002 0.9742857142857143 0.5421428571428573 0.9742857142857143
3 0.5507142857142858 0.839047619047619 0.4664285714285714 0.839047619047619 0.4664285714285715 0.8980952380952381 0.5507142857142858 0.8980952380952381
3 0.5635714285714286 0.7657142857142857 0.48857142857142855 0.7657142857142857 0.48857142857142855 0.8238095238095238 0.5635714285714286 0.8238095238095238
3 0.5814285714285714 0.7085714285714285 0.5092857142857142 0.7085714285714285 0.5092857142857142 0.7609523809523809 0.5814285714285714 0.7609523809523809
3 0.6007142857142858 0.6495238095238095 0.5242857142857142 0.6495238095238095 0.5242857142857142 0.7019047619047619 0.6007142857142858 0.7019047619047619
3 0.6057142857142858 0.5866666666666667 0.5278571428571428 0.5866666666666667 0.5278571428571428 0.6333333333333333 0.6057142857142858 0.6333333333333333
3 0.6164285714285714 0.5419047619047619 0.5485714285714286 0.5419047619047619 0.5485714285714286 0.5876190476190476 0.6164285714285714 0.5876190476190476
3 0.6464285714285715 0.4990476190476191 0.5792857142857143 0.4990476190476191 0.5792857142857143 0.560952380952381 0.6464285714285715 0.560952380952381
3 0.6642857142857143 0.46190476190476204 0.5942857142857143 0.46190476190476204 0.5942857142857143 0.5171428571428572 0.6642857142857143 0.5171428571428573
3 0.6792857142857143 0.4057142857142858 0.61 0.4057142857142858 0.61 0.4676190476190477 0.6792857142857143 0.4676190476190477
3 0.6978571428571428 0.3723809523809525 0.6364285714285715 0.3723809523809525 0.6364285714285715 0.42761904761904773 0.6978571428571428 0.42761904761904773
3 0.5771428571428572 0.38095238095238104 0.5314285714285715 0.38095238095238104 0.5314285714285715 0.47142857142857153 0.5771428571428572 0.47142857142857153
10 0.7257142857142858 0.2342857142857144 0.6578571428571428 0.2342857142857144 0.6578571428571428 0.2885714285714287 0.7257142857142858 0.2885714285714287
11 0.7221428571428572 0.18952380952380962 0.6614285714285715 0.18952380952380962 0.6614285714285715 0.23714285714285724 0.7221428571428572 0.23714285714285724
10 0.7407142857142858 0.16095238095238107 0.675 0.16095238095238107 0.675 0.21333333333333343 0.7407142857142858 0.21333333333333343
10 0.7507142857142857 0.12285714285714297 0.6807142857142857 0.12285714285714297 0.6807142857142857 0.1800000000000001 0.7507142857142857 0.1800000000000001
9 0.7071428571428572 0.10285714285714297 0.6721428571428572 0.10285714285714297 0.6721428571428572 0.1361904761904763 0.7071428571428572 0.1361904761904763
9 0.7421428571428571 0.08190476190476201 0.7007142857142857 0.08190476190476201 0.7007142857142857 0.11904761904761915 0.7421428571428571 0.11904761904761915
5 0.6992857142857143 0.08476190476190487 0.6778571428571428 0.08476190476190487 0.6778571428571428 0.10095238095238106 0.6992857142857143 0.10095238095238106
5 0.6978571428571428 0.07333333333333344 0.6778571428571428 0.07333333333333344 0.6778571428571428 0.08952380952380963 0.6978571428571428 0.08952380952380963
11 0.7521428571428571 0.03809523809523822 0.7057142857142857 0.03809523809523822 0.7057142857142857 0.08952380952380964 0.7521428571428571 0.08952380952380966
3 0.755 0.018095238095238213 0.7157142857142857 0.01809523809523821 0.7157142857142857 0.058095238095238214 0.755 0.058095238095238214
3 0.76 1.2077350100162707e-16 0.7192857142857143 1.1744945968965567e-16 0.7192857142857143 0.03142857142857155 0.76 0.03142857142857155