10 0.10928571428571429 0.10666666666666667 0.05785714285714286 0.10666666666666667 0.057857142857142864 0.1419047619047619 0.10928571428571429 0.1419047619047619
10 0.2292857142857143 0.08095238095238098 0.20285714285714285 0.08095238095238098 0.20285714285714285 0.13809523809523816 0.2292857142857143 0.13809523809523816
2 0.465 0.10476190476190485 0.4421428571428571 0.10476190476190485 0.4421428571428571 0.21047619047619054 0.465 0.21047619047619054
3 0.43357142857142855 0.21428571428571433 0.42142857142857143 0.21428571428571433 0.42142857142857143 0.25142857142857156 0.43357142857142855 0.25142857142857156
3 0.44357142857142856 0.6085714285714285 0.42928571428571427 0.6085714285714285 0.42928571428571427 0.6438095238095238 0.44357142857142856 0.6438095238095238
3 0.14000000000000004 0.43142857142857144 0.11142857142857147 0.43142857142857144 0.11142857142857147 0.4514285714285714 0.14000000000000004 0.4514285714285714
11 0.2628571428571429 0.4419047619047619 0.23142857142857143 0.4419047619047619 0.23142857142857146 0.46476190476190476 0.26285714285714296 0.46476190476190476
3 0.3842857142857143 0.5276190476190477 0.3550000000000001 0.5276190476190477 0.3550000000000001 0.5485714285714286 0.3842857142857143 0.5485714285714286
11 0.48214285714285715 0.5495238095238095 0.46714285714285714 0.5495238095238095 0.46714285714285714 0.5847619047619048 0.48214285714285715 0.5847619047619048
11 0.4521428571428571 0.680952380952381 0.43785714285714283 0.680952380952381 0.43785714285714283 0.7152380952380952 0.4521428571428571 0.7152380952380952
3 0.48642857142857143 0.6952380952380952 0.47214285714285714 0.6952380952380952 0.47214285714285714 0.7333333333333333 0.48642857142857143 0.7333333333333333
3 0.45571428571428574 0.7314285714285714 0.4421428571428571 0.7314285714285714 0.4421428571428571 0.7695238095238095 0.45571428571428574 0.7695238095238095
2 0.49357142857142866 0.8571428571428571 0.47214285714285714 0.8571428571428571 0.4721428571428572 0.9704761904761905 0.4935714285714287 0.9704761904761905
3 0.19928571428571437 0.9685714285714285 0.16785714285714293 0.9685714285714285 0.16785714285714293 0.9942857142857143 0.19928571428571437 0.9942857142857143
11 0.17428571428571438 0.9133333333333333 0.15214285714285722 0.9133333333333333 0.15214285714285722 0.959047619047619 0.17428571428571438 0.959047619047619
5 0.25785714285714295 0.9695238095238096 0.24357142857142866 0.9695238095238096 0.24357142857142866 0.979047619047619 0.25785714285714295 0.979047619047619
5 0.26714285714285724 0.9571428571428572 0.2521428571428572 0.9571428571428572 0.2521428571428572 0.9685714285714285 0.26714285714285724 0.9685714285714285
5 0.25000000000000006 0.9552380952380952 0.24142857142857152 0.9552380952380952 0.24142857142857152 0.9657142857142857 0.25000000000000006 0.9657142857142857
3 0.9692857142857143 0.9695238095238098 0.9378571428571428 0.9695238095238098 0.9378571428571428 0.9990476190476191 0.9692857142857143 0.9990476190476191
11 0.9107142857142857 0.7723809523809526 0.885 0.7723809523809526 0.885 0.8133333333333336 0.9107142857142857 0.8133333333333336
5 0.7664285714285715 0.943809523809524 0.7578571428571429 0.943809523809524 0.7578571428571429 0.963809523809524 0.7664285714285715 0.963809523809524
5 0.755 0.2542857142857144 0.7471428571428571 0.2542857142857144 0.7471428571428571 0.2695238095238096 0.755 0.2695238095238096
7 0.9442857142857143 0.019047619047619202 0.9342857142857143 0.019047619047619202 0.9342857142857143 0.031428571428571576 0.9442857142857143 0.031428571428571576
7 0.9407142857142857 0.012380952380952534 0.9328571428571428 0.012380952380952534 0.9328571428571428 0.02666666666666682 0.9407142857142857 0.02666666666666682
7 0.9464285714285714 0.06761904761904779 0.9392857142857143 0.06761904761904779 0.9392857142857143 0.08190476190476206 0.9464285714285714 0.08190476190476206
7 0.9442857142857143 0.15619047619047635 0.9342857142857143 0.15619047619047635 0.9342857142857143 0.16666666666666682 0.9442857142857143 0.16666666666666682
7 0.9457142857142857 0.1695238095238097 0.9371428571428572 0.1695238095238097 0.9371428571428572 0.1790476190476192 0.9457142857142857 0.1790476190476192
7 0.9435714285714286 0.18380952380952398 0.9364285714285714 0.18380952380952398 0.9364285714285714 0.1933333333333335 0.9435714285714286 0.1933333333333335
7 0.97 0.2314285714285716 0.9592857142857143 0.2314285714285716 0.9592857142857143 0.24190476190476207 0.97 0.24190476190476207
7 0.9507142857142857 0.2895238095238096 0.94 0.2895238095238096 0.94 0.2990476190476192 0.9507142857142857 0.2990476190476192
7 0.9407142857142857 0.3200000000000001 0.9328571428571428 0.3200000000000001 0.9328571428571428 0.32666666666666677 0.9407142857142857 0.32666666666666677
7 0.9428571428571428 0.32571428571428584 0.9328571428571428 0.32571428571428584 0.9328571428571428 0.3333333333333334 0.9428571428571428 0.3333333333333334
7 0.9464285714285714 0.3285714285714287 0.9364285714285714 0.3285714285714287 0.9364285714285714 0.33714285714285724 0.9464285714285714 0.33714285714285724
7 0.9485714285714286 0.321904761904762 0.9385714285714286 0.321904761904762 0.9385714285714286 0.3295238095238096 0.9485714285714286 0.3295238095238096
7 0.9492857142857143 0.3771428571428572 0.9428571428571428 0.3771428571428572 0.9428571428571428 0.38380952380952393 0.9492857142857143 0.38380952380952393
7 0.9707142857142858 0.3761904761904763 0.96 0.3761904761904763 0.96 0.38666666666666677 0.9707142857142858 0.38666666666666677
7 0.9614285714285714 0.38380952380952393 0.9521428571428572 0.38380952380952393 0.9521428571428572 0.3933333333333334 0.9614285714285714 0.3933333333333334
7 0.9607142857142857 0.4057142857142858 0.9542857142857143 0.4057142857142858 0.9542857142857143 0.4095238095238096 0.9607142857142857 0.4095238095238096
7 0.9507142857142857 0.4533333333333334 0.9464285714285714 0.4533333333333334 0.9464285714285714 0.4580952380952382 0.9507142857142857 0.4580952380952382
7 0.9557142857142857 0.45904761904761915 0.9485714285714286 0.45904761904761915 0.9485714285714286 0.46285714285714297 0.9557142857142857 0.46285714285714297
7 0.9542857142857143 0.4952380952380955 0.9485714285714286 0.4952380952380955 0.9485714285714286 0.5095238095238097 0.9542857142857143 0.5095238095238097
7 0.9628571428571429 0.4676190476190477 0.9564285714285714 0.4676190476190477 0.9564285714285714 0.4761904761904763 0.9628571428571429 0.4761904761904763
7 0.9564285714285714 0.46285714285714297 0.9471428571428572 0.46285714285714297 0.9471428571428572 0.47333333333333344 0.9564285714285714 0.47333333333333344
7 0.9614285714285714 0.3923809523809525 0.9478571428571428 0.3923809523809525 0.9478571428571428 0.39714285714285724 0.9614285714285714 0.39714285714285724
7 0.9592857142857143 0.3961904761904763 0.95 0.3961904761904763 0.95 0.40285714285714297 0.9592857142857143 0.40285714285714297
7 0.9635714285714285 0.41428571428571437 0.9528571428571428 0.41428571428571437 0.9528571428571428 0.4200000000000001 0.9635714285714285 0.4200000000000001
7 0.9571428571428572 0.4238095238095239 0.95 0.4238095238095239 0.95 0.43047619047619057 0.9571428571428572 0.43047619047619057
7 0.965 0.421904761904762 0.955 0.421904761904762 0.955 0.42952380952380964 0.965 0.42952380952380964
7 0.019285714285714323 0.37047619047619046 0.008571428571428605 0.37047619047619046 0.008571428571428607 0.3780952380952381 0.019285714285714323 0.3780952380952381
7 0.02071428571428575 0.36666666666666664 0.010714285714285747 0.36666666666666664 0.010714285714285749 0.37333333333333335 0.02071428571428575 0.37333333333333335
7 0.06142857142857147 0.4123809523809524 0.05357142857142861 0.4123809523809524 0.05357142857142861 0.42 0.06142857142857147 0.42
7 0.06214285714285718 0.4085714285714286 0.05500000000000004 0.4085714285714286 0.05500000000000004 0.41523809523809524 0.06214285714285718 0.41523809523809524
7 0.06357142857142861 0.40285714285714286 0.05571428571428576 0.40285714285714286 0.05571428571428576 0.4095238095238095 0.06357142857142861 0.4095238095238095
7 0.06142857142857147 0.3933333333333333 0.0528571428571429 0.3933333333333333 0.0528571428571429 0.40190476190476193 0.06142857142857147 0.40190476190476193
7 0.34642857142857153 0.4980952380952381 0.3400000000000001 0.4980952380952381 0.3400000000000001 0.5047619047619047 0.34642857142857153 0.5047619047619047
7 0.3264285714285715 0.5085714285714286 0.3207142857142858 0.5085714285714286 0.3207142857142858 0.5142857142857142 0.3264285714285715 0.5142857142857142
7 0.22000000000000008 0.44571428571428573 0.21142857142857152 0.44571428571428573 0.21142857142857152 0.4542857142857143 0.22000000000000008 0.4542857142857143
7 0.2014285714285715 0.4514285714285714 0.19214285714285723 0.4514285714285714 0.19214285714285723 0.46095238095238095 0.2014285714285715 0.46095238095238095
7 0.20214285714285724 0.46285714285714286 0.19285714285714295 0.46285714285714286 0.19285714285714295 0.4723809523809524 0.20214285714285724 0.4723809523809524
5 0.14571428571428577 0.4990476190476191 0.13714285714285718 0.4990476190476191 0.13714285714285718 0.5133333333333333 0.14571428571428577 0.5133333333333333
5 0.1521428571428572 0.49523809523809526 0.1435714285714286 0.49523809523809526 0.1435714285714286 0.5095238095238095 0.1521428571428572 0.5095238095238095
5 0.16571428571428576 0.5009523809523809 0.15928571428571434 0.5009523809523809 0.15928571428571434 0.5133333333333333 0.16571428571428576 0.5133333333333333
5 0.17071428571428576 0.5009523809523809 0.1628571428571429 0.5009523809523809 0.1628571428571429 0.5123809523809524 0.17071428571428576 0.5123809523809524
7 0.405 0.5723809523809524 0.4007142857142857 0.5723809523809524 0.4007142857142857 0.58 0.405 0.58
7 0.40714285714285714 0.5695238095238095 0.4035714285714286 0.5695238095238095 0.4035714285714286 0.5761904761904761 0.40714285714285714 0.5761904761904761