7 0.38142857142857145 0.7752380952380953 0.36285714285714293 0.7752380952380953 0.36285714285714293 0.8161904761904762 0.38142857142857145 0.8161904761904762
11 0.32928571428571435 0.7904761904761904 0.24500000000000008 0.7904761904761904 0.24500000000000008 0.9961904761904762 0.32928571428571435 0.9961904761904762
7 0.37714285714285717 0.4657142857142858 0.3600000000000001 0.4657142857142858 0.3600000000000001 0.5133333333333333 0.37714285714285717 0.5133333333333333
7 0.43857142857142856 0.43142857142857155 0.425 0.43142857142857155 0.425 0.47523809523809535 0.43857142857142856 0.47523809523809535
7 0.44 0.3742857142857144 0.42428571428571427 0.3742857142857144 0.42428571428571427 0.4123809523809525 0.44 0.4123809523809525
7 0.43642857142857144 0.3314285714285715 0.42428571428571427 0.3314285714285715 0.42428571428571427 0.3771428571428572 0.43642857142857144 0.3771428571428572
7 0.41714285714285715 0.35142857142857153 0.4014285714285714 0.35142857142857153 0.4014285714285714 0.3923809523809525 0.41714285714285715 0.3923809523809525
7 0.26000000000000006 0.5219047619047619 0.24142857142857152 0.5219047619047619 0.24142857142857152 0.5685714285714286 0.26000000000000006 0.5685714285714286
2 0.5257142857142857 0.1914285714285715 0.4521428571428571 0.19142857142857148 0.4521428571428571 0.4180952380952382 0.5257142857142857 0.4180952380952382
3 0.6864285714285714 0.27523809523809534 0.6428571428571429 0.27523809523809534 0.6428571428571429 0.35142857142857153 0.6864285714285714 0.35142857142857153
2 0.5371428571428571 0.040000000000000084 0.48714285714285716 0.040000000000000084 0.48714285714285716 0.19809523809523819 0.5371428571428571 0.1980952380952382
7 0.4521428571428571 0.2695238095238096 0.43714285714285717 0.2695238095238096 0.43714285714285717 0.3123809523809525 0.4521428571428571 0.3123809523809525
7 0.45571428571428574 0.37142857142857155 0.4442857142857143 0.37142857142857155 0.4442857142857143 0.4095238095238096 0.45571428571428574 0.4095238095238096
7 0.5471428571428572 0.060000000000000095 0.54 0.060000000000000095 0.54 0.09238095238095247 0.5471428571428572 0.09238095238095247
8 0.4878571428571429 0.06666666666666675 0.4785714285714286 0.06666666666666675 0.4785714285714286 0.08285714285714293 0.4878571428571429 0.08285714285714293
5 0.48714285714285716 0.07619047619047627 0.4785714285714286 0.07619047619047627 0.4785714285714286 0.09714285714285723 0.48714285714285716 0.09714285714285723
3 0.4857142857142857 0.0028571428571429343 0.46 0.0028571428571429326 0.46 0.04476190476190484 0.4857142857142857 0.04476190476190484
7 0.5192857142857142 8.41507300556967e-17 0.5114285714285715 8.350924839900047e-17 0.5114285714285715 0.01809523809523818 0.5192857142857142 0.01809523809523818
11 0.7307142857142858 0.18476190476190488 0.6857142857142857 0.18476190476190488 0.6857142857142857 0.25142857142857156 0.7307142857142858 0.25142857142857156
11 0.8735714285714286 0.1971428571428573 0.7928571428571428 0.19714285714285726 0.7928571428571428 0.2542857142857144 0.8735714285714286 0.2542857142857144
10 0.7242857142857143 0.040952380952381066 0.6878571428571428 0.04095238095238106 0.6878571428571428 0.10857142857142868 0.7242857142857143 0.10857142857142868
3 0.6935714285714286 0.7285714285714286 0.63 0.7285714285714285 0.6300000000000001 0.9047619047619049 0.6935714285714287 0.904761904761905
3 1 0.34476190476190494 0.93 0.3447619047619049 0.93 0.40476190476190493 1 0.404761904761905
3 1 0.3047619047619049 0.9042857142857142 0.30476190476190484 0.9042857142857142 0.36190476190476206 1 0.3619047619047621
3 0.9114285714285715 0.1666666666666668 0.8235714285714286 0.16666666666666677 0.8235714285714286 0.222857142857143 0.9114285714285715 0.22285714285714303
3 0.8607142857142858 0.13333333333333347 0.785 0.13333333333333344 0.785 0.18761904761904774 0.8607142857142858 0.18761904761904777
3 0.765 0.10190476190476203 0.7321428571428571 0.10190476190476201 0.7321428571428571 0.1504761904761906 0.765 0.1504761904761906
3 0.8785714285714286 0.11333333333333347 0.8021428571428572 0.11333333333333347 0.8021428571428572 0.15714285714285728 0.8785714285714286 0.1571428571428573
3 0.8428571428571429 0.09047619047619061 0.7771428571428571 0.09047619047619061 0.7771428571428571 0.13523809523809538 0.8428571428571429 0.1352380952380954
3 0.8185714285714286 0.04952380952380965 0.7757142857142857 0.04952380952380964 0.7757142857142857 0.102857142857143 0.8185714285714286 0.102857142857143
5 0.9678571428571429 0.2247619047619049 0.9421428571428572 0.2247619047619049 0.9421428571428572 0.2523809523809525 0.9678571428571429 0.2523809523809525
1 0.8657142857142858 0.08761904761904775 0.8414285714285714 0.08761904761904775 0.8414285714285714 0.11142857142857156 0.8657142857142858 0.11142857142857156
5 0.8714285714285714 0.044761904761904905 0.8471428571428572 0.0447619047619049 0.8471428571428572 0.06952380952380965 0.8714285714285714 0.06952380952380965
7 0.7707142857142857 0.04761904761904774 0.7607142857142857 0.04761904761904774 0.7607142857142857 0.07809523809523823 0.7707142857142857 0.07809523809523823
3 0.8885714285714286 1.4287545990052456e-16 0.8614285714285714 1.4065943235921027e-16 0.8614285714285714 0.02190476190476205 0.8885714285714286 0.02190476190476205
3 0.9742857142857143 0.6923809523809527 0.87 0.6923809523809527 0.87 0.8657142857142859 0.9742857142857143 0.8657142857142859
3 1 0.6933333333333336 0.9457142857142857 0.6933333333333336 0.9457142857142857 0.8542857142857145 1 0.8542857142857145
3 0.965 0.5361904761904764 0.8835714285714286 0.5361904761904764 0.8835714285714286 0.6666666666666669 0.965 0.6666666666666669
3 0.9814285714285714 0.4580952380952382 0.8571428571428571 0.4580952380952382 0.8571428571428571 0.5295238095238097 0.9814285714285714 0.5295238095238097
7 0.9835714285714285 0.4857142857142858 0.9621428571428572 0.4857142857142858 0.9621428571428572 0.5438095238095241 0.9835714285714285 0.5438095238095241
11 0.9107142857142857 0.5266666666666668 0.8185714285714286 0.5266666666666668 0.8185714285714286 0.6771428571428574 0.9107142857142857 0.6771428571428574