2 0.6185714285714285 0.013959390862944293 0.5721428571428572 0.01395939086294429 0.5721428571428572 0.08502538071066003 0.6185714285714285 0.08502538071066004
2 0.6407142857142857 1.364517626461137e-16 0.6135714285714285 1.334989340694894e-16 0.6135714285714285 0.03807106598984785 0.6407142857142857 0.03807106598984785
3 0.6521428571428571 0.002538071065989988 0.6378571428571429 0.0025380710659899863 0.6378571428571429 0.027918781725888464 0.6521428571428571 0.027918781725888468
11 0.7157142857142857 0.0038071065989849252 0.7007142857142857 0.003807106598984924 0.7007142857142857 0.03553299492385802 0.7157142857142857 0.03553299492385802
2 0.7057142857142857 0.10659898477157374 0.6842857142857143 0.10659898477157374 0.6842857142857143 0.1510152284263961 0.7057142857142857 0.1510152284263961
11 0.6385714285714286 0.03172588832487323 0.6235714285714286 0.03172588832487323 0.6235714285714286 0.055837563451776796 0.6385714285714286 0.055837563451776796
11 0.6092857142857143 0.08756345177664988 0.5928571428571429 0.08756345177664988 0.5928571428571429 0.11802030456852806 0.6092857142857143 0.11802030456852806
11 0.5871428571428572 0.13324873096446713 0.5707142857142857 0.13324873096446713 0.5707142857142857 0.15609137055837577 0.5871428571428572 0.15609137055837577
3 0.5842857142857143 0.0939086294416245 0.5671428571428572 0.09390862944162448 0.5671428571428572 0.12055837563451789 0.5842857142857143 0.1205583756345179
3 0.6257142857142857 0.05837563451776663 0.61 0.058375634517766624 0.61 0.08375634517766511 0.6257142857142857 0.08375634517766511
3 0.6621428571428571 0.055837563451776796 0.6457142857142857 0.055837563451776796 0.6457142857142857 0.0824873096446702 0.6621428571428571 0.0824873096446702
3 0.5635714285714286 0.13324873096446713 0.5457142857142857 0.13324873096446713 0.5457142857142857 0.16116751269035542 0.5635714285714286 0.16116751269035542
2 0.5907142857142857 0.14467005076142145 0.565 0.14467005076142142 0.565 0.1890862944162438 0.5907142857142857 0.1890862944162438
2 0.5414285714285715 0.07106598984771585 0.4928571428571429 0.07106598984771584 0.4928571428571429 0.1434010152284265 0.5414285714285715 0.1434010152284265
7 0.5428571428571428 0.0672588832487311 0.54 0.0672588832487311 0.54 0.07741116751269048 0.5428571428571428 0.07741116751269048
7 0.5207142857142857 0.07741116751269046 0.5178571428571429 0.07741116751269046 0.5178571428571429 0.08883248730964478 0.5207142857142857 0.08883248730964478
2 0.49357142857142855 0.11167512690355341 0.45071428571428573 0.11167512690355341 0.45071428571428573 0.1979695431472082 0.49357142857142855 0.1979695431472082
2 0.4614285714285714 0.18654822335025387 0.4057142857142857 0.18654822335025387 0.4057142857142857 0.2576142131979696 0.4614285714285714 0.2576142131979696
7 0.38571428571428573 0.23730964467005083 0.38285714285714284 0.23730964467005083 0.38285714285714284 0.24873096446700516 0.38571428571428573 0.24873096446700516
7 0.37357142857142855 0.2461928934010153 0.3707142857142857 0.2461928934010153 0.3707142857142857 0.2614213197969544 0.37357142857142855 0.2614213197969544
2 0.37214285714285716 0.267766497461929 0.315 0.267766497461929 0.315 0.35406091370558385 0.37214285714285716 0.3540609137055839
2 0.32071428571428573 0.3362944162436548 0.26142857142857145 0.3362944162436548 0.26142857142857145 0.4302030456852792 0.32071428571428573 0.4302030456852792
2 0.35 0.33375634517766506 0.2914285714285714 0.33375634517766495 0.2914285714285714 0.4251269035532996 0.35 0.42512690355329963
7 0.29285714285714287 0.35152284263959394 0.2864285714285714 0.35152284263959394 0.2864285714285714 0.3616751269035533 0.29285714285714287 0.3616751269035533
7 0.28285714285714286 0.36421319796954316 0.28 0.36421319796954316 0.28 0.3769035532994924 0.28285714285714286 0.3769035532994924
7 0.25285714285714284 0.40609137055837563 0.24857142857142858 0.40609137055837563 0.24857142857142858 0.41624365482233505 0.25285714285714284 0.41624365482233505
7 0.24785714285714286 0.4073604060913706 0.24357142857142858 0.4073604060913706 0.24357142857142858 0.41751269035532995 0.24785714285714286 0.41751269035532995
2 0.24 0.4517766497461929 0.18071428571428574 0.4517766497461929 0.18071428571428574 0.5634517766497462 0.24 0.5634517766497462
2 0.2807142857142857 0.42258883248730966 0.21928571428571428 0.42258883248730966 0.21928571428571428 0.5317258883248731 0.2807142857142857 0.5317258883248731
2 0.4007142857142857 0.3819796954314722 0.345 0.3819796954314722 0.345 0.4720812182741118 0.4007142857142857 0.4720812182741118
3 0.3435714285714286 0.43527918781725894 0.32142857142857145 0.4352791878172589 0.32142857142857145 0.4695431472081219 0.3435714285714286 0.46954314720812196
3 0.2742857142857143 0.549492385786802 0.25214285714285717 0.549492385786802 0.25214285714285717 0.5862944162436549 0.2742857142857143 0.5862944162436549
11 0.1821428571428572 0.7385786802030457 0.15285714285714289 0.7385786802030457 0.15285714285714289 0.7931472081218274 0.1821428571428572 0.7931472081218274
11 0.21785714285714294 0.8883248730964467 0.1964285714285715 0.8883248730964467 0.1964285714285715 0.932741116751269 0.21785714285714294 0.932741116751269
11 0.4185714285714286 0.9467005076142132 0.39785714285714285 0.9467005076142132 0.39785714285714285 0.998730964467005 0.4185714285714286 0.998730964467005
11 0.45785714285714285 0.7918781725888325 0.43642857142857144 0.7918781725888325 0.43642857142857144 0.850253807106599 0.45785714285714285 0.850253807106599
11 0.445 0.6484771573604062 0.4235714285714286 0.6484771573604062 0.4235714285714286 0.699238578680203 0.445 0.699238578680203
10 0.39785714285714285 0.7068527918781726 0.375 0.7068527918781726 0.375 0.7601522842639594 0.39785714285714285 0.7601522842639594
11 0.5685714285714286 0.5431472081218276 0.5528571428571428 0.5431472081218276 0.5528571428571428 0.5837563451776652 0.5685714285714286 0.5837563451776652
10 0.5428571428571428 0.5545685279187819 0.5071428571428571 0.5545685279187819 0.5071428571428571 0.6687817258883249 0.5428571428571428 0.6687817258883249
3 0.9114285714285715 0.9606598984771576 0.8942857142857142 0.9606598984771576 0.8942857142857142 0.9987309644670054 0.9114285714285715 0.9987309644670054
3 0.9457142857142857 0.6421319796954316 0.9314285714285714 0.6421319796954316 0.9314285714285714 0.6916243654822338 0.9457142857142857 0.6916243654822338
3 0.9614285714285714 0.2220812182741119 0.9492857142857143 0.2220812182741119 0.9492857142857143 0.2525380710659901 0.9614285714285714 0.2525380710659901
3 0.9735714285714285 0.14974619289340124 0.9614285714285714 0.14974619289340124 0.9614285714285714 0.18274111675126925 0.9735714285714285 0.18274111675126925
3 0.9735714285714285 0.1053299492385789 0.9621428571428572 0.1053299492385789 0.9621428571428572 0.13832487309644692 0.9735714285714285 0.13832487309644692
3 0.9721428571428572 0.06725888324873118 0.9607142857142857 0.06725888324873118 0.9607142857142857 0.09644670050761443 0.9721428571428572 0.09644670050761443
3 0.9742857142857143 0.021573604060913916 0.9635714285714285 0.021573604060913913 0.9635714285714285 0.05329949238578702 0.9742857142857143 0.05329949238578702
3 0.8342857142857143 0.27030456852791895 0.8207142857142857 0.27030456852791895 0.8207142857142857 0.30329949238578696 0.8342857142857143 0.303299492385787
3 0.8507142857142858 0.17385786802030478 0.8378571428571429 0.17385786802030478 0.8378571428571429 0.2055837563451779 0.8507142857142858 0.2055837563451779
7 0.7642857142857142 0.46192893401015245 0.7592857142857142 0.46192893401015245 0.7592857142857142 0.4796954314720814 0.7642857142857142 0.4796954314720814
3 0.8771428571428571 1.8983579507087458e-16 0.8678571428571429 1.8882561687360838e-16 0.8678571428571429 0.024111675126903744 0.8771428571428571 0.024111675126903744
11 0.5385714285714286 0.1725888324873098 0.5171428571428571 0.1725888324873098 0.5171428571428571 0.20050761421319813 0.5385714285714286 0.20050761421319813
11 0.5271428571428571 0.236040609137056 0.5114285714285715 0.236040609137056 0.5114285714285715 0.2639593908629443 0.5271428571428571 0.2639593908629443
11 0.4714285714285714 0.29568527918781734 0.44857142857142857 0.29568527918781734 0.44857142857142857 0.3286802030456854 0.4714285714285714 0.3286802030456854
11 0.4407142857142857 0.3667512690355331 0.42 0.3667512690355331 0.42 0.39847715736040623 0.4407142857142857 0.39847715736040623
11 0.5578571428571428 0.37817258883248744 0.5385714285714286 0.37817258883248744 0.5385714285714286 0.4137055837563453 0.5578571428571428 0.4137055837563453
3 0.6164285714285714 0.4543147208121829 0.6 0.4543147208121829 0.6 0.49492385786802046 0.6164285714285714 0.49492385786802046
2 0.6435714285714286 0.4403553299492387 0.6057142857142858 0.4403553299492387 0.6057142857142858 0.5558375634517768 0.6435714285714286 0.5558375634517768
2 0.6621428571428571 0.5786802030456855 0.6178571428571429 0.5786802030456855 0.6178571428571429 0.7017766497461929 0.6621428571428571 0.7017766497461929
7 0.6771428571428572 0.7296954314720815 0.6714285714285714 0.7296954314720815 0.6714285714285714 0.7360406091370562 0.6771428571428572 0.7360406091370562
7 0.7 0.5799492385786803 0.6971428571428572 0.5799492385786803 0.6971428571428572 0.5875634517766499 0.7 0.5875634517766499
5 0.3364285714285714 0.1979695431472082 0.32785714285714285 0.1979695431472082 0.32785714285714285 0.21065989847715744 0.3364285714285714 0.21065989847715744
8 0.3335714285714286 0.1979695431472082 0.33 0.1979695431472082 0.33 0.20685279187817265 0.3335714285714286 0.20685279187817265