7 0.8365 0.7113333333333334 0.8145 0.7113333333333334 0.8145 0.7973333333333333 0.8365 0.7973333333333333
7 0.803 0.7053333333333334 0.774 0.7053333333333334 0.774 0.7886666666666666 0.803 0.7886666666666666
7 0.7875 0.6660000000000001 0.7565 0.6660000000000001 0.7565 0.7453333333333333 0.7875 0.7453333333333333
3 0.051000000000000066 0.6573333333333333 6.037508719796452e-17 0.6573333333333333 6.472258333493762e-17 0.752 0.05100000000000007 0.752
3 0.12700000000000006 0.6126666666666667 0.046000000000000055 0.6126666666666667 0.04600000000000006 0.6966666666666667 0.12700000000000006 0.6966666666666667
3 0.22050000000000006 0.582 0.15550000000000005 0.582 0.15550000000000005 0.6506666666666666 0.22050000000000006 0.6506666666666666
3 0.36050000000000004 0.5826666666666667 0.26 0.5826666666666667 0.26000000000000006 0.6493333333333333 0.3605000000000001 0.6493333333333333
3 0.41350000000000003 0.564 0.3265 0.564 0.32650000000000007 0.622 0.4135000000000001 0.622
3 0.5225 0.5133333333333334 0.4375 0.5133333333333333 0.4375 0.5553333333333335 0.5225 0.5553333333333335
8 0.4605 0.49466666666666664 0.4525 0.49466666666666664 0.4525 0.51 0.4605 0.51
3 0.5535 0.4813333333333335 0.49 0.4813333333333335 0.49 0.5120000000000001 0.5535 0.5120000000000001
3 0.598 0.4906666666666668 0.564 0.4906666666666668 0.564 0.5333333333333334 0.598 0.5333333333333334
3 0.5935 0.45466666666666683 0.5425 0.45466666666666683 0.5425 0.47800000000000015 0.5935 0.47800000000000015
11 0.567 0.44133333333333347 0.5285 0.44133333333333347 0.5285 0.46600000000000014 0.567 0.46600000000000014
3 0.584 0.44333333333333347 0.547 0.44333333333333347 0.547 0.46266666666666684 0.584 0.46266666666666684
3 0.613 0.4106666666666668 0.583 0.4106666666666668 0.583 0.4266666666666668 0.613 0.4266666666666668
3 0.62 0.4106666666666668 0.5905 0.4106666666666668 0.5905 0.4246666666666668 0.62 0.4246666666666668
7 0.598 0.39666666666666683 0.5955 0.39666666666666683 0.5955 0.40866666666666684 0.598 0.40866666666666684
7 0.608 0.39866666666666684 0.605 0.39866666666666684 0.605 0.4106666666666668 0.608 0.4106666666666668
3 0.616 0.3993333333333335 0.5965 0.3993333333333335 0.5965 0.41000000000000014 0.616 0.41000000000000014
2 0.619 0.3840000000000002 0.6045 0.3840000000000002 0.6045 0.40400000000000014 0.619 0.40400000000000014
3 0.7655 0.5306666666666668 0.6775 0.5306666666666668 0.6775 0.5766666666666668 0.7655 0.5766666666666668
3 0.7445 0.49533333333333346 0.679 0.49533333333333346 0.679 0.5300000000000001 0.7445 0.5300000000000001
11 0.7315 0.4786666666666668 0.667 0.4786666666666668 0.667 0.5080000000000001 0.7315 0.5080000000000001
7 0.752 0.45666666666666683 0.744 0.45666666666666683 0.744 0.48000000000000015 0.752 0.48000000000000015
7 0.708 0.42200000000000015 0.704 0.42200000000000015 0.704 0.43800000000000017 0.708 0.43800000000000017
7 0.713 0.4226666666666668 0.708 0.4226666666666668 0.708 0.43933333333333346 0.713 0.43933333333333346
2 0.676 0.3873333333333335 0.6615 0.3873333333333335 0.6615 0.41000000000000014 0.676 0.41000000000000014
3 0.7055 0.3973333333333335 0.686 0.3973333333333335 0.686 0.40800000000000014 0.7055 0.40800000000000014
3 0.6995 0.39466666666666683 0.681 0.39466666666666683 0.681 0.40466666666666684 0.6995 0.40466666666666684
3 0.698 0.3913333333333335 0.681 0.3913333333333335 0.681 0.40066666666666684 0.698 0.40066666666666684
3 0.6985 0.3860000000000002 0.6825 0.3860000000000002 0.6825 0.3953333333333335 0.6985 0.3953333333333335
3 0.825 0.42600000000000016 0.8075 0.42600000000000016 0.8075 0.44200000000000017 0.825 0.44200000000000017
4 0.9165 0.3593333333333335 0.7625 0.3593333333333335 0.7625 0.40666666666666684 0.9165 0.40666666666666684
4 0.7825 0.3566666666666668 0.7175 0.3566666666666668 0.7175 0.3880000000000002 0.7825 0.3880000000000002