10 0.5535714285714287 0.9114285714285715 0.5035714285714288 0.9114285714285715 0.5035714285714288 1 0.5535714285714287 1
3 0.5578571428571429 0.8666666666666667 0.5257142857142857 0.8666666666666667 0.5257142857142858 0.9114285714285715 0.557857142857143 0.9114285714285715
3 0.5678571428571428 0.8314285714285714 0.5371428571428571 0.8314285714285714 0.5371428571428571 0.8695238095238095 0.5678571428571428 0.8695238095238095
3 0.65 0.8323809523809523 0.6135714285714285 0.8323809523809523 0.6135714285714285 0.8790476190476191 0.65 0.8790476190476191
11 0.7442857142857143 0.9171428571428574 0.7085714285714287 0.9171428571428574 0.7085714285714287 0.98 0.7442857142857143 0.98
3 0.7428571428571429 0.8666666666666669 0.6835714285714286 0.8666666666666669 0.6835714285714286 0.9200000000000003 0.7428571428571429 0.9200000000000003
3 0.7171428571428572 0.8057142857142859 0.675 0.8057142857142859 0.675 0.8400000000000002 0.7171428571428572 0.8400000000000002
3 0.715 0.7838095238095241 0.6721428571428572 0.7838095238095241 0.6721428571428572 0.8200000000000002 0.715 0.8200000000000002
3 0.7092857142857143 0.7685714285714288 0.6735714285714286 0.7685714285714288 0.6735714285714286 0.7952380952380954 0.7092857142857143 0.7952380952380954
3 0.7535714285714286 0.6676190476190479 0.7164285714285714 0.6676190476190479 0.7164285714285714 0.6904761904761907 0.7535714285714286 0.6904761904761907
3 0.7064285714285714 0.7514285714285717 0.6657142857142857 0.7514285714285717 0.6657142857142857 0.7761904761904764 0.7064285714285714 0.7761904761904764
3 0.7007142857142857 0.7419047619047621 0.6578571428571428 0.741904761904762 0.6578571428571428 0.7666666666666668 0.7007142857142857 0.7666666666666668
3 0.6985714285714286 0.7276190476190477 0.6564285714285715 0.7276190476190476 0.6564285714285715 0.7533333333333334 0.6985714285714286 0.7533333333333335
3 0.6985714285714286 0.7161904761904763 0.6571428571428571 0.7161904761904762 0.6571428571428571 0.7400000000000001 0.6985714285714286 0.7400000000000002
3 0.6921428571428572 0.7104761904761906 0.6564285714285715 0.7104761904761905 0.6564285714285715 0.7314285714285715 0.6921428571428572 0.7314285714285716
3 0.6921428571428572 0.6990476190476191 0.6564285714285715 0.699047619047619 0.6564285714285715 0.7171428571428573 0.6921428571428572 0.7171428571428573
3 0.685 0.6895238095238096 0.6507142857142857 0.6895238095238095 0.6507142857142857 0.7104761904761906 0.685 0.7104761904761907
3 0.6807142857142857 0.6800000000000002 0.6435714285714286 0.68 0.6435714285714286 0.701904761904762 0.6807142857142857 0.7019047619047621
3 0.69 0.6733333333333335 0.6535714285714286 0.6733333333333333 0.6535714285714286 0.6942857142857144 0.69 0.6942857142857145
3 0.69 0.6609523809523811 0.66 0.660952380952381 0.66 0.6771428571428573 0.69 0.6771428571428574
3 0.6807142857142857 0.6552380952380954 0.6478571428571429 0.6552380952380953 0.6478571428571429 0.6733333333333335 0.6807142857142857 0.6733333333333336
3 0.6785714285714286 0.642857142857143 0.6478571428571429 0.6428571428571429 0.6478571428571429 0.661904761904762 0.6785714285714286 0.6619047619047621
3 0.6721428571428572 0.6400000000000001 0.6435714285714286 0.64 0.6435714285714286 0.6561904761904763 0.6721428571428572 0.6561904761904764
3 0.6742857142857143 0.6342857142857143 0.645 0.6342857142857142 0.645 0.6495238095238096 0.6742857142857143 0.6495238095238097
3 0.6757142857142857 0.6295238095238096 0.6442857142857142 0.6295238095238095 0.6442857142857142 0.6447619047619049 0.6757142857142857 0.644761904761905
3 0.6742857142857143 0.6266666666666668 0.6435714285714286 0.6266666666666667 0.6435714285714286 0.6400000000000001 0.6742857142857143 0.6400000000000002
11 0.6721428571428572 0.6133333333333334 0.6385714285714286 0.6133333333333333 0.6385714285714286 0.6323809523809525 0.6721428571428572 0.6323809523809526
3 0.6678571428571428 0.6057142857142859 0.6421428571428571 0.6057142857142858 0.6421428571428571 0.621904761904762 0.6678571428571428 0.6219047619047621
3 0.6678571428571428 0.601904761904762 0.6428571428571429 0.6019047619047619 0.6428571428571429 0.6200000000000001 0.6678571428571428 0.6200000000000002
4 0.6535714285714286 0.5742857142857143 0.635 0.5742857142857143 0.635 0.6 0.6535714285714286 0.6
4 0.6392857142857142 0.5466666666666666 0.6157142857142858 0.5466666666666666 0.6157142857142858 0.5685714285714286 0.6392857142857142 0.5685714285714286
3 0.615 0.540952380952381 0.6064285714285714 0.540952380952381 0.6064285714285714 0.5485714285714286 0.615 0.5485714285714286
3 0.6121428571428571 0.5371428571428571 0.6057142857142858 0.5371428571428571 0.6057142857142858 0.5438095238095239 0.6121428571428571 0.5438095238095239
3 0.58 0.5238095238095238 0.5714285714285714 0.5238095238095238 0.5714285714285714 0.5314285714285715 0.58 0.5314285714285715
3 0.595 0.5266666666666666 0.5835714285714285 0.5266666666666666 0.5835714285714285 0.539047619047619 0.595 0.539047619047619
3 0.6121428571428571 0.5638095238095238 0.5978571428571429 0.5638095238095238 0.5978571428571429 0.5761904761904761 0.6121428571428571 0.5761904761904761
4 0.5971428571428572 0.5495238095238095 0.5842857142857143 0.5495238095238095 0.5842857142857143 0.5952380952380952 0.5971428571428572 0.5952380952380952
3 0.5985714285714285 0.6038095238095238 0.5785714285714286 0.6038095238095238 0.5785714285714286 0.6171428571428571 0.5985714285714285 0.6171428571428571
3 0.5742857142857143 0.6095238095238096 0.5614285714285714 0.6095238095238096 0.5614285714285714 0.6266666666666667 0.5742857142857143 0.6266666666666667
3 0.6028571428571429 0.5952380952380952 0.5878571428571429 0.5952380952380952 0.5878571428571429 0.6076190476190476 0.6028571428571429 0.6076190476190476
3 0.5942857142857143 0.62 0.5835714285714285 0.62 0.5835714285714285 0.6314285714285715 0.5942857142857143 0.6314285714285715
3 0.5921428571428572 0.6285714285714286 0.5814285714285714 0.6285714285714286 0.5814285714285714 0.64 0.5921428571428572 0.64
3 0.5907142857142857 0.6371428571428571 0.5778571428571428 0.6371428571428571 0.5778571428571428 0.6514285714285715 0.5907142857142857 0.6514285714285715
3 0.59 0.6485714285714286 0.5764285714285714 0.6485714285714286 0.5764285714285714 0.6676190476190477 0.59 0.6676190476190477
3 0.5828571428571429 0.6552380952380953 0.5478571428571428 0.6552380952380953 0.5478571428571428 0.6733333333333333 0.5828571428571429 0.6733333333333333
11 0.5921428571428572 0.6723809523809524 0.5564285714285714 0.6723809523809524 0.5564285714285714 0.6952380952380952 0.5921428571428572 0.6952380952380952
3 0.59 0.680952380952381 0.5692857142857143 0.680952380952381 0.5692857142857143 0.7085714285714285 0.59 0.7085714285714285
3 0.5821428571428572 0.7019047619047619 0.565 0.7019047619047619 0.565 0.7247619047619047 0.5821428571428572 0.7247619047619047
3 0.5828571428571429 0.7180952380952381 0.5578571428571428 0.7180952380952381 0.5578571428571428 0.7428571428571429 0.5828571428571429 0.7428571428571429
3 0.585 0.741904761904762 0.56 0.741904761904762 0.56 0.7695238095238095 0.585 0.7695238095238095
3 0.5728571428571428 0.7666666666666667 0.555 0.7666666666666667 0.555 0.8 0.5728571428571428 0.8
3 0.57 0.7866666666666666 0.5428571428571428 0.7866666666666666 0.5428571428571428 0.8276190476190476 0.57 0.8276190476190476
10 0.7435714285714285 0.804761904761905 0.6957142857142857 0.804761904761905 0.6957142857142858 0.8866666666666669 0.7435714285714285 0.8866666666666669