3 0.2964285714285715 0.4685714285714286 0.23428571428571437 0.4685714285714286 0.23428571428571437 0.520952380952381 0.2964285714285715 0.520952380952381
3 0.2585714285714287 0.44952380952380955 0.20214285714285724 0.44952380952380955 0.20214285714285724 0.5019047619047619 0.2585714285714287 0.5019047619047619
3 0.5778571428571428 0.45904761904761915 0.5114285714285715 0.45904761904761915 0.5114285714285715 0.5142857142857142 0.5778571428571428 0.5142857142857142
3 0.3757142857142857 0.4285714285714286 0.31785714285714284 0.42857142857142855 0.3178571428571429 0.4761904761904762 0.3757142857142857 0.4761904761904763
3 0.335 0.41238095238095246 0.2792857142857143 0.4123809523809524 0.2792857142857143 0.460952380952381 0.3350000000000001 0.46095238095238106
10 0.4492857142857143 0.38095238095238104 0.3821428571428571 0.38095238095238104 0.3821428571428571 0.43523809523809537 0.4492857142857143 0.43523809523809537
3 0.41 0.3800000000000001 0.3557142857142857 0.3800000000000001 0.3557142857142857 0.422857142857143 0.41 0.422857142857143
3 0.5492857142857143 0.33523809523809533 0.4992857142857143 0.33523809523809533 0.4992857142857143 0.37523809523809537 0.5492857142857143 0.37523809523809537
3 0.48 0.3495238095238096 0.42928571428571427 0.3495238095238096 0.42928571428571427 0.38666666666666677 0.48 0.38666666666666677
3 0.5328571428571428 0.32571428571428584 0.4907142857142857 0.32571428571428584 0.4907142857142857 0.3580952380952382 0.5328571428571428 0.3580952380952382
3 0.81 0.32571428571428584 0.7664285714285715 0.32571428571428584 0.7664285714285715 0.3580952380952382 0.81 0.3580952380952382
3 0.8885714285714286 0.24380952380952392 0.855 0.24380952380952392 0.855 0.2676190476190477 0.8885714285714286 0.2676190476190477
3 0.7921428571428571 0.19238095238095249 0.76 0.19238095238095249 0.76 0.21714285714285725 0.7921428571428571 0.21714285714285725
3 0.9821428571428571 0.22095238095238112 0.95 0.22095238095238112 0.95 0.24190476190476207 0.9821428571428571 0.24190476190476207
3 1 0.15619047619047635 0.9835714285714285 0.15619047619047635 0.9835714285714285 0.17428571428571446 1 0.17428571428571446
8 0.7485714285714286 0.16857142857142868 0.7421428571428571 0.16857142857142868 0.7421428571428571 0.1800000000000001 0.7485714285714286 0.1800000000000001
5 0.7485714285714286 0.1761904761904763 0.7414285714285714 0.1761904761904763 0.7414285714285714 0.18761904761904774 0.7485714285714286 0.18761904761904774
4 0.6121428571428571 0.2200000000000001 0.6021428571428571 0.2200000000000001 0.6021428571428571 0.23333333333333345 0.6121428571428571 0.23333333333333345
3 0.03285714285714289 0.31142857142857144 0.010714285714285742 0.31142857142857144 0.010714285714285744 0.34285714285714286 0.03285714285714289 0.34285714285714286
3 0.016428571428571452 0.22857142857142856 2.0993945128240343e-17 0.22857142857142856 2.2131117156020026e-17 0.25333333333333335 0.016428571428571456 0.25333333333333335
3 0.0192857142857143 0.11523809523809524 0.0007142857142857248 0.11523809523809524 0.000714285714285726 0.1419047619047619 0.019285714285714302 0.1419047619047619
7 0.13571428571428576 0.44952380952380955 0.12142857142857147 0.44952380952380955 0.12142857142857147 0.47333333333333333 0.13571428571428576 0.47333333333333333
8 0.16857142857142862 0.4085714285714286 0.15571428571428575 0.4085714285714286 0.15571428571428575 0.439047619047619 0.16857142857142862 0.439047619047619
8 0.20857142857142857 0.37238095238095237 0.2007142857142857 0.37238095238095237 0.2007142857142857 0.3980952380952381 0.20857142857142857 0.3980952380952381
5 0.21428571428571427 0.3819047619047619 0.19357142857142856 0.3819047619047619 0.19357142857142856 0.3980952380952381 0.21428571428571427 0.3980952380952381
5 0.17714285714285719 0.41904761904761906 0.1521428571428572 0.41904761904761906 0.1521428571428572 0.43523809523809526 0.17714285714285719 0.43523809523809526
8 0.08714285714285716 0.26095238095238094 0.08000000000000002 0.26095238095238094 0.08000000000000002 0.2714285714285714 0.08714285714285716 0.2714285714285714
5 0.0892857142857143 0.26761904761904765 0.08214285714285716 0.26761904761904765 0.08214285714285716 0.28095238095238095 0.0892857142857143 0.28095238095238095
4 0.05142857142857144 0.09238095238095238 0.03642857142857144 0.09238095238095238 0.03642857142857144 0.14 0.05142857142857145 0.14
4 0.08214285714285716 0.29619047619047617 0.07000000000000002 0.29619047619047617 0.07000000000000002 0.3238095238095238 0.08214285714285716 0.3238095238095238
7 0.9692857142857143 0.30761904761904774 0.9585714285714285 0.30761904761904774 0.9585714285714285 0.3304761904761906 0.9692857142857143 0.3304761904761906
7 0.9771428571428571 0.31333333333333346 0.9692857142857143 0.31333333333333346 0.9692857142857143 0.3333333333333334 0.9771428571428571 0.3333333333333334
8 0.9657142857142857 0.2580952380952382 0.9578571428571429 0.2580952380952382 0.9578571428571429 0.2742857142857144 0.9657142857142857 0.2742857142857144
8 0.9885714285714285 0.27904761904761916 0.98 0.27904761904761916 0.98 0.29142857142857154 0.9885714285714285 0.29142857142857154
5 0.9635714285714285 0.26571428571428585 0.9528571428571428 0.26571428571428585 0.9528571428571428 0.27904761904761916 0.9635714285714285 0.27904761904761916
5 0.9892857142857143 0.2885714285714287 0.975 0.2885714285714287 0.975 0.29714285714285726 0.9892857142857143 0.29714285714285726
3 0.24714285714285722 0.7314285714285714 0.15500000000000008 0.7314285714285714 0.15500000000000008 0.8438095238095238 0.24714285714285722 0.8438095238095238
3 0.0900000000000001 0.9114285714285715 0.034285714285714364 0.9114285714285715 0.03428571428571437 0.9971428571428571 0.09000000000000011 0.9971428571428571
3 0.14000000000000007 0.7638095238095238 0.08428571428571435 0.7638095238095238 0.08428571428571435 0.8295238095238096 0.14000000000000007 0.8295238095238096
7 0.25714285714285723 0.9047619047619048 0.24000000000000007 0.9047619047619048 0.24000000000000007 0.940952380952381 0.25714285714285723 0.940952380952381
8 0.22928571428571437 0.96 0.20428571428571438 0.96 0.20428571428571438 0.981904761904762 0.22928571428571437 0.981904761904762
5 0.22714285714285723 0.9428571428571428 0.20500000000000007 0.9428571428571428 0.20500000000000007 0.9990476190476191 0.22714285714285723 0.9990476190476191
4 0.2750000000000001 0.8866666666666667 0.25928571428571434 0.8866666666666667 0.25928571428571434 0.9257142857142857 0.2750000000000001 0.9257142857142857