11 0.025574112734864315 0.17346938775510204 1.1952450492722079e-17 0.17346938775510204 1.2751411087155375e-17 0.19666048237476808 0.025574112734864315 0.19666048237476808
3 0.08298538622129437 0.018552875695732857 0.07463465553235908 0.018552875695732853 0.07463465553235908 0.03339517625231912 0.08298538622129437 0.03339517625231912
7 0.009916492693110684 0.5204081632653061 0.005741127348643042 0.5204081632653061 0.005741127348643043 0.5333951762523191 0.009916492693110684 0.5333951762523191
10 0.9994780793319415 0.6363636363636366 0.9279749478079332 0.6363636363636366 0.9279749478079332 0.7532467532467535 0.9994780793319415 0.7532467532467535
3 0.9399791231732777 0.36827458256029705 0.9206680584551148 0.36827458256029705 0.9206680584551148 0.4025974025974028 0.9399791231732777 0.4025974025974028
3 0.9770354906054279 0.34879406307977756 0.9535490605427975 0.34879406307977756 0.9535490605427975 0.37476808905380354 0.9770354906054279 0.37476808905380354
5 0.9227557411273486 0.2931354359925791 0.9170146137787056 0.2931354359925791 0.9170146137787056 0.308905380333952 0.9227557411273486 0.308905380333952
5 0.9290187891440501 0.2931354359925791 0.9222338204592901 0.2931354359925791 0.9222338204592901 0.30983302411873864 0.9290187891440501 0.30983302411873864
5 0.9352818371607515 0.28756957328385924 0.9274530271398748 0.28756957328385924 0.9274530271398748 0.30705009276437867 0.9352818371607515 0.30705009276437867
5 0.9478079331941545 0.28107606679035274 0.9384133611691023 0.28107606679035274 0.9384133611691023 0.29684601113172565 0.9478079331941545 0.29684601113172565
5 0.9556367432150313 0.2792207792207794 0.9446764091858038 0.2792207792207794 0.9446764091858038 0.295918367346939 0.9556367432150313 0.295918367346939
5 0.9639874739039666 0.2764378478664195 0.9525052192066806 0.2764378478664195 0.9525052192066806 0.29128014842300576 0.9639874739039666 0.29128014842300576
3 0.6012526096033403 0.059369202226345216 0.5850730688935282 0.059369202226345216 0.5850730688935282 0.07328385899814484 0.6012526096033403 0.07328385899814484
11 0.6153444676409185 0.07421150278293148 0.6002087682672234 0.07421150278293148 0.6002087682672234 0.09461966604823761 0.6153444676409185 0.09461966604823761
10 0.6377870563674322 0.03617810760667917 0.6090814196242171 0.036178107606679166 0.6090814196242171 0.06679035250463836 0.6377870563674322 0.06679035250463836
4 0.627348643006263 0.11502782931354373 0.6153444676409185 0.11502782931354373 0.6153444676409185 0.1335807050092766 0.627348643006263 0.1335807050092766
9 0.7239039665970772 0.2606679035250465 0.7098121085594989 0.2606679035250465 0.7098121085594989 0.27458256029684613 0.7239039665970772 0.27458256029684613
5 0.7004175365344467 0.2569573283858999 0.691544885177453 0.2569573283858999 0.691544885177453 0.2699443413729129 0.7004175365344467 0.2699443413729129
5 0.7364300626304802 0.27829313543599277 0.7286012526096033 0.27829313543599277 0.7286012526096033 0.29128014842300576 0.7364300626304802 0.29128014842300576
5 0.7552192066805845 0.3116883116883119 0.7426931106471816 0.3116883116883119 0.7426931106471816 0.32838589981447147 0.7552192066805845 0.32838589981447147
5 0.7552192066805845 0.2940630797773657 0.7453027139874739 0.2940630797773657 0.7453027139874739 0.30612244897959207 0.7552192066805845 0.30612244897959207
7 0.7562630480167014 0.295918367346939 0.7505219206680585 0.295918367346939 0.7505219206680585 0.3116883116883119 0.7562630480167014 0.3116883116883119
3 0.732776617954071 0.293135435992579 0.7066805845511482 0.29313543599257896 0.7066805845511482 0.3200371057513916 0.732776617954071 0.32003710575139166
3 0.7552192066805845 0.33951762523191115 0.7291231732776617 0.33951762523191115 0.7291231732776617 0.36456400742115047 0.7552192066805845 0.36456400742115047
0 0.802713987473904 0.3228200371057516 0.7865344467640919 0.3228200371057516 0.7865344467640919 0.345083487940631 0.802713987473904 0.345083487940631
5 0.7922755741127349 0.31910946196660506 0.7776617954070981 0.31910946196660506 0.7776617954070981 0.3404452690166978 0.7922755741127349 0.3404452690166978
9 0.7807933194154488 0.29684601113172565 0.7609603340292276 0.29684601113172565 0.7609603340292276 0.3209647495361783 0.7807933194154488 0.3209647495361783
9 0.8006263048016702 0.2792207792207794 0.7839248434237995 0.2792207792207794 0.7839248434237995 0.29684601113172565 0.8006263048016702 0.29684601113172565
11 0.6983298538622129 0.24211502782931366 0.6831941544885177 0.24211502782931366 0.6831941544885177 0.26437847866419306 0.6983298538622129 0.26437847866419306
5 0.8079331941544885 0.36827458256029705 0.7980167014613778 0.36827458256029705 0.7980167014613778 0.38311688311688336 0.8079331941544885 0.38311688311688336
5 0.8048016701461378 0.36178107606679055 0.7954070981210856 0.36178107606679055 0.7954070981210856 0.3784786641929501 0.8048016701461378 0.3784786641929501
5 0.7896659707724426 0.35250463821892414 0.7802713987473904 0.35250463821892414 0.7802713987473904 0.36827458256029705 0.7896659707724426 0.36827458256029705
5 0.7969728601252609 0.3571428571428574 0.7849686847599165 0.3571428571428574 0.7849686847599165 0.3719851576994436 0.7969728601252609 0.3719851576994436
5 0.9906054279749478 0.3339517625231913 0.9848643006263048 0.3339517625231913 0.9848643006263048 0.35250463821892414 0.9906054279749478 0.35250463821892414
5 0.9864300626304802 0.3376623376623379 0.9786012526096033 0.3376623376623379 0.9786012526096033 0.3562152133580707 0.9864300626304802 0.3562152133580707
5 0.9786012526096033 0.3385899814471245 0.971294363256785 0.3385899814471245 0.971294363256785 0.35899814471243063 0.9786012526096033 0.35899814471243063
5 0.9629436325678496 0.3246753246753249 0.9566805845511482 0.3246753246753249 0.9566805845511482 0.3469387755102043 0.9629436325678496 0.3469387755102043
5 0.9681628392484343 0.3228200371057516 0.9618997912317327 0.3228200371057516 0.9618997912317327 0.3432282003710577 0.9681628392484343 0.3432282003710577
5 0.9723382045929019 0.32003710575139166 0.964509394572025 0.32003710575139166 0.964509394572025 0.33580705009276457 0.9723382045929019 0.33580705009276457
0 0.9843423799582464 0.3079777365491653 0.9650313152400835 0.3079777365491653 0.9650313152400835 0.3367346938775512 0.9843423799582464 0.3367346938775512
7 0.9994780793319415 0.2792207792207794 0.9932150313152401 0.2792207792207794 0.9932150313152401 0.29499072356215233 0.9994780793319415 0.29499072356215233
3 0.708768267223382 0.4137291280148424 0.6805845511482255 0.4137291280148424 0.6805845511482255 0.4517625231910947 0.708768267223382 0.4517625231910947
3 0.6852818371607515 0.3821892393320966 0.6706680584551148 0.3821892393320966 0.6706680584551148 0.4165120593692023 0.6852818371607515 0.4165120593692023
7 0.6931106471816284 0.3181818181818183 0.6868475991649269 0.3181818181818183 0.6868475991649269 0.33858998144712443 0.6931106471816284 0.33858998144712443