3 0.27285714285714296 0.78 0.13928571428571437 0.78 0.13928571428571437 0.8952380952380953 0.27285714285714296 0.8952380952380953
3 0.5985714285714285 0.5666666666666667 0.5378571428571428 0.5666666666666667 0.5378571428571428 0.6104761904761905 0.5985714285714285 0.6104761904761905
3 0.3550000000000001 0.4990476190476191 0.30571428571428577 0.4990476190476191 0.30571428571428577 0.5295238095238095 0.3550000000000001 0.5295238095238095
3 0.20642857142857146 0.43238095238095237 0.17071428571428576 0.43238095238095237 0.17071428571428576 0.4561904761904762 0.20642857142857152 0.4561904761904762
3 0.8257142857142857 0.6457142857142859 0.735 0.6457142857142859 0.735 0.7085714285714287 0.8257142857142857 0.7085714285714287
3 0.35357142857142865 0.839047619047619 0.2214285714285715 0.839047619047619 0.2214285714285715 0.9685714285714285 0.35357142857142865 0.9685714285714285
3 0.20500000000000007 0.7209523809523809 0.08571428571428577 0.7209523809523809 0.08571428571428578 0.8028571428571428 0.20500000000000007 0.8028571428571428
3 0.17857142857142866 0.6971428571428572 0.05142857142857149 0.6971428571428572 0.0514285714285715 0.7771428571428571 0.17857142857142866 0.7771428571428571
11 0.11500000000000007 0.6704761904761904 0.0014285714285714902 0.6704761904761904 0.0014285714285714932 0.741904761904762 0.11500000000000007 0.741904761904762
3 0.1628571428571429 0.5914285714285714 0.09571428571428575 0.5914285714285714 0.09571428571428575 0.6419047619047619 0.1628571428571429 0.6419047619047619
3 0.10000000000000005 0.56 0.04000000000000005 0.56 0.040000000000000056 0.6095238095238096 0.10000000000000005 0.6095238095238096
3 0.057142857142857204 0.638095238095238 5.860809681633762e-17 0.638095238095238 6.088244087189699e-17 0.6876190476190476 0.057142857142857204 0.6876190476190476
11 0.4314285714285715 0.8323809523809523 0.29142857142857154 0.8323809523809523 0.29142857142857154 1 0.4314285714285716 1
3 0.5371428571428573 0.92 0.42785714285714305 0.92 0.42785714285714305 1 0.5371428571428573 1
3 0.6435714285714286 0.6666666666666666 0.5464285714285714 0.6666666666666666 0.5464285714285714 0.7495238095238095 0.6435714285714286 0.7495238095238095
3 0.29714285714285715 0.40476190476190477 0.2671428571428571 0.40476190476190477 0.2671428571428571 0.4266666666666667 0.29714285714285715 0.4266666666666667
3 0.3364285714285714 0.4142857142857143 0.29928571428571427 0.4142857142857143 0.29928571428571427 0.43809523809523815 0.3364285714285714 0.4380952380952382
3 0.23285714285714285 0.38857142857142857 0.19857142857142857 0.38857142857142857 0.19857142857142857 0.4104761904761905 0.23285714285714285 0.4104761904761905
3 0.20714285714285716 0.3780952380952381 0.16928571428571432 0.3780952380952381 0.16928571428571432 0.4038095238095238 0.20714285714285716 0.4038095238095238
3 0.15571428571428575 0.36666666666666664 0.11714285714285719 0.36666666666666664 0.11714285714285719 0.3952380952380952 0.15571428571428575 0.3952380952380952
3 0.11500000000000005 0.3619047619047619 0.08071428571428575 0.3619047619047619 0.08071428571428575 0.38571428571428573 0.11500000000000005 0.38571428571428573
3 0.09928571428571432 0.3580952380952381 0.06571428571428575 0.3580952380952381 0.06571428571428575 0.3819047619047619 0.09928571428571432 0.3819047619047619
3 0.37714285714285717 0.4200000000000001 0.3392857142857143 0.4200000000000001 0.3392857142857143 0.44380952380952393 0.37714285714285717 0.44380952380952393
3 0.39571428571428574 0.4200000000000001 0.3585714285714286 0.4200000000000001 0.3585714285714286 0.44571428571428584 0.39571428571428574 0.44571428571428584
3 0.4164285714285714 0.4209523809523811 0.38571428571428573 0.4209523809523811 0.38571428571428573 0.45523809523809533 0.4164285714285714 0.45523809523809533
3 0.4592857142857143 0.43523809523809537 0.4257142857142857 0.43523809523809537 0.4257142857142857 0.4666666666666668 0.4592857142857143 0.4666666666666668
3 0.5085714285714286 0.44380952380952393 0.47214285714285714 0.44380952380952393 0.47214285714285714 0.47904761904761917 0.5085714285714286 0.47904761904761917
3 0.5778571428571428 0.4580952380952382 0.5435714285714286 0.4580952380952382 0.5435714285714286 0.49142857142857144 0.5778571428571428 0.49142857142857144
3 0.6378571428571429 0.4685714285714287 0.6021428571428571 0.4685714285714287 0.6021428571428571 0.5047619047619047 0.6378571428571429 0.5047619047619047
11 0.7214285714285714 0.48952380952380975 0.6885714285714286 0.48952380952380975 0.6885714285714286 0.5314285714285717 0.7214285714285714 0.5314285714285717
7 0.39571428571428574 0.4723809523809525 0.3892857142857143 0.4723809523809525 0.3892857142857143 0.4961904761904762 0.39571428571428574 0.4961904761904762
5 0.6678571428571428 0.4923809523809525 0.6542857142857142 0.49238095238095236 0.6542857142857142 0.5114285714285716 0.6678571428571428 0.5114285714285717
1 0.6564285714285715 0.49142857142857144 0.6464285714285715 0.49142857142857144 0.6464285714285715 0.5104761904761905 0.6564285714285715 0.5104761904761905
1 0.6428571428571429 0.48857142857142855 0.6264285714285714 0.48857142857142855 0.6264285714285714 0.5066666666666667 0.6428571428571429 0.5066666666666667
10 0.8307142857142857 0.5123809523809526 0.735 0.5123809523809526 0.735 0.5666666666666669 0.8307142857142857 0.5666666666666669
8 0.8214285714285714 0.6000000000000002 0.8057142857142857 0.6000000000000002 0.8057142857142857 0.6276190476190479 0.8214285714285714 0.6276190476190479
5 0.8278571428571428 0.6076190476190478 0.7971428571428572 0.6076190476190478 0.7971428571428572 0.6342857142857145 0.8278571428571428 0.6342857142857145
3 0.9414285714285714 0.5361904761904764 0.9121428571428571 0.5361904761904764 0.9121428571428571 0.5761904761904764 0.9414285714285714 0.5761904761904764
3 0.9942857142857143 0.47904761904761917 0.9435714285714286 0.47904761904761917 0.9435714285714286 0.5028571428571431 0.9942857142857143 0.5028571428571431
11 0.9964285714285714 0.4571428571428573 0.945 0.45714285714285724 0.945 0.48000000000000015 0.9964285714285714 0.4800000000000002
3 0.9878571428571429 0.4400000000000001 0.9485714285714286 0.4400000000000001 0.9485714285714286 0.45904761904761915 0.9878571428571429 0.45904761904761915
3 0.99 0.4685714285714287 0.9492857142857143 0.4685714285714287 0.9492857142857143 0.49142857142857166 0.99 0.49142857142857166
3 0.9864285714285714 0.43333333333333346 0.9471428571428572 0.43333333333333346 0.9471428571428572 0.4542857142857144 0.9864285714285714 0.4542857142857144
3 0.9857142857142858 0.42666666666666675 0.9485714285714286 0.42666666666666675 0.9485714285714286 0.44952380952380966 0.9857142857142858 0.44952380952380966
3 0.985 0.4209523809523811 0.95 0.4209523809523811 0.95 0.44285714285714295 0.985 0.44285714285714295
3 0.9835714285714285 0.4038095238095239 0.9492857142857143 0.4038095238095239 0.9492857142857143 0.4247619047619049 0.9835714285714285 0.4247619047619049
11 0.9842857142857143 0.4123809523809525 0.9492857142857143 0.4123809523809525 0.9492857142857143 0.43142857142857155 0.9842857142857143 0.43142857142857155
3 0.915 0.41428571428571437 0.8992857142857142 0.41428571428571437 0.8992857142857142 0.43142857142857155 0.915 0.43142857142857155
3 0.9207142857142857 0.40000000000000013 0.91 0.40000000000000013 0.91 0.4123809523809525 0.9207142857142857 0.4123809523809525
3 0.9235714285714286 0.3895238095238096 0.9114285714285715 0.3895238095238096 0.9114285714285715 0.40095238095238106 0.9235714285714286 0.40095238095238106
3 0.9278571428571428 0.38285714285714295 0.9171428571428571 0.38285714285714295 0.9171428571428571 0.3933333333333334 0.9278571428571428 0.3933333333333334
3 0.9292857142857143 0.37333333333333346 0.9207142857142857 0.37333333333333346 0.9207142857142857 0.38476190476190486 0.9292857142857143 0.38476190476190486
4 0.9721428571428572 0.32571428571428584 0.9557142857142857 0.32571428571428584 0.9557142857142857 0.3761904761904763 0.9721428571428572 0.3761904761904763