11 1 0.7969543147208125 0.92 0.7969543147208125 0.92 0.9949238578680206 1 0.9949238578680206
3 0.8928571428571429 0.06979695431472101 0.8464285714285714 0.069796954314721 0.8464285714285714 0.15228426395939104 0.8928571428571429 0.15228426395939104
10 0.78 1.6240557171433807e-16 0.7128571428571429 1.5510120628795158e-16 0.7128571428571429 0.13324873096446715 0.78 0.13324873096446718
7 0.43642857142857144 0.815989847715736 0.42857142857142855 0.815989847715736 0.42857142857142855 0.8553299492385786 0.43642857142857144 0.8553299492385786
7 0.44357142857142856 0.8109137055837563 0.4328571428571429 0.8109137055837563 0.4328571428571429 0.8515228426395939 0.44357142857142856 0.8515228426395939
7 0.4142857142857143 0.5939086294416245 0.4035714285714286 0.5939086294416245 0.4035714285714286 0.6281725888324875 0.4142857142857143 0.6281725888324875
7 0.7657142857142857 0.9302030456852795 0.7521428571428571 0.9302030456852795 0.7521428571428571 0.955583756345178 0.7657142857142857 0.955583756345178
8 0.6307142857142857 0.8807106598984772 0.62 0.8807106598984772 0.62 0.9048223350253807 0.6307142857142857 0.9048223350253807
8 0.6364285714285715 0.8565989847715736 0.6178571428571429 0.8565989847715736 0.6178571428571429 0.8781725888324873 0.6364285714285715 0.8781725888324873
8 0.5592857142857143 0.6015228426395941 0.5492857142857143 0.6015228426395941 0.5492857142857143 0.6167512690355331 0.5592857142857143 0.6167512690355331
7 0.54 0.5418781725888326 0.5307142857142857 0.5418781725888326 0.5307142857142857 0.5710659898477158 0.54 0.5710659898477158
7 0.5528571428571428 0.4974619289340103 0.5435714285714286 0.4974619289340103 0.5435714285714286 0.5368020304568529 0.5528571428571428 0.5368020304568529
7 0.53 0.47461928934010167 0.5178571428571429 0.47461928934010167 0.5178571428571429 0.5088832487309646 0.53 0.5088832487309646
7 0.5392857142857143 0.4263959390862946 0.53 0.4263959390862946 0.53 0.4657360406091372 0.5392857142857143 0.4657360406091372
7 0.515 0.4720812182741118 0.5071428571428571 0.4720812182741118 0.5071428571428571 0.5050761421319798 0.515 0.5050761421319798
7 0.4114285714285714 0.41497461928934026 0.4007142857142857 0.41497461928934026 0.4007142857142857 0.4467005076142133 0.4114285714285714 0.4467005076142133
7 0.42642857142857143 0.40989847715736055 0.42 0.40989847715736055 0.42 0.43020304568527934 0.42642857142857143 0.43020304568527934
7 0.5614285714285714 0.4606598984771575 0.5542857142857143 0.4606598984771575 0.5542857142857143 0.48857868020304585 0.5614285714285714 0.48857868020304585
7 0.5635714285714286 0.4505076142131981 0.5592857142857143 0.4505076142131981 0.5592857142857143 0.47335025380710677 0.5635714285714286 0.47335025380710677
7 0.5571428571428572 0.44162436548223366 0.5485714285714286 0.44162436548223366 0.5485714285714286 0.4657360406091372 0.5571428571428572 0.4657360406091372
8 0.5321428571428571 0.15609137055837574 0.5207142857142857 0.15609137055837574 0.5207142857142857 0.18147208121827427 0.5321428571428571 0.18147208121827427
7 0.47714285714285715 0.13324873096446713 0.4707142857142857 0.13324873096446713 0.4707142857142857 0.1484771573604062 0.47714285714285715 0.1484771573604062
7 0.4857142857142857 0.14974619289340113 0.47714285714285715 0.14974619289340113 0.47714285714285715 0.17005076142131986 0.4857142857142857 0.17005076142131986
7 0.4307142857142857 0.2918781725888326 0.42 0.2918781725888326 0.42 0.32233502538071074 0.4307142857142857 0.32233502538071074