2 0.13285714285714287 0.19047619047619047 0.08285714285714288 0.19047619047619047 0.08285714285714288 0.3019047619047619 0.1328571428571429 0.3019047619047619
2 0.18785714285714286 0.1942857142857143 0.1392857142857143 0.19428571428571428 0.13928571428571432 0.3 0.18785714285714286 0.3
2 0.2621428571428571 0.13142857142857148 0.2042857142857143 0.13142857142857148 0.2042857142857143 0.2266666666666667 0.2621428571428571 0.2266666666666667
2 0.19642857142857142 0.12095238095238098 0.11142857142857143 0.12095238095238098 0.11142857142857143 0.21809523809523812 0.19642857142857142 0.21809523809523815
2 0.31357142857142856 0.13619047619047625 0.26785714285714285 0.13619047619047625 0.26785714285714285 0.24476190476190476 0.31357142857142856 0.24476190476190476
2 0.35214285714285715 0.140952380952381 0.31285714285714283 0.140952380952381 0.31285714285714283 0.24380952380952386 0.35214285714285715 0.24380952380952392
2 0.33214285714285713 0.00761904761904767 0.2978571428571429 0.007619047619047667 0.2978571428571429 0.08000000000000006 0.33214285714285713 0.08000000000000006
2 0.36 0.22952380952380957 0.26785714285714285 0.22952380952380957 0.26785714285714285 0.3790476190476191 0.36 0.37904761904761913
2 0.39071428571428574 0.02000000000000006 0.36214285714285716 0.02000000000000006 0.36214285714285716 0.08285714285714291 0.39071428571428574 0.08285714285714291
2 0.35928571428571426 0.008571428571428627 0.3335714285714286 0.008571428571428626 0.3335714285714286 0.07142857142857148 0.35928571428571426 0.07142857142857148
3 0.4635714285714286 7.347880794884119e-17 0.43642857142857144 7.126278040752693e-17 0.43642857142857144 0.013333333333333405 0.4635714285714286 0.013333333333333407
3 0.45357142857142857 0.02285714285714293 0.43857142857142856 0.02285714285714293 0.43857142857142856 0.043809523809523875 0.45357142857142857 0.043809523809523875
3 0.48214285714285715 0.019047619047619126 0.4642857142857143 0.019047619047619122 0.4642857142857143 0.04095238095238103 0.48214285714285715 0.04095238095238103
3 0.4707142857142857 0.13142857142857148 0.4521428571428571 0.13142857142857148 0.4521428571428571 0.16761904761904767 0.4707142857142857 0.16761904761904767
3 0.4592857142857143 0.08857142857142865 0.44285714285714284 0.08857142857142865 0.44285714285714284 0.11047619047619056 0.4592857142857143 0.11047619047619056
3 0.45785714285714285 0.06857142857142866 0.4421428571428571 0.06857142857142866 0.4421428571428571 0.0895238095238096 0.45785714285714285 0.0895238095238096
2 0.49714285714285716 0.1666666666666667 0.45357142857142857 0.1666666666666667 0.45357142857142857 0.2885714285714287 0.49714285714285716 0.2885714285714287
2 0.4992857142857143 0.3038095238095239 0.45285714285714285 0.3038095238095239 0.45285714285714285 0.46095238095238106 0.4992857142857143 0.46095238095238106
8 0.16000000000000003 0.4114285714285714 0.1485714285714286 0.4114285714285714 0.1485714285714286 0.4238095238095238 0.16000000000000003 0.4238095238095238
8 0.15642857142857147 0.4219047619047619 0.14571428571428577 0.4219047619047619 0.14571428571428577 0.43714285714285717 0.15642857142857147 0.43714285714285717
8 0.21214285714285722 0.4504761904761905 0.20214285714285724 0.4504761904761905 0.20214285714285724 0.4714285714285714 0.21214285714285722 0.4714285714285714
8 0.21428571428571436 0.44571428571428573 0.19928571428571437 0.44571428571428573 0.19928571428571437 0.46190476190476193 0.21428571428571436 0.46190476190476193
7 0.20928571428571438 0.4552380952380952 0.19571428571428579 0.4552380952380952 0.19571428571428579 0.4838095238095238 0.20928571428571438 0.4838095238095238
7 0.20500000000000004 0.4247619047619048 0.1957142857142857 0.4247619047619048 0.19571428571428576 0.44857142857142857 0.20500000000000007 0.44857142857142857
7 0.15142857142857147 0.3952380952380952 0.13857142857142862 0.3952380952380952 0.13857142857142862 0.4247619047619048 0.15142857142857147 0.4247619047619048
7 0.1642857142857143 0.38857142857142857 0.15071428571428575 0.38857142857142857 0.15071428571428575 0.41904761904761906 0.1642857142857143 0.41904761904761906
1 0.23785714285714293 0.5333333333333333 0.20642857142857152 0.5333333333333333 0.20642857142857152 0.5514285714285714 0.23785714285714293 0.5514285714285714
7 0.4642857142857143 0.2742857142857144 0.4564285714285714 0.2742857142857144 0.4564285714285714 0.3038095238095239 0.4642857142857143 0.3038095238095239
7 0.49857142857142855 0.46190476190476204 0.48857142857142855 0.46190476190476204 0.48857142857142855 0.4980952380952381 0.49857142857142855 0.4980952380952381
5 0.5007142857142857 0.35904761904761917 0.4942857142857143 0.35904761904761917 0.4942857142857143 0.3895238095238096 0.5007142857142857 0.3895238095238096
1 0.5221428571428571 0.341904761904762 0.5135714285714286 0.341904761904762 0.5135714285714286 0.36952380952380964 0.5221428571428571 0.36952380952380964
5 0.5164285714285715 0.4523809523809525 0.5057142857142857 0.4523809523809525 0.5057142857142857 0.48666666666666675 0.5164285714285715 0.48666666666666675
5 0.5957142857142858 0.4980952380952381 0.5685714285714286 0.4980952380952381 0.5685714285714286 0.5304761904761904 0.5957142857142858 0.5304761904761904
8 0.5842857142857143 0.4942857142857143 0.575 0.4942857142857143 0.575 0.5114285714285715 0.5842857142857143 0.5114285714285715
8 0.5157142857142857 0.4514285714285715 0.5064285714285715 0.4514285714285715 0.5064285714285715 0.4723809523809525 0.5157142857142857 0.4723809523809525
0 0.5785714285714286 0.44761904761904775 0.5235714285714286 0.44761904761904775 0.5235714285714286 0.49333333333333335 0.5785714285714286 0.49333333333333335
10 0.9742857142857143 0.0914285714285716 0.9385714285714286 0.0914285714285716 0.9385714285714286 0.13238095238095254 0.9742857142857143 0.13238095238095254
3 0.9392857142857143 0.10000000000000016 0.9185714285714286 0.10000000000000016 0.9185714285714286 0.1314285714285716 0.9392857142857143 0.1314285714285716
11 0.9264285714285714 0.10190476190476205 0.9071428571428571 0.10190476190476204 0.9071428571428571 0.12666666666666682 0.9264285714285714 0.12666666666666682
10 0.9114285714285715 0.0666666666666668 0.8478571428571429 0.0666666666666668 0.8478571428571429 0.1257142857142859 0.9114285714285715 0.1257142857142859
11 0.8571428571428571 0.09428571428571442 0.8192857142857143 0.09428571428571442 0.8192857142857143 0.12095238095238109 0.8571428571428571 0.12095238095238109
7 0.9664285714285714 0.42761904761904773 0.9521428571428572 0.42761904761904773 0.9521428571428572 0.4561904761904763 0.9664285714285714 0.4561904761904763
11 0.945 0.564761904761905 0.8614285714285714 0.564761904761905 0.8614285714285714 0.6209523809523811 0.945 0.6209523809523811
3 1 0.6161904761904764 0.9321428571428572 0.6161904761904764 0.9321428571428572 0.682857142857143 1 0.682857142857143