11 0.6321428571428571 0.4857142857142858 0.6071428571428571 0.4857142857142858 0.6071428571428571 0.5466666666666666 0.6321428571428571 0.5466666666666666
5 0.6385714285714286 0.19714285714285726 0.63 0.19714285714285726 0.63 0.22476190476190486 0.6385714285714286 0.22476190476190486
5 0.5464285714285714 0.18285714285714297 0.5364285714285715 0.18285714285714297 0.5364285714285715 0.2180952380952382 0.5464285714285714 0.2180952380952382
1 0.7321428571428571 0.9066666666666668 0.7057142857142858 0.9066666666666668 0.7057142857142858 0.9380952380952383 0.7321428571428571 0.9380952380952383
3 0.3107142857142858 0.4561904761904762 0.2542857142857144 0.4561904761904762 0.2542857142857144 0.4876190476190476 0.3107142857142858 0.4876190476190476
7 0.7528571428571429 0.3314285714285715 0.74 0.3314285714285715 0.74 0.34285714285714297 0.7528571428571429 0.34285714285714297
7 0.8378571428571429 0.9761904761904762 0.8214285714285714 0.9761904761904762 0.8214285714285714 0.9971428571428571 0.8378571428571429 0.9971428571428571
8 0.7242857142857144 0.9171428571428574 0.712857142857143 0.9171428571428574 0.712857142857143 0.9342857142857145 0.7242857142857144 0.9342857142857145
8 0.5442857142857143 0.18857142857142867 0.5385714285714286 0.18857142857142867 0.5385714285714286 0.20571428571428582 0.5442857142857143 0.20571428571428582
8 0.6378571428571429 0.19904761904761917 0.6307142857142857 0.19904761904761917 0.6307142857142857 0.21523809523809534 0.6378571428571429 0.21523809523809534
8 0.525 0.19714285714285726 0.5185714285714286 0.19714285714285726 0.5185714285714286 0.21238095238095248 0.525 0.21238095238095248
5 0.5257142857142857 0.19523809523809535 0.5171428571428571 0.19523809523809535 0.5171428571428571 0.22190476190476202 0.5257142857142857 0.22190476190476202