3 0.1185714285714286 0.48350253807106597 0.08500000000000003 0.48350253807106597 0.08500000000000003 0.5152284263959391 0.1185714285714286 0.5152284263959391
10 0.37285714285714283 0.42893401015228433 0.29285714285714287 0.4289340101522843 0.29285714285714287 0.5063451776649747 0.37285714285714283 0.5063451776649748
7 0.5492857142857143 0.0951776649746194 0.5457142857142857 0.0951776649746194 0.5457142857142857 0.10786802030456863 0.5492857142857143 0.10786802030456863
7 0.5542857142857143 0.09771573604060925 0.5507142857142857 0.09771573604060925 0.5507142857142857 0.11040609137055848 0.5542857142857143 0.11040609137055848
7 0.5564285714285714 0.08883248730964478 0.5521428571428572 0.08883248730964478 0.5521428571428572 0.09898477157360416 0.5564285714285714 0.09898477157360416
7 0.565 0.11040609137055848 0.5614285714285714 0.11040609137055848 0.5614285714285714 0.12309644670050772 0.565 0.12309644670050772
7 0.5528571428571428 0.1738578680203047 0.5492857142857143 0.1738578680203047 0.5492857142857143 0.18274111675126917 0.5528571428571428 0.18274111675126917
3 0.59 0.5571065989847718 0.5528571428571428 0.5571065989847718 0.5528571428571428 0.5977157360406092 0.59 0.5977157360406092
3 0.8928571428571429 0.7741116751269038 0.8492857142857143 0.7741116751269038 0.8492857142857143 0.8197969543147211 0.8928571428571429 0.8197969543147211
3 0.8428571428571429 0.5723350253807108 0.825 0.5723350253807108 0.825 0.619289340101523 0.8428571428571429 0.619289340101523
3 0.8192857142857143 0.3667512690355331 0.8028571428571428 0.3667512690355331 0.8028571428571428 0.40862944162436565 0.8192857142857143 0.40862944162436565
2 0.8435714285714285 0.6116751269035534 0.7407142857142858 0.6116751269035534 0.7407142857142858 0.7068527918781728 0.8435714285714285 0.7068527918781728
2 0.9178571428571428 0.9644670050761425 0.8978571428571429 0.9644670050761425 0.8978571428571429 0.9987309644670054 0.9178571428571428 0.9987309644670054
3 0.7628571428571429 0.26142131979695443 0.7478571428571429 0.26142131979695443 0.7478571428571429 0.3007614213197971 0.7628571428571429 0.3007614213197971
11 0.8307142857142857 0.0596446700507616 0.8064285714285714 0.0596446700507616 0.8064285714285714 0.12563451776649764 0.8307142857142857 0.12563451776649764