11 0.02071428571428574 0.29333333333333333 0.007857142857142885 0.29333333333333333 0.007857142857142885 0.31523809523809526 0.020714285714285744 0.31523809523809526
3 0.1342857142857143 0.3438095238095238 0.10857142857142861 0.3438095238095238 0.10857142857142861 0.3580952380952381 0.1342857142857143 0.3580952380952381
3 0.14428571428571432 0.32571428571428573 0.12642857142857147 0.32571428571428573 0.12642857142857147 0.33714285714285713 0.14428571428571432 0.33714285714285713
3 0.3535714285714286 0.3438095238095239 0.33285714285714285 0.3438095238095239 0.33285714285714285 0.3580952380952382 0.3535714285714286 0.3580952380952382
7 0.29214285714285715 0.3361904761904762 0.29 0.3361904761904762 0.29 0.34285714285714286 0.29214285714285715 0.34285714285714286
7 0.28714285714285714 0.3361904761904762 0.285 0.3361904761904762 0.285 0.34285714285714286 0.28714285714285714 0.34285714285714286
7 0.3628571428571429 0.33714285714285724 0.36142857142857143 0.33714285714285724 0.36142857142857143 0.3457142857142858 0.3628571428571429 0.3457142857142858
7 0.35285714285714287 0.33904761904761915 0.3507142857142857 0.33904761904761915 0.3507142857142857 0.3457142857142858 0.35285714285714287 0.3457142857142858
7 0.18357142857142858 0.3504761904761905 0.18071428571428574 0.3504761904761905 0.18071428571428574 0.35619047619047617 0.18357142857142858 0.35619047619047617
2 0.1471428571428572 0.3019047619047619 0.1035714285714286 0.3019047619047619 0.1035714285714286 0.32666666666666666 0.1471428571428572 0.32666666666666666
3 0.2942857142857143 0.4342857142857143 0.28285714285714286 0.4342857142857143 0.2828571428571429 0.45904761904761904 0.2942857142857144 0.45904761904761904
7 0.31500000000000006 0.439047619047619 0.31 0.439047619047619 0.31000000000000005 0.4552380952380952 0.31500000000000006 0.4552380952380952
7 0.4135714285714286 0.37142857142857155 0.4114285714285714 0.37142857142857155 0.4114285714285714 0.37904761904761913 0.4135714285714286 0.37904761904761913
7 0.40357142857142875 0.9285714285714286 0.40071428571428586 0.9285714285714286 0.40071428571428586 0.9371428571428572 0.40357142857142875 0.9371428571428572
3 0.5228571428571429 0.699047619047619 0.5128571428571429 0.699047619047619 0.5128571428571429 0.7352380952380952 0.5228571428571429 0.7352380952380952
3 0.4857142857142857 0.4942857142857143 0.4742857142857143 0.4942857142857143 0.4742857142857143 0.5266666666666666 0.4857142857142857 0.5266666666666666
3 0.5307142857142857 0.49238095238095236 0.5221428571428571 0.49238095238095236 0.5221428571428571 0.518095238095238 0.5307142857142857 0.518095238095238
3 0.515 0.5257142857142857 0.5057142857142857 0.5257142857142857 0.5057142857142857 0.5542857142857143 0.515 0.5542857142857143
3 0.5085714285714286 0.3152380952380954 0.5 0.3152380952380954 0.5 0.341904761904762 0.5085714285714286 0.341904761904762
3 0.5457142857142857 0.09428571428571436 0.54 0.09428571428571436 0.54 0.10857142857142865 0.5457142857142857 0.10857142857142865
3 0.5114285714285715 0.1342857142857144 0.5028571428571429 0.1342857142857144 0.5028571428571429 0.1542857142857144 0.5114285714285715 0.1542857142857144
3 0.5485714285714286 0.0066666666666667556 0.5414285714285715 0.006666666666666755 0.5414285714285715 0.01714285714285723 0.5485714285714286 0.01714285714285723
7 0.63 0.0200000000000001 0.6285714285714286 0.0200000000000001 0.6285714285714286 0.025714285714285814 0.63 0.025714285714285814
3 0.6185714285714285 0.05238095238095247 0.6064285714285714 0.05238095238095247 0.6064285714285714 0.06285714285714296 0.6185714285714285 0.06285714285714296
7 0.64 0.1361904761904763 0.6371428571428571 0.1361904761904763 0.6371428571428571 0.14761904761904773 0.64 0.14761904761904773
3 0.655 0.16285714285714298 0.64 0.16285714285714298 0.64 0.17333333333333345 0.655 0.17333333333333345
7 0.6335714285714286 0.1980952380952382 0.63 0.1980952380952382 0.63 0.20761904761904773 0.6335714285714286 0.20761904761904773
3 0.6564285714285715 0.20571428571428582 0.64 0.20571428571428582 0.64 0.22190476190476202 0.6564285714285715 0.22190476190476202
3 0.6585714285714286 0.2361904761904763 0.6414285714285715 0.2361904761904763 0.6414285714285715 0.2504761904761906 0.6585714285714286 0.2504761904761906
3 0.6614285714285715 0.26285714285714296 0.645 0.26285714285714296 0.645 0.2761904761904763 0.6614285714285715 0.2761904761904763
3 0.6671428571428571 0.29238095238095246 0.6507142857142857 0.29238095238095246 0.6507142857142857 0.30476190476190484 0.6671428571428571 0.30476190476190484
3 0.6657142857142857 0.3057142857142858 0.6492857142857142 0.3057142857142858 0.6492857142857142 0.3180952380952382 0.6657142857142857 0.3180952380952382
7 0.6542857142857142 0.3285714285714287 0.6514285714285715 0.3285714285714287 0.6514285714285715 0.34095238095238106 0.6542857142857142 0.34095238095238106
3 0.645 0.7038095238095238 0.6121428571428571 0.7038095238095238 0.6121428571428571 0.7266666666666667 0.645 0.7266666666666667
3 0.6385714285714286 0.6314285714285715 0.6121428571428571 0.6314285714285715 0.6121428571428571 0.6476190476190476 0.6385714285714286 0.6476190476190476
7 0.7121428571428572 0.5819047619047621 0.7014285714285714 0.5819047619047621 0.7014285714285714 0.605714285714286 0.7121428571428572 0.605714285714286
7 0.6914285714285714 0.3742857142857144 0.6871428571428572 0.3742857142857144 0.6871428571428572 0.381904761904762 0.6914285714285714 0.381904761904762
3 0.6985714285714286 0.4761904761904763 0.6785714285714286 0.4761904761904763 0.6785714285714286 0.49333333333333357 0.6985714285714286 0.49333333333333357
10 0.7535714285714286 0.47523809523809535 0.735 0.47523809523809535 0.735 0.49333333333333357 0.7535714285714286 0.49333333333333357
7 0.7478571428571429 0.45904761904761915 0.745 0.45904761904761915 0.745 0.4666666666666668 0.7478571428571429 0.4666666666666668
7 0.7564285714285715 0.4514285714285715 0.7528571428571429 0.4514285714285715 0.7528571428571429 0.46190476190476204 0.7564285714285715 0.46190476190476204
7 0.77 0.4514285714285715 0.7671428571428571 0.4514285714285715 0.7671428571428571 0.46190476190476204 0.77 0.46190476190476204
7 0.765 0.4533333333333334 0.7628571428571429 0.4533333333333334 0.7628571428571429 0.46000000000000013 0.765 0.46000000000000013