3 0.028571428571428657 0.9371428571428572 8.60751750257854e-17 0.9371428571428572 8.896184248091845e-17 1 0.028571428571428664 1
3 0.1571428571428572 0.5476190476190477 0.06214285714285718 0.5476190476190477 0.062142857142857194 0.5933333333333334 0.1571428571428572 0.5933333333333334
3 0.5285714285714286 0.6476190476190476 0.4642857142857143 0.6476190476190476 0.4642857142857143 0.7590476190476191 0.5285714285714286 0.7590476190476191
3 0.5592857142857143 0.5876190476190476 0.5 0.5876190476190476 0.5 0.6628571428571428 0.5592857142857143 0.6628571428571428
3 0.7521428571428571 0.5752380952380954 0.6842857142857143 0.5752380952380954 0.6842857142857143 0.6295238095238097 0.7521428571428571 0.6295238095238097
3 0.9021428571428571 0.7152380952380955 0.8028571428571428 0.7152380952380955 0.8028571428571428 0.8057142857142859 0.9021428571428571 0.8057142857142859
3 0.8614285714285714 0.5476190476190478 0.7928571428571428 0.5476190476190478 0.7928571428571428 0.5847619047619049 0.8614285714285714 0.5847619047619049
3 0.9314285714285714 0.5171428571428573 0.8807142857142857 0.5171428571428573 0.8807142857142857 0.5485714285714288 0.9314285714285714 0.5485714285714288
3 0.9842857142857143 0.5000000000000002 0.9407142857142857 0.5000000000000002 0.9407142857142857 0.5209523809523812 0.9842857142857143 0.5209523809523812
3 0.9614285714285714 0.4857142857142858 0.9178571428571428 0.4857142857142858 0.9178571428571428 0.5057142857142859 0.9614285714285714 0.5057142857142859
3 0.895 0.4647619047619049 0.8514285714285714 0.4647619047619049 0.8514285714285714 0.4904761904761907 0.895 0.4904761904761907
3 0.9421428571428572 0.4533333333333334 0.9021428571428571 0.4533333333333334 0.9021428571428571 0.4800000000000001 0.9421428571428572 0.4800000000000001
3 0.9364285714285714 0.44666666666666677 0.9042857142857142 0.44666666666666677 0.9042857142857142 0.46190476190476204 0.9364285714285714 0.46190476190476204
3 0.9992857142857143 0.4457142857142859 0.9657142857142857 0.44571428571428584 0.9657142857142857 0.46476190476190493 0.9992857142857143 0.464761904761905
3 0.8078571428571428 0.422857142857143 0.7764285714285715 0.422857142857143 0.7764285714285715 0.4485714285714287 0.8078571428571428 0.4485714285714287
3 0.7821428571428571 0.422857142857143 0.7521428571428571 0.422857142857143 0.7521428571428571 0.4504761904761906 0.7821428571428571 0.4504761904761906
3 0.7571428571428571 0.422857142857143 0.735 0.422857142857143 0.735 0.44666666666666677 0.7571428571428571 0.44666666666666677
3 0.7235714285714285 0.422857142857143 0.7057142857142857 0.422857142857143 0.7057142857142857 0.4485714285714287 0.7235714285714285 0.4485714285714287
3 0.7142857142857143 0.44476190476190486 0.6664285714285715 0.44476190476190486 0.6664285714285715 0.4685714285714287 0.7142857142857143 0.4685714285714287
3 0.6964285714285714 0.4247619047619049 0.6771428571428572 0.4247619047619049 0.6771428571428572 0.44571428571428584 0.6964285714285714 0.44571428571428584
3 0.7428571428571429 0.5200000000000002 0.6814285714285714 0.5200000000000002 0.6814285714285714 0.5571428571428574 0.7428571428571429 0.5571428571428574
3 0.6535714285714286 0.5257142857142857 0.5964285714285714 0.5257142857142857 0.5964285714285714 0.5657142857142857 0.6535714285714286 0.5657142857142857
3 0.5892857142857143 0.48857142857142855 0.5464285714285714 0.48857142857142855 0.5464285714285714 0.5171428571428571 0.5892857142857143 0.5171428571428571
3 0.5378571428571428 0.5057142857142857 0.4957142857142857 0.5057142857142857 0.4957142857142857 0.5485714285714286 0.5378571428571428 0.5485714285714286
3 0.5092857142857142 0.46095238095238106 0.4835714285714286 0.46095238095238106 0.4835714285714286 0.49238095238095236 0.5092857142857142 0.49238095238095236
3 0.5385714285714286 0.4533333333333334 0.5121428571428571 0.4533333333333334 0.5121428571428571 0.4780952380952382 0.5385714285714286 0.4780952380952382
3 0.48142857142857143 0.4323809523809525 0.45785714285714285 0.4323809523809525 0.45785714285714285 0.45904761904761915 0.48142857142857143 0.45904761904761915
3 0.45357142857142857 0.40285714285714297 0.4307142857142857 0.40285714285714297 0.4307142857142857 0.422857142857143 0.45357142857142857 0.422857142857143
3 0.2935714285714286 0.40285714285714286 0.27714285714285714 0.40285714285714286 0.27714285714285714 0.4228571428571429 0.2935714285714286 0.4228571428571429
3 0.28714285714285714 0.38476190476190475 0.2735714285714286 0.38476190476190475 0.2735714285714286 0.40285714285714286 0.28714285714285714 0.40285714285714286
3 0.28285714285714286 0.3619047619047619 0.27214285714285713 0.3619047619047619 0.27214285714285713 0.379047619047619 0.28285714285714286 0.379047619047619
3 0.2814285714285714 0.32571428571428573 0.2671428571428571 0.32571428571428573 0.2671428571428571 0.33714285714285713 0.2814285714285714 0.33714285714285713
4 0.2764285714285714 0.2904761904761905 0.2671428571428571 0.2904761904761905 0.2671428571428571 0.32285714285714284 0.2764285714285714 0.32285714285714284
3 0.05500000000000004 0.46190476190476193 0.001428571428571471 0.46190476190476193 0.0014285714285714724 0.49047619047619045 0.05500000000000004 0.49047619047619045
3 0.0328571428571429 0.42952380952380953 0.0028571428571428966 0.42952380952380953 0.002857142857142898 0.45714285714285713 0.0328571428571429 0.45714285714285713
3 0.1028571428571429 0.41714285714285715 0.07142857142857147 0.41714285714285715 0.07142857142857147 0.44857142857142857 0.1028571428571429 0.44857142857142857
3 0.1328571428571429 0.41523809523809524 0.09785714285714289 0.41523809523809524 0.09785714285714289 0.4380952380952381 0.1328571428571429 0.4380952380952381
3 0.15428571428571433 0.40190476190476193 0.10642857142857147 0.40190476190476193 0.10642857142857147 0.42952380952380953 0.15428571428571433 0.42952380952380953
3 0.21642857142857147 0.4142857142857143 0.1957142857142857 0.4142857142857143 0.19571428571428576 0.45714285714285713 0.2164285714285715 0.45714285714285713
3 0.22142857142857142 0.4057142857142857 0.2057142857142857 0.4057142857142857 0.2057142857142857 0.43238095238095237 0.22142857142857142 0.43238095238095237
3 0.22357142857142856 0.38666666666666666 0.20785714285714285 0.38666666666666666 0.20785714285714285 0.4114285714285714 0.22357142857142856 0.4114285714285714
7 0.05785714285714292 0.5961904761904762 0.042857142857142906 0.5961904761904762 0.04285714285714291 0.6476190476190476 0.05785714285714292 0.6476190476190476
5 0.2900000000000001 0.700952380952381 0.2407142857142858 0.700952380952381 0.2407142857142858 0.7523809523809524 0.2900000000000001 0.7523809523809524
5 0.11928571428571437 0.8733333333333333 0.06214285714285722 0.8733333333333333 0.06214285714285722 0.9180952380952381 0.11928571428571437 0.9180952380952381
5 0.3414285714285715 0.56 0.3214285714285715 0.56 0.3214285714285715 0.6085714285714285 0.3414285714285715 0.6085714285714285
7 0.15500000000000005 0.44285714285714284 0.1478571428571429 0.44285714285714284 0.1478571428571429 0.4723809523809524 0.15500000000000005 0.4723809523809524
5 0.16642857142857148 0.4504761904761905 0.15428571428571433 0.4504761904761905 0.15428571428571433 0.48 0.16642857142857148 0.48
7 0.16214285714285717 0.4504761904761905 0.15642857142857147 0.4504761904761905 0.15642857142857147 0.47619047619047616 0.16214285714285717 0.47619047619047616
7 0.15071428571428575 0.49333333333333335 0.1428571428571429 0.49333333333333335 0.1428571428571429 0.5257142857142857 0.15071428571428575 0.5257142857142857
7 0.18428571428571436 0.4742857142857143 0.17571428571428577 0.4742857142857143 0.17571428571428577 0.4980952380952381 0.18428571428571436 0.4980952380952381
5 0.6471428571428571 0.4533333333333334 0.6292857142857143 0.4533333333333334 0.6292857142857143 0.4761904761904763 0.6471428571428571 0.4761904761904763
7 0.5985714285714285 0.4380952380952382 0.5907142857142857 0.4380952380952382 0.5907142857142857 0.4533333333333334 0.5985714285714285 0.4533333333333334
7 0.6778571428571428 0.46285714285714297 0.6714285714285714 0.46285714285714297 0.6714285714285714 0.4857142857142858 0.6778571428571428 0.4857142857142858
5 0.6657142857142857 0.48666666666666675 0.6521428571428571 0.48666666666666675 0.6521428571428571 0.5066666666666668 0.6657142857142857 0.5066666666666669
7 0.7978571428571428 0.4923809523809526 0.79 0.4923809523809526 0.79 0.5161904761904764 0.7978571428571428 0.5161904761904764
7 0.8021428571428572 0.4904761904761907 0.795 0.4904761904761907 0.795 0.5133333333333335 0.8021428571428572 0.5133333333333335
7 0.8114285714285714 0.49333333333333357 0.8021428571428572 0.49333333333333357 0.8021428571428572 0.5161904761904764 0.8114285714285714 0.5161904761904764
7 0.7314285714285714 0.44571428571428584 0.7235714285714285 0.44571428571428584 0.7235714285714285 0.4685714285714287 0.7314285714285714 0.4685714285714287
7 0.7378571428571429 0.4580952380952382 0.7292857142857143 0.4580952380952382 0.7292857142857143 0.4704761904761906 0.7378571428571429 0.4704761904761906
7 0.895 0.5733333333333336 0.88 0.5733333333333336 0.88 0.6076190476190478 0.895 0.6076190476190478
7 0.9778571428571429 0.5685714285714288 0.9714285714285714 0.5685714285714288 0.9714285714285714 0.5923809523809526 0.9778571428571429 0.5923809523809526
2 0.7557142857142857 0.5495238095238096 0.5642857142857143 0.5495238095238095 0.5642857142857143 0.7257142857142859 0.7557142857142857 0.725714285714286
2 1 0.6361904761904764 0.8235714285714286 0.6361904761904764 0.8235714285714286 0.8542857142857145 1 0.8542857142857145
11 0.18928571428571436 0.9066666666666666 0.044285714285714366 0.9066666666666666 0.04428571428571437 1 0.18928571428571436 1
11 0.08071428571428575 0.41523809523809524 0.027857142857142896 0.41523809523809524 0.027857142857142896 0.4523809523809524 0.08071428571428575 0.4523809523809524
7 0.0771428571428572 0.54 0.06428571428571432 0.54 0.06428571428571433 0.5771428571428572 0.07714285714285721 0.5771428571428572
3 0.28214285714285714 0.34285714285714286 0.27 0.34285714285714286 0.27 0.35523809523809524 0.28214285714285714 0.35523809523809524
11 0.3942857142857143 0.4580952380952382 0.3564285714285715 0.4580952380952382 0.3564285714285715 0.4961904761904762 0.3942857142857143 0.4961904761904762
2 0.43 0.33523809523809533 0.4 0.33523809523809533 0.4 0.37047619047619057 0.43 0.37047619047619057
5 0.405 0.35714285714285726 0.3992857142857143 0.35714285714285726 0.3992857142857143 0.36857142857142866 0.405 0.36857142857142866
5 0.37785714285714284 0.3304761904761906 0.37285714285714283 0.3304761904761906 0.37285714285714283 0.341904761904762 0.37785714285714284 0.341904761904762
10 0.6114285714285714 0.4123809523809525 0.575 0.4123809523809525 0.575 0.44952380952380966 0.6114285714285714 0.44952380952380966
7 0.605 0.44380952380952393 0.6 0.44380952380952393 0.6 0.4657142857142858 0.605 0.4657142857142858
0 0.62 0.4561904761904763 0.5907142857142857 0.4561904761904763 0.5907142857142857 0.49238095238095236 0.62 0.49238095238095236
2 0.3442857142857143 0.2780952380952382 0.33 0.2780952380952381 0.33 0.2961904761904762 0.3442857142857143 0.2961904761904763
4 0.38142857142857145 0.301904761904762 0.3607142857142857 0.301904761904762 0.3607142857142857 0.3295238095238096 0.38142857142857145 0.3295238095238096
4 0.36214285714285716 0.29142857142857154 0.3442857142857143 0.29142857142857154 0.3442857142857143 0.3123809523809525 0.36214285714285716 0.3123809523809525
4 0.415 0.2980952380952382 0.405 0.2980952380952382 0.405 0.3142857142857144 0.415 0.3142857142857144
7 0.3964285714285714 0.3380952380952382 0.39357142857142857 0.3380952380952382 0.39357142857142857 0.3476190476190477 0.3964285714285714 0.3476190476190477
3 0.3342857142857143 0.2990476190476191 0.32857142857142857 0.29904761904761906 0.32857142857142857 0.3047619047619048 0.3342857142857143 0.30476190476190484
3 0.32857142857142857 0.2780952380952381 0.32357142857142857 0.2780952380952381 0.32357142857142857 0.28476190476190477 0.32857142857142857 0.28476190476190477
4 0.3221428571428571 0.2695238095238095 0.315 0.2695238095238095 0.315 0.27904761904761904 0.3221428571428571 0.27904761904761904
3 0.30357142857142855 0.2695238095238095 0.2985714285714286 0.2695238095238095 0.2985714285714286 0.2742857142857143 0.30357142857142855 0.2742857142857143
4 0.29642857142857143 0.25047619047619046 0.2864285714285714 0.25047619047619046 0.2864285714285714 0.26285714285714284 0.29642857142857143 0.26285714285714284
7 0.19428571428571428 0.3628571428571429 0.18928571428571428 0.3628571428571429 0.18928571428571428 0.37714285714285717 0.19428571428571428 0.37714285714285717
7 0.2007142857142857 0.3619047619047619 0.19357142857142856 0.3619047619047619 0.19357142857142856 0.3780952380952381 0.2007142857142857 0.3780952380952381
7 0.18642857142857142 0.3314285714285714 0.18142857142857147 0.3314285714285714 0.18142857142857147 0.3438095238095238 0.18642857142857142 0.3438095238095238
3 0.16000000000000003 0.38952380952380955 0.11428571428571432 0.38952380952380955 0.11428571428571432 0.4085714285714286 0.16000000000000003 0.4085714285714286
3 0.16500000000000004 0.3838095238095238 0.12428571428571433 0.3838095238095238 0.12428571428571433 0.40476190476190477 0.16500000000000004 0.40476190476190477
3 0.18285714285714286 0.3523809523809524 0.1478571428571429 0.3523809523809524 0.1478571428571429 0.37142857142857144 0.18285714285714286 0.37142857142857144
3 0.17642857142857146 0.35904761904761906 0.1435714285714286 0.35904761904761906 0.1435714285714286 0.3761904761904762 0.17642857142857146 0.3761904761904762
3 0.17428571428571432 0.3657142857142857 0.13571428571428576 0.3657142857142857 0.13571428571428576 0.3819047619047619 0.17428571428571432 0.3819047619047619
3 0.17500000000000004 0.36952380952380953 0.13214285714285717 0.36952380952380953 0.13214285714285717 0.3923809523809524 0.17500000000000004 0.3923809523809524
7 0.16214285714285717 0.41523809523809524 0.15642857142857147 0.41523809523809524 0.15642857142857147 0.4419047619047619 0.16214285714285717 0.4419047619047619
7 0.1735714285714286 0.4114285714285714 0.16642857142857148 0.4114285714285714 0.16642857142857148 0.44 0.1735714285714286 0.44
11 0.6728571428571428 0.4104761904761906 0.65 0.4104761904761906 0.65 0.4323809523809525 0.6728571428571428 0.4323809523809525
3 0.6464285714285715 0.4180952380952382 0.62 0.4180952380952382 0.62 0.4380952380952382 0.6464285714285715 0.4380952380952382
3 0.47928571428571426 0.5 0.44857142857142857 0.5 0.44857142857142857 0.5419047619047619 0.47928571428571426 0.5419047619047619
11 0.8028571428571428 0.503809523809524 0.7457142857142857 0.503809523809524 0.7457142857142857 0.542857142857143 0.8028571428571428 0.542857142857143
7 0.7985714285714286 0.7771428571428574 0.7821428571428571 0.7771428571428574 0.7821428571428571 0.8276190476190478 0.7985714285714286 0.8276190476190478
3 0.08714285714285719 0.4866666666666667 0.05000000000000004 0.4866666666666667 0.05000000000000004 0.5085714285714286 0.08714285714285719 0.5085714285714286
8 0.10714285714285722 0.8733333333333333 0.0814285714285715 0.8733333333333333 0.0814285714285715 0.9247619047619048 0.10714285714285722 0.9247619047619048
8 0.27857142857142864 0.7028571428571428 0.25500000000000006 0.7028571428571428 0.25500000000000006 0.7495238095238095 0.27857142857142864 0.7495238095238095
8 0.3378571428571429 0.5628571428571428 0.3235714285714287 0.5628571428571428 0.3235714285714287 0.5980952380952381 0.3378571428571429 0.5980952380952381
4 0.44857142857142857 0.3780952380952382 0.4421428571428571 0.3780952380952382 0.4421428571428571 0.3895238095238096 0.44857142857142857 0.3895238095238096
8 0.405 0.35904761904761917 0.4 0.35904761904761917 0.4 0.36857142857142866 0.405 0.36857142857142866
8 0.37714285714285717 0.3304761904761906 0.37285714285714283 0.3304761904761906 0.37285714285714283 0.341904761904762 0.37714285714285717 0.341904761904762
8 0.395 0.3495238095238096 0.3914285714285714 0.3495238095238096 0.3914285714285714 0.3580952380952382 0.395 0.3580952380952382
5 0.39571428571428574 0.35142857142857153 0.3914285714285714 0.35142857142857153 0.3914285714285714 0.361904761904762 0.39571428571428574 0.361904761904762
8 0.6628571428571428 0.4876190476190476 0.6542857142857142 0.4876190476190476 0.6542857142857142 0.5047619047619047 0.6628571428571428 0.5047619047619047
8 0.6428571428571429 0.45523809523809533 0.6342857142857142 0.45523809523809533 0.6342857142857142 0.4761904761904763 0.6428571428571429 0.4761904761904763
7 0.67 0.4647619047619049 0.6628571428571428 0.4647619047619049 0.6628571428571428 0.48761904761904773 0.67 0.48761904761904784
7 0.7564285714285715 0.4742857142857144 0.7521428571428571 0.4742857142857144 0.7521428571428571 0.49904761904761924 0.7564285714285715 0.49904761904761924
7 0.6735714285714286 0.4657142857142858 0.6692857142857143 0.4657142857142858 0.6692857142857143 0.48666666666666675 0.6735714285714286 0.48666666666666675
8 0.7878571428571428 0.45904761904761915 0.7821428571428571 0.45904761904761915 0.7821428571428571 0.4780952380952382 0.7878571428571428 0.4780952380952382
5 0.7878571428571428 0.4657142857142858 0.7785714285714286 0.4657142857142858 0.7785714285714286 0.4780952380952382 0.7878571428571428 0.4780952380952382
3 0.9592857142857143 0.5876190476190478 0.9171428571428571 0.5876190476190478 0.9171428571428571 0.6342857142857145 0.9592857142857143 0.6342857142857145