7 0.41357142857142865 0.8352380952380952 0.3807142857142857 0.8352380952380952 0.3807142857142858 0.92 0.41357142857142876 0.92
7 0.495 0.6428571428571429 0.47928571428571426 0.6428571428571429 0.47928571428571426 0.7066666666666667 0.495 0.7066666666666667
7 0.5407142857142857 0.6619047619047619 0.5214285714285715 0.6619047619047619 0.5214285714285715 0.7171428571428572 0.5407142857142857 0.7171428571428572
7 0.5278571428571428 0.54 0.5121428571428571 0.54 0.5121428571428571 0.5933333333333334 0.5278571428571428 0.5933333333333334
7 0.5942857142857143 0.560952380952381 0.5785714285714286 0.560952380952381 0.5785714285714286 0.6123809523809524 0.5942857142857143 0.6123809523809524
8 0.6535714285714286 0.5514285714285714 0.6321428571428571 0.5514285714285714 0.6321428571428571 0.599047619047619 0.6535714285714286 0.599047619047619
7 0.4907142857142857 0.518095238095238 0.47785714285714287 0.518095238095238 0.47785714285714287 0.5628571428571428 0.4907142857142857 0.5628571428571428
7 0.6685714285714286 0.5200000000000001 0.6564285714285715 0.52 0.6564285714285715 0.56 0.6685714285714286 0.5600000000000002
7 0.66 0.5285714285714286 0.65 0.5285714285714286 0.65 0.56 0.66 0.56
7 0.6442857142857142 0.5247619047619048 0.6321428571428571 0.5247619047619048 0.6321428571428571 0.56 0.6442857142857142 0.56
7 0.615 0.5019047619047619 0.6021428571428571 0.5019047619047619 0.6021428571428571 0.5438095238095239 0.615 0.5438095238095239
7 0.6107142857142858 0.5314285714285715 0.6 0.5314285714285715 0.6 0.5752380952380952 0.6107142857142858 0.5752380952380952
7 0.6007142857142858 0.540952380952381 0.585 0.540952380952381 0.585 0.5828571428571429 0.6007142857142858 0.5828571428571429
8 0.6157142857142858 0.5571428571428572 0.6028571428571429 0.5571428571428572 0.6028571428571429 0.5780952380952381 0.6157142857142858 0.5780952380952381
7 0.6421428571428571 0.44476190476190486 0.6314285714285715 0.44476190476190486 0.6314285714285715 0.481904761904762 0.6421428571428571 0.481904761904762
8 0.5507142857142857 0.5571428571428572 0.5328571428571428 0.5571428571428572 0.5328571428571428 0.5952380952380952 0.5507142857142857 0.5952380952380952
8 0.4064285714285714 0.5009523809523809 0.39 0.5009523809523809 0.39 0.5276190476190477 0.4064285714285714 0.5276190476190477
8 0.415 0.5104761904761905 0.3985714285714286 0.5104761904761905 0.3985714285714286 0.5361904761904762 0.415 0.5361904761904762
7 0.4857142857142857 0.4514285714285715 0.47214285714285714 0.4514285714285715 0.47214285714285714 0.49333333333333335 0.4857142857142857 0.49333333333333335
7 0.5135714285714286 0.44380952380952393 0.5057142857142857 0.44380952380952393 0.5057142857142857 0.4666666666666668 0.5135714285714286 0.4666666666666668
8 0.5728571428571428 0.42857142857142866 0.5628571428571428 0.42857142857142866 0.5628571428571428 0.44761904761904775 0.5728571428571428 0.44761904761904775
8 0.5542857142857143 0.4942857142857143 0.5407142857142857 0.4942857142857143 0.5407142857142857 0.518095238095238 0.5542857142857143 0.518095238095238
8 0.545 0.3523809523809525 0.5307142857142857 0.3523809523809525 0.5307142857142857 0.3771428571428572 0.545 0.3771428571428572
8 0.5307142857142857 0.43142857142857155 0.52 0.43142857142857155 0.52 0.44666666666666677 0.5307142857142857 0.44666666666666677
8 0.5785714285714286 0.4561904761904763 0.5692857142857143 0.4561904761904763 0.5692857142857143 0.4809523809523811 0.5785714285714286 0.4809523809523811
7 0.5892857142857143 0.481904761904762 0.5814285714285714 0.481904761904762 0.5814285714285714 0.5085714285714286 0.5892857142857143 0.5085714285714286
7 0.6735714285714286 0.2552380952380953 0.6685714285714286 0.2552380952380953 0.6685714285714286 0.2685714285714287 0.6735714285714286 0.2685714285714287
7 0.6678571428571428 0.2504761904761906 0.6635714285714286 0.2504761904761906 0.6635714285714286 0.2676190476190477 0.6678571428571428 0.2676190476190477
7 0.9992857142857143 0.49142857142857166 0.9814285714285714 0.49142857142857166 0.9814285714285714 0.5323809523809526 0.9992857142857143 0.5323809523809526
8 0.4521428571428571 0.5228571428571429 0.4357142857142857 0.5228571428571429 0.4357142857142857 0.5466666666666666 0.4521428571428571 0.5466666666666666
8 0.45285714285714285 0.5333333333333333 0.44285714285714284 0.5333333333333333 0.44285714285714284 0.5504761904761905 0.45285714285714285 0.5504761904761905