10 0.49785714285714283 8.018520708702908e-17 0.48428571428571426 7.907719331637194e-17 0.48428571428571426 0.026666666666666748 0.49785714285714283 0.026666666666666748
3 0.5035714285714286 0.0276190476190477 0.48642857142857143 0.0276190476190477 0.48642857142857143 0.052380952380952465 0.5035714285714286 0.052380952380952465
3 0.5085714285714286 0.057142857142857224 0.49214285714285716 0.057142857142857224 0.49214285714285716 0.08095238095238104 0.5085714285714286 0.08095238095238104
5 0.5128571428571429 0.07523809523809533 0.49785714285714283 0.07523809523809533 0.49785714285714283 0.08857142857142865 0.5128571428571429 0.08857142857142865
3 0.5164285714285715 0.08476190476190484 0.4992857142857143 0.08476190476190484 0.4992857142857143 0.11238095238095246 0.5164285714285715 0.11238095238095246
3 0.5207142857142857 0.11142857142857152 0.5042857142857143 0.11142857142857152 0.5042857142857143 0.14285714285714296 0.5207142857142857 0.14285714285714296
5 0.5342857142857143 0.10285714285714294 0.5221428571428571 0.10285714285714294 0.5221428571428571 0.11428571428571437 0.5342857142857143 0.11428571428571437
10 0.47 0.04190476190476198 0.4542857142857143 0.04190476190476197 0.4542857142857143 0.07238095238095246 0.47 0.07238095238095246
3 0.4585714285714286 0.07619047619047627 0.4421428571428571 0.07619047619047627 0.4421428571428571 0.10476190476190485 0.4585714285714286 0.10476190476190485
8 0.40714285714285714 0.07142857142857148 0.4014285714285714 0.07142857142857148 0.4014285714285714 0.08476190476190482 0.40714285714285714 0.08476190476190482
5 0.40785714285714286 0.07238095238095243 0.4007142857142857 0.07238095238095243 0.4007142857142857 0.09142857142857148 0.40785714285714286 0.09142857142857148
3 0.48928571428571427 0.21428571428571433 0.47 0.21428571428571433 0.47 0.2504761904761906 0.48928571428571427 0.2504761904761906
8 0.3985714285714286 0.2847619047619049 0.3921428571428571 0.2847619047619049 0.3921428571428571 0.2990476190476192 0.3985714285714286 0.2990476190476192
5 0.40785714285714286 0.2895238095238096 0.3871428571428571 0.2895238095238096 0.3871428571428571 0.3038095238095239 0.40785714285714286 0.3038095238095239
8 0.5228571428571429 0.3485714285714287 0.5164285714285715 0.3485714285714287 0.5164285714285715 0.3609523809523811 0.5228571428571429 0.3609523809523811
5 0.5228571428571429 0.3504761904761906 0.5164285714285715 0.3504761904761906 0.5164285714285715 0.37523809523809537 0.5228571428571429 0.37523809523809537
8 0.5978571428571429 0.719047619047619 0.5871428571428572 0.719047619047619 0.5871428571428572 0.7428571428571429 0.5978571428571429 0.7428571428571429
8 0.5621428571428572 0.7133333333333334 0.5514285714285714 0.7133333333333334 0.5514285714285714 0.7304761904761905 0.5621428571428572 0.7304761904761905
7 0.4928571428571429 0.7323809523809524 0.4785714285714286 0.7323809523809524 0.4785714285714286 0.7523809523809524 0.4928571428571429 0.7523809523809524
7 0.47285714285714286 0.7028571428571428 0.4635714285714286 0.7028571428571428 0.4635714285714286 0.7209523809523809 0.47285714285714286 0.7209523809523809
7 0.7157142857142857 0.8714285714285717 0.7042857142857143 0.8714285714285717 0.7042857142857144 0.8942857142857145 0.7157142857142859 0.8942857142857145
7 0.7707142857142857 0.8771428571428573 0.7628571428571429 0.8771428571428573 0.7628571428571429 0.8952380952380955 0.7707142857142857 0.8952380952380955
7 0.78 0.9009523809523812 0.7678571428571429 0.9009523809523812 0.7678571428571429 0.9190476190476192 0.78 0.9190476190476192
8 0.8114285714285714 0.902857142857143 0.7978571428571428 0.902857142857143 0.7978571428571428 0.9209523809523812 0.8114285714285714 0.9209523809523812
8 0.42428571428571443 0.9038095238095238 0.41071428571428586 0.9038095238095238 0.41071428571428586 0.9228571428571428 0.42428571428571443 0.9228571428571428
7 0.1257142857142858 0.9180952380952381 0.10857142857142865 0.9180952380952381 0.10857142857142865 0.9371428571428572 0.1257142857142858 0.9371428571428572
3 0.2407142857142858 0.8476190476190476 0.16214285714285723 0.8476190476190476 0.16214285714285723 0.8971428571428571 0.2407142857142858 0.8971428571428571
7 0.3092857142857144 0.7228571428571429 0.30285714285714294 0.7228571428571429 0.30285714285714294 0.7428571428571429 0.3092857142857144 0.7428571428571429
5 0.3157142857142858 0.7371428571428571 0.28857142857142865 0.7371428571428571 0.28857142857142865 0.7514285714285714 0.3157142857142858 0.7514285714285714
5 0.35428571428571437 0.7276190476190476 0.32928571428571435 0.7276190476190476 0.32928571428571435 0.7609523809523809 0.35428571428571437 0.7609523809523809
5 0.3257142857142858 0.7152380952380952 0.2942857142857144 0.7152380952380952 0.2942857142857144 0.7333333333333333 0.3257142857142858 0.7333333333333333
5 0.3235714285714287 0.7038095238095238 0.2907142857142858 0.7038095238095238 0.2907142857142858 0.7228571428571429 0.3235714285714287 0.7228571428571429
5 0.3264285714285715 0.6847619047619048 0.2971428571428572 0.6847619047619048 0.2971428571428572 0.7019047619047619 0.3264285714285715 0.7019047619047619
5 0.3007142857142858 0.6523809523809524 0.2871428571428572 0.6523809523809524 0.2871428571428572 0.6857142857142857 0.3007142857142858 0.6857142857142857
5 0.43000000000000016 0.900952380952381 0.40357142857142875 0.900952380952381 0.40357142857142875 0.9352380952380952 0.43000000000000016 0.9352380952380952
5 0.565 0.7104761904761905 0.5507142857142857 0.7104761904761905 0.5507142857142857 0.7447619047619047 0.565 0.7447619047619047
5 0.5985714285714285 0.7161904761904762 0.585 0.7161904761904762 0.585 0.7504761904761905 0.5985714285714285 0.7504761904761905
5 0.755 0.9428571428571431 0.7207142857142859 0.9428571428571431 0.7207142857142859 0.9628571428571431 0.755 0.9628571428571431
5 0.7485714285714286 0.9857142857142858 0.7185714285714287 0.9857142857142858 0.7185714285714287 1 0.7485714285714286 1
5 0.8107142857142857 0.9190476190476192 0.7828571428571428 0.9190476190476192 0.7828571428571428 0.9400000000000002 0.8107142857142857 0.9400000000000002
5 0.715 0.7800000000000002 0.6857142857142857 0.7800000000000002 0.6857142857142857 0.8000000000000003 0.715 0.8000000000000003
5 0.7864285714285715 0.7571428571428573 0.7607142857142857 0.7571428571428573 0.7607142857142857 0.7771428571428574 0.7864285714285715 0.7771428571428574
5 0.7621428571428571 0.8761904761904764 0.7485714285714286 0.8761904761904764 0.7485714285714286 0.9142857142857145 0.7621428571428571 0.9142857142857145
10 0.625 0.5780952380952381 0.5835714285714285 0.5780952380952381 0.5835714285714285 0.6819047619047619 0.625 0.6819047619047619
11 0.6085714285714285 0.5190476190476191 0.575 0.5190476190476191 0.575 0.5780952380952381 0.6085714285714285 0.5780952380952381
3 0.5885714285714285 0.45904761904761915 0.5607142857142857 0.45904761904761915 0.5607142857142857 0.5142857142857142 0.5885714285714285 0.5142857142857142
3 0.5785714285714286 0.4076190476190477 0.5528571428571428 0.4076190476190477 0.5528571428571428 0.4514285714285715 0.5785714285714286 0.4514285714285715
3 0.5707142857142857 0.34285714285714297 0.5407142857142857 0.34285714285714297 0.5407142857142857 0.3914285714285715 0.5707142857142857 0.3914285714285715
3 0.5457142857142857 0.24571428571428583 0.5242857142857142 0.24571428571428583 0.5242857142857142 0.282857142857143 0.5457142857142857 0.282857142857143
11 0.5428571428571428 0.20666666666666678 0.52 0.20666666666666678 0.52 0.24285714285714297 0.5428571428571428 0.24285714285714297
3 0.3914285714285714 0.30857142857142866 0.3707142857142857 0.30857142857142866 0.3707142857142857 0.35714285714285726 0.3914285714285714 0.35714285714285726
3 0.39285714285714285 0.35904761904761917 0.3742857142857143 0.35904761904761917 0.3742857142857143 0.4066666666666668 0.39285714285714285 0.4066666666666668
3 0.39357142857142857 0.41904761904761917 0.37 0.41904761904761917 0.37 0.4800000000000001 0.39357142857142857 0.4800000000000001
3 0.3964285714285714 0.4847619047619049 0.3707142857142857 0.4847619047619049 0.3707142857142857 0.5504761904761905 0.3964285714285714 0.5504761904761905