5 0.1950000000000001 0.9251269035532995 0.1507142857142858 0.9251269035532995 0.1507142857142858 0.998730964467005 0.1950000000000001 0.998730964467005
5 0.18428571428571436 0.9098984771573604 0.13714285714285723 0.9098984771573604 0.13714285714285723 0.9758883248730964 0.18428571428571436 0.9758883248730964
5 0.17000000000000007 0.8895939086294417 0.12500000000000008 0.8895939086294417 0.12500000000000008 0.9606598984771574 0.17000000000000007 0.9606598984771574
5 0.1435714285714286 0.7385786802030457 0.10857142857142861 0.7385786802030457 0.10857142857142861 0.7893401015228426 0.1435714285714286 0.7893401015228426
5 0.18357142857142866 0.6751269035532995 0.1485714285714286 0.6751269035532995 0.1485714285714286 0.7246192893401016 0.18357142857142866 0.7246192893401016
8 0.08500000000000003 0.5926395939086294 0.05642857142857147 0.5926395939086294 0.05642857142857147 0.6269035532994924 0.08500000000000003 0.6269035532994924
7 0.24500000000000005 0.5812182741116751 0.2292857142857143 0.5812182741116751 0.22928571428571431 0.618020304568528 0.24500000000000008 0.618020304568528
7 0.2507142857142858 0.7601522842639594 0.24000000000000007 0.7601522842639594 0.24000000000000007 0.7842639593908629 0.2507142857142858 0.7842639593908629
7 0.26785714285714296 0.916243654822335 0.2542857142857144 0.916243654822335 0.2542857142857144 0.9581218274111675 0.26785714285714296 0.9581218274111675
7 0.2757142857142858 0.7017766497461929 0.2664285714285715 0.7017766497461929 0.2664285714285715 0.7271573604060914 0.2757142857142858 0.7271573604060914
3 0.23785714285714285 0.11802030456852795 0.18428571428571427 0.11802030456852795 0.18428571428571427 0.19035532994923865 0.23785714285714285 0.19035532994923865
7 0.15428571428571433 0.3946700507614213 0.14214285714285718 0.3946700507614213 0.14214285714285718 0.43274111675126903 0.15428571428571433 0.43274111675126903
6 0.30428571428571427 0.3629441624365482 0.19785714285714287 0.3629441624365482 0.19785714285714287 0.5393401015228426 0.30428571428571427 0.5393401015228426
7 0.37642857142857145 0.4720812182741118 0.3657142857142857 0.4720812182741118 0.3657142857142857 0.5063451776649748 0.37642857142857145 0.5063451776649748
7 0.38 0.4644670050761423 0.3657142857142857 0.4644670050761423 0.3657142857142857 0.4987309644670052 0.38 0.4987309644670052
7 0.3992857142857143 0.5139593908629443 0.3892857142857143 0.5139593908629443 0.3892857142857143 0.5444162436548224 0.3992857142857143 0.5444162436548224
7 0.4235714285714286 0.49492385786802046 0.41285714285714287 0.49492385786802046 0.41285714285714287 0.5279187817258885 0.4235714285714286 0.5279187817258885
7 0.2785714285714286 0.10659898477157367 0.26785714285714285 0.10659898477157367 0.26785714285714285 0.14340101522842646 0.2785714285714286 0.14340101522842646
7 0.4785714285714286 0.34517766497461944 0.4685714285714286 0.34517766497461944 0.4685714285714286 0.385786802030457 0.4785714285714286 0.385786802030457
7 0.5014285714285714 0.3743654822335027 0.4928571428571429 0.3743654822335027 0.4928571428571429 0.4073604060913707 0.5014285714285714 0.4073604060913707
3 0.8521428571428571 0.1548223350253809 0.8057142857142857 0.1548223350253809 0.8057142857142857 0.23096446700507633 0.8521428571428571 0.23096446700507636
2 0.9778571428571429 0.5393401015228427 0.9007142857142857 0.5393401015228427 0.9007142857142857 0.7258883248730967 0.9778571428571429 0.7258883248730967