3 0.8578571428571429 0.6857142857142859 0.7721428571428571 0.6857142857142859 0.7721428571428571 0.8933333333333335 0.8578571428571429 0.8933333333333335
3 0.815 0.4952380952380955 0.7385714285714285 0.4952380952380955 0.7385714285714285 0.662857142857143 0.815 0.662857142857143
7 0.705 0.37047619047619057 0.6885714285714286 0.37047619047619057 0.6885714285714286 0.4104761904761906 0.705 0.4104761904761906
3 0.7607142857142857 0.31333333333333346 0.6907142857142857 0.31333333333333346 0.6907142857142857 0.4485714285714287 0.7607142857142857 0.4485714285714287
11 0.7221428571428572 0.18380952380952392 0.6614285714285715 0.18380952380952392 0.6614285714285715 0.30476190476190484 0.7221428571428572 0.30476190476190484
11 0.69 0.11523809523809535 0.6285714285714286 0.11523809523809535 0.6285714285714286 0.20857142857142869 0.69 0.20857142857142869
3 0.68 0.044761904761904864 0.6214285714285714 0.04476190476190486 0.6214285714285714 0.1200000000000001 0.68 0.1200000000000001
11 0.7735714285714286 0.061904761904762025 0.6864285714285714 0.06190476190476201 0.6864285714285714 0.12761904761904772 0.7735714285714286 0.12761904761904772
3 0.7542857142857143 0.02952380952380964 0.6685714285714286 0.029523809523809633 0.6685714285714286 0.07619047619047631 0.7542857142857143 0.07619047619047632
3 0.8235714285714286 0.18380952380952392 0.7635714285714286 0.18380952380952392 0.7635714285714286 0.3038095238095239 0.8235714285714286 0.3038095238095239
3 0.8542857142857143 0.3171428571428572 0.7814285714285715 0.3171428571428572 0.7814285714285715 0.44666666666666677 0.8542857142857143 0.44666666666666677
3 0.9007142857142857 0.47523809523809535 0.83 0.47523809523809535 0.83 0.624761904761905 0.9007142857142857 0.624761904761905
3 0.8857142857142857 0.011428571428571569 0.8264285714285714 0.011428571428571564 0.8264285714285714 0.08666666666666681 0.8857142857142857 0.08666666666666681