8 0.17285714285714293 0.758095238095238 0.1300000000000001 0.758095238095238 0.1300000000000001 0.8076190476190476 0.17285714285714293 0.8076190476190476
11 0.4357142857142857 0.6228571428571429 0.3757142857142857 0.6228571428571429 0.3757142857142857 0.8095238095238095 0.4357142857142857 0.8095238095238095
3 0.11714285714285723 0.94 8.633759933988841e-17 0.94 8.909305463796994e-17 1 0.11714285714285723 1
3 0.8564285714285714 0.5914285714285716 0.7621428571428571 0.5914285714285716 0.7621428571428571 0.7371428571428573 0.8564285714285714 0.7371428571428573
3 0.835 0.38476190476190486 0.7578571428571429 0.38476190476190486 0.7578571428571429 0.4857142857142858 0.835 0.4857142857142858
3 0.7142857142857143 0.32095238095238104 0.655 0.32095238095238104 0.655 0.4066666666666668 0.7142857142857143 0.4066666666666668
3 0.8421428571428572 0.25714285714285723 0.7835714285714286 0.25714285714285723 0.7835714285714286 0.33714285714285724 0.8421428571428572 0.33714285714285724
10 0.7764285714285715 0.20095238095238105 0.7121428571428572 0.20095238095238105 0.7121428571428572 0.2942857142857144 0.7764285714285715 0.2942857142857144
3 0.6528571428571428 0.2038095238095239 0.6121428571428571 0.2038095238095239 0.6121428571428571 0.25714285714285723 0.6528571428571428 0.25714285714285723
3 0.6828571428571428 0.26095238095238105 0.6328571428571429 0.26095238095238105 0.6328571428571429 0.32571428571428584 0.6828571428571428 0.32571428571428584
7 0.6578571428571428 0.18285714285714297 0.6485714285714286 0.18285714285714297 0.6485714285714286 0.22285714285714298 0.6578571428571428 0.22285714285714298
7 0.6607142857142857 0.1323809523809525 0.6507142857142857 0.1323809523809525 0.6507142857142857 0.16571428571428581 0.6607142857142857 0.16571428571428581
7 0.6492857142857142 0.13047619047619058 0.6378571428571429 0.13047619047619058 0.6378571428571429 0.16476190476190486 0.6492857142857142 0.16476190476190486
3 0.5092857142857142 0.16476190476190483 0.4785714285714286 0.1647619047619048 0.4785714285714286 0.22285714285714295 0.5092857142857142 0.22285714285714298
3 0.6414285714285715 0.07714285714285725 0.6085714285714285 0.07714285714285725 0.6085714285714285 0.11714285714285726 0.6414285714285715 0.11714285714285726
3 0.6128571428571429 0.02380952380952391 0.5892857142857143 0.023809523809523905 0.5892857142857143 0.05714285714285724 0.6128571428571429 0.05714285714285724
3 0.6185714285714285 0.1180952380952382 0.5878571428571429 0.1180952380952382 0.5878571428571429 0.16095238095238107 0.6185714285714285 0.16095238095238107
3 0.6028571428571429 0.0800000000000001 0.5742857142857143 0.08000000000000008 0.5742857142857143 0.12000000000000009 0.6028571428571429 0.1200000000000001
3 0.5928571428571429 0.055238095238095336 0.5685714285714286 0.055238095238095336 0.5685714285714286 0.08952380952380962 0.5928571428571429 0.08952380952380963
1 0.5971428571428572 0.0009523809523810484 0.5785714285714286 0.0009523809523810467 0.5785714285714286 0.01809523809523819 0.5971428571428572 0.01809523809523819
7 0.8564285714285714 0.36952380952380964 0.8364285714285714 0.36952380952380964 0.8364285714285714 0.41333333333333344 0.8564285714285714 0.41333333333333344
8 0.6978571428571428 0.2038095238095239 0.6871428571428572 0.2038095238095239 0.6871428571428572 0.2342857142857144 0.6978571428571428 0.2342857142857144
1 0.6971428571428572 0.21714285714285725 0.6864285714285714 0.21714285714285725 0.6864285714285714 0.24666666666666678 0.6971428571428572 0.24666666666666678
7 0.8071428571428572 0.3523809523809525 0.7885714285714286 0.3523809523809525 0.7885714285714286 0.401904761904762 0.8071428571428572 0.401904761904762
7 0.995 0.6209523809523811 0.9614285714285714 0.6209523809523811 0.9614285714285714 0.6723809523809526 0.995 0.6723809523809526
5 0.9514285714285714 0.44095238095238104 0.9242857142857143 0.44095238095238104 0.9242857142857143 0.4923809523809526 0.9514285714285714 0.4923809523809526
7 0.8771428571428571 0.2857142857142858 0.8564285714285714 0.2857142857142858 0.8564285714285714 0.3295238095238096 0.8771428571428571 0.3295238095238096
7 0.8735714285714286 0.2542857142857144 0.8585714285714285 0.2542857142857144 0.8585714285714285 0.2990476190476192 0.8735714285714286 0.2990476190476192
7 0.7578571428571429 0.1742857142857144 0.7457142857142857 0.1742857142857144 0.7457142857142857 0.20857142857142869 0.7578571428571429 0.20857142857142869
5 0.7842857142857143 0.18476190476190488 0.7557142857142857 0.18476190476190488 0.7557142857142857 0.2104761904761906 0.7842857142857143 0.2104761904761906
8 0.7292857142857143 0.26190476190476203 0.7135714285714285 0.26190476190476203 0.7135714285714285 0.29523809523809535 0.7292857142857143 0.29523809523809535
4 0.7064285714285714 0.05904761904761916 0.68 0.059047619047619154 0.68 0.08571428571428583 0.7064285714285714 0.08571428571428583
8 0.56 0.041904761904762 0.5514285714285714 0.041904761904762 0.5514285714285714 0.0676190476190477 0.56 0.0676190476190477
1 0.5528571428571428 0.037142857142857234 0.5471428571428572 0.037142857142857234 0.5471428571428572 0.056190476190476284 0.5528571428571428 0.056190476190476284
8 0.555 0.02476190476190485 0.5457142857142857 0.02476190476190485 0.5457142857142857 0.05047619047619057 0.555 0.05047619047619057
7 0.9992857142857143 0.7542857142857144 0.9778571428571429 0.7542857142857144 0.9778571428571429 0.804761904761905 0.9992857142857143 0.804761904761905
3 0.6742857142857143 1.0800218438194753e-16 0.6485714285714286 1.059027898691235e-16 0.6485714285714286 0.027619047619047727 0.6742857142857143 0.027619047619047727
3 0.4878571428571429 7.779423000297948e-17 0.465 7.59281015471359e-17 0.465 0.03142857142857151 0.4878571428571429 0.03142857142857151