7 0.05857142857142865 0.7952380952380952 0.039285714285714354 0.7952380952380952 0.03928571428571436 0.861904761904762 0.05857142857142865 0.861904761904762
7 0.27714285714285725 0.6980952380952381 0.2607142857142858 0.6980952380952381 0.2607142857142858 0.741904761904762 0.27714285714285725 0.741904761904762
8 0.2164285714285715 0.7 0.2071428571428572 0.7 0.2071428571428572 0.7238095238095238 0.2164285714285715 0.7238095238095238
0 0.2250000000000001 0.7047619047619048 0.1771428571428572 0.7047619047619048 0.1771428571428572 0.74 0.2250000000000001 0.74
11 0.11357142857142866 0.7314285714285714 6.718062441036908e-17 0.7314285714285714 7.059214049370814e-17 0.8057142857142857 0.11357142857142866 0.8057142857142857
3 0.2000000000000001 0.699047619047619 0.12142857142857151 0.699047619047619 0.12142857142857151 0.7409523809523809 0.2000000000000001 0.7409523809523809
3 0.18857142857142864 0.6866666666666666 0.1207142857142858 0.6866666666666666 0.1207142857142858 0.7228571428571429 0.18857142857142864 0.7228571428571429
3 0.12142857142857151 0.6885714285714286 0.033571428571428634 0.6885714285714286 0.033571428571428634 0.7342857142857143 0.12142857142857151 0.7342857142857143
3 0.1164285714285715 0.6685714285714286 0.042142857142857204 0.6685714285714286 0.042142857142857204 0.7028571428571428 0.1164285714285715 0.7028571428571428
3 0.16785714285714293 0.6647619047619048 0.10357142857142865 0.6647619047619048 0.10357142857142865 0.6971428571428572 0.16785714285714293 0.6971428571428572
3 0.08285714285714292 0.6666666666666666 0.027142857142857205 0.6666666666666666 0.027142857142857205 0.6980952380952381 0.08285714285714292 0.6980952380952381
3 0.21928571428571436 0.6561904761904762 0.1585714285714286 0.6561904761904762 0.15857142857142864 0.6923809523809524 0.21928571428571436 0.6923809523809524
3 0.22785714285714292 0.6409523809523809 0.1785714285714286 0.6409523809523809 0.17857142857142863 0.6676190476190477 0.22785714285714292 0.6676190476190477
3 0.29857142857142865 0.6361904761904762 0.24714285714285722 0.6361904761904762 0.24714285714285722 0.6666666666666666 0.29857142857142865 0.6666666666666666
3 0.35857142857142865 0.6361904761904762 0.3157142857142858 0.6361904761904762 0.3157142857142858 0.6619047619047619 0.35857142857142865 0.6619047619047619
3 0.31500000000000006 0.6247619047619047 0.27428571428571435 0.6247619047619047 0.27428571428571435 0.6476190476190476 0.31500000000000006 0.6476190476190476
3 0.2971428571428572 0.6171428571428571 0.2607142857142858 0.6171428571428571 0.2607142857142858 0.6409523809523809 0.2971428571428572 0.6409523809523809
3 0.33214285714285724 0.6152380952380953 0.29857142857142865 0.6152380952380953 0.29857142857142865 0.6361904761904762 0.33214285714285724 0.6361904761904762
3 0.3964285714285714 0.6066666666666667 0.3650000000000001 0.6066666666666667 0.3650000000000001 0.6266666666666667 0.3964285714285714 0.6266666666666667
3 0.45714285714285713 0.6066666666666667 0.43 0.6066666666666667 0.43 0.6238095238095238 0.45714285714285713 0.6238095238095238
3 0.3821428571428571 0.6028571428571429 0.35428571428571437 0.6028571428571429 0.35428571428571437 0.6238095238095238 0.3821428571428571 0.6238095238095238
3 0.425 0.5942857142857143 0.3992857142857143 0.5942857142857143 0.3992857142857143 0.6142857142857143 0.425 0.6142857142857143
3 0.4135714285714286 0.5895238095238096 0.39285714285714285 0.5895238095238096 0.39285714285714285 0.6047619047619047 0.4135714285714286 0.6047619047619047
3 0.43142857142857144 0.5942857142857143 0.41214285714285714 0.5942857142857143 0.41214285714285714 0.6066666666666667 0.43142857142857144 0.6066666666666667
10 0.4592857142857143 0.5876190476190476 0.4342857142857143 0.5876190476190476 0.4342857142857143 0.6047619047619047 0.4592857142857143 0.6047619047619047
3 0.4564285714285714 0.5828571428571429 0.43714285714285717 0.5828571428571429 0.43714285714285717 0.5971428571428572 0.4564285714285714 0.5971428571428572
3 0.47214285714285714 0.5828571428571429 0.4521428571428571 0.5828571428571429 0.4521428571428571 0.5971428571428572 0.47214285714285714 0.5971428571428572
3 0.5071428571428571 0.5904761904761905 0.4828571428571429 0.5904761904761905 0.4828571428571429 0.6057142857142858 0.5071428571428571 0.6057142857142858
4 0.8128571428571428 0.5152380952380955 0.7328571428571429 0.5152380952380955 0.7328571428571429 0.5419047619047621 0.8128571428571428 0.5419047619047621