5 0.996 0.9280000000000003 0.974 0.9280000000000003 0.974 0.9420000000000003 0.996 0.9420000000000003
3 1 0.9733333333333336 0.96 0.9733333333333336 0.96 1.0000000000000002 1 1.0000000000000002
3 0.771 0.6566666666666668 0.721 0.6566666666666668 0.721 0.69 0.771 0.69
3 0.7845 0.7173333333333334 0.7315 0.7173333333333334 0.7315 0.752 0.7845 0.752
3 0.7915 0.756 0.7405 0.756 0.7405 0.7886666666666666 0.7915 0.7886666666666666
3 0.8125 0.7946666666666666 0.755 0.7946666666666666 0.755 0.834 0.8125 0.834
7 0.5375 0.40600000000000014 0.533 0.40600000000000014 0.533 0.4213333333333335 0.5375 0.4213333333333335
11 0.5695 0.44133333333333347 0.5495 0.44133333333333347 0.5495 0.4793333333333335 0.5695 0.4793333333333335
3 0.558 0.39066666666666683 0.541 0.39066666666666683 0.541 0.41600000000000015 0.558 0.41600000000000015
3 0.4965 0.4246666666666668 0.4835 0.4246666666666668 0.4835 0.44333333333333347 0.4965 0.44333333333333347
3 0.551 0.3653333333333335 0.536 0.3653333333333335 0.536 0.3900000000000001 0.551 0.3900000000000001
2 0.548 0.2980000000000001 0.5275 0.2980000000000001 0.5275 0.3366666666666667 0.548 0.3366666666666667
11 0.538 0.2873333333333334 0.5245 0.2873333333333334 0.5245 0.30600000000000005 0.538 0.30600000000000005
2 0.5325 0.23133333333333342 0.5175 0.23133333333333342 0.5175 0.26066666666666677 0.5325 0.26066666666666677
3 0.5285 0.2220000000000001 0.518 0.2220000000000001 0.518 0.23600000000000007 0.5285 0.23600000000000007
3 0.5275 0.2073333333333334 0.518 0.2073333333333334 0.518 0.22066666666666673 0.5275 0.22066666666666673
3 0.528 0.17866666666666675 0.5185 0.17866666666666675 0.5185 0.1913333333333334 0.528 0.1913333333333334
3 0.5275 0.16733333333333342 0.5185 0.16733333333333342 0.5185 0.18000000000000008 0.5275 0.18000000000000008
10 0.5005 0.12666666666666673 0.492 0.12666666666666673 0.492 0.1453333333333334 0.5005 0.1453333333333334
7 0.539 0.09466666666666675 0.537 0.09466666666666675 0.537 0.1053333333333334 0.539 0.1053333333333334
8 0.5075 0.060666666666666744 0.505 0.060666666666666744 0.505 0.06733333333333341 0.5075 0.06733333333333341
1 0.507 0.06466666666666675 0.5055 0.06466666666666675 0.5055 0.06933333333333341 0.507 0.06933333333333341
4 0.473 0.008000000000000076 0.452 0.008000000000000073 0.452 0.061333333333333406 0.473 0.061333333333333406
4 0.535 0.02133333333333342 0.5145 0.02133333333333342 0.5145 0.07266666666666675 0.535 0.07266666666666677
3 0.4925 8.001025754429375e-17 0.4875 7.960204194457797e-17 0.4875 0.007333333333333414 0.4925 0.007333333333333414
3 0.4765 7.727521302619799e-17 0.47 7.674453274656746e-17 0.47 0.00533333333333341 0.4765 0.005333333333333411
3 0.4885 0.018000000000000082 0.482 0.018000000000000082 0.482 0.02733333333333341 0.4885 0.02733333333333341
3 0.4835 0.038666666666666745 0.477 0.038666666666666745 0.477 0.04800000000000008 0.4835 0.04800000000000008
3 0.4935 0.026666666666666748 0.4875 0.02666666666666674 0.4875 0.03533333333333341 0.4935 0.03533333333333342
3 0.512 0.01266666666666675 0.5065 0.012666666666666748 0.5065 0.020000000000000084 0.512 0.020000000000000084
3 0.4915 0.04466666666666674 0.4855 0.04466666666666674 0.4855 0.05533333333333341 0.4915 0.05533333333333341
7 0.456 0.09933333333333341 0.4535 0.09933333333333341 0.4535 0.10933333333333341 0.456 0.10933333333333341
7 0.4535 0.10000000000000007 0.451 0.10000000000000007 0.451 0.10866666666666674 0.4535 0.10866666666666674
2 0.4485 0.10133333333333341 0.4355 0.10133333333333341 0.4355 0.1273333333333334 0.4485 0.1273333333333334
3 0.44 0.1300000000000001 0.4325 0.1300000000000001 0.4325 0.14266666666666675 0.44 0.14266666666666675
3 0.4355 0.15000000000000008 0.425 0.15000000000000008 0.425 0.16533333333333342 0.4355 0.16533333333333342
3 0.2955 0.28466666666666673 0.2815 0.28466666666666673 0.2815 0.3020000000000001 0.2955 0.3020000000000001
3 0.2725 0.32000000000000006 0.257 0.32000000000000006 0.257 0.3453333333333333 0.2725 0.3453333333333333
11 0.3555 0.37466666666666665 0.328 0.37466666666666665 0.328 0.396 0.3555 0.396
7 0.349 0.39066666666666666 0.344 0.39066666666666666 0.344 0.4053333333333333 0.349 0.4053333333333333
7 0.3645 0.5293333333333333 0.3595 0.5293333333333333 0.3595 0.5446666666666666 0.3645 0.5446666666666666
1 0.3825 0.4573333333333333 0.375 0.4573333333333333 0.375 0.47 0.3825 0.47
1 0.395 0.5606666666666666 0.3825 0.5606666666666666 0.3825 0.5706666666666667 0.395 0.5706666666666667
7 0.3485 0.5426666666666666 0.3445 0.5426666666666666 0.3445 0.556 0.3485 0.556
8 0.3495 0.552 0.3435 0.552 0.3435 0.5653333333333334 0.3495 0.5653333333333334
8 0.354 0.55 0.3485 0.55 0.3485 0.5613333333333334 0.354 0.5613333333333334
4 0.4325 0.16800000000000007 0.428 0.16800000000000007 0.428 0.1773333333333334 0.4325 0.1773333333333334
7 0.4255 0.20000000000000007 0.4225 0.20000000000000007 0.4225 0.2113333333333334 0.4255 0.2113333333333334
7 0.423 0.19800000000000006 0.4195 0.19800000000000006 0.4195 0.21000000000000008 0.423 0.21000000000000008
3 0.42 0.20066666666666674 0.409 0.20066666666666674 0.409 0.2173333333333334 0.42 0.2173333333333334
3 0.417 0.21466666666666676 0.407 0.21466666666666676 0.407 0.23266666666666674 0.417 0.23266666666666674
3 0.4135 0.2433333333333334 0.402 0.2433333333333334 0.402 0.26200000000000007 0.4135 0.26200000000000007
3 0.448 0.24600000000000008 0.4375 0.24600000000000008 0.4375 0.26600000000000007 0.448 0.26600000000000007
3 0.4105 0.28066666666666673 0.399 0.28066666666666673 0.399 0.30266666666666675 0.4105 0.30266666666666675
3 0.4085 0.30266666666666675 0.396 0.30266666666666675 0.396 0.3273333333333334 0.4085 0.3273333333333334
3 0.407 0.3346666666666667 0.3935 0.3346666666666667 0.3935 0.3626666666666667 0.407 0.3626666666666667
3 0.3975 0.5146666666666667 0.3795 0.5146666666666667 0.3795 0.552 0.3975 0.552
11 0.4275 0.534 0.4115 0.534 0.4115 0.5753333333333334 0.4275 0.5753333333333334
3 0.4685 0.4813333333333334 0.4515 0.48133333333333334 0.4515 0.5166666666666667 0.4685 0.5166666666666668
9 0.388 0.5813333333333334 0.376 0.5813333333333334 0.376 0.5986666666666667 0.388 0.5986666666666667
3 0.4010000000000001 0.5913333333333334 0.377 0.5913333333333334 0.37700000000000006 0.6333333333333333 0.40100000000000013 0.6333333333333333
1 0.37250000000000005 0.616 0.362 0.616 0.36200000000000004 0.6273333333333333 0.3725000000000001 0.6273333333333333
9 0.3830000000000001 0.6593333333333333 0.3715000000000001 0.6593333333333333 0.3715000000000001 0.688 0.3830000000000001 0.688
8 0.3785000000000001 0.668 0.3720000000000001 0.668 0.3720000000000001 0.68 0.3785000000000001 0.68
1 0.3695000000000001 0.6746666666666666 0.3630000000000001 0.6746666666666666 0.3630000000000001 0.6953333333333334 0.3695000000000001 0.6953333333333334
9 0.3685000000000001 0.6833333333333333 0.3475000000000001 0.6833333333333333 0.3475000000000001 0.7206666666666667 0.3685000000000001 0.7206666666666667
3 0.40500000000000014 0.7086666666666667 0.3710000000000001 0.7086666666666667 0.3710000000000001 0.7693333333333333 0.40500000000000014 0.7693333333333333
1 0.4190000000000001 0.7373333333333333 0.4125000000000001 0.7373333333333333 0.4125000000000001 0.7633333333333333 0.4190000000000001 0.7633333333333333
8 0.4190000000000001 0.7373333333333333 0.4115000000000001 0.7373333333333333 0.4115000000000001 0.7513333333333333 0.4190000000000001 0.7513333333333333
11 0.3395000000000001 0.6013333333333334 0.322 0.6013333333333334 0.32200000000000006 0.6473333333333333 0.33950000000000014 0.6473333333333333
7 0.33300000000000013 0.6646666666666666 0.3275000000000001 0.6646666666666666 0.3275000000000001 0.6813333333333333 0.33300000000000013 0.6813333333333333
11 0.33150000000000013 0.6846666666666666 0.3105000000000001 0.6846666666666666 0.3105000000000001 0.7393333333333333 0.33150000000000013 0.7393333333333333
11 0.3260000000000001 0.7326666666666667 0.3025000000000001 0.7326666666666667 0.3025000000000001 0.7906666666666666 0.3260000000000001 0.7906666666666666
11 0.3255000000000001 0.7866666666666666 0.2995000000000001 0.7866666666666666 0.2995000000000001 0.852 0.3255000000000001 0.852
1 0.3600000000000001 0.804 0.3475000000000001 0.804 0.3475000000000001 0.8253333333333334 0.3600000000000001 0.8253333333333334
11 0.39950000000000013 0.8013333333333333 0.3650000000000001 0.8013333333333333 0.3650000000000001 0.8653333333333333 0.39950000000000013 0.8653333333333333
1 0.3820000000000001 0.8833333333333333 0.3590000000000001 0.8833333333333333 0.3590000000000001 0.9 0.3820000000000001 0.9
3 0.3185000000000001 0.8613333333333333 0.2900000000000001 0.8613333333333333 0.2900000000000001 0.932 0.3185000000000001 0.932
1 0.34150000000000014 0.9453333333333334 0.3255000000000001 0.9453333333333334 0.3255000000000001 0.9666666666666667 0.34150000000000014 0.9666666666666667
7 0.3470000000000001 0.9566666666666667 0.33400000000000013 0.9566666666666667 0.33400000000000013 0.974 0.3470000000000001 0.974
3 0.40850000000000014 0.8846666666666667 0.3570000000000001 0.8846666666666667 0.3570000000000001 0.9613333333333334 0.40850000000000014 0.9613333333333334
7 0.3885000000000001 0.9393333333333334 0.3815000000000001 0.9393333333333334 0.3815000000000001 0.958 0.3885000000000001 0.958
3 0.7315 0.37600000000000017 0.701 0.37600000000000017 0.701 0.39600000000000013 0.7315 0.39600000000000013
3 0.631 0.11800000000000012 0.6225 0.11800000000000012 0.6225 0.1286666666666668 0.631 0.1286666666666668
11 0.64 0.11600000000000012 0.632 0.11600000000000012 0.632 0.1306666666666668 0.64 0.1306666666666668