7 0.6807142857142858 0.8657142857142859 0.6642857142857143 0.8657142857142859 0.6642857142857144 0.904761904761905 0.6807142857142858 0.904761904761905
7 0.6564285714285715 0.8476190476190476 0.6385714285714286 0.8476190476190476 0.6385714285714287 0.8923809523809524 0.6564285714285716 0.8923809523809524
7 0.6357142857142858 0.8504761904761905 0.6178571428571429 0.8504761904761905 0.617857142857143 0.8885714285714286 0.6357142857142859 0.8885714285714286
7 0.5942857142857143 0.5466666666666666 0.5828571428571429 0.5466666666666666 0.5828571428571429 0.5771428571428572 0.5942857142857143 0.5771428571428572
7 0.5828571428571429 0.539047619047619 0.5728571428571428 0.539047619047619 0.5728571428571428 0.5723809523809524 0.5828571428571429 0.5723809523809524
7 0.5728571428571428 0.5419047619047619 0.5628571428571428 0.5419047619047619 0.5628571428571428 0.5752380952380952 0.5728571428571428 0.5752380952380952
7 0.5235714285714286 0.47523809523809535 0.5157142857142857 0.47523809523809535 0.5157142857142857 0.5 0.5235714285714286 0.5
7 0.5271428571428571 0.47523809523809535 0.5214285714285715 0.47523809523809535 0.5214285714285715 0.5009523809523809 0.5271428571428571 0.5009523809523809
7 0.5114285714285715 0.3923809523809525 0.5042857142857143 0.3923809523809525 0.5042857142857143 0.41428571428571437 0.5114285714285715 0.41428571428571437
7 0.5214285714285715 0.39714285714285724 0.5164285714285715 0.39714285714285724 0.5164285714285715 0.4180952380952382 0.5214285714285715 0.4180952380952382
7 0.5285714285714286 0.3942857142857144 0.52 0.3942857142857144 0.52 0.41904761904761917 0.5285714285714286 0.41904761904761917
7 0.4685714285714286 0.29238095238095246 0.4635714285714286 0.29238095238095246 0.4635714285714286 0.31047619047619057 0.4685714285714286 0.31047619047619057
7 0.47928571428571426 0.2885714285714287 0.4735714285714286 0.2885714285714287 0.4735714285714286 0.30761904761904774 0.47928571428571426 0.30761904761904774
7 0.4857142857142857 0.29142857142857154 0.47928571428571426 0.29142857142857154 0.47928571428571426 0.31047619047619057 0.4857142857142857 0.31047619047619057
7 0.5021428571428571 0.26571428571428585 0.49785714285714283 0.26571428571428585 0.49785714285714283 0.282857142857143 0.5021428571428571 0.282857142857143
7 0.5057142857142857 0.26476190476190486 0.5007142857142857 0.26476190476190486 0.5007142857142857 0.2838095238095239 0.5057142857142857 0.2838095238095239
7 0.5064285714285715 0.26095238095238105 0.5021428571428571 0.26095238095238105 0.5021428571428571 0.27714285714285725 0.5064285714285715 0.27714285714285725
7 0.5092857142857142 0.2600000000000001 0.505 0.2600000000000001 0.505 0.27714285714285725 0.5092857142857142 0.27714285714285725
5 0.4635714285714286 0.2600000000000001 0.45571428571428574 0.2600000000000001 0.45571428571428574 0.2714285714285715 0.4635714285714286 0.2714285714285715
8 0.4614285714285714 0.25142857142857156 0.4564285714285714 0.25142857142857156 0.4564285714285714 0.2666666666666668 0.4614285714285714 0.2666666666666668
5 0.4707142857142857 0.2504761904761906 0.46214285714285713 0.2504761904761906 0.46214285714285713 0.26476190476190486 0.4707142857142857 0.26476190476190486
8 0.4692857142857143 0.24571428571428583 0.465 0.24571428571428583 0.465 0.2600000000000001 0.4692857142857143 0.2600000000000001
8 0.46714285714285714 0.24476190476190487 0.46214285714285713 0.24476190476190487 0.46214285714285713 0.25904761904761914 0.46714285714285714 0.25904761904761914
7 0.4357142857142857 0.23428571428571435 0.43 0.23428571428571435 0.43 0.2523809523809525 0.4357142857142857 0.2523809523809525
7 0.42857142857142855 0.23428571428571435 0.4228571428571429 0.23428571428571435 0.4228571428571429 0.2523809523809525 0.42857142857142855 0.2523809523809525
7 0.4207142857142857 0.2333333333333334 0.41785714285714287 0.2333333333333334 0.41785714285714287 0.2504761904761906 0.4207142857142857 0.2504761904761906
7 0.41928571428571426 0.23619047619047626 0.4135714285714286 0.23619047619047626 0.4135714285714286 0.25333333333333347 0.41928571428571426 0.25333333333333347
7 0.4142857142857143 0.23238095238095244 0.4092857142857143 0.23238095238095244 0.4092857142857143 0.24761904761904774 0.4142857142857143 0.24761904761904774
7 0.4014285714285714 0.220952380952381 0.39714285714285713 0.220952380952381 0.39714285714285713 0.23619047619047626 0.4014285714285714 0.23619047619047626
7 0.4142857142857143 0.1752380952380953 0.4092857142857143 0.1752380952380953 0.4092857142857143 0.18666666666666673 0.4142857142857143 0.18666666666666673
5 0.39785714285714285 0.16190476190476197 0.3914285714285714 0.16190476190476197 0.3914285714285714 0.17142857142857149 0.39785714285714285 0.17142857142857149
9 0.42928571428571427 0.1571428571428572 0.4157142857142857 0.1571428571428572 0.4157142857142857 0.17142857142857149 0.42928571428571427 0.17142857142857149
11 0.3678571428571429 0.14380952380952386 0.35642857142857143 0.14380952380952386 0.35642857142857143 0.16285714285714292 0.3678571428571429 0.16285714285714292
5 0.3757142857142857 0.14761904761904768 0.37142857142857144 0.14761904761904768 0.37142857142857144 0.15523809523809529 0.3757142857142857 0.15523809523809529
8 0.375 0.14380952380952386 0.3707142857142857 0.14380952380952386 0.3707142857142857 0.15238095238095242 0.375 0.15238095238095242
7 0.3792857142857143 0.13904761904761911 0.375 0.13904761904761911 0.375 0.1514285714285715 0.3792857142857143 0.1514285714285715
7 0.35214285714285715 0.11238095238095243 0.3485714285714286 0.11238095238095243 0.3485714285714286 0.12285714285714291 0.35214285714285715 0.12285714285714291
7 0.35642857142857143 0.11619047619047625 0.35214285714285715 0.11619047619047625 0.35214285714285715 0.12952380952380957 0.35642857142857143 0.12952380952380957
7 0.35428571428571426 0.10666666666666672 0.35 0.10666666666666672 0.35 0.12000000000000005 0.35428571428571426 0.12000000000000005
7 0.3357142857142857 0.13428571428571434 0.3314285714285714 0.13428571428571434 0.3314285714285714 0.14761904761904768 0.3357142857142857 0.14761904761904768
7 0.33285714285714285 0.1352380952380953 0.3292857142857143 0.1352380952380953 0.3292857142857143 0.14857142857142863 0.33285714285714285 0.14857142857142863
7 0.33 0.13428571428571434 0.3264285714285714 0.13428571428571434 0.3264285714285714 0.14761904761904768 0.33 0.14761904761904768
7 0.32785714285714285 0.13428571428571434 0.32357142857142857 0.13428571428571434 0.32357142857142857 0.14666666666666672 0.32785714285714285 0.14666666666666672
7 0.325 0.13428571428571434 0.32071428571428573 0.13428571428571434 0.32071428571428573 0.14666666666666672 0.325 0.14666666666666672
7 0.33 0.12000000000000005 0.3264285714285714 0.12000000000000005 0.3264285714285714 0.13142857142857148 0.33 0.13142857142857148
7 0.5585714285714286 0.2342857142857144 0.5557142857142857 0.2342857142857144 0.5557142857142857 0.24666666666666678 0.5585714285714286 0.24666666666666678
7 0.5628571428571428 0.2342857142857144 0.5578571428571428 0.2342857142857144 0.5578571428571428 0.24761904761904774 0.5628571428571428 0.24761904761904774
7 0.6885714285714286 0.1980952380952382 0.6842857142857143 0.1980952380952382 0.6842857142857143 0.21333333333333343 0.6885714285714286 0.21333333333333343
7 0.8571428571428571 0.09142857142857157 0.8528571428571429 0.09142857142857157 0.8528571428571429 0.10380952380952395 0.8571428571428571 0.10380952380952395
7 0.8514285714285714 0.09047619047619061 0.8464285714285714 0.09047619047619061 0.8464285714285714 0.10190476190476204 0.8514285714285714 0.10190476190476204
3 0.865 0.08285714285714299 0.8464285714285714 0.08285714285714299 0.8464285714285714 0.09333333333333346 0.865 0.09333333333333346
11 0.88 0.08380952380952394 0.8628571428571429 0.08380952380952394 0.8628571428571429 0.09714285714285728 0.88 0.09714285714285728
7 0.8307142857142857 0.07619047619047632 0.8264285714285714 0.07619047619047632 0.8264285714285714 0.0847619047619049 0.8307142857142857 0.0847619047619049
3 0.8121428571428572 0.07047619047619061 0.7971428571428572 0.07047619047619061 0.7971428571428572 0.07904761904761919 0.8121428571428572 0.07904761904761919
3 0.8078571428571428 0.0666666666666668 0.7921428571428571 0.0666666666666668 0.7921428571428571 0.07714285714285728 0.8078571428571428 0.07714285714285728
3 0.8007142857142857 0.06571428571428585 0.7885714285714286 0.06571428571428585 0.7885714285714286 0.07523809523809537 0.8007142857142857 0.07523809523809537
3 0.7464285714285714 0.0504761904761906 0.7278571428571429 0.0504761904761906 0.7278571428571429 0.06095238095238108 0.7464285714285714 0.06095238095238109
3 0.7328571428571429 0.048571428571428696 0.7185714285714285 0.048571428571428696 0.7185714285714285 0.057142857142857266 0.7328571428571429 0.057142857142857266
3 0.7164285714285714 0.039047619047619164 0.7021428571428572 0.03904761904761916 0.7021428571428572 0.04571428571428583 0.7164285714285714 0.04571428571428584
4 0.7871428571428571 0.058095238095238214 0.7535714285714286 0.058095238095238214 0.7535714285714286 0.08190476190476204 0.7871428571428571 0.08190476190476204
4 0.22071428571428572 0.05142857142857146 0.17214285714285715 0.051428571428571455 0.17214285714285715 0.07904761904761907 0.22071428571428572 0.07904761904761907