3 0.5321428571428571 0.8515228426395939 0.5107142857142857 0.8515228426395939 0.5107142857142857 0.9225888324873096 0.5321428571428571 0.9225888324873096
3 0.505 0.6129441624365484 0.48714285714285716 0.6129441624365484 0.48714285714285716 0.6611675126903553 0.505 0.6611675126903553
3 0.4257142857142857 0.44289340101522856 0.41214285714285714 0.44289340101522856 0.41214285714285714 0.47461928934010167 0.4257142857142857 0.47461928934010167
3 0.4685714285714286 0.35025380710659915 0.45571428571428574 0.35025380710659915 0.45571428571428574 0.3756345177664976 0.4685714285714286 0.3756345177664976
3 0.5178571428571429 0.22335025380710674 0.5071428571428571 0.22335025380710674 0.5071428571428571 0.2423857868020306 0.5178571428571429 0.2423857868020306
3 0.4828571428571429 0.2131979695431473 0.4742857142857143 0.2131979695431473 0.4742857142857143 0.23223350253807115 0.4828571428571429 0.23223350253807115
3 0.48214285714285715 0.13071065989847727 0.475 0.13071065989847727 0.475 0.1434010152284265 0.48214285714285715 0.1434010152284265
3 0.5357142857142857 0.3071065989847717 0.5228571428571429 0.3071065989847717 0.5228571428571429 0.3388324873096448 0.5357142857142857 0.3388324873096448
3 0.5221428571428571 0.12055837563451788 0.5135714285714286 0.12055837563451788 0.5135714285714286 0.13705583756345188 0.5221428571428571 0.13705583756345188
3 0.5242857142857142 0.08502538071066 0.5171428571428571 0.08502538071066 0.5171428571428571 0.10152284263959402 0.5242857142857142 0.10152284263959402
3 0.5364285714285715 0.11167512690355341 0.5285714285714286 0.11167512690355341 0.5285714285714286 0.12944162436548234 0.5364285714285715 0.12944162436548234
3 0.5021428571428571 0.031725888324873205 0.4957142857142857 0.031725888324873205 0.4957142857142857 0.04441624365482244 0.5021428571428571 0.04441624365482244
3 0.5357142857142857 0.2423857868020306 0.5257142857142857 0.2423857868020306 0.5257142857142857 0.2677664974619291 0.5357142857142857 0.2677664974619291
3 0.5371428571428571 0.18781725888324888 0.53 0.18781725888324888 0.53 0.21319796954314735 0.5371428571428571 0.21319796954314735
3 0.5042857142857143 0.0025380710659899564 0.49857142857142855 0.002538071065989956 0.49857142857142855 0.008883248730964577 0.5042857142857143 0.008883248730964577
3 0.5271428571428571 0.006345177664974733 0.5221428571428571 0.006345177664974732 0.5221428571428571 0.017766497461929046 0.5271428571428571 0.017766497461929046
3 0.5178571428571429 0.02030456852791889 0.5114285714285715 0.02030456852791889 0.5114285714285715 0.031725888324873205 0.5178571428571429 0.031725888324873205
3 0.5142857142857142 0.031725888324873205 0.51 0.031725888324873205 0.51 0.04441624365482244 0.5142857142857142 0.04441624365482244
3 0.5257142857142857 0.04441624365482244 0.5221428571428571 0.04441624365482244 0.5221428571428571 0.0583756345177666 0.5257142857142857 0.0583756345177666
3 0.5257142857142857 0.06979695431472092 0.5185714285714286 0.06979695431472092 0.5185714285714286 0.08502538071066 0.5257142857142857 0.08502538071066
3 0.5342857142857143 0.2157360406091372 0.5264285714285715 0.2157360406091372 0.5264285714285715 0.23477157360406106 0.5342857142857143 0.23477157360406106
3 0.48428571428571426 0.5152284263959392 0.4692857142857143 0.5152284263959392 0.4692857142857143 0.5609137055837565 0.48428571428571426 0.5609137055837565
11 0.5292857142857142 0.7055837563451777 0.5107142857142857 0.7055837563451777 0.5107142857142857 0.7842639593908629 0.5292857142857142 0.7842639593908629
11 0.405 0.9022842639593909 0.3757142857142857 0.9022842639593909 0.3757142857142857 0.983502538071066 0.405 0.983502538071066
2 0.5685714285714286 0.6522842639593909 0.5378571428571428 0.6522842639593909 0.5378571428571428 0.8451776649746193 0.5685714285714286 0.8451776649746193
11 0.45071428571428573 0.3426395939086296 0.43857142857142856 0.3426395939086296 0.43857142857142856 0.3756345177664976 0.45071428571428573 0.3756345177664976
11 0.535 0.3997461928934012 0.5228571428571429 0.3997461928934012 0.5228571428571429 0.44162436548223366 0.535 0.44162436548223366
11 0.5021428571428571 0.27284263959390875 0.49142857142857144 0.2728426395939087 0.49142857142857144 0.3032994923857869 0.5021428571428571 0.30329949238578696
2 0.4807142857142857 0.04441624365482244 0.4685714285714286 0.04441624365482244 0.4685714285714286 0.0901015228426397 0.4807142857142857 0.0901015228426397
2 0.5271428571428571 0.020304568527918898 0.5214285714285715 0.020304568527918898 0.5214285714285715 0.04441624365482244 0.5271428571428571 0.04441624365482244
11 0.5385714285714286 0.03934010152284276 0.5307142857142857 0.03934010152284276 0.5307142857142857 0.054568527918781834 0.5385714285714286 0.054568527918781834
11 0.41714285714285715 0.03934010152284273 0.4014285714285714 0.03934010152284273 0.4014285714285714 0.050761421319797044 0.41714285714285715 0.050761421319797044
11 0.43714285714285717 0.03807106598984781 0.42428571428571427 0.03807106598984781 0.42428571428571427 0.04949238578680212 0.43714285714285717 0.04949238578680212