11 0.17428571428571432 0.36 0.08571428571428576 0.36 0.08571428571428576 0.4561904761904762 0.17428571428571432 0.4561904761904762
11 0.3592857142857144 0.5438095238095239 0.2828571428571429 0.5438095238095239 0.2828571428571429 0.6228571428571429 0.3592857142857144 0.6228571428571429
10 0.23285714285714293 0.5028571428571429 0.13071428571428576 0.5028571428571429 0.13071428571428576 0.6161904761904762 0.23285714285714293 0.6161904761904762
11 0.11500000000000007 0.7428571428571429 0.0414285714285715 0.7428571428571429 0.0414285714285715 0.8495238095238096 0.11500000000000007 0.8495238095238096
3 0.37857142857142856 0.6533333333333333 0.2850000000000001 0.6533333333333333 0.2850000000000001 0.7638095238095238 0.37857142857142856 0.7638095238095238
3 0.2714285714285715 0.44476190476190475 0.18000000000000005 0.44476190476190475 0.18000000000000005 0.54 0.2714285714285715 0.54
3 0.0892857142857143 0.0742857142857143 0.005714285714285722 0.07428571428571429 0.0057142857142857256 0.16095238095238096 0.0892857142857143 0.16095238095238096
3 0.15714285714285722 0.780952380952381 0.07142857142857151 0.780952380952381 0.07142857142857151 0.9114285714285715 0.15714285714285722 0.9114285714285715
3 0.23285714285714293 0.8552380952380952 0.1507142857142858 0.8552380952380952 0.1507142857142858 0.9990476190476191 0.23285714285714293 0.9990476190476191
3 0.19428571428571437 0.8152380952380952 0.11071428571428579 0.8152380952380952 0.11071428571428579 0.9495238095238095 0.19428571428571437 0.9495238095238095
11 0.0814285714285715 0.7047619047619048 6.473133081207438e-17 0.7047619047619048 7.015476663686981e-17 0.8228571428571428 0.0814285714285715 0.8228571428571428
3 0.04214285714285721 0.6638095238095238 6.096991564326465e-17 0.6638095238095238 6.543112898301572e-17 0.7609523809523809 0.04214285714285721 0.7609523809523809
3 0.2757142857142858 0.9019047619047619 0.20214285714285724 0.9019047619047619 0.20214285714285724 1 0.2757142857142858 1
3 0.31500000000000006 0.940952380952381 0.26428571428571435 0.940952380952381 0.26428571428571435 0.9990476190476191 0.31500000000000006 0.9990476190476191
11 0.6114285714285715 0.92 0.5571428571428573 0.92 0.5571428571428573 0.9980952380952381 0.6114285714285715 0.9980952380952381
3 0.775 0.7885714285714288 0.6964285714285714 0.7885714285714288 0.6964285714285715 0.9342857142857145 0.775 0.9342857142857145
3 0.775 0.18952380952380962 0.7035714285714286 0.18952380952380962 0.7035714285714286 0.30666666666666675 0.775 0.30666666666666675
9 0.1457142857142857 0.050476190476190494 0.09928571428571428 0.05047619047619049 0.09928571428571428 0.09809523809523812 0.1457142857142857 0.09809523809523812
7 0.12785714285714286 0.04476190476190478 0.11214285714285714 0.044761904761904774 0.11214285714285714 0.06952380952380956 0.12785714285714286 0.06952380952380956
7 0.2892857142857143 0.18952380952380957 0.27785714285714286 0.18952380952380957 0.27785714285714286 0.21428571428571433 0.2892857142857143 0.21428571428571433
1 0.31642857142857145 0.20666666666666672 0.2857142857142857 0.20666666666666672 0.2857142857142857 0.23428571428571435 0.31642857142857145 0.23428571428571435
7 0.36714285714285716 0.1428571428571429 0.35714285714285715 0.1428571428571429 0.35714285714285715 0.17714285714285719 0.36714285714285716 0.17714285714285719
7 0.47714285714285715 0.12761904761904766 0.4657142857142857 0.12761904761904766 0.4657142857142857 0.16190476190476197 0.47714285714285715 0.16190476190476197
7 0.46785714285714286 0.16380952380952388 0.4564285714285714 0.16380952380952388 0.4564285714285714 0.19238095238095243 0.46785714285714286 0.19238095238095243
7 0.4757142857142857 0.09333333333333342 0.4635714285714286 0.09333333333333342 0.4635714285714286 0.12285714285714291 0.4757142857142857 0.12285714285714291
7 0.35642857142857143 0.08476190476190482 0.33714285714285713 0.08476190476190482 0.33714285714285713 0.1171428571428572 0.35642857142857143 0.1171428571428572
7 0.39571428571428574 0.04666666666666673 0.3821428571428571 0.04666666666666673 0.3821428571428571 0.08285714285714291 0.39571428571428574 0.08285714285714291
7 0.49214285714285716 0.0876190476190477 0.48 0.0876190476190477 0.48 0.11523809523809532 0.49214285714285716 0.11523809523809532
7 0.4664285714285714 0.07333333333333342 0.4564285714285714 0.07333333333333342 0.4564285714285714 0.10095238095238103 0.4664285714285714 0.10095238095238103
11 0.22357142857142856 3.055785346443872e-17 0.15071428571428572 2.460956901143729e-17 0.15071428571428572 0.06952380952380956 0.22357142857142856 0.06952380952380956
11 0.3557142857142857 0.05428571428571433 0.2642857142857143 0.054285714285714326 0.2642857142857143 0.1590476190476191 0.3557142857142857 0.1590476190476191
0 0.3807142857142857 0.07428571428571434 0.3357142857142857 0.07428571428571434 0.3357142857142857 0.11809523809523816 0.3807142857142857 0.11809523809523816
7 0.3364285714285714 0.03809523809523815 0.32071428571428573 0.03809523809523815 0.32071428571428573 0.06666666666666672 0.3364285714285714 0.06666666666666672
7 0.5821428571428572 0.1980952380952382 0.5692857142857143 0.1980952380952382 0.5692857142857143 0.22857142857142868 0.5821428571428572 0.22857142857142868
5 0.43857142857142856 0.23047619047619053 0.41714285714285715 0.23047619047619053 0.41714285714285715 0.2523809523809525 0.43857142857142856 0.2523809523809525
9 0.43 0.15333333333333338 0.3742857142857143 0.15333333333333338 0.3742857142857143 0.20190476190476195 0.43 0.20190476190476195
7 0.43 0.16380952380952388 0.41285714285714287 0.16380952380952388 0.41285714285714287 0.18476190476190482 0.43 0.18476190476190482
7 0.3985714285714286 0.1428571428571429 0.38571428571428573 0.1428571428571429 0.38571428571428573 0.16190476190476197 0.3985714285714286 0.16190476190476197
8 0.37857142857142856 0.15523809523809529 0.36857142857142855 0.15523809523809529 0.36857142857142855 0.17619047619047626 0.37857142857142856 0.17619047619047626
10 0.5742857142857143 0.20190476190476198 0.4514285714285714 0.20190476190476195 0.4514285714285714 0.32571428571428584 0.5742857142857143 0.32571428571428584
11 0.6428571428571429 0.31142857142857155 0.5671428571428572 0.31142857142857155 0.5671428571428572 0.3933333333333334 0.6428571428571429 0.3933333333333334
7 0.5978571428571429 0.26571428571428585 0.585 0.26571428571428585 0.585 0.2942857142857144 0.5978571428571429 0.2942857142857144
7 0.6092857142857143 0.2600000000000001 0.5978571428571429 0.2600000000000001 0.5978571428571429 0.2876190476190477 0.6092857142857143 0.2876190476190477
7 0.745 0.32666666666666677 0.7292857142857143 0.32666666666666677 0.7292857142857143 0.35142857142857153 0.745 0.35142857142857153
7 0.79 0.40285714285714297 0.7714285714285715 0.40285714285714297 0.7714285714285715 0.4257142857142858 0.79 0.4257142857142858
7 0.6707142857142857 0.25333333333333347 0.6607142857142857 0.25333333333333347 0.6607142857142857 0.282857142857143 0.6707142857142857 0.282857142857143
8 0.5778571428571428 0.11333333333333341 0.5685714285714286 0.11333333333333341 0.5685714285714286 0.13714285714285726 0.5778571428571428 0.13714285714285726
8 0.7707142857142857 0.4514285714285715 0.7542857142857143 0.4514285714285715 0.7542857142857143 0.4761904761904763 0.7707142857142857 0.4761904761904763
5 0.7728571428571429 0.4371428571428573 0.7407142857142858 0.4371428571428573 0.7407142857142858 0.4838095238095239 0.7728571428571429 0.4838095238095239
7 0.8164285714285714 0.36857142857142866 0.7978571428571428 0.36857142857142866 0.7978571428571428 0.3904761904761906 0.8164285714285714 0.3904761904761906
7 0.71 0.22476190476190486 0.695 0.22476190476190486 0.695 0.2561904761904763 0.71 0.2561904761904763
7 0.8521428571428571 0.00952380952380966 0.8292857142857143 0.00952380952380966 0.8292857142857143 0.05047619047619061 0.8521428571428571 0.05047619047619061
7 0.8678571428571429 1.402512167594945e-16 0.85 1.387933039033667e-16 0.85 0.035238095238095374 0.8678571428571429 0.035238095238095374
4 0.9257142857142857 0.14190476190476206 0.8985714285714286 0.14190476190476206 0.8985714285714286 0.1914285714285716 0.9257142857142857 0.1914285714285716
4 0.8992857142857142 0.3742857142857144 0.8678571428571429 0.3742857142857144 0.8678571428571429 0.4180952380952382 0.8992857142857142 0.4180952380952382
7 0.8028571428571428 0.3152380952380954 0.7857142857142857 0.3152380952380954 0.7857142857142857 0.3438095238095239 0.8028571428571428 0.3438095238095239
10 0.8628571428571429 0.18571428571428586 0.7664285714285715 0.18571428571428583 0.7664285714285715 0.3314285714285715 0.8628571428571429 0.3314285714285715
4 0.9871428571428571 0.6600000000000003 0.9564285714285714 0.6600000000000003 0.9564285714285714 0.703809523809524 0.9871428571428571 0.703809523809524
4 0.6442857142857142 0.5904761904761905 0.6164285714285714 0.5904761904761905 0.6164285714285714 0.6266666666666667 0.6442857142857142 0.6266666666666667
7 0.47785714285714287 0.7133333333333334 0.4635714285714286 0.7133333333333334 0.4635714285714286 0.7390476190476191 0.47785714285714287 0.7390476190476191
8 0.5014285714285716 0.9571428571428572 0.4885714285714287 0.9571428571428572 0.4885714285714287 0.98 0.5014285714285716 0.98
8 0.5142857142857145 0.9104761904761904 0.497857142857143 0.9104761904761904 0.497857142857143 0.94 0.5142857142857145 0.94
5 0.5235714285714287 0.9076190476190477 0.4935714285714287 0.9076190476190477 0.4935714285714287 0.9447619047619048 0.5235714285714287 0.9447619047619048
5 0.5092857142857145 0.9457142857142857 0.48500000000000015 0.9457142857142857 0.48500000000000015 0.979047619047619 0.5092857142857145 0.979047619047619
0 0.3757142857142859 0.9171428571428571 0.3171428571428572 0.9171428571428571 0.3171428571428572 0.981904761904762 0.3757142857142859 0.981904761904762
7 0.4064285714285716 0.9438095238095238 0.3900000000000002 0.9438095238095238 0.3900000000000002 0.9752380952380952 0.4064285714285716 0.9752380952380952
7 0.3592857142857144 0.9771428571428571 0.3471428571428572 0.9771428571428571 0.3471428571428572 0.9990476190476191 0.3592857142857144 0.9990476190476191
7 0.3857142857142859 0.94 0.3714285714285716 0.94 0.3714285714285716 0.960952380952381 0.3857142857142859 0.960952380952381
7 0.37428571428571444 0.9580952380952381 0.3592857142857144 0.9580952380952381 0.3592857142857144 0.9828571428571429 0.37428571428571444 0.9828571428571429