3 0.15000000000000005 0.5076190476190476 0.0878571428571429 0.5076190476190476 0.08785714285714291 0.6171428571428571 0.15000000000000005 0.6171428571428571
3 0.32000000000000006 0.41523809523809524 0.26142857142857145 0.41523809523809524 0.26142857142857145 0.52 0.32000000000000006 0.52
3 0.44285714285714284 0.3457142857142858 0.36357142857142855 0.3457142857142858 0.36357142857142855 0.42952380952380964 0.44285714285714284 0.42952380952380964
3 0.4107142857142857 0.30666666666666675 0.34714285714285714 0.30666666666666675 0.34714285714285714 0.37047619047619057 0.4107142857142857 0.37047619047619057
3 0.22357142857142856 0.16952380952380955 0.16071428571428573 0.16952380952380952 0.16071428571428573 0.2752380952380952 0.22357142857142856 0.2752380952380952
3 0.3514285714285714 0.09809523809523815 0.2742857142857143 0.09809523809523815 0.2742857142857143 0.1733333333333334 0.3514285714285714 0.1733333333333334
3 0.36857142857142855 0.15238095238095242 0.28714285714285714 0.15238095238095242 0.28714285714285714 0.22476190476190483 0.36857142857142855 0.22476190476190483
3 0.39071428571428574 0.20000000000000007 0.30642857142857144 0.20000000000000007 0.30642857142857144 0.2828571428571429 0.39071428571428574 0.282857142857143
3 0.07071428571428577 0.5714285714285714 0.00928571428571434 0.5714285714285714 0.009285714285714343 0.68 0.07071428571428577 0.68
3 0.19285714285714295 0.7076190476190476 0.10357142857142865 0.7076190476190476 0.10357142857142865 0.7980952380952381 0.19285714285714295 0.7980952380952381
3 0.51 0.6057142857142858 0.4342857142857143 0.6057142857142858 0.4342857142857143 0.68 0.51 0.68
3 0.7935714285714286 0.481904761904762 0.7121428571428572 0.481904761904762 0.7121428571428572 0.5476190476190478 0.7935714285714286 0.5476190476190478
3 0.9714285714285714 0.5904761904761907 0.9057142857142857 0.5904761904761907 0.9057142857142857 0.7009523809523812 0.9714285714285714 0.7009523809523812
3 0.77 0.11809523809523821 0.7121428571428572 0.1180952380952382 0.7121428571428572 0.2180952380952382 0.77 0.2180952380952382
3 1 0.11809523809523825 0.9514285714285714 0.11809523809523825 0.9514285714285714 0.2076190476190478 1 0.2076190476190478
7 0.9685714285714285 0.2676190476190477 0.9407142857142857 0.2676190476190477 0.9407142857142857 0.2904761904761906 0.9685714285714285 0.2904761904761906
7 0.9185714285714286 0.048571428571428724 0.8985714285714286 0.048571428571428724 0.8985714285714286 0.0809523809523811 0.9185714285714286 0.08095238095238111
3 0.7957142857142857 0.7476190476190478 0.7357142857142858 0.7476190476190478 0.7357142857142858 0.8476190476190478 0.7957142857142857 0.8476190476190478
3 0.8435714285714285 0.843809523809524 0.7814285714285715 0.843809523809524 0.7814285714285715 0.9552380952380954 0.8435714285714285 0.9552380952380954
3 0.7342857142857143 0.7504761904761907 0.6792857142857143 0.7504761904761907 0.6792857142857143 0.8704761904761907 0.7342857142857143 0.8704761904761907
10 0.6792857142857144 0.7685714285714287 0.6307142857142857 0.7685714285714286 0.6307142857142858 0.9028571428571429 0.6792857142857145 0.902857142857143
7 0.6957142857142858 0.863809523809524 0.6814285714285714 0.863809523809524 0.6814285714285715 0.8923809523809526 0.6957142857142858 0.8923809523809526
8 0.7014285714285714 0.5457142857142859 0.6835714285714286 0.5457142857142859 0.6835714285714286 0.563809523809524 0.7014285714285714 0.563809523809524
1 0.7007142857142857 0.5371428571428574 0.68 0.5371428571428574 0.68 0.5742857142857145 0.7007142857142857 0.5742857142857145
8 0.5442857142857143 0.19142857142857153 0.5321428571428571 0.19142857142857153 0.5321428571428571 0.21904761904761916 0.5442857142857143 0.21904761904761916
1 0.5442857142857143 0.19523809523809535 0.5278571428571428 0.19523809523809535 0.5278571428571428 0.23142857142857154 0.5442857142857143 0.23142857142857154
7 0.31857142857142856 0.2923809523809524 0.305 0.2923809523809524 0.305 0.3171428571428571 0.31857142857142856 0.3171428571428571
11 0.475 0.41428571428571437 0.40214285714285714 0.41428571428571437 0.40214285714285714 0.4838095238095239 0.475 0.4838095238095239
5 0.295 0.22476190476190483 0.27285714285714285 0.22476190476190483 0.27285714285714285 0.2695238095238095 0.295 0.2695238095238095
1 0.27714285714285714 0.16952380952380958 0.265 0.16952380952380958 0.265 0.2114285714285715 0.27714285714285714 0.2114285714285715
1 0.26357142857142857 0.12476190476190481 0.24857142857142858 0.12476190476190481 0.24857142857142858 0.16380952380952388 0.26357142857142857 0.16380952380952388
7 0.34285714285714286 0.02761904761904767 0.3292857142857143 0.02761904761904767 0.3292857142857143 0.0590476190476191 0.34285714285714286 0.0590476190476191
8 0.2357142857142857 0.1104761904761905 0.22214285714285714 0.1104761904761905 0.22214285714285714 0.13142857142857148 0.2357142857142857 0.13142857142857148
8 0.48142857142857143 0.0295238095238096 0.4685714285714286 0.029523809523809598 0.4685714285714286 0.05142857142857151 0.48142857142857143 0.05142857142857151
1 0.48214285714285715 0.033333333333333416 0.46714285714285714 0.033333333333333416 0.46714285714285714 0.06857142857142866 0.48214285714285715 0.06857142857142866