7 0.34357142857142864 0.7352380952380952 0.33357142857142863 0.7352380952380952 0.33357142857142863 0.7704761904761904 0.34357142857142864 0.7704761904761904
7 0.3500000000000001 0.7428571428571429 0.3400000000000001 0.7428571428571429 0.3400000000000001 0.7761904761904762 0.3500000000000001 0.7761904761904762
7 0.3621428571428572 0.7485714285714286 0.3478571428571429 0.7485714285714286 0.3478571428571429 0.7828571428571428 0.3621428571428572 0.7828571428571428
7 0.45571428571428574 0.680952380952381 0.44642857142857145 0.680952380952381 0.44642857142857145 0.7114285714285714 0.45571428571428574 0.7114285714285714
7 0.4492857142857143 0.6780952380952381 0.44 0.6780952380952381 0.44 0.7057142857142857 0.4492857142857143 0.7057142857142857
7 0.5657142857142857 0.4847619047619049 0.5564285714285714 0.4847619047619049 0.5564285714285714 0.5123809523809524 0.5657142857142857 0.5123809523809524
7 0.5535714285714286 0.47714285714285726 0.5464285714285714 0.47714285714285726 0.5464285714285714 0.5028571428571429 0.5535714285714286 0.5028571428571429
7 0.5628571428571428 0.46000000000000013 0.5542857142857143 0.46000000000000013 0.5542857142857143 0.48857142857142855 0.5628571428571428 0.48857142857142855
7 0.5685714285714286 0.45904761904761915 0.5607142857142857 0.45904761904761915 0.5607142857142857 0.4876190476190476 0.5685714285714286 0.4876190476190476
7 0.54 0.44285714285714295 0.5328571428571428 0.44285714285714295 0.5328571428571428 0.4704761904761906 0.54 0.4704761904761906
7 0.5342857142857143 0.44285714285714295 0.5285714285714286 0.44285714285714295 0.5285714285714286 0.4666666666666668 0.5342857142857143 0.4666666666666668
7 0.6078571428571429 0.4038095238095239 0.6 0.4038095238095239 0.6 0.42857142857142866 0.6078571428571429 0.42857142857142866
7 0.5921428571428572 0.40095238095238106 0.5842857142857143 0.40095238095238106 0.5842857142857143 0.4257142857142858 0.5921428571428572 0.4257142857142858
7 0.5992857142857143 0.37523809523809537 0.5935714285714285 0.37523809523809537 0.5935714285714285 0.3961904761904763 0.5992857142857143 0.3961904761904763
7 0.6092857142857143 0.3780952380952382 0.6021428571428571 0.3780952380952382 0.6021428571428571 0.40095238095238106 0.6092857142857143 0.40095238095238106
7 0.615 0.36761904761904773 0.6085714285714285 0.36761904761904773 0.6085714285714285 0.3885714285714287 0.615 0.3885714285714287
7 0.61 0.3504761904761906 0.6035714285714285 0.3504761904761906 0.6035714285714285 0.37142857142857155 0.61 0.37142857142857155
7 0.6142857142857143 0.3504761904761906 0.6092857142857143 0.3504761904761906 0.6092857142857143 0.3723809523809525 0.6142857142857143 0.3723809523809525
7 0.6192857142857143 0.3580952380952382 0.6135714285714285 0.3580952380952382 0.6135714285714285 0.38285714285714295 0.6192857142857143 0.38285714285714295
7 0.6414285714285715 0.302857142857143 0.6357142857142857 0.302857142857143 0.6357142857142857 0.321904761904762 0.6414285714285715 0.321904761904762
7 0.6278571428571429 0.302857142857143 0.6221428571428571 0.302857142857143 0.6221428571428571 0.32285714285714295 0.6278571428571429 0.32285714285714295
7 0.6235714285714286 0.3009523809523811 0.6185714285714285 0.3009523809523811 0.6185714285714285 0.32095238095238104 0.6235714285714286 0.32095238095238104
7 0.6228571428571429 0.2942857142857144 0.6164285714285714 0.2942857142857144 0.6164285714285714 0.3171428571428572 0.6228571428571429 0.3171428571428572
7 0.6457142857142857 0.24761904761904774 0.6414285714285715 0.24761904761904774 0.6414285714285715 0.26571428571428585 0.6457142857142857 0.26571428571428585
7 0.6528571428571428 0.24666666666666678 0.6471428571428571 0.24666666666666678 0.6471428571428571 0.26571428571428585 0.6528571428571428 0.26571428571428585
7 0.6585714285714286 0.25333333333333347 0.6528571428571428 0.25333333333333347 0.6528571428571428 0.2685714285714287 0.6585714285714286 0.2685714285714287
7 0.6607142857142857 0.24380952380952392 0.6557142857142857 0.24380952380952392 0.6557142857142857 0.26190476190476203 0.6607142857142857 0.26190476190476203
7 0.6657142857142857 0.23523809523809536 0.6621428571428571 0.23523809523809536 0.6621428571428571 0.24952380952380962 0.6657142857142857 0.24952380952380962
7 0.6635714285714286 0.2323809523809525 0.6592857142857143 0.2323809523809525 0.6592857142857143 0.24761904761904774 0.6635714285714286 0.24761904761904774
7 0.6457142857142857 0.22190476190476202 0.6407142857142857 0.22190476190476202 0.6407142857142857 0.23714285714285724 0.6457142857142857 0.23714285714285724
7 0.6392857142857142 0.22285714285714298 0.6335714285714286 0.22285714285714298 0.6335714285714286 0.23714285714285724 0.6392857142857142 0.23714285714285724
8 0.6228571428571429 0.22476190476190486 0.6171428571428571 0.22476190476190486 0.6171428571428571 0.23333333333333345 0.6228571428571429 0.23333333333333345
7 0.57 0.22952380952380963 0.5642857142857143 0.22952380952380963 0.5642857142857143 0.24095238095238106 0.57 0.24095238095238106
7 0.5964285714285714 0.20952380952380964 0.5914285714285714 0.20952380952380964 0.5914285714285714 0.2257142857142858 0.5964285714285714 0.2257142857142858
7 0.6071428571428571 0.20285714285714296 0.6021428571428571 0.20285714285714296 0.6021428571428571 0.2180952380952382 0.6071428571428571 0.2180952380952382
7 0.6114285714285714 0.201904761904762 0.6064285714285714 0.201904761904762 0.6064285714285714 0.21714285714285725 0.6114285714285714 0.21714285714285725
7 0.6171428571428571 0.20095238095238105 0.6128571428571429 0.20095238095238105 0.6128571428571429 0.2161904761904763 0.6171428571428571 0.2161904761904763
7 0.6357142857142857 0.1780952380952382 0.6314285714285715 0.1780952380952382 0.6314285714285715 0.19333333333333344 0.6357142857142857 0.19333333333333344
7 0.6964285714285714 0.0780952380952382 0.6935714285714286 0.0780952380952382 0.6935714285714286 0.08952380952380963 0.6964285714285714 0.08952380952380963
7 0.7078571428571429 0.0780952380952382 0.7042857142857143 0.0780952380952382 0.7042857142857143 0.08857142857142868 0.7078571428571429 0.08857142857142868
7 0.72 0.08285714285714296 0.7157142857142857 0.08285714285714296 0.7157142857142857 0.09333333333333343 0.72 0.09333333333333343
7 0.905 0.23238095238095255 0.8978571428571429 0.23238095238095255 0.8978571428571429 0.25142857142857156 0.905 0.25142857142857156
7 0.9157142857142857 0.2352380952380954 0.9078571428571428 0.2352380952380954 0.9078571428571428 0.2504761904761906 0.9157142857142857 0.2504761904761906
7 0.9221428571428572 0.22761904761904778 0.9178571428571428 0.22761904761904778 0.9178571428571428 0.24285714285714302 0.9221428571428572 0.24285714285714302
7 0.9178571428571428 0.2247619047619049 0.9114285714285715 0.2247619047619049 0.9114285714285715 0.2390476190476192 0.9178571428571428 0.2390476190476192
7 0.9314285714285714 0.22666666666666682 0.9242857142857143 0.22666666666666682 0.9242857142857143 0.23809523809523825 0.9314285714285714 0.23809523809523825
7 0.9307142857142857 0.23238095238095255 0.9257142857142857 0.23238095238095255 0.9257142857142857 0.24571428571428583 0.9307142857142857 0.24571428571428583
7 0.935 0.22952380952380969 0.9292857142857143 0.22952380952380969 0.9292857142857143 0.24476190476190487 0.935 0.24476190476190487
7 0.94 0.23428571428571446 0.9335714285714286 0.23428571428571446 0.9335714285714286 0.24952380952380962 0.94 0.24952380952380962
4 1 0.23428571428571446 0.9764285714285714 0.23428571428571446 0.9764285714285714 0.2761904761904764 1 0.27619047619047643
7 0.9942857142857143 0.19809523809523827 0.9857142857142858 0.19809523809523827 0.9857142857142858 0.21047619047619065 0.9942857142857143 0.21047619047619065
4 0.9885714285714285 0.1714285714285716 0.97 0.1714285714285716 0.97 0.202857142857143 0.9885714285714285 0.202857142857143
7 0.9964285714285714 0.15904761904761922 0.9885714285714285 0.15904761904761922 0.9885714285714285 0.17238095238095255 0.9964285714285714 0.17238095238095255
7 0.9992857142857143 0.15904761904761922 0.9935714285714285 0.15904761904761922 0.9935714285714285 0.17238095238095255 0.9992857142857143 0.17238095238095255
10 0.8964285714285715 0.07142857142857156 0.8785714285714286 0.07142857142857156 0.8785714285714286 0.08761904761904775 0.8964285714285715 0.08761904761904775
3 0.9064285714285715 0.07809523809523823 0.895 0.07809523809523823 0.895 0.0885714285714287 0.9064285714285715 0.0885714285714287
7 0.8021428571428572 0.09809523809523824 0.7978571428571428 0.09809523809523824 0.7978571428571428 0.10761904761904775 0.8021428571428572 0.10761904761904775
7 0.905 0.11142857142857156 0.8992857142857142 0.11142857142857156 0.8992857142857142 0.12190476190476207 0.905 0.12190476190476207
7 0.9085714285714286 0.1333333333333335 0.9028571428571428 0.1333333333333335 0.9028571428571428 0.14666666666666683 0.9085714285714286 0.14666666666666683
7 0.9042857142857142 0.13047619047619063 0.8985714285714286 0.13047619047619063 0.8985714285714286 0.14476190476190492 0.9042857142857142 0.14476190476190492
7 0.9 0.13047619047619063 0.8942857142857142 0.13047619047619063 0.8942857142857142 0.14285714285714302 0.9 0.14285714285714302
7 0.9307142857142857 0.1352380952380954 0.9257142857142857 0.1352380952380954 0.9257142857142857 0.14666666666666683 0.9307142857142857 0.14666666666666683
7 0.93 0.13047619047619063 0.925 0.13047619047619063 0.925 0.14285714285714302 0.93 0.14285714285714302
7 0.9614285714285714 0.12761904761904777 0.9557142857142857 0.12761904761904777 0.9557142857142857 0.14000000000000015 0.9614285714285714 0.14000000000000015
7 0.9585714285714285 0.12857142857142873 0.9535714285714286 0.12857142857142873 0.9535714285714286 0.14000000000000015 0.9585714285714285 0.14000000000000015
7 0.99 0.13714285714285732 0.9842857142857143 0.13714285714285732 0.9842857142857143 0.14857142857142874 0.99 0.14857142857142874
7 0.9864285714285714 0.13714285714285732 0.98 0.13714285714285732 0.98 0.14857142857142874 0.9864285714285714 0.14857142857142874
6 0.11000000000000004 0.5780952380952381 0.05000000000000006 0.5780952380952381 0.05000000000000006 0.638095238095238 0.11000000000000004 0.638095238095238
8 0.18357142857142866 0.599047619047619 0.16714285714285718 0.599047619047619 0.16714285714285718 0.6152380952380953 0.18357142857142866 0.6152380952380953
8 0.18285714285714294 0.5904761904761905 0.16928571428571432 0.5904761904761905 0.16928571428571432 0.6076190476190476 0.18285714285714294 0.6076190476190476
5 0.18500000000000008 0.5923809523809523 0.16857142857142862 0.5923809523809523 0.16857142857142862 0.6285714285714286 0.18500000000000008 0.6285714285714286