3 0.5528571428571428 0.4676190476190477 0.5157142857142857 0.4676190476190477 0.5157142857142857 0.5504761904761905 0.5528571428571428 0.5504761904761905
3 0.5242857142857142 0.45523809523809533 0.4857142857142857 0.45523809523809533 0.4857142857142857 0.5371428571428571 0.5242857142857142 0.5371428571428571
3 0.4114285714285714 0.5028571428571429 0.3707142857142857 0.5028571428571429 0.3707142857142857 0.5904761904761905 0.4114285714285714 0.5904761904761905
3 0.38 0.4876190476190476 0.34214285714285725 0.4876190476190476 0.34214285714285725 0.5676190476190476 0.38 0.5676190476190476
3 0.2857142857142858 0.44666666666666666 0.2464285714285715 0.44666666666666666 0.2464285714285715 0.5304761904761904 0.2857142857142858 0.5304761904761904
3 0.2528571428571429 0.4380952380952381 0.21642857142857144 0.4380952380952381 0.21642857142857147 0.5152380952380953 0.25285714285714295 0.5152380952380953
3 0.19571428571428576 0.4095238095238095 0.1571428571428572 0.4095238095238095 0.1571428571428572 0.49333333333333335 0.19571428571428579 0.49333333333333335
3 0.16142857142857148 0.40476190476190477 0.1228571428571429 0.40476190476190477 0.1228571428571429 0.47333333333333333 0.16142857142857148 0.47333333333333333
3 0.13000000000000003 0.3838095238095238 0.09071428571428576 0.3838095238095238 0.09071428571428576 0.46285714285714286 0.13000000000000003 0.46285714285714286
3 0.10071428571428576 0.3742857142857143 0.05714285714285718 0.3742857142857143 0.05714285714285718 0.4523809523809524 0.10071428571428576 0.4523809523809524
3 0.2757142857142857 0.35714285714285715 0.2342857142857143 0.35714285714285715 0.2342857142857143 0.43047619047619046 0.2757142857142857 0.43047619047619046
3 0.24642857142857144 0.3419047619047619 0.21214285714285713 0.3419047619047619 0.21214285714285713 0.42095238095238097 0.24642857142857144 0.42095238095238097
3 0.215 0.3304761904761905 0.1785714285714286 0.3304761904761905 0.1785714285714286 0.4057142857142857 0.215 0.4057142857142857
3 0.18357142857142858 0.3142857142857143 0.14428571428571432 0.3142857142857143 0.14428571428571432 0.3942857142857143 0.18357142857142858 0.3942857142857143
3 0.15428571428571433 0.3028571428571429 0.11571428571428576 0.3028571428571429 0.11571428571428576 0.3838095238095238 0.15428571428571433 0.3838095238095238
3 0.1271428571428572 0.2923809523809524 0.08642857142857145 0.2923809523809524 0.08642857142857147 0.3742857142857143 0.1271428571428572 0.3742857142857143
3 0.09857142857142862 0.27714285714285714 0.05357142857142859 0.27714285714285714 0.0535714285714286 0.36666666666666664 0.09857142857142862 0.36666666666666664
3 0.0678571428571429 0.26666666666666666 0.029285714285714307 0.26666666666666666 0.02928571428571431 0.35428571428571426 0.0678571428571429 0.35428571428571426
3 0.03785714285714288 0.25333333333333335 2.326828918379971e-17 0.25333333333333335 2.6898492195557934e-17 0.3323809523809524 0.03785714285714289 0.3323809523809524
3 0.40214285714285714 0.4047619047619049 0.36 0.4047619047619049 0.36000000000000004 0.47904761904761917 0.40214285714285714 0.47904761904761917
3 0.43357142857142855 0.4209523809523811 0.395 0.4209523809523811 0.395 0.4942857142857143 0.43357142857142855 0.4942857142857143
3 0.46714285714285714 0.4247619047619049 0.4307142857142857 0.4247619047619049 0.4307142857142857 0.5123809523809524 0.46714285714285714 0.5123809523809524
3 0.49357142857142855 0.4380952380952382 0.45285714285714285 0.4380952380952382 0.45285714285714285 0.5314285714285715 0.49357142857142855 0.5314285714285715
3 0.7292857142857143 0.33523809523809533 0.6385714285714286 0.33523809523809533 0.6385714285714286 0.401904761904762 0.7292857142857143 0.401904761904762
3 0.31 0.1571428571428572 0.22214285714285714 0.1571428571428572 0.22214285714285714 0.22285714285714292 0.31 0.22285714285714292
10 0.8764285714285714 0.20190476190476203 0.7107142857142857 0.201904761904762 0.7107142857142857 0.31142857142857155 0.8764285714285714 0.31142857142857155
11 0.825 0.15523809523809534 0.7621428571428571 0.15523809523809534 0.7621428571428571 0.1961904761904763 0.825 0.1961904761904763
3 0.99 0.1533333333333335 0.9285714285714286 0.1533333333333335 0.9285714285714286 0.20190476190476206 0.99 0.20190476190476206
3 0.9378571428571428 0.04000000000000015 0.9092857142857143 0.04000000000000015 0.9092857142857143 0.11238095238095253 0.9378571428571428 0.11238095238095254
10 0.8442857142857143 0.030476190476190598 0.6864285714285714 0.030476190476190584 0.6864285714285714 0.1371428571428573 0.8442857142857143 0.13714285714285732