3 0.66 0.7571428571428571 0.615 0.7571428571428571 0.615 0.8590476190476191 0.66 0.8590476190476191
3 0.5692857142857143 0.43047619047619057 0.5435714285714286 0.43047619047619057 0.5435714285714286 0.4761904761904763 0.5692857142857143 0.4761904761904763
3 0.5757142857142857 0.3657142857142858 0.5514285714285714 0.3657142857142858 0.5514285714285714 0.4047619047619049 0.5757142857142857 0.4047619047619049
3 0.5542857142857143 0.282857142857143 0.5364285714285715 0.282857142857143 0.5364285714285715 0.31142857142857155 0.5542857142857143 0.31142857142857155
3 0.5335714285714286 0.3038095238095239 0.515 0.3038095238095239 0.515 0.3285714285714287 0.5335714285714286 0.3285714285714287
3 0.5171428571428571 0.14666666666666678 0.505 0.14666666666666678 0.505 0.16571428571428581 0.5171428571428571 0.16571428571428581
3 0.49214285714285716 0.10000000000000007 0.48214285714285715 0.10000000000000007 0.48214285714285715 0.11523809523809532 0.49214285714285716 0.11523809523809532
3 0.4957142857142857 0.06857142857142866 0.48642857142857143 0.06857142857142866 0.48642857142857143 0.08285714285714293 0.4957142857142857 0.08285714285714293
3 0.3114285714285715 0.6 0.22928571428571437 0.6 0.22928571428571437 0.6666666666666666 0.3114285714285715 0.6666666666666666
3 0.3121428571428572 0.5238095238095238 0.24428571428571436 0.5238095238095238 0.24428571428571436 0.5828571428571429 0.3121428571428572 0.5828571428571429
3 0.3064285714285715 0.5733333333333334 0.2300000000000001 0.5733333333333334 0.2300000000000001 0.6285714285714286 0.3064285714285715 0.6285714285714286
7 0.34785714285714286 0.22476190476190483 0.3442857142857143 0.22476190476190483 0.3442857142857143 0.24380952380952392 0.34785714285714286 0.24380952380952392
7 0.3435714285714286 0.22761904761904767 0.3392857142857143 0.22761904761904767 0.3392857142857143 0.240952380952381 0.3435714285714286 0.240952380952381
3 0.26285714285714296 0.4980952380952381 0.22000000000000008 0.4980952380952381 0.22000000000000008 0.5238095238095238 0.26285714285714296 0.5238095238095238
5 0.38142857142857145 0.4942857142857143 0.3678571428571429 0.4942857142857143 0.3678571428571429 0.5380952380952381 0.38142857142857145 0.5380952380952381
5 0.38857142857142857 0.24380952380952392 0.38357142857142856 0.24380952380952392 0.38357142857142856 0.25904761904761914 0.38857142857142857 0.25904761904761914
5 0.5892857142857143 0.3285714285714287 0.5828571428571429 0.3285714285714287 0.5828571428571429 0.3466666666666668 0.5892857142857143 0.3466666666666668
5 0.4107142857142857 0.09047619047619053 0.4057142857142857 0.09047619047619053 0.4057142857142857 0.10857142857142862 0.4107142857142857 0.10857142857142862
5 0.415 0.13619047619047625 0.4107142857142857 0.13619047619047625 0.4107142857142857 0.14857142857142863 0.415 0.14857142857142863
5 0.4042857142857143 0.14666666666666672 0.4 0.14666666666666672 0.4 0.16000000000000006 0.4042857142857143 0.16000000000000006
3 0.4085714285714286 0.11523809523809529 0.39785714285714285 0.11523809523809529 0.39785714285714285 0.13238095238095243 0.4085714285714286 0.13238095238095243
3 0.4742857142857143 0.009523809523809601 0.46785714285714286 0.009523809523809601 0.46785714285714286 0.016190476190476265 0.4742857142857143 0.016190476190476265
3 0.4742857142857143 7.709443183203814e-17 0.47 7.674453274656746e-17 0.47 0.006666666666666743 0.4742857142857143 0.006666666666666744
3 0.44 0.07428571428571437 0.42928571428571427 0.07428571428571437 0.42928571428571427 0.08857142857142865 0.44 0.08857142857142865
5 0.4992857142857143 0.1038095238095239 0.4957142857142857 0.1038095238095239 0.4957142857142857 0.11142857142857152 0.4992857142857143 0.11142857142857152
5 0.47 0.033333333333333416 0.46785714285714286 0.033333333333333416 0.46785714285714286 0.041904761904761986 0.47 0.041904761904761986
7 0.3335714285714286 0.16000000000000006 0.33 0.16000000000000006 0.33 0.1752380952380953 0.3335714285714286 0.1752380952380953
7 0.3514285714285714 0.11809523809523816 0.34714285714285714 0.11809523809523816 0.34714285714285714 0.12666666666666673 0.3514285714285714 0.12666666666666673
7 0.3485714285714286 0.13142857142857148 0.3442857142857143 0.13142857142857148 0.3442857142857143 0.14000000000000004 0.3485714285714286 0.14000000000000004
11 0.37214285714285716 0.06285714285714292 0.33 0.06285714285714292 0.33 0.09142857142857148 0.37214285714285716 0.09142857142857148
7 0.4164285714285714 0.06476190476190483 0.4135714285714286 0.06476190476190481 0.4135714285714286 0.07428571428571436 0.4164285714285714 0.07428571428571437
3 0.3942857142857143 0.01047619047619054 0.38642857142857145 0.01047619047619054 0.38642857142857145 0.01809523809523816 0.3942857142857143 0.018095238095238164
5 0.4785714285714286 0.020000000000000077 0.4757142857142857 0.020000000000000073 0.4757142857142857 0.02857142857142865 0.4785714285714286 0.028571428571428654
5 0.6792857142857143 0.6095238095238097 0.6664285714285715 0.6095238095238097 0.6664285714285715 0.6419047619047621 0.6792857142857143 0.6419047619047621
8 0.6785714285714286 0.6095238095238097 0.6707142857142857 0.6095238095238097 0.6707142857142857 0.6219047619047621 0.6785714285714286 0.6219047619047621
8 0.5892857142857143 0.3285714285714287 0.585 0.3285714285714287 0.585 0.33523809523809533 0.5892857142857143 0.33523809523809533
8 0.4992857142857143 0.1038095238095239 0.49642857142857144 0.1038095238095239 0.49642857142857144 0.10857142857142865 0.4992857142857143 0.10857142857142865
8 0.4785714285714286 0.020000000000000077 0.4764285714285714 0.020000000000000073 0.4764285714285714 0.02476190476190484 0.4785714285714286 0.024761904761904843
8 0.4707142857142857 0.034285714285714364 0.46785714285714286 0.034285714285714364 0.46785714285714286 0.03904761904761913 0.4707142857142857 0.03904761904761913
8 0.41 0.09047619047619053 0.4064285714285714 0.09047619047619053 0.4064285714285714 0.10000000000000006 0.41 0.10000000000000006
8 0.415 0.13619047619047625 0.4114285714285714 0.13619047619047625 0.4114285714285714 0.1428571428571429 0.415 0.1428571428571429
8 0.4042857142857143 0.14666666666666672 0.4 0.14666666666666672 0.4 0.15333333333333338 0.4042857142857143 0.15333333333333338
8 0.38785714285714284 0.24476190476190487 0.385 0.24476190476190487 0.385 0.2504761904761906 0.38785714285714284 0.2504761904761906
8 0.38 0.49142857142857144 0.37142857142857144 0.49142857142857144 0.37142857142857144 0.5123809523809524 0.38 0.5123809523809524