10 0.7757142857142857 0.7285714285714286 0.5285714285714286 0.7285714285714285 0.5285714285714287 0.9285714285714287 0.7757142857142857 0.9285714285714288
10 0.7578571428571429 0.621904761904762 0.51 0.621904761904762 0.51 0.8095238095238096 0.7578571428571429 0.8095238095238098
7 0.44357142857142856 0.7819047619047619 0.41714285714285715 0.7819047619047619 0.41714285714285715 0.8561904761904762 0.44357142857142856 0.8561904761904762
3 0.6064285714285714 0.33523809523809533 0.525 0.33523809523809533 0.525 0.4104761904761906 0.6064285714285714 0.4104761904761906
3 0.6142857142857143 0.26190476190476203 0.5292857142857142 0.26190476190476203 0.5292857142857142 0.31142857142857155 0.6142857142857143 0.31142857142857155
3 0.5921428571428572 0.1761904761904763 0.5207142857142857 0.1761904761904763 0.5207142857142857 0.2180952380952382 0.5921428571428572 0.2180952380952382
3 0.5771428571428572 0.14571428571428582 0.5271428571428571 0.14571428571428582 0.5271428571428571 0.18476190476190488 0.5771428571428572 0.18476190476190488
3 0.5814285714285714 0.13047619047619058 0.515 0.13047619047619058 0.515 0.16571428571428581 0.5814285714285714 0.16571428571428581
3 0.5664285714285714 0.07809523809523818 0.5142857142857142 0.07809523809523818 0.5142857142857142 0.10857142857142865 0.5664285714285714 0.10857142857142865
3 0.56 0.0695238095238096 0.5114285714285715 0.0695238095238096 0.5114285714285715 0.09523809523809532 0.56 0.09523809523809532
3 0.5178571428571429 0.20666666666666675 0.4835714285714286 0.20666666666666672 0.4835714285714286 0.2561904761904763 0.5178571428571429 0.2561904761904763
3 0.39714285714285713 0.4095238095238096 0.33714285714285713 0.4095238095238096 0.3371428571428572 0.5057142857142857 0.39714285714285713 0.5057142857142857
3 0.42857142857142855 0.2190476190476191 0.3942857142857143 0.2190476190476191 0.3942857142857143 0.2676190476190477 0.42857142857142855 0.2676190476190477
3 0.43857142857142856 0.160952380952381 0.405 0.160952380952381 0.405 0.20761904761904768 0.43857142857142856 0.20761904761904768
3 0.44785714285714284 0.10190476190476198 0.42142857142857143 0.10190476190476198 0.42142857142857143 0.13619047619047625 0.44785714285714284 0.13619047619047625
8 0.5128571428571429 0.32380952380952394 0.49642857142857144 0.32380952380952394 0.49642857142857144 0.3742857142857144 0.5128571428571429 0.3742857142857144
1 0.5121428571428571 0.33714285714285724 0.5 0.33714285714285724 0.5 0.37904761904761913 0.5121428571428571 0.37904761904761913
7 0.44642857142857145 0.35333333333333344 0.43357142857142855 0.35333333333333344 0.43357142857142855 0.401904761904762 0.44642857142857145 0.401904761904762
5 0.5342857142857143 0.44761904761904775 0.4878571428571429 0.44761904761904775 0.4878571428571429 0.4847619047619049 0.5342857142857143 0.4847619047619049
1 0.5842857142857143 0.4400000000000001 0.5485714285714286 0.4400000000000001 0.5485714285714286 0.4723809523809525 0.5842857142857143 0.4723809523809525
7 0.62 0.44666666666666677 0.6035714285714285 0.44666666666666677 0.6035714285714285 0.49333333333333335 0.62 0.49333333333333335
8 0.4742857142857143 0.3171428571428572 0.45714285714285713 0.3171428571428572 0.45714285714285713 0.35142857142857153 0.4742857142857143 0.35142857142857153
0 0.48214285714285715 0.3314285714285715 0.45357142857142857 0.3314285714285715 0.45357142857142857 0.38666666666666677 0.48214285714285715 0.38666666666666677
3 0.37214285714285716 0.23809523809523814 0.3264285714285714 0.23809523809523814 0.3264285714285714 0.2952380952380953 0.37214285714285716 0.29523809523809535
3 0.31285714285714283 0.22952380952380957 0.2621428571428571 0.22952380952380957 0.2621428571428571 0.3 0.31285714285714283 0.3
3 0.39571428571428574 0.07047619047619053 0.36857142857142855 0.07047619047619053 0.36857142857142855 0.10666666666666672 0.39571428571428574 0.10666666666666672
3 0.4592857142857143 0.04857142857142865 0.43857142857142856 0.04857142857142864 0.43857142857142856 0.07619047619047627 0.4592857142857143 0.07619047619047627
3 0.42 0.007619047619047685 0.3992857142857143 0.007619047619047683 0.3992857142857143 0.03238095238095245 0.42 0.03238095238095245
3 0.32142857142857145 0.12857142857142861 0.2857142857142857 0.12857142857142861 0.2857142857142857 0.17142857142857149 0.32142857142857145 0.17142857142857149
3 0.2757142857142857 0.19619047619047625 0.22785714285714287 0.19619047619047625 0.22785714285714287 0.2580952380952381 0.2757142857142857 0.2580952380952381
3 0.23714285714285716 0.259047619047619 0.17714285714285719 0.259047619047619 0.17714285714285719 0.34285714285714286 0.23714285714285716 0.34285714285714286
3 0.18000000000000005 0.37047619047619046 0.08928571428571433 0.37047619047619046 0.08928571428571433 0.4866666666666667 0.18000000000000005 0.4866666666666667
3 0.09928571428571432 0.5028571428571429 4.618667928212875e-17 0.5028571428571429 5.261607497765235e-17 0.6428571428571429 0.09928571428571432 0.6428571428571429
8 0.1485714285714286 0.35619047619047617 0.13000000000000003 0.35619047619047617 0.13000000000000003 0.3980952380952381 0.1485714285714286 0.3980952380952381
7 0.52 0.15333333333333343 0.5092857142857142 0.15333333333333343 0.5092857142857142 0.18952380952380962 0.52 0.18952380952380962
7 0.5128571428571429 0.07333333333333342 0.505 0.07333333333333342 0.505 0.10095238095238103 0.5128571428571429 0.10095238095238103
7 0.5007142857142857 0.0495238095238096 0.49357142857142855 0.0495238095238096 0.49357142857142855 0.07428571428571437 0.5007142857142857 0.07428571428571437
7 0.4957142857142857 0.022857142857142937 0.48928571428571427 0.022857142857142937 0.48928571428571427 0.046666666666666745 0.4957142857142857 0.046666666666666745
0 0.5142857142857142 0.030476190476190556 0.4992857142857143 0.030476190476190556 0.4992857142857143 0.05523809523809532 0.5142857142857142 0.05523809523809532
0 0.5214285714285715 0.020000000000000084 0.5071428571428571 0.02000000000000008 0.5071428571428571 0.041904761904761986 0.5214285714285715 0.041904761904761986
3 0.5121428571428571 0.09619047619047627 0.48928571428571427 0.09619047619047627 0.48928571428571427 0.1276190476190477 0.5121428571428571 0.12761904761904772
3 0.36428571428571427 0.06095238095238101 0.33714285714285713 0.06095238095238101 0.33714285714285713 0.09428571428571433 0.36428571428571427 0.09428571428571433
11 0.34 0.08666666666666673 0.30642857142857144 0.08666666666666673 0.30642857142857144 0.1352380952380953 0.34 0.1352380952380953
10 0.3821428571428571 0.009523809523809584 0.34714285714285714 0.009523809523809582 0.34714285714285714 0.06571428571428577 0.3821428571428571 0.06571428571428577
3 0.5657142857142857 0.03809523809523818 0.5271428571428571 0.038095238095238175 0.5271428571428571 0.06857142857142866 0.5657142857142857 0.06857142857142866
8 0.04214285714285721 0.7304761904761905 0.0014285714285714958 0.7304761904761905 0.0014285714285714984 0.7895238095238095 0.04214285714285721 0.7895238095238095
1 0.04857142857142864 0.741904761904762 0.0007142857142857825 0.741904761904762 0.0007142857142857862 0.8228571428571428 0.048571428571428654 0.8228571428571428