3 0.23 0.10000000000000003 0.16 0.10000000000000003 0.16 0.14285714285714288 0.23 0.1428571428571429
9 0.37857142857142856 0.21619047619047624 0.3464285714285714 0.21619047619047624 0.3464285714285714 0.25142857142857156 0.37857142857142856 0.25142857142857156
9 0.43785714285714283 0.21619047619047624 0.39357142857142857 0.21619047619047624 0.39357142857142857 0.26095238095238105 0.43785714285714283 0.26095238095238105
7 0.4107142857142857 0.20857142857142863 0.4007142857142857 0.20857142857142863 0.4007142857142857 0.22476190476190483 0.4107142857142857 0.22476190476190483
7 0.43857142857142856 0.2857142857142858 0.42642857142857143 0.2857142857142858 0.42642857142857143 0.3057142857142858 0.43857142857142856 0.3057142857142858
7 0.3807142857142857 0.27809523809523823 0.37 0.27809523809523823 0.37 0.2990476190476192 0.3807142857142857 0.2990476190476192
3 0.51 0.26095238095238105 0.4707142857142857 0.26095238095238105 0.4707142857142857 0.3504761904761906 0.51 0.3504761904761906
4 0.3342857142857143 0.3685714285714286 0.32 0.36857142857142855 0.32 0.3866666666666667 0.3342857142857143 0.38666666666666677
7 0.3657142857142857 0.4104761904761906 0.355 0.4104761904761906 0.355 0.42666666666666675 0.3657142857142857 0.42666666666666675
7 0.395 0.422857142857143 0.38285714285714284 0.422857142857143 0.38285714285714284 0.43523809523809537 0.395 0.43523809523809537
7 0.45571428571428574 0.44095238095238104 0.44857142857142857 0.44095238095238104 0.44857142857142857 0.4533333333333334 0.45571428571428574 0.4533333333333334
7 0.4614285714285714 0.44952380952380966 0.455 0.44952380952380966 0.455 0.45904761904761915 0.4614285714285714 0.45904761904761915
1 0.4614285714285714 0.46095238095238106 0.45714285714285713 0.46095238095238106 0.45714285714285713 0.482857142857143 0.4614285714285714 0.482857142857143
4 0.44285714285714284 0.4961904761904762 0.435 0.4961904761904762 0.435 0.5095238095238095 0.44285714285714284 0.5095238095238095
3 0.6678571428571428 0.18380952380952392 0.6107142857142858 0.18380952380952392 0.6107142857142858 0.24952380952380962 0.6678571428571428 0.24952380952380962
3 0.7364285714285714 0.14380952380952391 0.6871428571428572 0.14380952380952391 0.6871428571428572 0.18285714285714297 0.7364285714285714 0.18285714285714297
3 0.8878571428571429 0.017142857142857282 0.8221428571428572 0.01714285714285728 0.8221428571428572 0.05619047619047633 0.8878571428571429 0.05619047619047634
11 0.8742857142857143 0.1371428571428573 0.8092857142857143 0.13714285714285726 0.8092857142857143 0.1847619047619049 0.8742857142857143 0.18476190476190493
7 0.9514285714285714 0.16380952380952396 0.9314285714285714 0.16380952380952396 0.9314285714285714 0.18285714285714302 0.9514285714285714 0.18285714285714302
3 1 0.1752380952380954 0.9721428571428572 0.1752380952380954 0.9721428571428572 0.2114285714285716 1 0.2114285714285716
7 0.7192857142857143 0.19333333333333344 0.7057142857142857 0.19333333333333344 0.7057142857142857 0.21523809523809534 0.7192857142857143 0.21523809523809534
7 0.5885714285714285 0.26285714285714296 0.5757142857142857 0.26285714285714296 0.5757142857142857 0.2866666666666668 0.5885714285714285 0.2866666666666668
11 0.5828571428571429 0.42761904761904773 0.5564285714285714 0.42761904761904773 0.5564285714285714 0.5038095238095238 0.5828571428571429 0.5038095238095238
10 0.5421428571428571 0.5371428571428571 0.5092857142857142 0.5371428571428571 0.5092857142857142 0.6780952380952381 0.5421428571428571 0.6780952380952381
3 0.5835714285714285 0.7028571428571428 0.555 0.7028571428571428 0.555 0.7904761904761904 0.5835714285714285 0.7904761904761904
7 0.5692857142857144 0.9638095238095238 0.5592857142857145 0.9638095238095238 0.5592857142857145 0.9923809523809524 0.5692857142857144 0.9923809523809524
4 0.5821428571428573 0.9647619047619047 0.5735714285714287 0.9647619047619047 0.5735714285714287 0.9942857142857143 0.5821428571428573 0.9942857142857143
7 0.7207142857142859 0.9180952380952383 0.6992857142857144 0.9180952380952383 0.6992857142857144 0.9352380952380954 0.7207142857142859 0.9352380952380954
4 0.6992857142857143 0.8495238095238098 0.6842857142857143 0.8495238095238098 0.6842857142857143 0.8666666666666669 0.6992857142857143 0.8666666666666669
5 0.6821428571428572 0.5561904761904763 0.6578571428571428 0.5561904761904762 0.6578571428571428 0.5676190476190477 0.6821428571428572 0.5676190476190478
5 0.6978571428571428 0.5980952380952383 0.6857142857142857 0.5980952380952383 0.6857142857142857 0.6295238095238097 0.6978571428571428 0.6295238095238097
5 0.6671428571428571 0.48952380952380964 0.6378571428571429 0.4895238095238095 0.6378571428571429 0.5038095238095239 0.6671428571428571 0.503809523809524
5 0.7135714285714285 0.5590476190476192 0.6914285714285714 0.5590476190476192 0.6914285714285714 0.5742857142857145 0.7135714285714285 0.5742857142857145
7 0.3621428571428572 0.9447619047619048 0.34928571428571437 0.9447619047619048 0.34928571428571437 0.96 0.3621428571428572 0.96
7 0.3507142857142858 0.9476190476190476 0.3400000000000001 0.9476190476190476 0.3400000000000001 0.960952380952381 0.3507142857142858 0.960952380952381
7 0.3528571428571429 0.839047619047619 0.3357142857142858 0.839047619047619 0.3357142857142858 0.8533333333333334 0.3528571428571429 0.8533333333333334
5 0.3364285714285715 0.9028571428571428 0.3257142857142858 0.9028571428571428 0.3257142857142858 0.9333333333333333 0.3364285714285715 0.9333333333333333
7 0.2921428571428572 0.9257142857142857 0.2714285714285715 0.9257142857142857 0.2714285714285715 0.9542857142857143 0.2921428571428572 0.9542857142857143