7 0.36642857142857144 0.7495238095238095 0.3607142857142858 0.7495238095238095 0.3607142857142858 0.7704761904761904 0.36642857142857144 0.7704761904761904
7 0.3707142857142857 0.7504761904761905 0.36642857142857144 0.7504761904761905 0.36642857142857144 0.7685714285714286 0.3707142857142857 0.7685714285714286
5 0.3557142857142858 0.7876190476190477 0.33928571428571436 0.7876190476190477 0.33928571428571436 0.8133333333333334 0.3557142857142858 0.8133333333333334
3 0.17357142857142865 0.8038095238095239 0.08428571428571437 0.8038095238095239 0.08428571428571437 0.8580952380952381 0.17357142857142865 0.8580952380952381
3 0.1557142857142858 0.878095238095238 0.07428571428571437 0.878095238095238 0.07428571428571437 0.9380952380952381 0.1557142857142858 0.9380952380952381
3 0.26500000000000007 0.9161904761904762 0.18357142857142866 0.9161904761904762 0.18357142857142866 0.9866666666666667 0.26500000000000007 0.9866666666666667
3 0.21428571428571436 0.9666666666666667 0.10714285714285722 0.9666666666666667 0.10714285714285722 1 0.21428571428571436 1
5 0.615 0.44571428571428584 0.6078571428571429 0.44571428571428584 0.6078571428571429 0.4647619047619049 0.615 0.4647619047619049
7 0.5464285714285714 0.2895238095238096 0.5421428571428571 0.2895238095238096 0.5421428571428571 0.30952380952380965 0.5464285714285714 0.30952380952380965
3 0.5735714285714286 0.24666666666666678 0.5442857142857143 0.24666666666666678 0.5442857142857143 0.26285714285714296 0.5735714285714286 0.26285714285714296
3 0.575 0.2361904761904763 0.5464285714285714 0.2361904761904763 0.5464285714285714 0.2552380952380953 0.575 0.2552380952380953
3 0.615 0.2104761904761906 0.5857142857142857 0.2104761904761906 0.5857142857142857 0.22666666666666677 0.615 0.22666666666666677
3 0.615 0.20000000000000012 0.5892857142857143 0.20000000000000012 0.5892857142857143 0.2161904761904763 0.615 0.2161904761904763
3 0.6157142857142858 0.19238095238095249 0.5907142857142857 0.19238095238095249 0.5907142857142857 0.20666666666666678 0.6157142857142858 0.20666666666666678
3 0.6171428571428571 0.1866666666666668 0.5942857142857143 0.1866666666666668 0.5942857142857143 0.2038095238095239 0.6171428571428571 0.2038095238095239
3 0.6228571428571429 0.181904761904762 0.6021428571428571 0.181904761904762 0.6021428571428571 0.19714285714285726 0.6228571428571429 0.19714285714285726
3 0.6935714285714286 0.050476190476190584 0.6857142857142857 0.050476190476190584 0.6857142857142857 0.06380952380952391 0.6935714285714286 0.06380952380952391
3 0.695 0.043809523809523916 0.6885714285714286 0.043809523809523916 0.6885714285714286 0.052380952380952486 0.695 0.052380952380952486
3 0.695 0.03428571428571439 0.69 0.03428571428571439 0.69 0.04285714285714297 0.695 0.04285714285714297
5 0.705 1.149418495771159e-16 0.7028571428571428 1.1476690003438054e-16 0.7028571428571428 0.007619047619047734 0.705 0.007619047619047734
5 0.7064285714285714 0.02190476190476202 0.7035714285714286 0.02190476190476202 0.7035714285714286 0.028571428571428685 0.7064285714285714 0.028571428571428685
5 0.7028571428571428 0.0380952380952382 0.7007142857142857 0.0380952380952382 0.7007142857142857 0.04476190476190487 0.7028571428571428 0.04476190476190487
5 0.72 0.07047619047619058 0.715 0.07047619047619058 0.715 0.08285714285714296 0.72 0.08285714285714296
3 0.6871428571428572 0.08095238095238107 0.6778571428571428 0.08095238095238107 0.6778571428571428 0.09333333333333343 0.6871428571428572 0.09333333333333343
3 0.68 0.10666666666666677 0.6692857142857143 0.10666666666666677 0.6692857142857143 0.12190476190476202 0.68 0.12190476190476202
3 0.6771428571428572 0.12190476190476202 0.6664285714285715 0.12190476190476202 0.6664285714285715 0.13523809523809535 0.6771428571428572 0.13523809523809535
3 0.6757142857142857 0.1342857142857144 0.6657142857142857 0.1342857142857144 0.6657142857142857 0.14761904761904773 0.6757142857142857 0.14761904761904773
3 0.67 0.15523809523809534 0.66 0.15523809523809534 0.66 0.1704761904761906 0.67 0.1704761904761906
3 0.6642857142857143 0.18095238095238106 0.655 0.18095238095238106 0.655 0.20000000000000012 0.6642857142857143 0.20000000000000012
3 0.6685714285714286 0.1704761904761906 0.6571428571428571 0.1704761904761906 0.6571428571428571 0.18285714285714297 0.6685714285714286 0.18285714285714297
3 0.6521428571428571 0.24095238095238106 0.6364285714285715 0.24095238095238106 0.6364285714285715 0.26571428571428585 0.6521428571428571 0.26571428571428585
3 0.6457142857142857 0.2685714285714287 0.6314285714285715 0.2685714285714287 0.6314285714285715 0.29714285714285726 0.6457142857142857 0.29714285714285726
3 0.7378571428571429 0.017142857142857265 0.7314285714285714 0.017142857142857265 0.7314285714285714 0.025714285714285835 0.7378571428571429 0.025714285714285835
3 0.7407142857142858 0.034285714285714405 0.7335714285714285 0.034285714285714405 0.7335714285714285 0.04380952380952393 0.7407142857142858 0.04380952380952393
3 0.7257142857142858 0.03523809523809536 0.7192857142857143 0.03523809523809536 0.7192857142857143 0.04571428571428584 0.7257142857142858 0.04571428571428584
3 0.7378571428571429 0.053333333333333455 0.7292857142857143 0.053333333333333455 0.7292857142857143 0.06476190476190487 0.7378571428571429 0.06476190476190487
3 0.7285714285714285 0.08761904761904772 0.7185714285714285 0.08761904761904772 0.7185714285714285 0.10476190476190488 0.7285714285714285 0.10476190476190488
3 0.7364285714285714 0.12857142857142867 0.7271428571428571 0.12857142857142867 0.7271428571428571 0.14571428571428582 0.7364285714285714 0.14571428571428582
3 0.7692857142857142 0.12000000000000013 0.7585714285714286 0.12000000000000013 0.7585714285714286 0.13333333333333344 0.7692857142857142 0.13333333333333344
3 0.7307142857142858 0.22761904761904772 0.7164285714285714 0.22761904761904772 0.7164285714285714 0.25142857142857156 0.7307142857142858 0.25142857142857156
7 0.7257142857142858 0.0009523809523810706 0.7235714285714285 0.0009523809523810703 0.7235714285714285 0.00857142857142869 0.7257142857142858 0.00857142857142869
7 0.7721428571428571 0.1542857142857144 0.7671428571428571 0.1542857142857144 0.7671428571428571 0.16857142857142868 0.7721428571428571 0.16857142857142868
5 0.6371428571428571 0.35904761904761917 0.6314285714285715 0.35904761904761917 0.6314285714285715 0.37523809523809537 0.6371428571428571 0.37523809523809537
3 0.7121428571428572 0.4942857142857145 0.69 0.4942857142857145 0.69 0.544761904761905 0.7121428571428572 0.544761904761905
3 0.7092857142857143 0.5561904761904765 0.685 0.5561904761904765 0.685 0.6133333333333335 0.7092857142857143 0.6133333333333335
3 0.6707142857142857 0.5847619047619048 0.6428571428571429 0.5847619047619048 0.6428571428571429 0.6438095238095239 0.6707142857142857 0.643809523809524
3 0.7085714285714285 0.6323809523809526 0.6821428571428572 0.6323809523809526 0.6821428571428572 0.6971428571428574 0.7085714285714285 0.6971428571428574
1 0.6757142857142857 0.6695238095238097 0.6671428571428571 0.6695238095238097 0.6671428571428571 0.6990476190476193 0.6757142857142857 0.6990476190476193
11 0.8435714285714285 0.3009523809523811 0.8292857142857143 0.3009523809523811 0.8292857142857143 0.3285714285714287 0.8435714285714285 0.3285714285714287
3 0.8307142857142857 0.24571428571428583 0.8185714285714286 0.24571428571428583 0.8185714285714286 0.26476190476190486 0.8307142857142857 0.26476190476190486
3 0.915 0.2904761904761906 0.9 0.2904761904761906 0.9 0.31047619047619057 0.915 0.31047619047619057
7 0.875 0.30666666666666675 0.8728571428571429 0.30666666666666675 0.8728571428571429 0.3180952380952382 0.875 0.3180952380952382
7 0.8714285714285714 0.301904761904762 0.8657142857142858 0.301904761904762 0.8657142857142858 0.3180952380952382 0.8714285714285714 0.3180952380952382
3 0.8307142857142857 0.222857142857143 0.8157142857142857 0.22285714285714298 0.8157142857142857 0.24380952380952392 0.8307142857142857 0.24380952380952392
3 0.8042857142857143 0.09523809523809537 0.7942857142857143 0.09523809523809537 0.7942857142857143 0.11142857142857156 0.8042857142857143 0.11142857142857156
5 0.8071428571428572 0.14285714285714296 0.8021428571428572 0.14285714285714296 0.8021428571428572 0.16000000000000011 0.8071428571428572 0.16000000000000011
3 0.8014285714285714 0.08190476190476204 0.7935714285714286 0.08190476190476204 0.7935714285714286 0.09333333333333346 0.8014285714285714 0.09333333333333346
3 0.7992857142857143 0.0647619047619049 0.7907142857142857 0.0647619047619049 0.7907142857142857 0.07904761904761919 0.7992857142857143 0.07904761904761919
3 0.7885714285714286 0.011428571428571557 0.7814285714285715 0.011428571428571557 0.7814285714285715 0.018095238095238223 0.7885714285714286 0.018095238095238223
3 0.7871428571428571 0.0028571428571429855 0.78 0.002857142857142985 0.78 0.011428571428571557 0.7871428571428571 0.011428571428571557
3 0.7864285714285715 1.2794643225377584e-16 0.7807142857142857 1.2747990013981494e-16 0.7807142857142857 0.005714285714285842 0.7864285714285715 0.005714285714285843
3 0.7971428571428572 0.05809523809523823 0.79 0.05809523809523823 0.79 0.06857142857142871 0.7971428571428572 0.06857142857142871
3 0.7957142857142857 0.03714285714285727 0.7857142857142857 0.03714285714285726 0.7857142857142857 0.050476190476190605 0.7957142857142857 0.05047619047619061
3 0.7921428571428571 0.023809523809523937 0.785 0.023809523809523937 0.785 0.03523809523809537 0.7921428571428571 0.035238095238095374
8 0.705 1.1488353306287075e-16 0.7021428571428572 1.1465026700589032e-16 0.7021428571428572 0.006666666666666782 0.705 0.006666666666666782
8 0.7071428571428572 0.02190476190476202 0.7042857142857143 0.02190476190476202 0.7042857142857143 0.027619047619047734 0.7071428571428572 0.027619047619047734
8 0.7035714285714286 0.03714285714285725 0.7 0.03714285714285725 0.7 0.041904761904762014 0.7035714285714286 0.041904761904762014
8 0.7192857142857143 0.07047619047619058 0.715 0.07047619047619058 0.715 0.07904761904761916 0.7192857142857143 0.07904761904761916
8 0.8085714285714286 0.14285714285714296 0.8028571428571428 0.14285714285714296 0.8028571428571428 0.15333333333333343 0.8085714285714286 0.15333333333333343
8 0.6364285714285715 0.3580952380952382 0.6321428571428571 0.3580952380952382 0.6321428571428571 0.36857142857142866 0.6364285714285715 0.36857142857142866
8 0.6764285714285714 0.6704761904761907 0.6664285714285715 0.6704761904761907 0.6664285714285715 0.6876190476190478 0.6764285714285714 0.6876190476190478
8 0.3528571428571429 0.7895238095238095 0.3428571428571429 0.7895238095238095 0.3428571428571429 0.8085714285714286 0.3528571428571429 0.8085714285714286
8 0.6157142857142858 0.44666666666666677 0.6078571428571429 0.44666666666666677 0.6078571428571429 0.46190476190476204 0.6157142857142858 0.46190476190476204