1 0.405 0.8285714285714286 0.3792857142857143 0.8285714285714286 0.3792857142857143 0.8495238095238096 0.405 0.8495238095238096
1 0.5728571428571428 0.8171428571428572 0.5514285714285714 0.8171428571428572 0.5514285714285714 0.840952380952381 0.5728571428571428 0.840952380952381
5 0.5042857142857143 0.8114285714285714 0.47928571428571426 0.8114285714285714 0.47928571428571426 0.8361904761904762 0.5042857142857143 0.8361904761904762
0 0.39428571428571446 0.9323809523809524 0.3600000000000001 0.9323809523809524 0.3600000000000001 0.9980952380952381 0.39428571428571446 0.9980952380952381
3 0.6478571428571429 0.8361904761904762 0.6007142857142858 0.8361904761904762 0.6007142857142858 0.9457142857142857 0.647857142857143 0.9457142857142857
7 0.4121428571428572 0.8638095238095238 0.4014285714285714 0.8638095238095238 0.4014285714285715 0.8847619047619047 0.4121428571428573 0.8847619047619047
7 0.3650000000000001 0.919047619047619 0.3564285714285715 0.919047619047619 0.3564285714285715 0.9419047619047619 0.3650000000000001 0.9419047619047619
7 0.28428571428571436 0.9152380952380952 0.2750000000000001 0.9152380952380952 0.2750000000000001 0.9380952380952381 0.28428571428571436 0.9380952380952381
8 0.5692857142857143 0.8180952380952381 0.5571428571428572 0.8180952380952381 0.5571428571428572 0.8352380952380952 0.5692857142857143 0.8352380952380952
8 0.495 0.8104761904761905 0.4857142857142857 0.8104761904761905 0.4857142857142857 0.8352380952380952 0.495 0.8352380952380952
8 0.3964285714285714 0.8238095238095238 0.38142857142857145 0.8238095238095238 0.38142857142857145 0.8466666666666667 0.3964285714285714 0.8466666666666667
10 0.8621428571428571 0.5333333333333335 0.7885714285714286 0.5333333333333335 0.7885714285714286 0.6495238095238097 0.8621428571428571 0.6495238095238097
5 0.7542857142857143 0.7123809523809526 0.7364285714285714 0.7123809523809526 0.7364285714285714 0.7380952380952384 0.7542857142857143 0.7380952380952384
7 0.7257142857142858 0.6590476190476192 0.7192857142857143 0.6590476190476192 0.7192857142857143 0.683809523809524 0.7257142857142858 0.683809523809524
8 0.7535714285714286 0.7104761904761907 0.7442857142857143 0.7104761904761907 0.7442857142857143 0.7342857142857145 0.7535714285714286 0.7342857142857145
4 0.8607142857142858 0.5476190476190478 0.8464285714285714 0.5476190476190478 0.8464285714285714 0.5904761904761907 0.8607142857142858 0.5904761904761907
4 0.8385714285714285 0.5171428571428573 0.8264285714285714 0.5171428571428573 0.8264285714285714 0.5380952380952383 0.8385714285714285 0.5380952380952383
11 0.8807142857142857 0.4085714285714287 0.845 0.4085714285714287 0.845 0.43047619047619057 0.8807142857142857 0.43047619047619057
10 0.6435714285714286 0.2542857142857144 0.6035714285714285 0.2542857142857144 0.6035714285714285 0.3038095238095239 0.6435714285714286 0.3038095238095239
10 0.5521428571428572 0.1638095238095239 0.5235714285714286 0.1638095238095239 0.5235714285714286 0.19714285714285726 0.5521428571428572 0.19714285714285726
3 0.5535714285714286 0.19714285714285726 0.5428571428571428 0.19714285714285726 0.5428571428571428 0.21142857142857155 0.5535714285714286 0.21142857142857155
3 0.6628571428571428 0.321904761904762 0.6428571428571429 0.321904761904762 0.6428571428571429 0.33904761904761915 0.6628571428571428 0.33904761904761915
3 0.38 0.08952380952380957 0.375 0.08952380952380957 0.375 0.0971428571428572 0.38 0.0971428571428572
3 0.3578571428571429 0.2695238095238096 0.3464285714285714 0.2695238095238096 0.3464285714285714 0.2838095238095239 0.3578571428571429 0.2838095238095239
3 0.3607142857142857 0.3123809523809525 0.3492857142857143 0.3123809523809525 0.3492857142857143 0.3295238095238096 0.3607142857142857 0.3295238095238096
3 0.36 0.3000000000000001 0.3485714285714286 0.3000000000000001 0.3485714285714286 0.31333333333333346 0.36 0.31333333333333346
7 0.42714285714285716 0.2704761904761906 0.4235714285714286 0.2704761904761906 0.4235714285714286 0.282857142857143 0.42714285714285716 0.282857142857143
7 0.3942857142857143 0.18666666666666673 0.3914285714285714 0.18666666666666673 0.3914285714285714 0.19619047619047625 0.3942857142857143 0.19619047619047625
7 0.38571428571428573 0.14190476190476195 0.38357142857142856 0.14190476190476195 0.38357142857142856 0.14857142857142863 0.38571428571428573 0.14857142857142863
4 0.38357142857142856 0.02476190476190482 0.365 0.02476190476190482 0.365 0.06857142857142863 0.38357142857142856 0.06857142857142863
10 0.37785714285714284 0.0771428571428572 0.37357142857142855 0.0771428571428572 0.37357142857142855 0.08666666666666673 0.37785714285714284 0.08666666666666673
10 0.42714285714285716 0.10857142857142864 0.4114285714285714 0.10857142857142862 0.4114285714285714 0.12571428571428578 0.42714285714285716 0.12571428571428578
3 0.37357142857142855 0.07428571428571434 0.3692857142857143 0.07428571428571434 0.3692857142857143 0.0790476190476191 0.37357142857142855 0.0790476190476191
10 0.335 0.2914285714285715 0.3221428571428571 0.2914285714285714 0.3221428571428571 0.3190476190476191 0.335 0.31904761904761914
10 0.3342857142857143 0.26000000000000006 0.31857142857142856 0.26 0.31857142857142856 0.2942857142857143 0.3342857142857143 0.2942857142857144
3 0.2985714285714286 0.35333333333333333 0.2621428571428571 0.35333333333333333 0.2621428571428571 0.37238095238095237 0.2985714285714286 0.37238095238095237
3 0.29714285714285715 0.3676190476190476 0.26285714285714284 0.3676190476190476 0.26285714285714284 0.3819047619047619 0.29714285714285715 0.3819047619047619
3 0.18285714285714294 0.44857142857142857 0.16000000000000003 0.44857142857142857 0.16000000000000003 0.4847619047619048 0.18285714285714294 0.4847619047619048
7 0.21714285714285722 0.9352380952380952 0.20285714285714293 0.9352380952380952 0.20285714285714293 0.9647619047619047 0.21714285714285722 0.9647619047619047
8 0.21357142857142866 0.9780952380952381 0.1914285714285715 0.9780952380952381 0.1914285714285715 0.9952380952380953 0.21357142857142866 0.9952380952380953
8 0.1964285714285715 0.981904761904762 0.18142857142857152 0.981904761904762 0.18142857142857152 1 0.1964285714285715 1
1 0.22785714285714292 0.9361904761904762 0.19714285714285723 0.9361904761904762 0.19714285714285723 0.9580952380952381 0.22785714285714292 0.9580952380952381