3 0.4740000000000001 0.752 0.4160000000000001 0.752 0.4160000000000001 0.7906666666666666 0.4740000000000001 0.7906666666666666
8 0.5195 0.7606666666666667 0.5065000000000001 0.7606666666666667 0.5065000000000001 0.786 0.5195 0.786
9 0.5365 0.758 0.5020000000000001 0.758 0.5020000000000001 0.8133333333333334 0.5365 0.8133333333333334
8 0.4525000000000001 0.658 0.4450000000000001 0.658 0.4450000000000001 0.6773333333333333 0.4525000000000001 0.6773333333333333
5 0.4525000000000001 0.66 0.4450000000000001 0.66 0.4450000000000001 0.6826666666666666 0.4525000000000001 0.6826666666666666
7 0.5060000000000001 0.6380000000000001 0.4990000000000001 0.6380000000000001 0.4990000000000001 0.6626666666666668 0.5060000000000001 0.6626666666666668
0 0.517 0.6393333333333335 0.5030000000000001 0.6393333333333335 0.5030000000000001 0.6666666666666669 0.517 0.6666666666666669
3 0.4495 0.4013333333333333 0.4245 0.4013333333333333 0.4245 0.43333333333333335 0.4495 0.43333333333333335
3 0.467 0.40266666666666673 0.4445 0.4026666666666667 0.4445 0.43200000000000005 0.467 0.43200000000000016
3 0.504 0.39400000000000013 0.476 0.39400000000000013 0.476 0.4226666666666668 0.504 0.4226666666666668
3 0.517 0.3900000000000001 0.494 0.3900000000000001 0.494 0.41600000000000015 0.517 0.41600000000000015
3 0.5375 0.3766666666666668 0.506 0.3766666666666668 0.506 0.3993333333333335 0.5375 0.3993333333333335
11 0.5285 0.36200000000000015 0.499 0.36200000000000015 0.499 0.38533333333333347 0.5285 0.38533333333333347
3 0.515 0.3506666666666668 0.485 0.3506666666666668 0.485 0.37000000000000016 0.515 0.37000000000000016
11 0.509 0.33933333333333343 0.4795 0.33933333333333343 0.4795 0.3593333333333335 0.509 0.3593333333333335
3 0.6615 0.42000000000000015 0.631 0.42000000000000015 0.631 0.4533333333333335 0.6615 0.4533333333333335
3 0.65 0.4906666666666668 0.6215 0.4906666666666668 0.6215 0.5313333333333334 0.65 0.5313333333333334
3 0.6145 0.4633333333333335 0.5915 0.4633333333333335 0.5915 0.4966666666666668 0.6145 0.4966666666666668
3 0.6005 0.4486666666666668 0.576 0.4486666666666668 0.576 0.4826666666666668 0.6005 0.4826666666666668
3 0.518 0.4613333333333335 0.4885 0.4613333333333335 0.4885 0.4966666666666668 0.518 0.4966666666666668
3 0.5345 0.46000000000000013 0.5095 0.46000000000000013 0.5095 0.4906666666666668 0.5345 0.4906666666666668
3 0.55 0.4513333333333335 0.5235 0.4513333333333335 0.5235 0.4846666666666668 0.55 0.4846666666666668
7 0.6925 0.8166666666666667 0.6835 0.8166666666666667 0.6835 0.8393333333333334 0.6925 0.8393333333333334
1 0.3495000000000001 0.7253333333333334 0.3290000000000001 0.7253333333333334 0.3290000000000001 0.7473333333333333 0.3495000000000001 0.7473333333333333
7 0.3505000000000001 0.6986666666666667 0.34200000000000014 0.6986666666666667 0.34200000000000014 0.7213333333333334 0.3505000000000001 0.7213333333333334
8 0.427 0.5406666666666666 0.4205 0.5406666666666666 0.4205 0.554 0.427 0.554
5 0.429 0.5433333333333333 0.4195 0.5433333333333333 0.4195 0.56 0.429 0.56
7 0.169 0.294 0.1625 0.294 0.1625 0.30933333333333335 0.169 0.30933333333333335
7 0.24100000000000005 0.35 0.23600000000000004 0.35 0.23600000000000004 0.36466666666666664 0.24100000000000005 0.36466666666666664
8 0.24550000000000005 0.32266666666666677 0.24050000000000005 0.32266666666666677 0.24050000000000005 0.3346666666666667 0.24550000000000005 0.3346666666666667
1 0.24600000000000005 0.32600000000000007 0.24100000000000005 0.32600000000000007 0.24100000000000005 0.3386666666666667 0.24600000000000005 0.3386666666666667
7 0.24850000000000005 0.37533333333333335 0.24300000000000005 0.37533333333333335 0.24300000000000005 0.3913333333333333 0.24850000000000005 0.3913333333333333
7 0.25250000000000006 0.37466666666666665 0.24700000000000005 0.37466666666666665 0.24700000000000005 0.3913333333333333 0.25250000000000006 0.3913333333333333
7 0.24800000000000005 0.38 0.24350000000000005 0.38 0.24350000000000005 0.39666666666666667 0.24800000000000005 0.39666666666666667
8 0.254 0.3053333333333334 0.249 0.3053333333333334 0.24900000000000003 0.3173333333333334 0.25400000000000006 0.3173333333333334
5 0.254 0.30800000000000005 0.2485 0.30800000000000005 0.24850000000000003 0.32000000000000006 0.25400000000000006 0.32000000000000006
7 0.303 0.2693333333333334 0.299 0.2693333333333334 0.299 0.2820000000000001 0.303 0.2820000000000001
5 0.229 0.28733333333333333 0.223 0.28733333333333333 0.223 0.298 0.229 0.298
8 0.228 0.284 0.2235 0.284 0.2235 0.296 0.228 0.296