3 0.6657142857142858 0.8638095238095239 0.62 0.8638095238095238 0.6200000000000001 0.9171428571428573 0.6657142857142859 0.9171428571428574
3 0.6885714285714287 0.8933333333333334 0.6457142857142859 0.8933333333333333 0.6457142857142859 0.9504761904761906 0.6885714285714287 0.9504761904761907
5 0.632857142857143 0.9171428571428571 0.6107142857142859 0.9171428571428571 0.6107142857142859 0.939047619047619 0.632857142857143 0.939047619047619
5 0.677857142857143 0.9523809523809524 0.6607142857142859 0.9523809523809523 0.6607142857142859 0.9742857142857144 0.677857142857143 0.9742857142857145
4 0.5250000000000001 0.8733333333333333 0.49142857142857144 0.8733333333333333 0.4914285714285715 0.9076190476190477 0.5250000000000001 0.9076190476190477
3 0.5764285714285714 0.638095238095238 0.5457142857142857 0.638095238095238 0.5457142857142857 0.6742857142857143 0.5764285714285714 0.6742857142857143
3 0.6042857142857143 0.6085714285714285 0.5764285714285714 0.6085714285714285 0.5764285714285714 0.64 0.6042857142857143 0.64
3 0.6214285714285714 0.5971428571428572 0.5935714285714285 0.5971428571428572 0.5935714285714285 0.6247619047619047 0.6214285714285714 0.6247619047619047
3 0.5957142857142858 0.5676190476190476 0.5657142857142857 0.5676190476190476 0.5657142857142857 0.5895238095238096 0.5957142857142858 0.5895238095238096
10 0.5857142857142857 0.5504761904761905 0.5528571428571428 0.5504761904761905 0.5528571428571428 0.5752380952380952 0.5857142857142857 0.5752380952380952
3 0.45571428571428574 0.56 0.425 0.56 0.425 0.58 0.45571428571428574 0.58
3 0.4157142857142857 0.48857142857142855 0.3871428571428571 0.48857142857142855 0.3871428571428571 0.5066666666666667 0.4157142857142857 0.5066666666666667
3 0.4085714285714286 0.4761904761904763 0.3821428571428571 0.4761904761904763 0.3821428571428571 0.4942857142857143 0.4085714285714286 0.4942857142857143
10 0.4157142857142857 0.4542857142857144 0.38285714285714284 0.4542857142857144 0.38285714285714284 0.4800000000000001 0.4157142857142857 0.4800000000000001
10 0.39714285714285713 0.44380952380952393 0.37285714285714283 0.44380952380952393 0.37285714285714283 0.4580952380952382 0.39714285714285713 0.4580952380952382
10 0.39285714285714285 0.4247619047619049 0.3707142857142857 0.4247619047619049 0.3707142857142857 0.43904761904761913 0.39285714285714285 0.43904761904761913
10 0.39571428571428574 0.4200000000000001 0.37285714285714283 0.4200000000000001 0.37285714285714283 0.43047619047619057 0.39571428571428574 0.43047619047619057
10 0.38142857142857145 0.38761904761904775 0.3607142857142857 0.38761904761904775 0.3607142857142857 0.39904761904761915 0.38142857142857145 0.39904761904761915
10 0.3821428571428571 0.3723809523809525 0.3628571428571429 0.3723809523809525 0.3628571428571429 0.38571428571428584 0.3821428571428571 0.38571428571428584
10 0.335 0.38190476190476197 0.3242857142857143 0.3819047619047619 0.3242857142857143 0.400952380952381 0.335 0.40095238095238106
11 0.3914285714285714 0.33714285714285724 0.3757142857142857 0.33714285714285724 0.3757142857142857 0.3485714285714287 0.3914285714285714 0.3485714285714287
11 0.395 0.32095238095238104 0.38785714285714284 0.32095238095238104 0.38785714285714284 0.3323809523809525 0.395 0.3323809523809525
11 0.30357142857142866 0.4857142857142857 0.29142857142857154 0.4857142857142857 0.29142857142857154 0.5009523809523809 0.30357142857142866 0.5009523809523809
5 0.37714285714285717 0.5828571428571429 0.37214285714285716 0.5828571428571429 0.37214285714285716 0.6 0.37714285714285717 0.6
10 0.38285714285714284 0.22285714285714292 0.37785714285714284 0.22285714285714292 0.37785714285714284 0.23428571428571435 0.38285714285714284 0.23428571428571435
11 0.38857142857142857 0.20857142857142863 0.38357142857142856 0.20857142857142863 0.38357142857142856 0.21619047619047624 0.38857142857142857 0.21619047619047624
4 0.3892857142857143 0.2485714285714287 0.38285714285714284 0.2485714285714287 0.38285714285714284 0.2723809523809525 0.3892857142857143 0.2723809523809525
3 0.3414285714285715 0.6323809523809524 0.3014285714285715 0.6323809523809524 0.3014285714285715 0.6657142857142857 0.3414285714285715 0.6657142857142857