10 0.5307142857142857 0.1319796954314722 0.45785714285714285 0.1319796954314722 0.45785714285714285 0.19923857868020314 0.5307142857142857 0.1992385786802032
10 0.21714285714285722 0.9276649746192893 0.005714285714285778 0.9276649746192893 0.00571428571428578 0.998730964467005 0.21714285714285722 0.998730964467005
3 0.5792857142857143 0.10786802030456863 0.5242857142857142 0.10786802030456863 0.5242857142857142 0.1586294416243656 0.5792857142857143 0.1586294416243656
3 0.8892857142857142 0.08502538071066008 0.8235714285714286 0.08502538071066008 0.8235714285714286 0.12944162436548243 0.8892857142857142 0.12944162436548243
3 0.66 0.05583756345177678 0.6042857142857143 0.055837563451776775 0.6042857142857143 0.10152284263959405 0.66 0.10152284263959405
3 0.8414285714285714 0.04568527918781743 0.7864285714285715 0.045685279187817424 0.7864285714285715 0.09010152284263978 0.8414285714285714 0.09010152284263978
3 0.8771428571428571 0.013959390862944347 0.825 0.013959390862944343 0.825 0.058375634517766686 0.8771428571428571 0.05837563451776669
3 0.49142857142857144 0.6637055837563451 0.44 0.6637055837563451 0.44 0.8096446700507615 0.49142857142857144 0.8096446700507615
3 0.34928571428571437 0.6687817258883249 0.2685714285714286 0.6687817258883249 0.2685714285714286 0.7474619289340102 0.34928571428571437 0.7474619289340102
3 0.3592857142857144 0.7677664974619289 0.24785714285714294 0.7677664974619289 0.24785714285714294 0.8629441624365483 0.3592857142857144 0.8629441624365483
3 0.3607142857142858 0.9022842639593909 0.2357142857142858 0.9022842639593909 0.2357142857142858 0.9949238578680203 0.3607142857142858 0.9949238578680203
3 0.5442857142857143 0.6484771573604062 0.49642857142857144 0.6484771573604062 0.49642857142857144 0.7728426395939086 0.5442857142857143 0.7728426395939086
11 0.9457142857142857 0.8210659898477161 0.8842857142857142 0.8210659898477161 0.8842857142857142 0.9657360406091373 0.9457142857142857 0.9657360406091373
11 0.9042857142857142 0.737309644670051 0.8464285714285714 0.737309644670051 0.8464285714285714 0.8654822335025384 0.9042857142857142 0.8654822335025384
11 0.8707142857142857 0.6637055837563455 0.8157142857142857 0.6637055837563455 0.8157142857142857 0.7855329949238582 0.8707142857142857 0.7855329949238582
11 0.8278571428571428 0.5926395939086296 0.7721428571428571 0.5926395939086296 0.7721428571428571 0.7131979695431475 0.8278571428571428 0.7131979695431475
3 0.7492857142857143 0.6104060913705586 0.67 0.6104060913705586 0.67 0.6954314720812186 0.7492857142857143 0.6954314720812186
3 0.7714285714285715 0.6497461928934013 0.6892857142857143 0.6497461928934013 0.6892857142857143 0.7474619289340104 0.7714285714285715 0.7474619289340104
3 0.8078571428571428 0.7005076142131983 0.7164285714285714 0.7005076142131983 0.7164285714285714 0.7994923857868024 0.8078571428571428 0.7994923857868024
3 0.8342857142857143 0.7664974619289343 0.7364285714285714 0.7664974619289343 0.7364285714285714 0.8730964467005079 0.8342857142857143 0.8730964467005079
3 0.8628571428571429 0.8451776649746195 0.76 0.8451776649746195 0.76 0.9517766497461931 0.8628571428571429 0.9517766497461931
3 0.8957142857142857 0.9200507614213201 0.7907142857142857 0.9200507614213201 0.7907142857142857 0.9987309644670054 0.8957142857142857 0.9987309644670054
3 0.49 0.3921319796954316 0.4235714285714286 0.3921319796954316 0.4235714285714286 0.44923857868020317 0.49 0.44923857868020317
3 0.5664285714285714 0.38324873096446715 0.5085714285714286 0.38324873096446715 0.5085714285714286 0.43654822335025395 0.5664285714285714 0.43654822335025395
3 0.745 0.4263959390862946 0.6864285714285714 0.4263959390862946 0.6864285714285714 0.48223350253807123 0.745 0.48223350253807123
3 0.8021428571428572 0.3553299492385788 0.7557142857142857 0.3553299492385788 0.7557142857142857 0.4060913705583758 0.8021428571428572 0.4060913705583758
3 0.8685714285714285 0.34644670050761434 0.8157142857142857 0.34644670050761434 0.8157142857142857 0.3997461928934012 0.8685714285714285 0.3997461928934012
3 0.72 0.36294416243654837 0.6557142857142857 0.36294416243654837 0.6557142857142857 0.41624365482233516 0.72 0.41624365482233516
3 0.6478571428571429 0.3654822335025382 0.5942857142857143 0.3654822335025382 0.5942857142857143 0.42512690355329963 0.6478571428571429 0.42512690355329963
3 0.7178571428571429 0.33121827411167526 0.6678571428571428 0.33121827411167526 0.6678571428571428 0.38324873096446715 0.7178571428571429 0.38324873096446715
3 0.6842857142857143 0.27791878172588846 0.6485714285714286 0.27791878172588846 0.6485714285714286 0.33756345177664987 0.6842857142857143 0.33756345177664987
3 0.5814285714285714 0.27284263959390875 0.5471428571428572 0.27284263959390875 0.5471428571428572 0.3489847715736042 0.5814285714285714 0.3489847715736042
3 0.5471428571428572 0.2804568527918783 0.5214285714285715 0.2804568527918783 0.5214285714285715 0.3426395939086296 0.5471428571428572 0.3426395939086296
3 0.7121428571428572 0.26522842639593924 0.6835714285714286 0.26522842639593924 0.6835714285714286 0.32360406091370575 0.7121428571428572 0.32360406091370575
3 0.74 0.269035532994924 0.7064285714285714 0.269035532994924 0.7064285714285714 0.3286802030456854 0.74 0.3286802030456854
3 0.7664285714285715 0.2626903553299494 0.7357142857142858 0.2626903553299494 0.7357142857142858 0.3286802030456854 0.7664285714285715 0.3286802030456854
3 0.7985714285714286 0.2563451776649748 0.7607142857142857 0.2563451776649748 0.7607142857142857 0.3172588832487311 0.7985714285714286 0.3172588832487311
3 0.8407142857142857 0.2512690355329951 0.8042857142857143 0.25126903553299507 0.8042857142857143 0.32233502538071085 0.8407142857142857 0.32233502538071085
11 0.8814285714285715 0.2487309644670053 0.8407142857142857 0.2487309644670053 0.8407142857142857 0.3337563451776651 0.8814285714285715 0.3337563451776651
11 0.98 0.08248730964467027 0.9121428571428571 0.08248730964467027 0.9121428571428571 0.14213197969543168 0.98 0.14213197969543168
3 0.8271428571428572 0.21446700507614228 0.7685714285714286 0.21446700507614228 0.7685714285714286 0.2538071065989849 0.8271428571428572 0.2538071065989849
3 0.5528571428571428 0.23857868020304582 0.505 0.23857868020304582 0.505 0.2829949238578682 0.5528571428571428 0.2829949238578682
3 0.6121428571428571 0.21954314720812196 0.5578571428571428 0.21954314720812196 0.5578571428571428 0.27030456852791895 0.6121428571428571 0.27030456852791895
3 0.6892857142857143 0.21954314720812196 0.635 0.21954314720812196 0.635 0.269035532994924 0.6892857142857143 0.269035532994924
7 0.21928571428571428 0.33756345177664976 0.2057142857142857 0.33756345177664976 0.2057142857142857 0.3769035532994924 0.21928571428571428 0.3769035532994924
7 0.21142857142857144 0.33248730964467005 0.19785714285714287 0.33248730964467005 0.19785714285714287 0.37055837563451777 0.21142857142857144 0.37055837563451777
7 0.2714285714285714 0.318527918781726 0.26357142857142857 0.318527918781726 0.26357142857142857 0.3477157360406091 0.2714285714285714 0.3477157360406091
7 0.26571428571428574 0.3121827411167513 0.25642857142857145 0.3121827411167513 0.25642857142857145 0.34517766497461927 0.26571428571428574 0.34517766497461927