3 0.955 0.11066666666666682 0.908 0.11066666666666682 0.908 0.13533333333333347 0.955 0.13533333333333347
3 0.8675 0.13866666666666683 0.8445 0.13866666666666683 0.8445 0.16466666666666682 0.8675 0.16466666666666682
5 0.9245 0.6686666666666669 0.8995 0.6686666666666669 0.8995 0.7366666666666667 0.9245 0.7366666666666667
3 0.855 0.4826666666666668 0.807 0.4826666666666668 0.807 0.5560000000000002 0.855 0.5560000000000002
3 0.8935 0.6400000000000001 0.845 0.6400000000000001 0.845 0.7466666666666667 0.8935 0.7466666666666667
3 0.7395 0.5626666666666669 0.6775 0.5626666666666669 0.6775 0.6600000000000001 0.7395 0.6600000000000001
3 0.671 0.5386666666666668 0.62 0.5386666666666668 0.62 0.6193333333333335 0.671 0.6193333333333335
3 0.6085 0.5220000000000001 0.542 0.5220000000000001 0.542 0.6020000000000002 0.6085 0.6020000000000002
8 0.493 0.3726666666666668 0.4845 0.3726666666666668 0.4845 0.3880000000000002 0.493 0.3880000000000002
11 0.556 0.4746666666666668 0.4905 0.4746666666666668 0.4905 0.5700000000000002 0.556 0.5700000000000002
1 0.421 0.5153333333333333 0.395 0.5153333333333333 0.395 0.54 0.421 0.54
5 0.3515 0.29466666666666674 0.3305 0.29466666666666674 0.3305 0.3233333333333334 0.3515 0.3233333333333334
3 0.341 0.2973333333333334 0.279 0.2973333333333334 0.279 0.342 0.341 0.342
3 0.2965 0.384 0.22500000000000006 0.384 0.22500000000000006 0.44 0.2965 0.44
3 0.2505 0.23733333333333337 0.217 0.23733333333333334 0.217 0.2753333333333334 0.2505 0.27533333333333343
3 0.25550000000000006 0.37666666666666665 0.19500000000000006 0.37666666666666665 0.19500000000000006 0.428 0.25550000000000006 0.428
3 0.24200000000000005 0.35133333333333333 0.17550000000000004 0.35133333333333333 0.17550000000000004 0.4033333333333333 0.24200000000000005 0.4033333333333333
3 0.201 0.188 0.1555 0.188 0.1555 0.22666666666666666 0.201 0.22666666666666666
3 0.1625 0.16666666666666669 0.11300000000000003 0.16666666666666666 0.11300000000000003 0.196 0.1625 0.196
5 0.157 0.1426666666666667 0.1385 0.1426666666666667 0.1385 0.16200000000000003 0.157 0.16200000000000003
7 0.113 0.116 0.1065 0.116 0.1065 0.13666666666666666 0.113 0.13666666666666666
5 0.1225 0.12066666666666669 0.11 0.12066666666666667 0.11 0.1386666666666667 0.1225 0.13866666666666672
3 0.08100000000000003 0.194 0.05400000000000001 0.194 0.05400000000000001 0.228 0.08100000000000003 0.228
10 0.06600000000000003 0.156 0.0075000000000000145 0.156 0.007500000000000016 0.19733333333333333 0.06600000000000003 0.19733333333333333
3 0.052500000000000026 0.268 2.46154006628618e-17 0.268 2.6605451711476248e-17 0.31133333333333335 0.052500000000000026 0.31133333333333335
3 0.0365 0.05 4.592425496802574e-18 0.05 5.480294426184406e-18 0.06933333333333333 0.0365 0.06933333333333333