11 0.455 0.6586294416243654 0.43785714285714283 0.6586294416243654 0.43785714285714283 0.7081218274111675 0.455 0.7081218274111675
2 0.47285714285714286 0.3591370558375636 0.43857142857142856 0.3591370558375636 0.43857142857142856 0.43654822335025395 0.47285714285714286 0.43654822335025395
2 0.435 0.3553299492385788 0.4064285714285714 0.3553299492385788 0.4064285714285714 0.4340101522842641 0.435 0.4340101522842641
2 0.5764285714285714 0.20050761421319813 0.5407142857142857 0.20050761421319813 0.5407142857142857 0.2550761421319798 0.5764285714285714 0.2550761421319798
2 0.6221428571428571 0.16116751269035548 0.5878571428571429 0.16116751269035548 0.5878571428571429 0.2106598984771575 0.6221428571428571 0.2106598984771575
3 0.64 0.36294416243654837 0.6278571428571429 0.36294416243654837 0.6278571428571429 0.39720812182741133 0.64 0.39720812182741133
10 0.5892857142857143 0.16116751269035545 0.5557142857142857 0.16116751269035542 0.5557142857142857 0.19289340101522856 0.5892857142857143 0.19289340101522856
10 0.38 0.3604060913705585 0.3657142857142857 0.3604060913705585 0.3657142857142857 0.4073604060913707 0.38 0.4073604060913707
6 0.6657142857142857 0.6560913705583757 0.5671428571428572 0.6560913705583756 0.5671428571428572 0.7449238578680204 0.6657142857142857 0.7449238578680206
6 0.8257142857142857 0.6763959390862947 0.7771428571428571 0.6763959390862947 0.7771428571428571 0.771573604060914 0.8257142857142857 0.771573604060914
6 0.8064285714285714 0.5786802030456855 0.7371428571428571 0.5786802030456855 0.7371428571428571 0.6967005076142135 0.8064285714285714 0.6967005076142135
6 0.8528571428571429 0.6459390862944164 0.8271428571428572 0.6459390862944164 0.8271428571428572 0.6852791878172592 0.8528571428571429 0.6852791878172592
2 0.10714285714285718 0.36548223350253806 0.032857142857142876 0.36548223350253806 0.03285714285714288 0.43147208121827413 0.10714285714285718 0.43147208121827413
2 0.3285714285714286 0.5799492385786802 0.24785714285714286 0.5799492385786802 0.2478571428571429 0.6357868020304569 0.3285714285714286 0.6357868020304569
2 0.32 0.5088832487309645 0.29928571428571427 0.5088832487309645 0.29928571428571427 0.5774111675126904 0.32 0.5774111675126904
2 0.3271428571428571 0.43908629441624364 0.3107142857142857 0.43908629441624364 0.3107142857142857 0.5101522842639594 0.3271428571428571 0.5101522842639594
2 0.3457142857142857 0.37055837563451793 0.33285714285714285 0.37055837563451793 0.33285714285714285 0.4225888324873098 0.3457142857142857 0.4225888324873098
2 0.39285714285714285 0.4276649746192895 0.37214285714285716 0.4276649746192895 0.37214285714285716 0.5063451776649748 0.39285714285714285 0.5063451776649748