3 0.6564285714285715 0.7295238095238096 0.6285714285714286 0.7295238095238096 0.6285714285714286 0.7904761904761904 0.6564285714285715 0.7904761904761904
3 0.5971428571428572 0.7076190476190476 0.5714285714285714 0.7076190476190476 0.5714285714285714 0.76 0.5971428571428572 0.76
3 0.6257142857142857 0.7209523809523809 0.5985714285714285 0.7209523809523809 0.5985714285714285 0.7752380952380953 0.6257142857142857 0.7752380952380953
3 0.6985714285714286 0.7666666666666668 0.6728571428571428 0.7666666666666668 0.6728571428571428 0.8152380952380954 0.6985714285714286 0.8152380952380954
3 0.5764285714285714 0.5952380952380952 0.555 0.5952380952380952 0.555 0.6409523809523809 0.5764285714285714 0.6409523809523809
3 0.5992857142857143 0.6019047619047619 0.5807142857142857 0.6019047619047619 0.5807142857142857 0.6476190476190476 0.5992857142857143 0.6476190476190476
3 0.625 0.6123809523809524 0.6071428571428571 0.6123809523809524 0.6071428571428571 0.659047619047619 0.625 0.659047619047619
3 0.67 0.622857142857143 0.6514285714285715 0.6228571428571429 0.6514285714285715 0.6714285714285715 0.67 0.6714285714285716
3 0.49642857142857144 0.5761904761904761 0.4707142857142857 0.5761904761904761 0.4707142857142857 0.6142857142857143 0.49642857142857144 0.6142857142857143
3 0.47714285714285715 0.5676190476190476 0.45357142857142857 0.5676190476190476 0.45357142857142857 0.6066666666666667 0.47714285714285715 0.6066666666666667
3 0.4542857142857143 0.5571428571428572 0.43357142857142855 0.5571428571428572 0.43357142857142855 0.6009523809523809 0.4542857142857143 0.6009523809523809
3 0.5271428571428571 0.5857142857142857 0.5035714285714286 0.5857142857142857 0.5035714285714286 0.6257142857142857 0.5271428571428571 0.6257142857142857
3 0.11928571428571429 0.20952380952380953 0.105 0.20952380952380953 0.105 0.2180952380952381 0.11928571428571429 0.2180952380952381
3 0.06000000000000002 0.20476190476190476 0.047857142857142876 0.20476190476190476 0.047857142857142876 0.21333333333333335 0.06000000000000002 0.21333333333333335
10 0.165 0.1838095238095238 0.15285714285714286 0.1838095238095238 0.15285714285714286 0.19142857142857142 0.165 0.19142857142857142
10 0.13785714285714284 0.19523809523809524 0.12571428571428572 0.19523809523809524 0.12571428571428572 0.20666666666666667 0.13785714285714284 0.20666666666666667
10 0.6342857142857142 0.25142857142857156 0.6 0.25142857142857156 0.6 0.2742857142857144 0.6342857142857142 0.2742857142857144
10 1 0.2333333333333335 0.9821428571428571 0.2333333333333335 0.9821428571428571 0.26857142857142874 1 0.2685714285714288