10 0.08950000000000005 0.6 5.510910596163089e-17 0.6 5.985461230832689e-17 0.7033333333333334 0.08950000000000005 0.7033333333333334
3 0.43750000000000006 0.5806666666666667 0.34 0.5806666666666667 0.3400000000000001 0.6766666666666666 0.4375000000000001 0.6766666666666666
3 0.3440000000000001 0.5913333333333334 0.24300000000000005 0.5913333333333334 0.24300000000000005 0.6673333333333333 0.34400000000000014 0.6673333333333333
11 0.3105000000000001 0.6373333333333333 0.17950000000000005 0.6373333333333333 0.17950000000000005 0.7833333333333333 0.3105000000000001 0.7833333333333333
3 0.641 0.39066666666666683 0.583 0.39066666666666683 0.583 0.43533333333333346 0.641 0.43533333333333346
11 0.8725 0.5500000000000002 0.808 0.5500000000000002 0.808 0.6240000000000001 0.8725 0.6240000000000001
11 0.9245 0.49600000000000016 0.8585 0.49600000000000016 0.8585 0.5686666666666668 0.9245 0.5686666666666668
3 0.739 0.28200000000000014 0.683 0.2820000000000001 0.683 0.32133333333333347 0.739 0.32133333333333347
3 0.7475 0.2640000000000002 0.7065 0.2640000000000002 0.7065 0.29200000000000015 0.7475 0.29200000000000015
3 0.8285 0.2713333333333335 0.7915 0.2713333333333335 0.7915 0.29800000000000015 0.8285 0.29800000000000015
3 0.8595 0.2566666666666668 0.837 0.2566666666666668 0.837 0.2853333333333335 0.8595 0.2853333333333335
3 0.8985 0.2473333333333335 0.851 0.2473333333333335 0.851 0.27000000000000013 0.8985 0.27000000000000013
3 0.906 0.23733333333333348 0.8755 0.23733333333333348 0.8755 0.2586666666666668 0.906 0.2586666666666668
3 0.926 0.22600000000000015 0.895 0.22600000000000015 0.895 0.2493333333333335 0.926 0.2493333333333335
1 0.904 0.18200000000000016 0.8915 0.18200000000000016 0.8915 0.19400000000000014 0.904 0.19400000000000014
8 0.9025 0.1786666666666668 0.8965 0.1786666666666668 0.8965 0.1933333333333335 0.9025 0.1933333333333335
3 1 0.19600000000000015 0.9855 0.19600000000000015 0.9855 0.21600000000000016 1 0.21600000000000016
3 0.9955 0.20333333333333348 0.9665 0.20333333333333348 0.9665 0.2233333333333335 0.9955 0.2233333333333335
11 0.9555 0.15666666666666682 0.9225 0.15666666666666682 0.9225 0.1786666666666668 0.9555 0.1786666666666668
3 0.8865 0.1546666666666668 0.862 0.1546666666666668 0.862 0.17133333333333348 0.8865 0.17133333333333348
7 0.924 0.13800000000000015 0.9185 0.13800000000000015 0.9185 0.1546666666666668 0.924 0.1546666666666668
3 0.9405 0.15000000000000016 0.911 0.15000000000000016 0.911 0.16733333333333347 0.9405 0.16733333333333347
3 0.946 0.14800000000000016 0.923 0.14800000000000016 0.923 0.16600000000000015 0.946 0.16600000000000015
3 0.9555 0.14600000000000016 0.932 0.14600000000000016 0.932 0.1633333333333335 0.9555 0.1633333333333335
3 0.966 0.1446666666666668 0.939 0.1446666666666668 0.939 0.15866666666666682 0.966 0.15866666666666682
3 0.9315 0.1273333333333335 0.9145 0.1273333333333335 0.9145 0.14133333333333348 0.9315 0.14133333333333348
5 0.9095 0.1313333333333335 0.9055 0.1313333333333335 0.9055 0.14133333333333348 0.9095 0.14133333333333348
5 0.8915 0.13666666666666683 0.881 0.13666666666666683 0.881 0.1466666666666668 0.8915 0.1466666666666668
5 0.886 0.13800000000000015 0.8775 0.13800000000000015 0.8775 0.1466666666666668 0.886 0.1466666666666668
3 0.6185 0.24800000000000008 0.5755 0.24800000000000008 0.5755 0.2686666666666667 0.6185 0.2686666666666667
11 0.6705 0.2240000000000001 0.635 0.2240000000000001 0.635 0.25200000000000006 0.6705 0.25200000000000006
3 0.689 0.22066666666666673 0.646 0.22066666666666673 0.646 0.24866666666666673 0.689 0.24866666666666673
3 0.6995 0.21466666666666678 0.66 0.21466666666666676 0.66 0.24133333333333346 0.6995 0.24133333333333348
3 0.7225 0.21333333333333346 0.6875 0.2133333333333334 0.6875 0.23600000000000013 0.7225 0.23600000000000015
3 0.6555 0.19600000000000006 0.6225 0.19600000000000006 0.6225 0.2153333333333334 0.6555 0.2153333333333334
7 0.6785 0.17000000000000012 0.6735 0.17000000000000012 0.6735 0.1893333333333334 0.6785 0.1893333333333334
4 0.157 0.07133333333333335 0.134 0.07133333333333335 0.134 0.09000000000000004 0.157 0.09000000000000004
4 0.196 0.08200000000000003 0.16 0.08200000000000002 0.16 0.09600000000000004 0.196 0.09600000000000004
2 0.204 0.07133333333333336 0.1585 0.07133333333333335 0.1585 0.09000000000000004 0.204 0.09000000000000004
2 0.2725 0.07533333333333338 0.233 0.07533333333333338 0.233 0.09400000000000004 0.2725 0.09400000000000004
2 0.267 0.0726666666666667 0.2245 0.0726666666666667 0.2245 0.09200000000000004 0.267 0.09200000000000004
2 0.26 0.07133333333333337 0.212 0.07133333333333337 0.212 0.09200000000000004 0.26 0.09200000000000004
2 0.248 0.06866666666666671 0.207 0.06866666666666671 0.207 0.09000000000000004 0.248 0.09000000000000004
4 0.113 0.010666666666666684 0.0965 0.01066666666666668 0.0965 0.020000000000000018 0.113 0.020000000000000018