3 0.4835714285714286 0.5838095238095238 0.3092857142857144 0.5838095238095238 0.3092857142857144 0.7057142857142857 0.4835714285714286 0.7057142857142857
3 0.5457142857142857 0.5019047619047619 0.42 0.5019047619047619 0.42 0.5857142857142857 0.5457142857142857 0.5857142857142857
3 0.6457142857142857 0.5019047619047619 0.5171428571428571 0.5019047619047619 0.5171428571428571 0.6104761904761905 0.6457142857142857 0.6104761904761905
11 0.7621428571428571 0.4542857142857144 0.6635714285714286 0.4542857142857144 0.6635714285714286 0.5457142857142859 0.7621428571428571 0.5457142857142859
3 0.37857142857142856 0.461904761904762 0.2857142857142858 0.46190476190476193 0.2857142857142858 0.5219047619047619 0.37857142857142856 0.5219047619047619
11 0.3557142857142858 0.4428571428571429 0.2557142857142858 0.44285714285714284 0.2557142857142858 0.5076190476190476 0.3557142857142858 0.5076190476190476
3 0.5171428571428571 0.43523809523809537 0.43857142857142856 0.43523809523809537 0.43857142857142856 0.48857142857142855 0.5171428571428571 0.48857142857142855
3 0.2385714285714286 0.43142857142857144 0.14000000000000004 0.43142857142857144 0.14000000000000004 0.48095238095238096 0.23857142857142866 0.48095238095238096
3 0.3514285714285715 0.40857142857142864 0.2664285714285714 0.4085714285714286 0.26642857142857146 0.45619047619047626 0.35142857142857153 0.4561904761904763
3 0.44285714285714284 0.3904761904761906 0.3535714285714286 0.3904761904761906 0.3535714285714286 0.43047619047619057 0.44285714285714284 0.43047619047619057
3 0.04071428571428575 0.4228571428571429 3.883879848724463e-17 0.4228571428571429 4.076324345733332e-17 0.46476190476190476 0.04071428571428575 0.46476190476190476
3 0.15428571428571433 0.4085714285714286 0.10642857142857147 0.4085714285714286 0.10642857142857147 0.4504761904761905 0.15428571428571433 0.4504761904761905
4 0.10857142857142861 0.31523809523809526 0.08428571428571431 0.31523809523809526 0.08428571428571431 0.3342857142857143 0.10857142857142861 0.3342857142857143
4 0.12500000000000003 0.319047619047619 0.09857142857142862 0.319047619047619 0.09857142857142862 0.33714285714285713 0.12500000000000003 0.33714285714285713
4 0.1428571428571429 0.32 0.12000000000000004 0.32 0.12000000000000004 0.33904761904761904 0.1428571428571429 0.33904761904761904
11 0.17500000000000004 0.32666666666666666 0.1328571428571429 0.32666666666666666 0.1328571428571429 0.3504761904761905 0.17500000000000004 0.3504761904761905
3 0.24142857142857144 0.3419047619047619 0.19714285714285715 0.3419047619047619 0.19714285714285715 0.3657142857142857 0.24142857142857144 0.3657142857142857
3 0.21571428571428572 0.34 0.17714285714285719 0.34 0.17714285714285719 0.3638095238095238 0.21571428571428572 0.3638095238095238
3 0.08357142857142859 0.31523809523809526 0.07000000000000002 0.31523809523809526 0.07000000000000002 0.32857142857142857 0.08357142857142859 0.32857142857142857
3 0.08428571428571431 0.3076190476190476 0.05714285714285716 0.3076190476190476 0.05714285714285716 0.32285714285714284 0.08428571428571431 0.32285714285714284
11 0.19214285714285714 0.3942857142857143 0.1535714285714286 0.3942857142857143 0.1535714285714286 0.43333333333333335 0.19214285714285714 0.43333333333333335
3 0.225 0.39714285714285713 0.18928571428571428 0.39714285714285713 0.18928571428571428 0.43047619047619046 0.225 0.43047619047619046
3 0.21142857142857144 0.3676190476190476 0.1728571428571429 0.3676190476190476 0.1728571428571429 0.3980952380952381 0.21142857142857144 0.3980952380952381
3 0.25857142857142856 0.38666666666666666 0.22071428571428572 0.38666666666666666 0.22071428571428572 0.42 0.25857142857142856 0.42
3 0.29642857142857143 0.38 0.255 0.38 0.255 0.4123809523809524 0.29642857142857143 0.4123809523809524
3 0.08928571428571433 0.3952380952380952 0.003571428571428608 0.3952380952380952 0.0035714285714286095 0.4266666666666667 0.08928571428571433 0.4266666666666667
3 0.0728571428571429 0.38952380952380955 0.0007142857142857502 0.38952380952380955 0.0007142857142857516 0.42 0.0728571428571429 0.42
3 0.0578571428571429 0.38285714285714284 3.516485808980257e-17 0.38285714285714284 3.665192920305293e-17 0.41523809523809524 0.0578571428571429 0.41523809523809524
3 0.06000000000000004 0.37523809523809526 0.0007142857142857489 0.37523809523809526 0.0007142857142857505 0.4095238095238095 0.06000000000000004 0.4095238095238095
3 0.04500000000000003 0.3647619047619048 0.0007142857142857479 0.3647619047619048 0.0007142857142857492 0.3942857142857143 0.04500000000000004 0.3942857142857143
3 0.03928571428571432 0.35523809523809524 3.26280897201402e-17 0.35523809523809524 3.402768606202288e-17 0.38571428571428573 0.03928571428571432 0.38571428571428573
3 0.1228571428571429 0.3495238095238095 0.09785714285714289 0.3495238095238095 0.09785714285714289 0.37238095238095237 0.1228571428571429 0.37238095238095237
11 0.11214285714285718 0.33904761904761904 0.08357142857142862 0.33904761904761904 0.08357142857142862 0.3638095238095238 0.11214285714285718 0.3638095238095238
4 0.08642857142857147 0.3333333333333333 0.0628571428571429 0.3333333333333333 0.0628571428571429 0.35428571428571426 0.08642857142857147 0.35428571428571426
4 0.14142857142857146 0.35428571428571426 0.1178571428571429 0.35428571428571426 0.1178571428571429 0.3780952380952381 0.14142857142857146 0.3780952380952381
11 0.45714285714285713 0.35333333333333344 0.4185714285714286 0.35333333333333344 0.4185714285714286 0.3895238095238096 0.45714285714285713 0.3895238095238096
7 0.45714285714285713 0.3761904761904763 0.45 0.3761904761904763 0.45 0.39714285714285724 0.45714285714285713 0.39714285714285724
4 0.14642857142857146 0.5133333333333333 0.1078571428571429 0.5133333333333333 0.1078571428571429 0.560952380952381 0.14642857142857146 0.560952380952381
7 0.4742857142857143 0.37904761904761913 0.46785714285714286 0.37904761904761913 0.46785714285714286 0.4104761904761906 0.4742857142857143 0.4104761904761906
0 0.49714285714285716 0.38571428571428584 0.47214285714285714 0.38571428571428584 0.47214285714285714 0.4123809523809525 0.49714285714285716 0.4123809523809525
3 0.5014285714285714 0.35523809523809535 0.4707142857142857 0.35523809523809535 0.4707142857142857 0.38666666666666677 0.5014285714285714 0.38666666666666677
11 0.5835714285714285 0.35714285714285726 0.5307142857142857 0.35714285714285726 0.5307142857142857 0.39904761904761915 0.5835714285714285 0.39904761904761915
7 0.5521428571428572 0.34095238095238106 0.545 0.34095238095238106 0.545 0.36666666666666675 0.5521428571428572 0.36666666666666675
7 0.6042857142857143 0.3495238095238096 0.5985714285714285 0.3495238095238096 0.5985714285714285 0.3780952380952382 0.6042857142857143 0.3780952380952382
7 0.6085714285714285 0.3504761904761906 0.6035714285714285 0.3504761904761906 0.6035714285714285 0.37904761904761913 0.6085714285714285 0.37904761904761913
3 0.9514285714285714 0.3600000000000001 0.89 0.3600000000000001 0.89 0.3980952380952382 0.9514285714285714 0.3980952380952382
3 0.9871428571428571 0.3485714285714287 0.95 0.3485714285714287 0.95 0.381904761904762 0.9871428571428571 0.381904761904762
3 1 0.3380952380952383 0.9828571428571429 0.3380952380952382 0.9828571428571429 0.3695238095238097 1 0.36952380952380975
11 0.3357142857142857 0.3676190476190477 0.3 0.3676190476190476 0.3 0.400952380952381 0.3357142857142857 0.40095238095238106