3 0.4564285714285714 0.6714285714285714 0.4064285714285714 0.6714285714285714 0.4064285714285714 0.7780952380952381 0.4564285714285714 0.7780952380952381
3 0.49 0.34285714285714297 0.465 0.34285714285714297 0.465 0.38095238095238104 0.49 0.38095238095238104
3 0.515 0.2523809523809525 0.4957142857142857 0.2523809523809525 0.4957142857142857 0.2857142857142858 0.515 0.2857142857142858
3 0.5371428571428571 0.201904761904762 0.5185714285714286 0.201904761904762 0.5185714285714286 0.23047619047619058 0.5371428571428571 0.23047619047619058
3 0.54 0.1542857142857144 0.5228571428571429 0.1542857142857144 0.5228571428571429 0.18095238095238106 0.54 0.18095238095238106
3 0.5371428571428571 0.07809523809523818 0.5257142857142857 0.07809523809523818 0.5257142857142857 0.09238095238095247 0.5371428571428571 0.09238095238095247
3 0.5528571428571428 0.0857142857142858 0.5407142857142857 0.0857142857142858 0.5407142857142857 0.1038095238095239 0.5528571428571428 0.1038095238095239
3 0.5592857142857143 0.021904761904761993 0.5485714285714286 0.021904761904761993 0.5485714285714286 0.03142857142857152 0.5592857142857143 0.03142857142857152
11 0.20857142857142866 0.6523809523809524 0.13857142857142862 0.6523809523809524 0.13857142857142862 0.7923809523809524 0.20857142857142866 0.7923809523809524
3 0.31142857142857144 0.3028571428571429 0.2864285714285714 0.3028571428571429 0.2864285714285714 0.3361904761904762 0.31142857142857144 0.3361904761904762
3 0.1357142857142858 0.9428571428571428 0.07428571428571437 0.9428571428571428 0.07428571428571437 1 0.1357142857142858 1
5 0.3657142857142857 0.22380952380952387 0.3578571428571429 0.22380952380952387 0.3578571428571429 0.24761904761904774 0.3657142857142857 0.24761904761904774
7 0.35428571428571426 0.1790476190476191 0.3507142857142857 0.1790476190476191 0.3507142857142857 0.19428571428571434 0.35428571428571426 0.19428571428571434
5 0.5285714285714287 0.8657142857142858 0.5071428571428571 0.8657142857142858 0.5071428571428572 0.9161904761904762 0.5285714285714287 0.9161904761904762
5 0.5657142857142858 0.8657142857142858 0.5371428571428571 0.8657142857142858 0.5371428571428573 0.920952380952381 0.5657142857142858 0.920952380952381
3 0.4278571428571429 0.1152380952380953 0.41 0.11523809523809529 0.41 0.13238095238095243 0.4278571428571429 0.13238095238095243
3 0.4357142857142857 0.1371428571428572 0.42214285714285715 0.1371428571428572 0.42214285714285715 0.15428571428571433 0.4357142857142857 0.15428571428571433
3 0.475 0.09238095238095247 0.465 0.09238095238095247 0.465 0.1057142857142858 0.475 0.1057142857142858
3 0.485 0.06857142857142866 0.475 0.06857142857142866 0.475 0.08285714285714293 0.485 0.08285714285714293
3 0.4635714285714286 0.08476190476190484 0.45 0.08476190476190484 0.45 0.09809523809523818 0.4635714285714286 0.09809523809523818
2 0.46285714285714286 0.1057142857142858 0.4442857142857143 0.1057142857142858 0.4442857142857143 0.12952380952380957 0.46285714285714286 0.12952380952380957
3 0.5007142857142857 0.03714285714285723 0.49214285714285716 0.03714285714285723 0.49214285714285716 0.0457142857142858 0.5007142857142857 0.0457142857142858
3 0.49785714285714283 0.050476190476190556 0.4878571428571429 0.050476190476190556 0.4878571428571429 0.060952380952381036 0.49785714285714283 0.060952380952381036
3 0.5121428571428571 0.012380952380952465 0.5028571428571429 0.012380952380952463 0.5028571428571429 0.022857142857142937 0.5121428571428571 0.022857142857142937
3 0.5107142857142857 0.02380952380952389 0.5028571428571429 0.02380952380952389 0.5028571428571429 0.03142857142857151 0.5107142857142857 0.03142857142857151
5 0.4614285714285714 0.05904761904761912 0.45357142857142857 0.05904761904761911 0.45357142857142857 0.07523809523809533 0.4614285714285714 0.07523809523809533
5 0.49 0.02380952380952389 0.4857142857142857 0.02380952380952389 0.4857142857142857 0.034285714285714364 0.49 0.034285714285714364
5 0.48428571428571426 0.022857142857142937 0.48142857142857143 0.022857142857142937 0.48142857142857143 0.033333333333333416 0.48428571428571426 0.033333333333333416
3 0.45357142857142857 0.05238095238095245 0.43857142857142856 0.05238095238095245 0.43857142857142856 0.06190476190476198 0.45357142857142857 0.06190476190476198
3 0.5664285714285714 0.06476190476190484 0.5571428571428572 0.06476190476190484 0.5571428571428572 0.08000000000000008 0.5664285714285714 0.08000000000000008
3 0.5992857142857143 0.07714285714285725 0.5857142857142857 0.07714285714285725 0.5857142857142857 0.08952380952380963 0.5992857142857143 0.08952380952380963
3 0.6078571428571429 0.07333333333333344 0.5935714285714285 0.07333333333333344 0.5935714285714285 0.08666666666666678 0.6078571428571429 0.08666666666666678
8 0.5257142857142857 0.8647619047619047 0.5128571428571429 0.8647619047619047 0.5128571428571429 0.8819047619047619 0.5257142857142857 0.8819047619047619
8 0.5621428571428573 0.8666666666666667 0.5492857142857143 0.8666666666666667 0.5492857142857144 0.8885714285714286 0.5621428571428573 0.8885714285714286
8 0.365 0.22285714285714292 0.36 0.22285714285714292 0.36 0.2333333333333334 0.365 0.2333333333333334
8 0.4614285714285714 0.060952380952381036 0.4564285714285714 0.060952380952381036 0.4564285714285714 0.0676190476190477 0.4614285714285714 0.0676190476190477
8 0.48428571428571426 0.02380952380952389 0.48214285714285715 0.02380952380952389 0.48214285714285715 0.028571428571428654 0.48428571428571426 0.028571428571428654
8 0.49 0.024761904761904843 0.48714285714285716 0.024761904761904843 0.48714285714285716 0.030476190476190556 0.49 0.030476190476190556