5 0.9071428571428571 0.9542857142857145 0.8314285714285714 0.9542857142857145 0.8314285714285714 1 0.9071428571428571 1
3 1 0.8114285714285716 0.81 0.8114285714285716 0.81 0.9780952380952381 1 0.9780952380952381
3 0.6757142857142858 0.7342857142857144 0.5714285714285714 0.7342857142857143 0.5714285714285715 0.8942857142857144 0.6757142857142858 0.8942857142857145
3 0.755 0.6000000000000002 0.6692857142857143 0.6000000000000002 0.6692857142857143 0.7247619047619049 0.755 0.7247619047619049
7 0.7335714285714285 0.5628571428571431 0.7142857142857143 0.5628571428571431 0.7142857142857143 0.6123809523809526 0.7335714285714285 0.6123809523809526
3 0.8214285714285714 0.5095238095238097 0.7528571428571429 0.5095238095238097 0.7528571428571429 0.5895238095238098 0.8214285714285714 0.5895238095238098
7 0.9285714285714286 0.6723809523809526 0.895 0.6723809523809526 0.895 0.7342857142857145 0.9285714285714286 0.7342857142857145
7 0.9478571428571428 0.6180952380952384 0.9214285714285714 0.6180952380952384 0.9214285714285714 0.6714285714285716 0.9478571428571428 0.6714285714285716
3 0.9685714285714285 0.43047619047619057 0.9221428571428572 0.43047619047619057 0.9221428571428572 0.5085714285714288 0.9685714285714285 0.5085714285714288
3 0.8771428571428571 0.38571428571428584 0.8128571428571428 0.38571428571428584 0.8128571428571428 0.4685714285714287 0.8771428571428571 0.4685714285714287
3 0.8892857142857142 0.3657142857142858 0.8514285714285714 0.3657142857142858 0.8514285714285714 0.4238095238095239 0.8892857142857142 0.4238095238095239
3 1 0.3980952380952383 0.9364285714285714 0.3980952380952382 0.9364285714285714 0.43619047619047635 1 0.4361904761904764
3 1 0.41809523809523824 0.9471428571428572 0.4180952380952382 0.9471428571428572 0.46476190476190493 1 0.464761904761905
3 1 0.3771428571428573 0.9528571428571428 0.3771428571428572 0.9528571428571428 0.41809523809523824 1 0.4180952380952383
3 0.9464285714285714 0.32476190476190486 0.9064285714285715 0.32476190476190486 0.9064285714285715 0.3723809523809525 0.9464285714285714 0.3723809523809525
3 0.9057142857142857 0.30952380952380965 0.86 0.30952380952380965 0.86 0.3485714285714287 0.9057142857142857 0.3485714285714287
8 0.9142857142857143 0.2838095238095239 0.9035714285714286 0.2838095238095239 0.9035714285714286 0.30857142857142866 0.9142857142857143 0.30857142857142866
8 0.9057142857142857 0.3504761904761906 0.8921428571428571 0.3504761904761906 0.8921428571428571 0.3723809523809525 0.9057142857142857 0.3723809523809525
1 0.9192857142857143 0.29523809523809535 0.8978571428571429 0.29523809523809535 0.8978571428571429 0.30952380952380965 0.9192857142857143 0.30952380952380965
5 0.9071428571428571 0.3485714285714287 0.8878571428571429 0.3485714285714287 0.8878571428571429 0.38571428571428584 0.9071428571428571 0.38571428571428584
7 0.6792857142857143 0.2942857142857144 0.6671428571428571 0.2942857142857144 0.6671428571428571 0.3285714285714287 0.6792857142857143 0.3285714285714287
3 0.7621428571428571 0.2600000000000001 0.725 0.2600000000000001 0.725 0.2990476190476192 0.7621428571428571 0.2990476190476192
3 0.7292857142857143 0.29523809523809535 0.6821428571428572 0.29523809523809535 0.6821428571428572 0.341904761904762 0.7292857142857143 0.341904761904762
3 0.6821428571428572 0.341904761904762 0.6264285714285714 0.341904761904762 0.6264285714285714 0.39523809523809533 0.6821428571428572 0.39523809523809533
3 0.7221428571428572 0.37523809523809537 0.665 0.37523809523809537 0.665 0.4371428571428573 0.7221428571428572 0.4371428571428573
3 0.6221428571428571 0.3961904761904763 0.5607142857142857 0.3961904761904763 0.5607142857142857 0.4542857142857144 0.6221428571428571 0.4542857142857144
8 0.565 0.31333333333333346 0.555 0.31333333333333346 0.555 0.3380952380952382 0.565 0.3380952380952382
8 0.5671428571428572 0.31142857142857155 0.5585714285714286 0.31142857142857155 0.5585714285714286 0.3342857142857144 0.5671428571428572 0.3342857142857144
5 0.5721428571428572 0.31904761904761914 0.55 0.31904761904761914 0.55 0.3457142857142858 0.5721428571428572 0.3457142857142858
3 0.4957142857142857 0.3895238095238096 0.4235714285714286 0.3895238095238096 0.4235714285714286 0.4523809523809525 0.4957142857142857 0.4523809523809525
2 0.5721428571428572 0.4057142857142858 0.3357142857142857 0.4057142857142858 0.33571428571428574 0.6628571428571428 0.5721428571428572 0.6628571428571428
3 0.37857142857142856 0.52 0.27857142857142864 0.52 0.27857142857142864 0.6295238095238095 0.37857142857142856 0.6295238095238095
3 0.23214285714285723 0.5552380952380952 0.08785714285714291 0.5552380952380952 0.08785714285714291 0.6828571428571428 0.23214285714285723 0.6828571428571428
3 0.19428571428571437 0.6704761904761904 0.02000000000000006 0.6704761904761904 0.02000000000000007 0.8371428571428572 0.19428571428571437 0.8371428571428572
3 0.3021428571428572 0.6876190476190476 0.14785714285714294 0.6876190476190476 0.14785714285714294 0.8552380952380952 0.3021428571428572 0.8552380952380952
8 0.18928571428571436 0.46095238095238095 0.17071428571428576 0.46095238095238095 0.17071428571428576 0.5057142857142857 0.18928571428571436 0.5057142857142857
8 0.27571428571428575 0.41619047619047617 0.25857142857142856 0.41619047619047617 0.2585714285714286 0.4561904761904762 0.2757142857142858 0.4561904761904762
1 0.2842857142857143 0.43047619047619046 0.25142857142857145 0.43047619047619046 0.25142857142857145 0.4657142857142857 0.28428571428571436 0.4657142857142857
1 0.19928571428571437 0.47714285714285715 0.16142857142857148 0.47714285714285715 0.16142857142857148 0.518095238095238 0.19928571428571437 0.518095238095238
7 0.24642857142857147 0.40190476190476193 0.22714285714285715 0.40190476190476193 0.22714285714285717 0.44857142857142857 0.2464285714285715 0.44857142857142857
3 0.0778571428571429 0.42857142857142855 3.936364711545064e-17 0.42857142857142855 4.347496136973103e-17 0.518095238095238 0.0778571428571429 0.518095238095238
3 0.13071428571428576 0.41904761904761906 0.04500000000000004 0.41904761904761906 0.04500000000000004 0.49523809523809526 0.13071428571428576 0.49523809523809526
3 0.1271428571428572 0.3380952380952381 0.0435714285714286 0.3380952380952381 0.0435714285714286 0.37714285714285717 0.1271428571428572 0.37714285714285717
3 0.15285714285714289 0.36952380952380953 0.04428571428571432 0.36952380952380953 0.044285714285714324 0.42 0.15285714285714289 0.42
3 0.17428571428571432 0.38666666666666666 0.09571428571428575 0.38666666666666666 0.09571428571428575 0.4666666666666667 0.17428571428571432 0.4666666666666667
3 0.22142857142857147 0.3742857142857143 0.14642857142857146 0.3742857142857143 0.14642857142857146 0.44476190476190475 0.2214285714285715 0.44476190476190475
3 0.2621428571428571 0.3580952380952381 0.1992857142857143 0.3580952380952381 0.1992857142857143 0.41904761904761906 0.2621428571428571 0.41904761904761906
3 0.24928571428571428 0.3314285714285714 0.17214285714285718 0.3314285714285714 0.17214285714285718 0.36857142857142855 0.24928571428571428 0.36857142857142855
3 0.23714285714285716 0.3 0.16071428571428575 0.3 0.16071428571428575 0.3438095238095238 0.23714285714285716 0.3438095238095238
3 0.2978571428571429 0.33904761904761904 0.22 0.33904761904761904 0.22 0.39904761904761904 0.2978571428571429 0.39904761904761904
3 0.32571428571428573 0.31047619047619046 0.24642857142857144 0.31047619047619046 0.24642857142857144 0.36857142857142855 0.32571428571428573 0.36857142857142855
3 0.47785714285714287 0.2990476190476192 0.41928571428571426 0.2990476190476192 0.41928571428571426 0.341904761904762 0.47785714285714287 0.341904761904762
3 0.4735714285714286 0.2685714285714287 0.4228571428571429 0.2685714285714287 0.4228571428571429 0.30666666666666675 0.4735714285714286 0.30666666666666675
3 0.49357142857142855 0.26285714285714296 0.44785714285714284 0.26285714285714296 0.44785714285714284 0.2980952380952382 0.49357142857142855 0.2980952380952382
3 0.5142857142857142 0.24380952380952392 0.45785714285714285 0.24380952380952392 0.45785714285714285 0.2866666666666668 0.5142857142857142 0.2866666666666668
3 0.5292857142857142 0.23904761904761912 0.48 0.2390476190476191 0.48 0.27714285714285725 0.5292857142857142 0.27714285714285725
3 0.5457142857142857 0.22761904761904772 0.49857142857142855 0.22761904761904772 0.49857142857142855 0.2723809523809525 0.5457142857142857 0.2723809523809525
3 0.5614285714285714 0.22666666666666677 0.5164285714285715 0.22666666666666677 0.5164285714285715 0.26190476190476203 0.5614285714285714 0.26190476190476203
3 0.5742857142857143 0.21523809523809534 0.5271428571428571 0.21523809523809534 0.5271428571428571 0.2542857142857144 0.5742857142857143 0.2542857142857144
3 0.6064285714285714 0.2323809523809525 0.5628571428571428 0.2323809523809525 0.5628571428571428 0.2666666666666668 0.6064285714285714 0.2666666666666668
3 0.6021428571428571 0.20000000000000012 0.5535714285714286 0.20000000000000012 0.5535714285714286 0.23523809523809536 0.6021428571428571 0.23523809523809536
3 0.6842857142857143 0.19238095238095249 0.6514285714285715 0.19238095238095249 0.6514285714285715 0.22095238095238107 0.6842857142857143 0.22095238095238107
3 0.7271428571428571 0.16190476190476202 0.69 0.16190476190476202 0.69 0.1866666666666668 0.7271428571428571 0.1866666666666668
3 0.7692857142857142 0.16571428571428581 0.7378571428571429 0.16571428571428581 0.7378571428571429 0.18952380952380962 0.7692857142857142 0.18952380952380962
3 0.8428571428571429 0.14095238095238108 0.8142857142857143 0.14095238095238105 0.8142857142857143 0.16380952380952393 0.8428571428571429 0.16380952380952396