3 0.21850000000000006 0.3973333333333333 0.10900000000000003 0.3973333333333333 0.10900000000000003 0.4633333333333333 0.21850000000000006 0.4633333333333333
3 0.377 0.48733333333333334 0.2625 0.48733333333333334 0.2625 0.5653333333333334 0.377 0.5653333333333334
3 0.628 0.5426666666666669 0.4975 0.5426666666666669 0.49750000000000005 0.6286666666666668 0.628 0.6286666666666668
3 0.561 0.4273333333333335 0.4715 0.4273333333333335 0.4715 0.5413333333333334 0.561 0.5413333333333334
3 0.8235 0.5733333333333335 0.675 0.5733333333333335 0.675 0.6640000000000001 0.8235 0.6640000000000001
3 1 0.5966666666666668 0.9455 0.5966666666666668 0.9455 0.6873333333333337 1 0.6873333333333337
3 0.5155 0.32200000000000006 0.4235 0.32200000000000006 0.4235 0.3733333333333334 0.5155 0.37333333333333346
3 0.585 0.29666666666666675 0.4975 0.29666666666666675 0.4975 0.3453333333333335 0.585 0.3453333333333335
3 0.825 0.3633333333333335 0.726 0.3633333333333335 0.726 0.4193333333333335 0.825 0.4193333333333335
3 0.232 0.24 0.155 0.24 0.155 0.2846666666666667 0.232 0.2846666666666667
3 0.058000000000000024 0.22266666666666668 2.04516015457608e-17 0.22266666666666668 2.2349804084439196e-17 0.264 0.05800000000000003 0.264
3 0.09450000000000008 0.8393333333333334 7.709151600632589e-17 0.8393333333333334 8.434754829127395e-17 0.9973333333333333 0.09450000000000008 0.9973333333333333
8 0.8865 0.3220000000000002 0.8675 0.3220000000000002 0.8675 0.36400000000000016 0.8865 0.36400000000000016
5 0.893 0.33466666666666683 0.856 0.33466666666666683 0.856 0.3613333333333335 0.893 0.3613333333333335
10 0.9725 0.08333333333333348 0.9115 0.08333333333333348 0.9115 0.13000000000000014 0.9725 0.13000000000000014
10 0.919 0.016666666666666812 0.863 0.01666666666666681 0.863 0.0806666666666668 0.919 0.08066666666666682
10 0.8765 1.3928316262302563e-16 0.8295 1.3544593598569726e-16 0.8295 0.034666666666666804 0.8765 0.03466666666666681