3 0.6835714285714286 0.8299492385786803 0.6307142857142857 0.8299492385786802 0.6307142857142857 0.8934010152284265 0.6835714285714286 0.8934010152284266
3 0.41 0.817258883248731 0.38642857142857145 0.817258883248731 0.38642857142857145 0.9010152284263959 0.41 0.9010152284263959
3 0.3264285714285715 0.8401015228426396 0.2971428571428572 0.8401015228426396 0.2971428571428572 0.9276649746192893 0.3264285714285715 0.9276649746192893
3 0.42428571428571427 0.32233502538071074 0.40785714285714286 0.32233502538071074 0.40785714285714286 0.37055837563451793 0.42428571428571427 0.37055837563451793
3 0.5157142857142857 0.2576142131979697 0.4992857142857143 0.2576142131979697 0.4992857142857143 0.3147208121827413 0.5157142857142857 0.3147208121827413
3 0.5557142857142857 0.43654822335025395 0.5357142857142857 0.43654822335025395 0.5357142857142857 0.49492385786802046 0.5557142857142857 0.49492385786802046
3 0.6 0.5342639593908631 0.5657142857142857 0.5342639593908631 0.5657142857142857 0.5901015228426397 0.6 0.5901015228426397
3 0.9064285714285715 0.5139593908629443 0.8642857142857143 0.5139593908629443 0.8642857142857143 0.5532994923857869 0.9064285714285715 0.5532994923857869
3 0.9635714285714285 0.5088832487309646 0.9221428571428572 0.5088832487309646 0.9221428571428572 0.5456852791878174 0.9635714285714285 0.5456852791878174
3 0.46 0.9010152284263959 0.43785714285714283 0.9010152284263959 0.43785714285714283 0.998730964467005 0.46 0.998730964467005
3 1 0.4885786802030459 0.9785714285714285 0.48857868020304585 0.9785714285714285 0.5253807106598987 1 0.5253807106598988
11 0.765 0.5431472081218276 0.715 0.5431472081218276 0.715 0.5926395939086296 0.765 0.5926395939086296
11 0.8535714285714285 0.5266497461928935 0.8035714285714286 0.5266497461928935 0.8035714285714286 0.5723350253807108 0.8535714285714285 0.5723350253807108
3 0.5457142857142857 0.6408629441624367 0.5221428571428571 0.6408629441624367 0.5221428571428571 0.7233502538071066 0.5457142857142857 0.7233502538071066
11 0.49714285714285716 0.8058375634517766 0.475 0.8058375634517766 0.475 0.9060913705583756 0.49714285714285716 0.9060913705583756
3 0.4607142857142857 0.0012690355329950224 0.44642857142857145 0.0012690355329950207 0.44642857142857145 0.019035532994923957 0.4607142857142857 0.019035532994923957
7 0.30357142857142855 0.3604060913705584 0.2978571428571429 0.3604060913705584 0.2978571428571429 0.3819796954314721 0.30357142857142855 0.3819796954314721
7 0.37714285714285717 0.09517766497461937 0.3707142857142857 0.09517766497461937 0.3707142857142857 0.11421319796954323 0.37714285714285717 0.11421319796954323
7 0.43642857142857144 0.09644670050761432 0.42928571428571427 0.09644670050761432 0.42928571428571427 0.11421319796954325 0.43642857142857144 0.11421319796954325
7 0.33285714285714285 0.21700507614213205 0.325 0.21700507614213205 0.325 0.23857868020304576 0.33285714285714285 0.23857868020304576
7 0.7785714285714286 0.634517766497462 0.7735714285714286 0.634517766497462 0.7735714285714286 0.653553299492386 0.7785714285714286 0.653553299492386