3 0.51 0.8312182741116751 0.4828571428571429 0.8312182741116751 0.4828571428571429 0.9124365482233503 0.51 0.9124365482233503
3 0.12000000000000004 0.5190355329949239 0.07428571428571433 0.5190355329949239 0.07428571428571433 0.5609137055837563 0.12000000000000004 0.5609137055837563
3 0.09857142857142862 0.4873096446700508 0.05642857142857147 0.4873096446700508 0.05642857142857147 0.5228426395939086 0.09857142857142862 0.5228426395939086
3 0.17142857142857146 0.4987309644670051 0.1278571428571429 0.4987309644670051 0.1278571428571429 0.5368020304568528 0.17142857142857146 0.5368020304568528
3 0.22214285714285714 0.5 0.17928571428571433 0.5 0.17928571428571433 0.5456852791878173 0.22214285714285714 0.5456852791878173
3 0.2807142857142857 0.5152284263959391 0.23714285714285716 0.5152284263959391 0.23714285714285716 0.5545685279187818 0.2807142857142857 0.5545685279187818
3 0.25000000000000006 0.8743654822335025 0.21214285714285722 0.8743654822335025 0.21214285714285722 0.9733502538071066 0.25000000000000006 0.9733502538071066
3 0.19571428571428579 0.6243654822335025 0.1471428571428572 0.6243654822335025 0.1471428571428572 0.6687817258883249 0.19571428571428579 0.6687817258883249
3 0.25285714285714295 0.6383248730964467 0.20357142857142865 0.6383248730964467 0.20357142857142865 0.6878172588832487 0.25285714285714295 0.6878172588832487
2 0.2814285714285715 0.5456852791878173 0.16142857142857148 0.5456852791878173 0.16142857142857148 0.6345177664974619 0.28142857142857153 0.6345177664974619
2 0.34357142857142864 0.5469543147208122 0.2757142857142857 0.5469543147208121 0.27571428571428575 0.6230964467005077 0.34357142857142864 0.6230964467005078
2 0.40214285714285714 0.4974619289340102 0.2885714285714286 0.49746192893401014 0.2885714285714286 0.5824873096446701 0.40214285714285714 0.5824873096446702
2 0.16214285714285717 0.5609137055837563 0.09142857142857147 0.5609137055837563 0.09142857142857147 0.6256345177664975 0.16214285714285717 0.6256345177664975
10 0.05357142857142861 0.5380710659898477 3.708930305989127e-17 0.5380710659898477 3.90574854156638e-17 0.5951776649746193 0.05357142857142861 0.5951776649746193
3 0.060714285714285755 0.5050761421319797 0.010714285714285749 0.5050761421319797 0.01071428571428575 0.5545685279187818 0.060714285714285755 0.5545685279187818
3 0.18142857142857147 0.751269035532995 0.15071428571428575 0.751269035532995 0.15071428571428575 0.8426395939086294 0.18142857142857147 0.8426395939086294
3 0.24428571428571436 0.799492385786802 0.20214285714285724 0.799492385786802 0.20214285714285724 0.8984771573604061 0.24428571428571436 0.8984771573604061
3 0.2664285714285715 0.7868020304568528 0.23642857142857152 0.7868020304568528 0.23642857142857152 0.8807106598984772 0.2664285714285715 0.8807106598984772
3 0.28928571428571437 0.7956852791878173 0.2614285714285715 0.7956852791878173 0.2614285714285715 0.8756345177664975 0.28928571428571437 0.8756345177664975
10 0.36642857142857144 0.9187817258883249 0.2635714285714287 0.9187817258883249 0.2635714285714287 0.9961928934010152 0.36642857142857144 0.9961928934010152
10 0.22285714285714295 0.7436548223350253 0.12928571428571434 0.7436548223350253 0.12928571428571434 0.9961928934010152 0.22285714285714295 0.9961928934010152
3 0.5771428571428572 0.5215736040609138 0.5435714285714286 0.5215736040609138 0.5435714285714286 0.5888324873096448 0.5771428571428572 0.5888324873096448
3 0.5428571428571428 0.3934010152284265 0.525 0.3934010152284265 0.525 0.44162436548223366 0.5428571428571428 0.44162436548223366
3 0.6128571428571429 0.33756345177664987 0.5964285714285714 0.33756345177664987 0.5964285714285714 0.3819796954314722 0.6128571428571429 0.3819796954314722
3 0.6371428571428571 0.33629441624365497 0.62 0.33629441624365497 0.62 0.3959390862944164 0.6371428571428571 0.3959390862944164
3 0.5528571428571428 0.2563451776649748 0.5364285714285715 0.2563451776649748 0.5364285714285715 0.29949238578680215 0.5528571428571428 0.29949238578680215
3 0.6371428571428571 0.2791878172588834 0.6207142857142857 0.2791878172588834 0.6207142857142857 0.32614213197969555 0.6371428571428571 0.32614213197969555
3 0.59 0.14847715736040623 0.5742857142857143 0.1484771573604062 0.5742857142857143 0.18654822335025395 0.59 0.18654822335025395
3 0.6364285714285715 0.2220812182741118 0.6207142857142857 0.2220812182741118 0.6207142857142857 0.27030456852791895 0.6364285714285715 0.27030456852791895
3 0.5728571428571428 0.08121827411167523 0.56 0.08121827411167523 0.56 0.11548223350253818 0.5728571428571428 0.11548223350253818
3 0.5935714285714285 0.06091370558375647 0.58 0.06091370558375647 0.58 0.0888324873096448 0.5935714285714285 0.08883248730964481
3 0.5985714285714285 0.013959390862944291 0.5842857142857143 0.01395939086294429 0.5842857142857143 0.04441624365482246 0.5985714285714285 0.04441624365482246
7 0.3492857142857143 0.43147208121827424 0.3435714285714286 0.43147208121827424 0.3435714285714286 0.451776649746193 0.3492857142857143 0.451776649746193
8 0.3507142857142857 0.4175126903553301 0.3442857142857143 0.4175126903553301 0.3442857142857143 0.4327411167512692 0.3507142857142857 0.4327411167512692
8 0.33214285714285713 0.42766497461928943 0.3271428571428571 0.4276649746192893 0.3271428571428571 0.4441624365482234 0.33214285714285713 0.4441624365482235
7 0.5742857142857143 0.4555837563451778 0.5692857142857143 0.4555837563451778 0.5692857142857143 0.4796954314720814 0.5742857142857143 0.4796954314720814
7 0.6835714285714286 0.29187817258883264 0.68 0.29187817258883264 0.68 0.3083756345177666 0.6835714285714286 0.3083756345177666
7 0.6871428571428572 0.28680203045685293 0.6828571428571428 0.28680203045685293 0.6828571428571428 0.3121827411167514 0.6871428571428572 0.3121827411167514
7 0.5164285714285715 0.17131979695431487 0.5114285714285715 0.17131979695431487 0.5114285714285715 0.19162436548223366 0.5164285714285715 0.19162436548223366
7 0.5192857142857142 0.20431472081218288 0.515 0.20431472081218288 0.515 0.22335025380710674 0.5192857142857142 0.22335025380710674
7 0.505 0.42512690355329963 0.5007142857142857 0.42512690355329963 0.5007142857142857 0.44796954314720827 0.505 0.44796954314720827
7 0.5057142857142857 0.41497461928934026 0.5021428571428571 0.41497461928934026 0.5021428571428571 0.4454314720812184 0.5057142857142857 0.4454314720812184