10 0.2571428571428571 0.3933333333333333 0.21 0.3933333333333333 0.21 0.42 0.2571428571428571 0.42
10 0.285 0.37047619047619046 0.2342857142857143 0.37047619047619046 0.2342857142857143 0.39714285714285713 0.285 0.39714285714285713
3 0.30428571428571427 0.38761904761904764 0.2885714285714286 0.38761904761904764 0.2885714285714286 0.3980952380952381 0.30428571428571427 0.3980952380952381
3 0.34 0.3752380952380953 0.33 0.37523809523809526 0.33 0.3857142857142858 0.34 0.38571428571428584
3 0.48428571428571426 0.3009523809523811 0.4785714285714286 0.3009523809523811 0.4785714285714286 0.30952380952380965 0.48428571428571426 0.30952380952380965
3 0.4907142857142857 0.2676190476190477 0.48714285714285716 0.2676190476190477 0.48714285714285716 0.27523809523809534 0.4907142857142857 0.27523809523809534
3 0.5071428571428571 0.2400000000000001 0.5035714285714286 0.2400000000000001 0.5035714285714286 0.24666666666666678 0.5071428571428571 0.24666666666666678
3 0.72 0.31333333333333346 0.7121428571428572 0.31333333333333346 0.7121428571428572 0.32095238095238104 0.72 0.32095238095238104
3 0.7135714285714285 0.302857142857143 0.7064285714285714 0.302857142857143 0.7064285714285714 0.31142857142857155 0.7135714285714285 0.31142857142857155
3 0.6035714285714285 0.2485714285714287 0.5985714285714285 0.2485714285714287 0.5985714285714285 0.2542857142857144 0.6035714285714285 0.2542857142857144
3 0.6135714285714285 0.24666666666666678 0.6092857142857143 0.24666666666666678 0.6092857142857143 0.2542857142857144 0.6135714285714285 0.2542857142857144
3 0.62 0.24666666666666678 0.615 0.24666666666666678 0.615 0.2542857142857144 0.62 0.2542857142857144
11 0.6085714285714285 0.24571428571428583 0.6042857142857143 0.24571428571428583 0.6042857142857143 0.2542857142857144 0.6085714285714285 0.2542857142857144
3 0.5864285714285714 0.2400000000000001 0.58 0.2400000000000001 0.58 0.24666666666666678 0.5864285714285714 0.24666666666666678
3 0.5807142857142857 0.24666666666666678 0.5757142857142857 0.24666666666666678 0.5757142857142857 0.25333333333333347 0.5807142857142857 0.25333333333333347
3 0.575 0.24761904761904774 0.5714285714285714 0.24761904761904774 0.5714285714285714 0.25333333333333347 0.575 0.25333333333333347
4 0.5014285714285714 0.1676190476190477 0.48928571428571427 0.16761904761904767 0.48928571428571427 0.21047619047619057 0.5014285714285714 0.2104761904761906
3 0.4835714285714286 0.2876190476190477 0.47714285714285715 0.2876190476190477 0.47714285714285715 0.2980952380952382 0.4835714285714286 0.2980952380952382
3 0.4392857142857143 0.4742857142857144 0.42714285714285716 0.4742857142857144 0.42714285714285716 0.49523809523809526 0.4392857142857143 0.49523809523809526
11 0.36 0.35333333333333344 0.3507142857142857 0.35333333333333344 0.3507142857142857 0.37047619047619057 0.36 0.37047619047619057
3 0.7071428571428572 0.29333333333333345 0.7 0.29333333333333345 0.7 0.30476190476190484 0.7071428571428572 0.30476190476190484
2 0.4564285714285714 0.4800000000000001 0.4392857142857143 0.4800000000000001 0.4392857142857143 0.5247619047619048 0.4564285714285714 0.5247619047619048
7 0.48928571428571427 0.42857142857142866 0.48428571428571426 0.42857142857142866 0.48428571428571426 0.44380952380952393 0.48928571428571427 0.44380952380952393
7 0.4807142857142857 0.4209523809523811 0.47714285714285715 0.4209523809523811 0.47714285714285715 0.43142857142857155 0.4807142857142857 0.43142857142857155
7 0.43642857142857144 0.44380952380952393 0.4328571428571429 0.44380952380952393 0.4328571428571429 0.4542857142857144 0.43642857142857144 0.4542857142857144
5 0.43642857142857144 0.4085714285714287 0.43142857142857144 0.4085714285714287 0.43142857142857144 0.4200000000000001 0.43642857142857144 0.4200000000000001
11 0.44 0.19809523809523816 0.43642857142857144 0.19809523809523816 0.43642857142857144 0.2028571428571429 0.44 0.2028571428571429