11 0.5942857142857143 0.369289340101523 0.5614285714285714 0.369289340101523 0.5614285714285714 0.48477157360406103 0.5942857142857143 0.48477157360406103
3 0.4664285714285714 0.4137055837563453 0.44142857142857145 0.4137055837563453 0.44142857142857145 0.4796954314720814 0.4664285714285714 0.4796954314720814
10 0.9992857142857143 0.6789340101522846 0.9478571428571428 0.6789340101522846 0.9478571428571428 0.8299492385786805 0.9992857142857143 0.8299492385786805
11 0.4064285714285714 0.3096446700507615 0.38 0.3096446700507615 0.38 0.38451776649746205 0.4064285714285714 0.38451776649746205
11 0.4857142857142857 0.20558375634517773 0.4585714285714286 0.20558375634517773 0.4585714285714286 0.2715736040609138 0.4857142857142857 0.2715736040609138
3 0.6035714285714285 0.16497461928934024 0.5821428571428572 0.16497461928934024 0.5821428571428572 0.21954314720812196 0.6035714285714285 0.21954314720812196
10 0.45571428571428574 0.04949238578680212 0.43142857142857144 0.04949238578680212 0.43142857142857144 0.13705583756345188 0.45571428571428574 0.13705583756345188
10 0.8921428571428571 0.2779187817258885 0.8392857142857143 0.2779187817258885 0.8392857142857143 0.40989847715736055 0.8921428571428571 0.40989847715736055
10 0.8542857142857143 0.19923857868020323 0.8071428571428572 0.1992385786802032 0.8071428571428572 0.30203045685279206 0.8542857142857143 0.3020304568527921
11 0.8171428571428572 0.15355329949238597 0.7928571428571428 0.15355329949238597 0.7928571428571428 0.20685279187817274 0.8171428571428572 0.20685279187817274
11 0.7721428571428571 0.013959390862944327 0.755 0.013959390862944324 0.755 0.05076142131979711 0.7721428571428571 0.05076142131979711
3 0.7264285714285714 1.5564514839417187e-16 0.7042857142857143 1.532362619237678e-16 0.7042857142857143 0.029187817258883406 0.7264285714285714 0.029187817258883413
11 0.5592857142857143 0.932741116751269 0.5235714285714286 0.932741116751269 0.5235714285714286 0.998730964467005 0.5592857142857143 0.998730964467005
7 0.3657142857142857 0.044416243654822406 0.36 0.044416243654822406 0.36 0.062182741116751344 0.3657142857142857 0.062182741116751344
7 0.38857142857142857 0.06091370558375644 0.38285714285714284 0.06091370558375644 0.38285714285714284 0.08248730964467012 0.38857142857142857 0.08248730964467012
7 0.325 0.027918781725888398 0.3171428571428571 0.027918781725888398 0.3171428571428571 0.04822335025380718 0.325 0.04822335025380718
7 0.2885714285714286 0.006345177664974682 0.2792857142857143 0.00634517766497468 0.2792857142857143 0.030456852791878236 0.2885714285714286 0.030456852791878236
7 0.28785714285714287 0.09137055837563458 0.28 0.09137055837563458 0.28 0.11167512690355337 0.28785714285714287 0.11167512690355337
7 0.2757142857142857 0.09644670050761428 0.26785714285714285 0.09644670050761428 0.26785714285714285 0.118020304568528 0.2757142857142857 0.118020304568528
7 0.26357142857142857 0.1078680203045686 0.25642857142857145 0.1078680203045686 0.25642857142857145 0.12690355329949246 0.26357142857142857 0.12690355329949246
7 0.335 0.1408629441624366 0.33 0.1408629441624366 0.33 0.16370558375634525 0.335 0.16370558375634525
7 0.32142857142857145 0.1446700507614214 0.315 0.1446700507614214 0.315 0.16243654822335032 0.32142857142857145 0.16243654822335032
7 0.3342857142857143 0.19543147208121833 0.32571428571428573 0.19543147208121833 0.32571428571428573 0.21192893401015236 0.3342857142857143 0.21192893401015236
7 0.31857142857142856 0.1827411167512691 0.31285714285714283 0.1827411167512691 0.31285714285714283 0.20558375634517773 0.31857142857142856 0.20558375634517773
7 0.3078571428571429 0.1776649746192894 0.29714285714285715 0.1776649746192894 0.29714285714285715 0.20050761421319804 0.3078571428571429 0.20050761421319804
7 0.24642857142857144 0.15736040609137059 0.24 0.15736040609137059 0.24 0.17893401015228433 0.24642857142857144 0.17893401015228433
7 0.25214285714285717 0.18654822335025387 0.24642857142857144 0.18654822335025387 0.24642857142857144 0.2030456852791879 0.25214285714285717 0.2030456852791879
7 0.21785714285714286 0.22842639593908637 0.21142857142857144 0.22842639593908637 0.21142857142857144 0.2525380710659899 0.21785714285714286 0.2525380710659899
7 0.21 0.22461928934010159 0.20285714285714285 0.22461928934010159 0.20285714285714285 0.24492385786802037 0.21 0.24492385786802037
7 0.2735714285714286 0.36421319796954316 0.2664285714285714 0.36421319796954316 0.2664285714285714 0.3819796954314721 0.2735714285714286 0.3819796954314721
7 0.2642857142857143 0.3553299492385787 0.2571428571428571 0.3553299492385787 0.2571428571428571 0.3756345177664975 0.2642857142857143 0.3756345177664975
7 0.19714285714285715 0.33248730964467005 0.18857142857142858 0.33248730964467005 0.18857142857142858 0.35913705583756345 0.19714285714285715 0.35913705583756345
7 0.18428571428571427 0.3553299492385787 0.17642857142857146 0.3553299492385787 0.17642857142857146 0.3819796954314721 0.18428571428571427 0.3819796954314721
7 0.17571428571428577 0.3680203045685279 0.16714285714285718 0.3680203045685279 0.16714285714285718 0.39086294416243655 0.17571428571428577 0.39086294416243655
7 0.3292857142857143 0.4936548223350254 0.32142857142857145 0.4936548223350254 0.32142857142857145 0.5190355329949239 0.3292857142857143 0.5190355329949239
7 0.3192857142857143 0.5304568527918782 0.31357142857142856 0.5304568527918782 0.31357142857142856 0.5532994923857868 0.3192857142857143 0.5532994923857868
7 0.30857142857142855 0.5304568527918782 0.2985714285714286 0.5304568527918782 0.2985714285714286 0.5596446700507615 0.30857142857142855 0.5596446700507615
7 0.27 0.4936548223350254 0.26142857142857145 0.4936548223350254 0.26142857142857145 0.5114213197969543 0.27 0.5114213197969543
7 0.24571428571428575 0.5723350253807107 0.23714285714285716 0.5723350253807107 0.23714285714285718 0.5926395939086294 0.2457142857142858 0.5926395939086294
7 0.22714285714285715 0.5482233502538071 0.22 0.5482233502538071 0.22 0.5647208121827412 0.22714285714285715 0.5647208121827412
7 0.21428571428571436 0.5901015228426396 0.2071428571428572 0.5901015228426396 0.2071428571428572 0.6116751269035533 0.21428571428571436 0.6116751269035533
7 0.2264285714285715 0.6725888324873096 0.21500000000000008 0.6725888324873096 0.21500000000000008 0.6967005076142132 0.2264285714285715 0.6967005076142132
7 0.21428571428571436 0.700507614213198 0.20857142857142866 0.700507614213198 0.20857142857142866 0.7182741116751269 0.21428571428571436 0.7182741116751269
7 0.20642857142857152 0.7563451776649747 0.19785714285714293 0.7563451776649747 0.19785714285714293 0.7842639593908629 0.20642857142857152 0.7842639593908629
7 0.2071428571428572 0.7956852791878173 0.19714285714285723 0.7956852791878173 0.19714285714285723 0.8236040609137056 0.2071428571428572 0.8236040609137056
7 0.1821428571428572 0.8147208121827412 0.17071428571428576 0.8147208121827412 0.17071428571428576 0.8388324873096447 0.1821428571428572 0.8388324873096447
7 0.74 0.16878172588832502 0.7321428571428571 0.16878172588832502 0.7321428571428571 0.19289340101522856 0.74 0.19289340101522856
7 0.8007142857142857 0.07233502538071084 0.7971428571428572 0.07233502538071084 0.7971428571428572 0.0913705583756347 0.8007142857142857 0.0913705583756347
7 0.22857142857142856 0.16243654822335032 0.22 0.16243654822335032 0.22 0.18401015228426404 0.22857142857142856 0.18401015228426404
7 0.2735714285714286 0.027918781725888384 0.2692857142857143 0.027918781725888377 0.2692857142857143 0.043147208121827464 0.2735714285714286 0.043147208121827464
7 0.27 0.019035532994923915 0.265 0.019035532994923915 0.265 0.035532994923857926 0.27 0.03553299492385793
7 0.28 0.02157360406091377 0.2714285714285714 0.02157360406091377 0.2714285714285714 0.04187817258883254 0.28 0.04187817258883254
7 0.27714285714285714 5.952280762353252e-17 0.27 5.874574747178928e-17 0.27 0.011421319796954373 0.27714285714285714 0.011421319796954373
7 0.355 0.02030456852791886 0.34785714285714286 0.020304568527918853 0.34785714285714286 0.038071065989847795 0.355 0.038071065989847795
7 0.36214285714285716 0.01142131979695439 0.35714285714285715 0.01142131979695439 0.35714285714285715 0.027918781725888405 0.36214285714285716 0.027918781725888405
8 0.36857142857142855 0.021573604060913788 0.36357142857142855 0.021573604060913788 0.36357142857142855 0.036802030456852874 0.36857142857142855 0.036802030456852874
7 0.36357142857142855 0.022842639593908712 0.35928571428571426 0.022842639593908712 0.35928571428571426 0.03934010152284272 0.36357142857142855 0.03934010152284272
7 0.35214285714285715 0.0545685279187818 0.3464285714285714 0.0545685279187818 0.3464285714285714 0.07487309644670058 0.35214285714285715 0.07487309644670058
7 0.34785714285714286 0.06345177664974626 0.3435714285714286 0.06345177664974626 0.3435714285714286 0.08248730964467012 0.34785714285714286 0.08248730964467012
7 0.3385714285714286 0.059644670050761496 0.3335714285714286 0.059644670050761496 0.3335714285714286 0.07994923857868028 0.3385714285714286 0.07994923857868028
7 0.25214285714285717 0.1573604060913706 0.24642857142857144 0.15736040609137059 0.24642857142857144 0.17893401015228433 0.25214285714285717 0.17893401015228433
4 0.26 0.1878172588832488 0.2507142857142857 0.1878172588832488 0.2507142857142857 0.21192893401015236 0.26 0.21192893401015236
7 0.2757142857142857 0.49111675126903553 0.26857142857142857 0.49111675126903553 0.26857142857142857 0.5088832487309645 0.2757142857142857 0.5088832487309645
7 0.32357142857142857 0.5329949238578681 0.3171428571428571 0.5329949238578681 0.3171428571428571 0.549492385786802 0.32357142857142857 0.549492385786802
7 0.2178571428571429 0.5812182741116751 0.21071428571428572 0.5812182741116751 0.21071428571428574 0.5989847715736041 0.21785714285714294 0.5989847715736041
7 0.2307142857142857 0.5520304568527918 0.22642857142857142 0.5520304568527918 0.22642857142857142 0.5685279187817259 0.2307142857142857 0.5685279187817259
7 0.2357142857142857 0.5621827411167513 0.23 0.5621827411167513 0.23 0.5799492385786802 0.2357142857142857 0.5799492385786802
7 0.22928571428571431 0.5697969543147208 0.22142857142857142 0.5697969543147208 0.22142857142857147 0.5901015228426396 0.22928571428571437 0.5901015228426396
7 0.21785714285714294 0.6954314720812182 0.21214285714285722 0.6954314720812182 0.21214285714285722 0.7131979695431472 0.21785714285714294 0.7131979695431472
7 0.21928571428571436 0.7106598984771574 0.2107142857142858 0.7106598984771574 0.2107142857142858 0.7309644670050761 0.21928571428571436 0.7309644670050761
7 0.2300000000000001 0.7068527918781726 0.22000000000000008 0.7068527918781726 0.22000000000000008 0.733502538071066 0.2300000000000001 0.733502538071066
7 0.21928571428571436 0.7436548223350253 0.20857142857142866 0.7436548223350253 0.20857142857142866 0.7741116751269036 0.21928571428571436 0.7741116751269036
7 0.0714285714285715 0.8020304568527918 0.05571428571428578 0.8020304568527918 0.05571428571428578 0.8286802030456852 0.0714285714285715 0.8286802030456852
7 0.8435714285714285 0.21700507614213219 0.8378571428571429 0.21700507614213219 0.8378571428571429 0.23730964467005097 0.8435714285714285 0.23730964467005097
8 0.31142857142857144 0.14847715736040618 0.30357142857142855 0.14847715736040618 0.30357142857142855 0.1662436548223351 0.31142857142857144 0.1662436548223351