5 0.21928571428571428 0.3057142857142857 0.2057142857142857 0.3057142857142857 0.2057142857142857 0.3161904761904762 0.21928571428571428 0.3161904761904762
5 0.2864285714285714 0.29904761904761906 0.2742857142857143 0.29904761904761906 0.2742857142857143 0.3076190476190476 0.2864285714285714 0.3076190476190476
2 0.3078571428571429 0.34285714285714286 0.2257142857142857 0.34285714285714286 0.2257142857142857 0.38571428571428573 0.3078571428571429 0.38571428571428573
10 0.11000000000000004 0.3619047619047619 0.012857142857142893 0.3619047619047619 0.012857142857142893 0.4104761904761905 0.11000000000000004 0.4104761904761905
10 0.21928571428571428 0.3504761904761905 0.11285714285714289 0.3504761904761905 0.11285714285714289 0.3980952380952381 0.21928571428571428 0.3980952380952381
10 0.06285714285714289 0.3076190476190476 0.012857142857142888 0.3076190476190476 0.012857142857142888 0.33904761904761904 0.0628571428571429 0.33904761904761904
10 0.645 0.25904761904761914 0.5892857142857143 0.25904761904761914 0.5892857142857143 0.2980952380952382 0.645 0.2980952380952382
10 1 0.20190476190476206 0.9864285714285714 0.20190476190476206 0.9864285714285714 0.2333333333333335 1 0.2333333333333335
10 0.5835714285714286 0.7742857142857142 0.5021428571428571 0.7742857142857142 0.5021428571428572 1 0.5835714285714287 1
10 0.57 0.5895238095238096 0.5207142857142857 0.5895238095238096 0.5207142857142857 0.7076190476190476 0.57 0.7076190476190476
10 0.5107142857142857 0.5495238095238095 0.4764285714285714 0.5495238095238095 0.4764285714285714 0.6228571428571429 0.5107142857142857 0.6228571428571429
10 0.4878571428571429 0.3980952380952382 0.46285714285714286 0.3980952380952382 0.46285714285714286 0.4485714285714287 0.4878571428571429 0.4485714285714287
10 0.5207142857142857 0.4066666666666668 0.4957142857142857 0.4066666666666668 0.4957142857142857 0.45714285714285724 0.5207142857142857 0.45714285714285724
3 0.6050000000000001 0.8485714285714285 0.565 0.8485714285714285 0.5650000000000001 0.94 0.6050000000000002 0.94
3 0.5778571428571428 0.741904761904762 0.5457142857142857 0.741904761904762 0.5457142857142857 0.8133333333333334 0.5778571428571428 0.8133333333333334
3 0.5221428571428571 0.6419047619047619 0.4957142857142857 0.6419047619047619 0.4957142857142857 0.7 0.5221428571428571 0.7
3 0.7471428571428571 0.7819047619047621 0.68 0.7819047619047621 0.68 0.8314285714285716 0.7471428571428571 0.8314285714285716
3 0.495 0.5133333333333333 0.4742857142857143 0.5133333333333333 0.4742857142857143 0.5476190476190477 0.495 0.5476190476190477
3 0.5671428571428572 0.37047619047619057 0.5414285714285715 0.37047619047619057 0.5414285714285715 0.40285714285714297 0.5671428571428572 0.40285714285714297
3 0.4807142857142857 0.32666666666666677 0.46214285714285713 0.32666666666666677 0.46214285714285713 0.35142857142857153 0.4807142857142857 0.35142857142857153
3 0.28785714285714287 0.4066666666666667 0.25214285714285717 0.4066666666666667 0.25214285714285717 0.43047619047619046 0.28785714285714287 0.43047619047619046
3 0.325 0.3904761904761905 0.2885714285714286 0.3904761904761905 0.2885714285714286 0.4123809523809524 0.325 0.4123809523809524
3 0.22428571428571428 0.38857142857142857 0.18714285714285714 0.38857142857142857 0.18714285714285714 0.40476190476190477 0.22428571428571428 0.40476190476190477
3 0.27071428571428574 0.3952380952380952 0.23214285714285715 0.3952380952380952 0.23214285714285715 0.41523809523809524 0.27071428571428574 0.41523809523809524
3 0.315 0.37523809523809526 0.2735714285714286 0.37523809523809526 0.2735714285714286 0.39714285714285713 0.315 0.39714285714285713
3 0.6185714285714285 0.22857142857142868 0.6085714285714285 0.22857142857142868 0.6085714285714285 0.2485714285714287 0.6185714285714285 0.2485714285714287
3 0.6121428571428571 0.21238095238095248 0.59 0.21238095238095248 0.59 0.22380952380952393 0.6121428571428571 0.22380952380952393
3 0.5921428571428572 0.22952380952380963 0.5807142857142857 0.22952380952380963 0.5807142857142857 0.24952380952380962 0.5921428571428572 0.24952380952380962
3 0.5978571428571429 0.2685714285714287 0.575 0.2685714285714287 0.575 0.2895238095238096 0.5978571428571429 0.2895238095238096
10 0.5785714285714286 0.2342857142857144 0.5635714285714286 0.2342857142857144 0.5635714285714286 0.2561904761904763 0.5785714285714286 0.2561904761904763
3 0.9371428571428572 0.21047619047619065 0.9192857142857143 0.21047619047619065 0.9192857142857143 0.22857142857142873 0.9371428571428572 0.22857142857142873
11 0.96 0.2152380952380954 0.935 0.2152380952380954 0.935 0.24000000000000016 0.96 0.24000000000000016
11 0.6885714285714286 0.27809523809523823 0.6564285714285715 0.27809523809523823 0.6564285714285715 0.29523809523809535 0.6885714285714286 0.29523809523809535
11 0.55 0.23142857142857154 0.5364285714285715 0.23142857142857154 0.5364285714285715 0.25333333333333347 0.55 0.25333333333333347
11 0.565 0.23333333333333345 0.5521428571428572 0.23333333333333345 0.5521428571428572 0.2523809523809525 0.565 0.2523809523809525
3 0.61 0.23142857142857154 0.5942857142857143 0.23142857142857154 0.5942857142857143 0.2504761904761906 0.61 0.2504761904761906
3 0.48642857142857143 0.15619047619047624 0.4757142857142857 0.15619047619047624 0.4757142857142857 0.17238095238095244 0.48642857142857143 0.17238095238095244
3 0.4692857142857143 0.09428571428571436 0.46 0.09428571428571436 0.46 0.1057142857142858 0.4692857142857143 0.1057142857142858
3 0.47714285714285715 0.08190476190476198 0.47 0.08190476190476198 0.47 0.09238095238095247 0.47714285714285715 0.09238095238095247
11 0.48214285714285715 0.7047619047619048 0.4564285714285714 0.7047619047619048 0.4564285714285714 0.7819047619047619 0.48214285714285715 0.7819047619047619
5 0.4664285714285714 0.5 0.44857142857142857 0.5 0.44857142857142857 0.5152380952380953 0.4664285714285714 0.5152380952380953
5 0.31357142857142867 0.4657142857142857 0.3071428571428572 0.4657142857142857 0.3071428571428572 0.48095238095238096 0.31357142857142867 0.48095238095238096
5 0.7728571428571429 0.35428571428571437 0.7614285714285715 0.35428571428571437 0.7614285714285715 0.3638095238095239 0.7728571428571429 0.3638095238095239
5 0.7035714285714286 0.26476190476190486 0.6928571428571428 0.26476190476190486 0.6928571428571428 0.2742857142857144 0.7035714285714286 0.2742857142857144
5 0.4564285714285714 0.2876190476190477 0.44357142857142856 0.2876190476190477 0.44357142857142856 0.2980952380952382 0.4564285714285714 0.2980952380952382
5 0.5028571428571429 0.24095238095238103 0.49642857142857144 0.240952380952381 0.49642857142857144 0.2523809523809525 0.5028571428571429 0.2523809523809525
7 0.4592857142857143 0.27333333333333343 0.45571428571428574 0.27333333333333343 0.45571428571428574 0.2866666666666668 0.4592857142857143 0.2866666666666668
7 0.4564285714285714 0.27809523809523823 0.45285714285714285 0.27809523809523823 0.45285714285714285 0.2876190476190477 0.4564285714285714 0.2876190476190477
7 0.5114285714285715 0.2695238095238096 0.5071428571428571 0.2695238095238096 0.5071428571428571 0.282857142857143 0.5114285714285715 0.282857142857143
7 0.5235714285714286 0.2685714285714287 0.52 0.2685714285714287 0.52 0.28095238095238106 0.5235714285714286 0.28095238095238106
7 0.4714285714285714 0.26285714285714296 0.465 0.26285714285714296 0.465 0.27809523809523823 0.4714285714285714 0.27809523809523823
7 0.5292857142857142 0.2361904761904763 0.525 0.2361904761904763 0.525 0.24952380952380962 0.5292857142857142 0.24952380952380962
7 0.5828571428571429 0.22190476190476202 0.5792857142857143 0.22190476190476202 0.5792857142857143 0.22857142857142868 0.5828571428571429 0.22857142857142868
7 0.42714285714285716 0.25142857142857156 0.42214285714285715 0.25142857142857156 0.42214285714285715 0.2685714285714287 0.42714285714285716 0.2685714285714287
7 0.4742857142857143 0.1371428571428572 0.4714285714285714 0.1371428571428572 0.4714285714285714 0.14761904761904768 0.4742857142857143 0.14761904761904768
7 0.4735714285714286 0.15523809523809529 0.4692857142857143 0.15523809523809529 0.4692857142857143 0.16571428571428576 0.4735714285714286 0.16571428571428576
7 0.4807142857142857 0.1371428571428572 0.47714285714285715 0.1371428571428572 0.47714285714285715 0.14857142857142863 0.4807142857142857 0.14857142857142863
7 0.47714285714285715 0.14000000000000004 0.4735714285714286 0.14000000000000004 0.4735714285714286 0.14761904761904768 0.47714285714285715 0.14761904761904768
8 0.45357142857142857 0.2838095238095239 0.45 0.2838095238095239 0.45 0.2942857142857144 0.45357142857142857 0.2942857142857144
8 0.21285714285714286 0.3019047619047619 0.2092857142857143 0.3019047619047619 0.2092857142857143 0.31047619047619046 0.21285714285714286 0.31047619047619046
8 0.21571428571428572 0.30095238095238097 0.21142857142857144 0.30095238095238097 0.21142857142857144 0.3142857142857143 0.21571428571428572 0.3142857142857143
8 0.2835714285714286 0.29428571428571426 0.28 0.29428571428571426 0.28 0.3047619047619048 0.2835714285714286 0.3047619047619048
8 0.31357142857142867 0.46 0.30785714285714294 0.46 0.30785714285714294 0.47714285714285715 0.31357142857142867 0.47714285714285715
8 0.46214285714285713 0.49714285714285716 0.4521428571428571 0.49714285714285716 0.4521428571428571 0.5133333333333333 0.46214285714285713 0.5133333333333333
8 0.77 0.3476190476190477 0.765 0.3476190476190477 0.765 0.3600000000000001 0.77 0.3600000000000001
8 0.5021428571428571 0.24000000000000007 0.49714285714285716 0.24000000000000005 0.49714285714285716 0.24761904761904774 0.5021428571428571 0.24761904761904774