3 0.13857142857142865 0.8285714285714286 0.07357142857142865 0.8285714285714286 0.07357142857142865 0.9771428571428571 0.13857142857142865 0.9771428571428571
3 0.2700000000000001 0.4857142857142857 0.21857142857142867 0.4857142857142857 0.21857142857142867 0.6057142857142858 0.2700000000000001 0.6057142857142858
11 0.31928571428571434 0.44952380952380955 0.24928571428571436 0.44952380952380955 0.24928571428571436 0.5771428571428572 0.31928571428571434 0.5771428571428572
5 0.3214285714285715 0.44571428571428573 0.2942857142857144 0.44571428571428573 0.2942857142857144 0.49333333333333335 0.3214285714285715 0.49333333333333335
8 0.3992857142857143 0.3380952380952382 0.38785714285714284 0.3380952380952382 0.38785714285714284 0.35904761904761917 0.3992857142857143 0.35904761904761917
7 0.445 0.3447619047619049 0.42928571428571427 0.3447619047619049 0.42928571428571427 0.3761904761904763 0.445 0.3761904761904763
7 0.4757142857142857 0.3438095238095239 0.4592857142857143 0.3438095238095239 0.4592857142857143 0.3723809523809525 0.4757142857142857 0.3723809523809525
5 0.4107142857142857 0.3123809523809525 0.38785714285714284 0.3123809523809525 0.38785714285714284 0.3561904761904763 0.4107142857142857 0.3561904761904763
5 0.44571428571428573 0.35428571428571437 0.405 0.35428571428571437 0.405 0.3771428571428572 0.44571428571428573 0.3771428571428572
5 0.5214285714285715 0.35333333333333344 0.485 0.35333333333333344 0.485 0.38285714285714295 0.5214285714285715 0.38285714285714295
8 0.5085714285714286 0.35904761904761917 0.49214285714285716 0.35904761904761917 0.49214285714285716 0.3800000000000001 0.5085714285714286 0.3800000000000001
8 0.4742857142857143 0.3161904761904763 0.4642857142857143 0.3161904761904763 0.4642857142857143 0.3380952380952382 0.4742857142857143 0.3380952380952382
7 0.7421428571428571 0.24952380952380962 0.7278571428571429 0.24952380952380962 0.7278571428571429 0.2685714285714287 0.7421428571428571 0.2685714285714287
7 0.7835714285714286 0.20857142857142869 0.7671428571428571 0.20857142857142869 0.7671428571428571 0.2342857142857144 0.7835714285714286 0.2342857142857144
11 0.2850000000000001 0.8257142857142857 0.1664285714285715 0.8257142857142857 0.1664285714285715 0.9780952380952381 0.2850000000000001 0.9780952380952381
11 0.3621428571428572 0.7209523809523809 0.2714285714285715 0.7209523809523809 0.2714285714285715 0.8428571428571429 0.3621428571428572 0.8428571428571429
3 0.4835714285714286 0.5933333333333334 0.38357142857142856 0.5933333333333334 0.38357142857142856 0.7133333333333334 0.4835714285714286 0.7133333333333334
3 0.5564285714285714 0.5114285714285715 0.4757142857142857 0.5114285714285715 0.4757142857142857 0.6076190476190476 0.5564285714285714 0.6076190476190476
3 0.6342857142857142 0.4095238095238096 0.5485714285714286 0.4095238095238096 0.5485714285714286 0.5219047619047619 0.6342857142857142 0.5219047619047619
3 0.8028571428571428 0.30666666666666675 0.7064285714285714 0.30666666666666675 0.7064285714285714 0.4066666666666668 0.8028571428571428 0.4066666666666668