3 0.905 0.8713333333333333 0.822 0.8713333333333333 0.822 0.9973333333333333 0.905 0.9973333333333333
3 0.809 0.5780000000000002 0.751 0.5780000000000002 0.751 0.684 0.809 0.684
3 0.6105 0.5406666666666669 0.569 0.5406666666666669 0.569 0.6286666666666668 0.6105 0.6286666666666668
3 0.48400000000000004 0.5266666666666667 0.4445 0.5266666666666666 0.44450000000000006 0.6360000000000001 0.4840000000000001 0.6360000000000001
3 0.657 0.4573333333333335 0.616 0.4573333333333335 0.616 0.5373333333333334 0.657 0.5373333333333334
3 0.775 0.48400000000000015 0.7275 0.48400000000000015 0.7275 0.5726666666666668 0.775 0.5726666666666668
11 0.752 0.3860000000000002 0.7025 0.3860000000000002 0.7025 0.46666666666666684 0.752 0.46666666666666684
3 0.7025 0.2580000000000001 0.672 0.25800000000000006 0.672 0.30933333333333346 0.7025 0.30933333333333346
3 0.5745 0.2653333333333334 0.5455 0.2653333333333334 0.5455 0.32266666666666677 0.5745 0.32266666666666677
3 0.17850000000000008 0.8873333333333333 0.11350000000000009 0.8873333333333333 0.11350000000000009 1 0.1785000000000001 1
3 0.22350000000000006 0.7173333333333334 0.16050000000000006 0.7173333333333334 0.16050000000000006 0.854 0.22350000000000006 0.854
3 0.25550000000000006 0.58 0.20200000000000007 0.58 0.20200000000000007 0.6946666666666667 0.25550000000000006 0.6946666666666667
3 0.268 0.4706666666666667 0.22500000000000006 0.4706666666666667 0.22500000000000006 0.5546666666666666 0.268 0.5546666666666666
3 0.2925 0.31666666666666676 0.2605 0.31666666666666676 0.2605 0.38333333333333336 0.2925 0.38333333333333336
7 0.23600000000000004 0.39866666666666667 0.22300000000000006 0.39866666666666667 0.22300000000000006 0.43333333333333335 0.23600000000000004 0.43333333333333335
7 0.22200000000000006 0.4073333333333333 0.20950000000000005 0.4073333333333333 0.20950000000000005 0.43733333333333335 0.22200000000000006 0.43733333333333335
11 0.298 0.2373333333333334 0.266 0.2373333333333334 0.266 0.31000000000000005 0.298 0.31000000000000005
3 0.3445 0.21200000000000008 0.3165 0.21200000000000008 0.3165 0.2653333333333334 0.3445 0.2653333333333334
3 0.4275 0.1893333333333334 0.3995 0.1893333333333334 0.3995 0.2473333333333334 0.4275 0.2473333333333334
7 0.2845 0.2093333333333334 0.273 0.2093333333333334 0.273 0.23800000000000007 0.2845 0.23800000000000007
3 0.3275 0.1426666666666667 0.304 0.1426666666666667 0.304 0.18066666666666675 0.3275 0.18066666666666675
3 0.3425 0.08933333333333338 0.3135 0.08933333333333338 0.3135 0.12800000000000003 0.3425 0.12800000000000003
3 0.6875 0.2153333333333334 0.658 0.2153333333333334 0.658 0.25800000000000006 0.6875 0.25800000000000006
3 0.672 0.1560000000000001 0.6445 0.1560000000000001 0.6445 0.20200000000000007 0.672 0.20200000000000007
3 0.6605 0.11866666666666678 0.6355 0.11866666666666678 0.6355 0.1560000000000001 0.6605 0.1560000000000001
3 0.6415 0.06666666666666678 0.6215 0.06666666666666676 0.6215 0.09533333333333345 0.6415 0.09533333333333345
4 0.3195 0.1813333333333334 0.2865 0.1813333333333334 0.2865 0.23666666666666675 0.3195 0.23666666666666675
7 0.3295 0.04133333333333339 0.325 0.04133333333333339 0.325 0.06266666666666672 0.3295 0.06266666666666672
7 0.325 0.03866666666666672 0.3185 0.03866666666666672 0.3185 0.05800000000000006 0.325 0.05800000000000006
3 0.363 0.008666666666666725 0.3445 0.008666666666666724 0.3445 0.038666666666666724 0.363 0.038666666666666724
7 0.3705 0.01666666666666673 0.365 0.01666666666666673 0.365 0.038666666666666724 0.3705 0.038666666666666724
3 0.4225 0.0553333333333334 0.4045 0.05533333333333339 0.4045 0.08666666666666674 0.4225 0.08666666666666674
3 0.6365 1.0233965084874715e-16 0.617 1.0074761000985558e-16 0.617 0.024000000000000105 0.6365 0.024000000000000105
3 0.5455 8.760306769900733e-17 0.5275 8.613349154003051e-17 0.5275 0.026000000000000086 0.5455 0.026000000000000086
7 0.755 0.6446666666666668 0.74 0.6446666666666668 0.74 0.6813333333333335 0.755 0.6813333333333335
7 0.7635 0.6520000000000001 0.753 0.6520000000000001 0.753 0.6813333333333335 0.7635 0.6813333333333335
7 0.72 0.46000000000000013 0.708 0.46000000000000013 0.708 0.4933333333333335 0.72 0.4933333333333335