9 0.4907142857142857 0.48857142857142855 0.4642857142857143 0.48857142857142855 0.4642857142857143 0.5104761904761905 0.4907142857142857 0.5104761904761905
3 0.4357142857142858 0.8161904761904762 0.4114285714285714 0.8161904761904762 0.41142857142857153 0.8971428571428571 0.4357142857142859 0.8971428571428571
3 0.4878571428571429 0.8057142857142857 0.4635714285714286 0.8057142857142857 0.4635714285714286 0.8838095238095238 0.4878571428571429 0.8838095238095238
5 0.4257142857142857 0.7523809523809524 0.41285714285714287 0.7523809523809524 0.41285714285714287 0.7828571428571428 0.4257142857142857 0.7828571428571428
5 0.43785714285714283 0.6866666666666666 0.4278571428571429 0.6866666666666666 0.4278571428571429 0.7085714285714285 0.43785714285714283 0.7085714285714285
5 0.4735714285714286 0.6780952380952381 0.4657142857142857 0.6780952380952381 0.4657142857142857 0.700952380952381 0.4735714285714286 0.700952380952381
5 0.4942857142857143 0.6714285714285714 0.4857142857142857 0.6714285714285714 0.4857142857142857 0.6923809523809524 0.4942857142857143 0.6923809523809524
5 0.5128571428571429 0.6685714285714286 0.5035714285714286 0.6685714285714286 0.5035714285714286 0.6904761904761905 0.5128571428571429 0.6904761904761905
5 0.5278571428571428 0.5942857142857143 0.5135714285714286 0.5942857142857143 0.5135714285714286 0.6123809523809524 0.5278571428571428 0.6123809523809524
5 0.5607142857142857 0.5838095238095238 0.5471428571428572 0.5838095238095238 0.5471428571428572 0.6019047619047619 0.5607142857142857 0.6019047619047619
5 0.68 0.5019047619047621 0.6671428571428571 0.5019047619047621 0.6671428571428571 0.5180952380952383 0.68 0.5180952380952383
5 0.6857142857142857 0.47904761904761917 0.6685714285714286 0.47904761904761917 0.6685714285714286 0.4942857142857145 0.6857142857142857 0.4942857142857145
5 0.475 0.08095238095238104 0.4707142857142857 0.08095238095238104 0.4707142857142857 0.09047619047619056 0.475 0.09047619047619056
1 0.795 0.565714285714286 0.78 0.565714285714286 0.78 0.5828571428571431 0.795 0.5828571428571431
2 0.46714285714285714 0.13238095238095243 0.45357142857142857 0.13238095238095243 0.45357142857142857 0.17238095238095244 0.46714285714285714 0.17238095238095244
11 0.6221428571428571 0.19333333333333344 0.6021428571428571 0.19333333333333344 0.6021428571428571 0.20952380952380964 0.6221428571428571 0.20952380952380964
3 0.48714285714285716 0.04380952380952389 0.48142857142857143 0.04380952380952389 0.48142857142857143 0.05142857142857151 0.48714285714285716 0.05142857142857151
3 0.575 0.041904761904762 0.5707142857142857 0.041904761904762 0.5707142857142857 0.049523809523809616 0.575 0.049523809523809616
3 0.5307142857142857 0.03142857142857151 0.5214285714285715 0.03142857142857151 0.5214285714285715 0.038095238095238175 0.5307142857142857 0.038095238095238175
4 0.48928571428571427 0.011428571428571508 0.4757142857142857 0.011428571428571507 0.4757142857142857 0.03619047619047627 0.48928571428571427 0.03619047619047627
8 0.42214285714285715 0.7552380952380953 0.415 0.7552380952380953 0.415 0.7752380952380953 0.42214285714285715 0.7752380952380953
8 0.43714285714285717 0.6885714285714286 0.43 0.6885714285714286 0.43 0.7019047619047619 0.43714285714285717 0.7019047619047619
8 0.4714285714285714 0.6819047619047619 0.4664285714285714 0.6819047619047619 0.4664285714285714 0.6971428571428572 0.4714285714285714 0.6971428571428572
8 0.4928571428571429 0.6733333333333333 0.4878571428571429 0.6733333333333333 0.4878571428571429 0.6895238095238095 0.4928571428571429 0.6895238095238095
8 0.5107142857142857 0.6704761904761904 0.5057142857142857 0.6704761904761904 0.5057142857142857 0.6866666666666666 0.5107142857142857 0.6866666666666666
8 0.5542857142857143 0.5857142857142857 0.55 0.5857142857142857 0.55 0.6009523809523809 0.5542857142857143 0.6009523809523809
8 0.5585714285714286 0.5847619047619048 0.5542857142857143 0.5847619047619048 0.5542857142857143 0.6009523809523809 0.5585714285714286 0.6009523809523809
8 0.5242857142857142 0.5952380952380952 0.5185714285714286 0.5952380952380952 0.5185714285714286 0.6085714285714285 0.5242857142857142 0.6085714285714285
8 0.6807142857142857 0.4800000000000001 0.6757142857142857 0.4800000000000001 0.6757142857142857 0.4923809523809526 0.6807142857142857 0.4923809523809526
8 0.6778571428571428 0.5028571428571431 0.6728571428571428 0.5028571428571431 0.6728571428571428 0.5152380952380955 0.6778571428571428 0.5152380952380955
8 0.7921428571428571 0.565714285714286 0.7857142857142857 0.565714285714286 0.7857142857142857 0.5790476190476193 0.7921428571428571 0.5790476190476193
7 0.5814285714285714 0.6152380952380953 0.5757142857142857 0.6152380952380953 0.5757142857142857 0.6285714285714286 0.5814285714285714 0.6285714285714286
7 0.5707142857142857 0.6228571428571429 0.565 0.6228571428571429 0.565 0.638095238095238 0.5707142857142857 0.638095238095238
7 0.3378571428571429 0.6495238095238095 0.33000000000000007 0.6495238095238095 0.33000000000000007 0.6676190476190477 0.3378571428571429 0.6676190476190477