0 0.5334029227557411 0.32653061224489804 0.5203549060542797 0.32653061224489804 0.5203549060542797 0.35714285714285726 0.5334029227557411 0.35714285714285726
0 0.5521920668058455 0.4758812615955475 0.534446764091858 0.4758812615955475 0.534446764091858 0.5157699443413731 0.5521920668058455 0.5157699443413731
5 0.4759916492693111 0.48794063079777367 0.46450939457202506 0.48794063079777367 0.46450939457202506 0.5074211502782932 0.4759916492693111 0.5074211502782932
7 0.47755741127348644 0.5046382189239332 0.4718162839248434 0.5046382189239332 0.4718162839248434 0.536178107606679 0.47755741127348644 0.536178107606679
7 0.4906054279749478 0.5037105751391466 0.48329853862212946 0.5037105751391465 0.48329853862212946 0.5352504638218925 0.4906054279749478 0.5352504638218926
7 0.48538622129436326 0.4981447124304268 0.47860125260960334 0.49814471243042674 0.47860125260960334 0.528756957328386 0.48538622129436326 0.5287569573283861
8 0.4545929018789144 0.5343228200371057 0.44467640918580376 0.5343228200371057 0.44467640918580376 0.5575139146567718 0.4545929018789144 0.5575139146567718
3 0.6242171189979123 0.5519480519480522 0.5944676409185804 0.5519480519480522 0.5944676409185804 0.6363636363636366 0.6242171189979123 0.6363636363636366
10 0.8173277661795407 0.6873840445269018 0.7484342379958246 0.6873840445269018 0.7484342379958246 0.8682745825602971 0.8173277661795407 0.8682745825602971
3 0.7995824634655533 0.63543599257885 0.7604384133611691 0.63543599257885 0.7604384133611691 0.7142857142857145 0.7995824634655533 0.7142857142857145
0 0.7724425887265136 0.5408163265306124 0.7437369519832986 0.5408163265306124 0.7437369519832986 0.6011131725417442 0.7724425887265136 0.6011131725417442
10 0.5756784968684759 0.2476808905380335 0.5422755741127349 0.2476808905380335 0.5422755741127349 0.2782931354359927 0.5756784968684759 0.2782931354359927
0 0.6195198329853863 0.20500927643784803 0.6116910229645094 0.20500927643784803 0.6116910229645094 0.22727272727272743 0.6195198329853863 0.22727272727272743
7 0.6236951983298539 0.22077922077922094 0.6189979123173278 0.22077922077922094 0.6189979123173278 0.241187384044527 0.6236951983298539 0.241187384044527
6 0.7656576200417536 0.37755102040816346 0.732776617954071 0.37755102040816346 0.732776617954071 0.46103896103896125 0.7656576200417536 0.46103896103896125
5 0.7907098121085595 0.27179962894248627 0.7771398747390397 0.27179962894248627 0.7771398747390397 0.2922077922077924 0.7907098121085595 0.2922077922077924
3 0.7233820459290188 0.22541743970315414 0.7051148225469729 0.22541743970315414 0.7051148225469729 0.24675324675324686 0.7233820459290188 0.24675324675324686
0 0.7186847599164927 0.18274582560296862 0.7098121085594989 0.18274582560296862 0.7098121085594989 0.2087198515769946 0.7186847599164927 0.2087198515769946
6 0.7312108559498957 0.18367346938775525 0.714509394572025 0.18367346938775525 0.714509394572025 0.22541743970315414 0.7312108559498957 0.22541743970315414
3 0.715553235908142 0.12987012987013002 0.6941544885177453 0.12987012987013002 0.6941544885177453 0.14842300556586285 0.715553235908142 0.14842300556586285
7 0.6894572025052192 0.10946196660482391 0.6863256784968684 0.10946196660482391 0.6863256784968684 0.1224489795918369 0.6894572025052192 0.1224489795918369
7 0.6409185803757829 0.11781076066790366 0.6367432150313153 0.11781076066790366 0.6367432150313153 0.1317254174397033 0.6409185803757829 0.1317254174397033
7 0.6524008350730689 0.10760667903525059 0.6497912317327766 0.10760667903525059 0.6497912317327766 0.11966604823747697 0.6524008350730689 0.11966604823747697
8 0.6482254697286013 0.11224489795918381 0.6450939457202505 0.11224489795918381 0.6450939457202505 0.11873840445269032 0.6482254697286013 0.11873840445269032
9 0.6487473903966597 0.11317254174397044 0.644572025052192 0.11317254174397044 0.644572025052192 0.12430426716141017 0.6487473903966597 0.12430426716141017
0 0.6607515657620042 0.08348794063079791 0.6555323590814196 0.08348794063079791 0.6555323590814196 0.09461966604823761 0.6607515657620042 0.09461966604823761
0 0.6826722338204593 0.08905380333951779 0.673277661795407 0.08905380333951779 0.673277661795407 0.10111317254174412 0.6826722338204593 0.10111317254174412
3 0.668580375782881 0.07235621521335822 0.662839248434238 0.07235621521335821 0.662839248434238 0.08348794063079792 0.668580375782881 0.08348794063079794
3 0.6550104384133612 0.06493506493506507 0.6492693110647182 0.06493506493506507 0.6492693110647182 0.07513914656771813 0.6550104384133612 0.07513914656771813
0 0.6623173277661796 0.06307977736549178 0.657098121085595 0.06307977736549178 0.657098121085595 0.07142857142857156 0.6623173277661796 0.07142857142857156
7 0.6727557411273486 0.06215213358070517 0.6706680584551148 0.06215213358070517 0.6706680584551148 0.07050092764378495 0.6727557411273486 0.07050092764378495
3 0.6795407098121086 0.06029684601113188 0.6722338204592901 0.06029684601113188 0.6722338204592901 0.07142857142857159 0.6795407098121086 0.07142857142857159
3 0.6993736951983298 0.06029684601113188 0.6936325678496869 0.06029684601113188 0.6936325678496869 0.07142857142857159 0.6993736951983298 0.07142857142857159
7 0.7051148225469729 0.06400742115027845 0.7025052192066806 0.06400742115027845 0.7025052192066806 0.07235621521335824 0.7051148225469729 0.07235621521335824
7 0.7025052192066806 0.0649350649350651 0.7009394572025052 0.0649350649350651 0.7009394572025052 0.07235621521335824 0.7025052192066806 0.07235621521335824
0 0.6847599164926931 0.04359925788497231 0.6805845511482255 0.04359925788497231 0.6805845511482255 0.05194805194805209 0.6847599164926931 0.05194805194805209
3 0.6576200417536534 0.07328385899814484 0.651356993736952 0.07328385899814484 0.651356993736952 0.08348794063079791 0.6576200417536534 0.08348794063079791
3 0.6623173277661796 0.037105751391465824 0.6565762004175365 0.037105751391465824 0.6565762004175365 0.0454545454545456 0.6623173277661796 0.0454545454545456
3 0.6691022964509394 0.029684601113172688 0.6617954070981211 0.029684601113172688 0.6617954070981211 0.03617810760667918 0.6691022964509394 0.03617810760667918
6 0.6993736951983298 0.029684601113172695 0.6889352818371608 0.029684601113172688 0.6889352818371608 0.04174397031539904 0.6993736951983298 0.041743970315399045
3 0.6983298538622129 0.024118738404452843 0.691544885177453 0.024118738404452843 0.691544885177453 0.03339517625231926 0.6983298538622129 0.03339517625231927
4 0.6477035490605428 0.042671614100185676 0.6403966597077244 0.042671614100185676 0.6403966597077244 0.05102040816326545 0.6477035490605428 0.05102040816326545
7 0.6534446764091858 0.08441558441558454 0.6508350730688935 0.08441558441558454 0.6508350730688935 0.09369202226345097 0.6534446764091858 0.09369202226345097
8 0.6758872651356994 0.029684601113172688 0.6743215031315241 0.029684601113172688 0.6743215031315241 0.0343228200371059 0.6758872651356994 0.0343228200371059
5 0.6764091858037579 0.03061224489795933 0.6737995824634656 0.03061224489795933 0.6737995824634656 0.03617810760667918 0.6764091858037579 0.03617810760667918
0 0.6957202505219207 0.019480519480519633 0.6920668058455115 0.019480519480519633 0.6920668058455115 0.025974025974026125 0.6957202505219207 0.025974025974026125
3 0.6941544885177453 0.00927643784786657 0.6899791231732777 0.00927643784786657 0.6899791231732777 0.014842300556586422 0.6941544885177453 0.014842300556586422
4 0.6868475991649269 0.005565862708719999 0.6644050104384134 0.005565862708719996 0.6644050104384134 0.02411873840445284 0.6868475991649269 0.024118738404452843