3 0.8444676409185804 0.6001855287569575 0.8079331941544885 0.6001855287569575 0.8079331941544885 0.6846011131725419 0.8444676409185804 0.6846011131725419
11 0.8596033402922756 0.5324675324675326 0.8277661795407099 0.5324675324675326 0.8277661795407099 0.6001855287569575 0.8596033402922756 0.6001855287569575
3 0.8695198329853863 0.4424860853432284 0.8444676409185804 0.4424860853432284 0.8444676409185804 0.5111317254174399 0.8695198329853863 0.5111317254174399
3 0.6910229645093946 0.6391465677179965 0.6518789144050104 0.6391465677179965 0.6518789144050104 0.7328385899814474 0.6910229645093946 0.7328385899814474
3 0.4279749478079332 0.3979591836734695 0.38204592901878914 0.3979591836734695 0.38204592901878914 0.4554730983302413 0.4279749478079332 0.4554730983302413
3 0.39926931106471814 0.3237476808905381 0.3627348643006263 0.3237476808905381 0.3627348643006263 0.39332096474953626 0.39926931106471814 0.39332096474953626
3 0.3815240083507307 0.30426716141001864 0.3455114822546973 0.30426716141001864 0.3455114822546973 0.36734693877551033 0.3815240083507307 0.36734693877551033
3 0.2886221294363257 0.18181818181818188 0.2593945720250522 0.18181818181818188 0.2593945720250522 0.23654916512059374 0.2886221294363257 0.23654916512059374
7 0.23695198329853862 0.13914656771799636 0.22964509394572025 0.13914656771799636 0.22964509394572025 0.16141001855287576 0.23695198329853862 0.16141001855287576
7 0.22077244258872653 0.14192949907235627 0.21346555323590813 0.14192949907235627 0.21346555323590813 0.1669758812615956 0.22077244258872653 0.1669758812615956
3 0.12369519832985386 0.05102040816326533 0.087160751565762 0.05102040816326532 0.087160751565762 0.09833024118738407 0.12369519832985386 0.09833024118738407
3 0.15396659707724425 0.008348794063079807 0.11951983298538622 0.008348794063079803 0.11951983298538622 0.05102040816326534 0.15396659707724425 0.05102040816326535
3 0.08455114822546973 0.10204081632653063 0.044363256784968684 0.10204081632653061 0.04436325678496869 0.150278293135436 0.08455114822546973 0.150278293135436
5 0.08820459290187894 0.29777365491651203 0.07411273486430066 0.29777365491651203 0.07411273486430066 0.3209647495361781 0.08820459290187894 0.3209647495361781
5 0.09498956158663886 0.2884972170686456 0.07985386221294366 0.2884972170686456 0.07985386221294366 0.3079777365491651 0.09498956158663886 0.3079777365491651
5 0.11743215031315243 0.31261595547309834 0.10177453027139878 0.31261595547309834 0.10177453027139878 0.32560296846011133 0.11743215031315243 0.32560296846011133
10 0.19154488517745305 0.38868274582560297 0.08820459290187894 0.38868274582560297 0.08820459290187894 0.5797773654916512 0.19154488517745308 0.5797773654916512
11 0.7839248434237995 0.8998144712430429 0.7520876826722338 0.8998144712430429 0.7520876826722338 0.9972170686456401 0.7839248434237995 0.9972170686456401
7 0.9384133611691023 0.920222634508349 0.9237995824634656 0.920222634508349 0.9237995824634656 0.9406307977736551 0.9384133611691023 0.9406307977736551
3 0.02713987473903967 0.007421150278293139 5.113347804373083e-19 0.0074211502782931356 2.2690480881905555e-18 0.05844155844155844 0.027139874739039675 0.05844155844155844
3 0.05010438413361169 8.236260940462255e-18 0.0255741127348643 5.566576359760696e-18 0.0255741127348643 0.016697588126159565 0.05010438413361169 0.016697588126159568