11 0.5285714285714286 0.026649746192893512 0.5057142857142857 0.02664974619289351 0.5057142857142857 0.05710659898477168 0.5285714285714286 0.05710659898477168
10 0.45285714285714285 0.09010152284263968 0.4035714285714286 0.09010152284263967 0.4035714285714286 0.14467005076142142 0.45285714285714285 0.14467005076142142
10 0.49857142857142855 0.37817258883248744 0.445 0.37817258883248744 0.445 0.48984771573604075 0.49857142857142855 0.48984771573604075
3 0.4664285714285714 0.5139593908629443 0.4407142857142857 0.5139593908629443 0.4407142857142857 0.5634517766497463 0.4664285714285714 0.5634517766497463
3 0.45071428571428573 0.6687817258883249 0.42214285714285715 0.6687817258883249 0.42214285714285715 0.7284263959390863 0.45071428571428573 0.7284263959390863
7 0.305 0.5291878172588832 0.29928571428571427 0.5291878172588832 0.29928571428571427 0.5418781725888325 0.305 0.5418781725888325
10 0.3400000000000001 0.7093908629441624 0.2807142857142858 0.7093908629441624 0.2807142857142858 0.833756345177665 0.3400000000000001 0.833756345177665
10 0.3307142857142858 0.8020304568527918 0.25928571428571434 0.8020304568527918 0.25928571428571434 0.9276649746192893 0.3307142857142858 0.9276649746192893
11 0.395 0.7550761421319797 0.3642857142857144 0.7550761421319797 0.3642857142857144 0.8223350253807107 0.395 0.8223350253807107
3 0.8642857142857143 0.14720812182741136 0.8507142857142858 0.14720812182741136 0.8507142857142858 0.18781725888324896 0.8642857142857143 0.18781725888324896
3 0.8642857142857143 0.2804568527918784 0.8507142857142858 0.2804568527918784 0.8507142857142858 0.32487309644670065 0.8642857142857143 0.32487309644670065
10 0.8528571428571429 0.4175126903553301 0.8342857142857143 0.4175126903553301 0.8342857142857143 0.4911167512690357 0.8528571428571429 0.4911167512690357
11 0.7157142857142857 0.03807106598984787 0.6964285714285714 0.03807106598984787 0.6964285714285714 0.07487309644670066 0.7157142857142857 0.07487309644670068
3 0.685 0.16878172588832502 0.6678571428571428 0.16878172588832502 0.6678571428571428 0.20685279187817274 0.685 0.20685279187817274
3 0.5892857142857143 0.3210659898477159 0.5664285714285714 0.3210659898477159 0.5664285714285714 0.36421319796954327 0.5892857142857143 0.36421319796954327
2 0.6442857142857142 0.12690355329949252 0.6142857142857143 0.12690355329949252 0.6142857142857143 0.1890862944162438 0.6442857142857142 0.1890862944162438
3 0.5492857142857143 0.3401015228426397 0.525 0.3401015228426397 0.525 0.38451776649746205 0.5492857142857143 0.38451776649746205
7 0.5285714285714286 0.8083756345177665 0.5257142857142857 0.8083756345177665 0.5257142857142857 0.8210659898477157 0.5285714285714286 0.8210659898477157
5 0.5171428571428571 0.8096446700507615 0.5135714285714286 0.8096446700507615 0.5135714285714286 0.8223350253807107 0.5171428571428571 0.8223350253807107