11 0.6642857142857143 0.6095238095238096 0.5978571428571429 0.6095238095238096 0.5978571428571429 0.7866666666666667 0.6642857142857143 0.7866666666666668
11 0.7528571428571429 0.6361904761904764 0.6878571428571428 0.6361904761904764 0.6878571428571428 0.8447619047619049 0.7528571428571429 0.8447619047619049
11 0.16714285714285723 0.7466666666666667 0.08928571428571434 0.7466666666666667 0.08928571428571436 0.9161904761904762 0.16714285714285723 0.9161904761904762
11 0.7442857142857143 0.49047619047619057 0.6485714285714286 0.49047619047619045 0.6485714285714286 0.6066666666666668 0.7442857142857143 0.6066666666666669
3 0.5878571428571429 0.4838095238095239 0.5364285714285715 0.4838095238095239 0.5364285714285715 0.638095238095238 0.5878571428571429 0.638095238095238
3 0.6407142857142857 0.4057142857142858 0.5864285714285714 0.4057142857142858 0.5864285714285714 0.5380952380952381 0.6407142857142857 0.5380952380952381
3 0.9 0.6266666666666669 0.8285714285714286 0.6266666666666669 0.8285714285714286 0.803809523809524 0.9 0.803809523809524
3 0.845 0.2847619047619049 0.7757142857142857 0.2847619047619049 0.7757142857142857 0.4180952380952382 0.845 0.4180952380952382
3 0.5957142857142858 0.005714285714285807 0.55 0.005714285714285804 0.55 0.11238095238095247 0.5957142857142858 0.11238095238095248
3 0.6064285714285714 0.1323809523809525 0.56 0.1323809523809525 0.56 0.2523809523809525 0.6064285714285714 0.2523809523809525
11 0.6164285714285714 0.2704761904761906 0.5692857142857143 0.2704761904761906 0.5692857142857143 0.38476190476190486 0.6164285714285714 0.38476190476190486
3 0.725 0.32380952380952394 0.6421428571428571 0.32380952380952394 0.6421428571428571 0.4580952380952382 0.725 0.4580952380952382
3 0.7057142857142857 0.20285714285714296 0.6185714285714285 0.20285714285714296 0.6185714285714285 0.3152380952380954 0.7057142857142857 0.3152380952380954
3 0.6842857142857143 0.014285714285714391 0.6035714285714285 0.014285714285714384 0.6035714285714285 0.10952380952380963 0.6842857142857143 0.10952380952380963
3 0.805 0.13523809523809535 0.7464285714285714 0.13523809523809535 0.7464285714285714 0.25904761904761914 0.805 0.25904761904761914
3 0.7835714285714286 0.027619047619047744 0.7314285714285714 0.02761904761904774 0.7314285714285714 0.12571428571428583 0.7835714285714286 0.12571428571428583
3 0.09857142857142862 0.41619047619047617 0.0228571428571429 0.41619047619047617 0.022857142857142902 0.5961904761904762 0.09857142857142862 0.5961904761904762
3 0.13071428571428576 0.22666666666666666 0.06285714285714288 0.22666666666666666 0.06285714285714289 0.37047619047619046 0.13071428571428576 0.37047619047619046
3 0.15357142857142858 0.08952380952380955 0.09285714285714286 0.08952380952380955 0.09285714285714286 0.20761904761904762 0.15357142857142858 0.20761904761904762
3 0.05571428571428574 0.24 2.2043642384652358e-17 0.24 2.5367683696623746e-17 0.31238095238095237 0.05571428571428574 0.31238095238095237
3 0.08214285714285716 0.1180952380952381 0.000714285714285725 0.1180952380952381 0.0007142857142857283 0.18666666666666668 0.08214285714285716 0.18666666666666668
3 0.09285714285714286 7.581146851864567e-18 0 0 3.717677783125894e-18 0.08095238095238097 0.09285714285714286 0.08095238095238098
3 0.06214285714285715 0.06476190476190476 5.948284453001429e-18 0.06476190476190476 8.66000236539914e-18 0.12380952380952381 0.062142857142857166 0.12380952380952381
3 0.16785714285714284 2.2568491012858366e-17 0.10857142857142857 1.7728220330514064e-17 0.10857142857142857 0.07428571428571432 0.16785714285714284 0.07428571428571432
3 0.04357142857142861 0.3523809523809524 3.236566540603719e-17 0.3523809523809524 3.5427282403905574e-17 0.41904761904761906 0.043571428571428615 0.41904761904761906
3 0.05500000000000007 0.6361904761904762 5.843314727360228e-17 0.6361904761904762 6.713688702468526e-17 0.8257142857142857 0.055000000000000084 0.8257142857142857
7 0.5378571428571428 0.26285714285714296 0.5178571428571429 0.26285714285714296 0.5178571428571429 0.31047619047619057 0.5378571428571428 0.31047619047619057
7 0.5557142857142857 0.2666666666666668 0.5392857142857143 0.2666666666666668 0.5392857142857143 0.31333333333333346 0.5557142857142857 0.31333333333333346