3 0.2778571428571429 0.8676190476190476 0.20285714285714293 0.8676190476190476 0.20285714285714293 0.9466666666666667 0.2778571428571429 0.9466666666666667
3 0.3821428571428571 0.680952380952381 0.31500000000000006 0.680952380952381 0.31500000000000006 0.741904761904762 0.3821428571428571 0.741904761904762
3 0.4185714285714286 0.6171428571428571 0.35428571428571437 0.6171428571428571 0.35428571428571437 0.6638095238095238 0.4185714285714286 0.6638095238095238
3 0.43357142857142855 0.5847619047619048 0.37857142857142856 0.5847619047619048 0.37857142857142856 0.6323809523809524 0.43357142857142855 0.6323809523809524
3 0.24928571428571436 0.9180952380952381 0.1707142857142858 0.9180952380952381 0.1707142857142858 0.9980952380952381 0.24928571428571436 0.9980952380952381
5 0.23500000000000007 0.5733333333333334 0.22285714285714295 0.5733333333333334 0.22285714285714295 0.5980952380952381 0.23500000000000007 0.5980952380952381
3 0.9485714285714286 0.27904761904761916 0.9242857142857143 0.27904761904761916 0.9242857142857143 0.3152380952380954 0.9485714285714286 0.3152380952380954
0 0.4064285714285714 0.42666666666666675 0.3792857142857143 0.42666666666666675 0.3792857142857143 0.47333333333333344 0.4064285714285714 0.47333333333333344
5 0.39714285714285713 0.381904761904762 0.38 0.381904761904762 0.38 0.3980952380952382 0.39714285714285713 0.3980952380952382
5 0.40214285714285714 0.3761904761904763 0.3871428571428571 0.3761904761904763 0.3871428571428571 0.39523809523809533 0.40214285714285714 0.39523809523809533
5 0.40285714285714286 0.3723809523809525 0.39357142857142857 0.3723809523809525 0.39357142857142857 0.3885714285714287 0.40285714285714286 0.3885714285714287
11 0.5857142857142857 0.29523809523809535 0.5385714285714286 0.29523809523809535 0.5385714285714286 0.33523809523809533 0.5857142857142857 0.33523809523809533
11 0.68 0.482857142857143 0.6242857142857143 0.482857142857143 0.6242857142857143 0.5342857142857144 0.68 0.5342857142857145
2 0.9992857142857143 0.037142857142857304 0.9778571428571429 0.037142857142857304 0.9778571428571429 0.08190476190476206 0.9992857142857143 0.08190476190476206
11 0.8307142857142857 0.051428571428571566 0.8107142857142857 0.051428571428571566 0.8107142857142857 0.07238095238095252 0.8307142857142857 0.07238095238095252
11 0.8378571428571429 0.04952380952380966 0.8171428571428572 0.04952380952380966 0.8171428571428572 0.06857142857142871 0.8378571428571429 0.06857142857142871
3 0.7778571428571428 0.07904761904761919 0.7485714285714286 0.07904761904761919 0.7485714285714286 0.09523809523809537 0.7778571428571428 0.09523809523809537
3 0.79 0.04476190476190489 0.7635714285714286 0.044761904761904885 0.7635714285714286 0.06095238095238109 0.79 0.06095238095238109
3 0.7042857142857143 0.14476190476190487 0.6735714285714286 0.14476190476190487 0.6735714285714286 0.16571428571428581 0.7042857142857143 0.16571428571428581
11 0.7192857142857143 0.1866666666666668 0.685 0.1866666666666668 0.685 0.21523809523809534 0.7192857142857143 0.21523809523809534
11 0.6342857142857142 0.20285714285714296 0.5971428571428572 0.20285714285714296 0.5971428571428572 0.2380952380952382 0.6342857142857142 0.2380952380952382
3 0.6571428571428571 0.17714285714285724 0.6257142857142857 0.17714285714285724 0.6257142857142857 0.19904761904761917 0.6571428571428571 0.19904761904761917
11 0.6364285714285715 0.10761904761904773 0.6071428571428571 0.10761904761904773 0.6071428571428571 0.12761904761904772 0.6364285714285715 0.12761904761904772
11 0.6392857142857142 0.0923809523809525 0.6042857142857143 0.0923809523809525 0.6042857142857143 0.1161904761904763 0.6392857142857142 0.1161904761904763
3 0.6485714285714286 0.09714285714285725 0.6271428571428571 0.09714285714285725 0.6271428571428571 0.11333333333333344 0.6485714285714286 0.11333333333333344
3 0.6742857142857143 0.08190476190476201 0.6507142857142857 0.08190476190476201 0.6507142857142857 0.10095238095238106 0.6742857142857143 0.10095238095238106
11 0.7114285714285714 0.04000000000000011 0.6792857142857143 0.040000000000000105 0.6792857142857143 0.06285714285714296 0.7114285714285714 0.06285714285714296
3 0.795 0.029523809523809653 0.7742857142857142 0.029523809523809653 0.7742857142857142 0.04476190476190489 0.795 0.0447619047619049
3 0.8064285714285714 0.025714285714285842 0.7821428571428571 0.025714285714285842 0.7821428571428571 0.040000000000000126 0.8064285714285714 0.04000000000000013
3 0.7771428571428571 0.009523809523809651 0.7578571428571429 0.00952380952380965 0.7578571428571429 0.02190476190476203 0.7771428571428571 0.021904761904762034
3 0.7457142857142857 0.006666666666666787 0.7257142857142858 0.006666666666666785 0.7257142857142858 0.02285714285714298 0.7457142857142857 0.02285714285714298
5 0.7314285714285714 0.026666666666666786 0.7214285714285714 0.026666666666666783 0.7214285714285714 0.03809523809523822 0.7314285714285714 0.03809523809523822
7 0.6571428571428571 0.10666666666666677 0.6535714285714286 0.10666666666666677 0.6535714285714286 0.1200000000000001 0.6571428571428571 0.1200000000000001