3 0.45285714285714285 0.4809644670050763 0.4207142857142857 0.4809644670050763 0.4207142857142857 0.5621827411167514 0.45285714285714285 0.5621827411167514
3 0.395 0.7398477157360406 0.3621428571428572 0.7398477157360406 0.3621428571428572 0.8362944162436549 0.395 0.8362944162436549
3 0.1028571428571429 0.5748730964467005 0.04500000000000004 0.5748730964467005 0.04500000000000004 0.6357868020304569 0.1028571428571429 0.6357868020304569
3 0.44642857142857145 0.6725888324873096 0.4114285714285714 0.6725888324873096 0.4114285714285714 0.751269035532995 0.44642857142857145 0.751269035532995
3 0.52 0.47335025380710677 0.49 0.47335025380710677 0.49 0.5456852791878174 0.52 0.5456852791878174
3 0.5157142857142857 0.38451776649746205 0.48214285714285715 0.38451776649746205 0.48214285714285715 0.4657360406091372 0.5157142857142857 0.4657360406091372
3 0.5571428571428572 0.2626903553299494 0.5314285714285715 0.2626903553299494 0.5314285714285715 0.3274111675126905 0.5571428571428572 0.3274111675126905
3 0.5257142857142857 0.20304568527918795 0.49785714285714283 0.20304568527918795 0.49785714285714283 0.27157360406091385 0.5257142857142857 0.27157360406091385
3 0.6007142857142858 0.01015228426395952 0.5778571428571428 0.010152284263959517 0.5778571428571428 0.06345177664974631 0.6007142857142858 0.06345177664974631
3 0.2314285714285715 0.7804568527918782 0.16928571428571432 0.7804568527918782 0.16928571428571432 0.8439086294416244 0.2314285714285715 0.8439086294416244
3 0.21928571428571436 0.649746192893401 0.16928571428571432 0.649746192893401 0.16928571428571432 0.7081218274111675 0.21928571428571436 0.7081218274111675
3 0.16357142857142862 0.733502538071066 0.11071428571428575 0.733502538071066 0.11071428571428575 0.7956852791878173 0.16357142857142862 0.7956852791878173
2 0.2307142857142858 0.6421319796954315 0.08428571428571432 0.6421319796954315 0.08428571428571434 0.7804568527918782 0.2307142857142858 0.7804568527918782
11 0.29785714285714293 0.6928934010152284 0.2357142857142858 0.6928934010152284 0.2357142857142858 0.7626903553299492 0.29785714285714293 0.7626903553299492
2 0.07357142857142861 0.583756345177665 4.0238394829127324e-17 0.583756345177665 4.343122398404721e-17 0.6763959390862944 0.07357142857142861 0.6763959390862944
11 0.027857142857142896 0.5279187817258884 3.6389504888949925e-17 0.5279187817258884 3.822647508767095e-17 0.5812182741116751 0.027857142857142896 0.5812182741116751
11 0.44857142857142857 0.8032994923857868 0.41214285714285714 0.8032994923857868 0.41214285714285714 0.8934010152284264 0.44857142857142857 0.8934010152284264
11 0.4928571428571429 0.6649746192893401 0.455 0.6649746192893401 0.455 0.7601522842639594 0.4928571428571429 0.7601522842639594
3 0.6428571428571429 0.3756345177664976 0.6171428571428571 0.3756345177664976 0.6171428571428571 0.4505076142131981 0.6428571428571429 0.4505076142131981
11 0.5564285714285714 0.08756345177664986 0.5328571428571428 0.08756345177664986 0.5328571428571428 0.15101522842639606 0.5564285714285714 0.15101522842639606
11 0.7 0.01903553299492401 0.6742857142857143 0.019035532994924005 0.6742857142857143 0.08756345177664988 0.7 0.08756345177664988