3 0.20314735336194573 0.7595419847328244 0.12446351931330481 0.7595419847328244 0.12446351931330481 0.958969465648855 0.20314735336194573 0.958969465648855
3 0.4899856938483548 0.4484732824427482 0.4363376251788269 0.4484732824427482 0.4363376251788269 0.558206106870229 0.4899856938483548 0.558206106870229
3 0.5407725321888412 0.45133587786259555 0.49213161659513593 0.45133587786259555 0.49213161659513593 0.5458015267175572 0.5407725321888412 0.5458015267175572
3 0.36194563662374823 0.4055343511450382 0.2646638054363376 0.40553435114503816 0.26466380543633766 0.46278625954198477 0.3619456366237483 0.4627862595419848
3 0.4241773962804006 0.44942748091603063 0.37625178826895567 0.44942748091603063 0.37625178826895567 0.5601145038167938 0.4241773962804006 0.5601145038167938
7 0.38483547925608014 0.6106870229007634 0.3719599427753934 0.6106870229007634 0.3719599427753934 0.648854961832061 0.38483547925608014 0.648854961832061
7 0.592274678111588 0.6498091603053435 0.5793991416309013 0.6498091603053435 0.5793991416309013 0.691793893129771 0.592274678111588 0.691793893129771
7 0.5708154506437768 0.5982824427480916 0.5493562231759657 0.5982824427480916 0.5493562231759657 0.6440839694656488 0.5708154506437768 0.6440839694656488
3 0.6044349070100143 0.4580152671755726 0.5493562231759657 0.4580152671755726 0.5493562231759657 0.5562977099236641 0.6044349070100143 0.5562977099236641
3 0.7110157367668097 0.4417938931297711 0.6509298998569385 0.4417938931297711 0.6509298998569385 0.5400763358778627 0.7110157367668097 0.5400763358778629
3 0.6409155937052933 0.39599236641221386 0.5464949928469242 0.39599236641221386 0.5464949928469242 0.4484732824427482 0.6409155937052933 0.4484732824427482
3 0.6602288984263234 0.4484732824427482 0.6072961373390557 0.4484732824427482 0.6072961373390557 0.5601145038167938 0.6602288984263234 0.5601145038167938
11 0.3669527896995708 0.4608778625954199 0.3111587982832619 0.46087786259541985 0.3111587982832619 0.5696564885496184 0.3669527896995708 0.5696564885496184
11 0.3054363376251789 0.4685114503816794 0.24391988555078692 0.4685114503816794 0.24391988555078692 0.5696564885496184 0.3054363376251789 0.5696564885496184
7 0.2782546494992848 0.5448473282442748 0.2639484978540773 0.5448473282442748 0.2639484978540773 0.5791984732824428 0.2782546494992848 0.5791984732824428
7 0.5693848354792561 0.5820610687022901 0.5507868383404864 0.5820610687022901 0.5507868383404864 0.6173664122137404 0.5693848354792561 0.6173664122137404
7 0.6337625178826896 0.5438931297709924 0.6151645207439199 0.5438931297709924 0.6151645207439199 0.5801526717557252 0.6337625178826896 0.5801526717557252
7 0.6108726752503576 0.37213740458015276 0.5987124463519313 0.37213740458015276 0.5987124463519313 0.4036259541984734 0.6108726752503576 0.4036259541984734
7 0.5021459227467812 0.33969465648854974 0.4871244635193133 0.33969465648854974 0.4871244635193133 0.37309160305343525 0.5021459227467812 0.37309160305343525
7 0.2453505007153076 0.09828244274809163 0.23104434907010013 0.09828244274809163 0.23104434907010013 0.12690839694656494 0.2453505007153076 0.12690839694656494
7 0.16237482117310448 0.3893129770992366 0.1466380543633763 0.3893129770992366 0.1466380543633763 0.4265267175572519 0.16237482117310448 0.4265267175572519
7 0.13948497854077258 0.40935114503816794 0.11731044349070104 0.40935114503816794 0.11731044349070104 0.4532442748091603 0.13948497854077258 0.4532442748091603
7 0.7496423462088698 0.5782442748091605 0.734620886981402 0.5782442748091605 0.734620886981402 0.6221374045801529 0.7496423462088698 0.6221374045801529
7 0.7575107296137339 0.6316793893129773 0.7374821173104434 0.6316793893129773 0.7374821173104434 0.6708015267175574 0.7575107296137339 0.6708015267175574
7 0.776824034334764 0.5601145038167941 0.7610872675250357 0.5601145038167941 0.7610872675250357 0.6001908396946567 0.776824034334764 0.6001908396946567
7 0.7997138769670958 0.5267175572519086 0.7846924177396281 0.5267175572519086 0.7846924177396281 0.5677480916030536 0.7997138769670958 0.5677480916030536
1 0.9928469241773963 0.5009541984732827 0.952074391988555 0.5009541984732827 0.952074391988555 0.5381679389312979 0.9928469241773963 0.5381679389312979
1 0.902002861230329 0.4637404580152673 0.8841201716738197 0.4637404580152673 0.8841201716738197 0.5076335877862598 0.902002861230329 0.5076335877862598
0 0.8648068669527897 0.6459923664122139 0.7918454935622318 0.6459923664122139 0.7918454935622318 0.6889312977099239 0.8648068669527897 0.6889312977099239
8 0.8361945636623748 0.6736641221374048 0.8161659513590844 0.6736641221374048 0.8161659513590844 0.7061068702290079 0.8361945636623748 0.7061068702290079
8 0.6337625178826896 0.583969465648855 0.6123032904148784 0.583969465648855 0.6123032904148784 0.6106870229007634 0.6337625178826896 0.6106870229007634
8 0.26680972818311877 0.39599236641221375 0.2532188841201717 0.39599236641221375 0.2532188841201717 0.4198473282442748 0.26680972818311877 0.4198473282442748
8 0.2718168812589413 0.37690839694656486 0.2582260371959943 0.37690839694656486 0.2582260371959943 0.3969465648854962 0.2718168812589413 0.3969465648854962
8 0.2703862660944206 0.38740458015267176 0.25464949928469244 0.38740458015267176 0.25464949928469244 0.40935114503816794 0.2703862660944206 0.40935114503816794
8 0.2374821173104435 0.11354961832061071 0.22603719599427755 0.11354961832061071 0.22603719599427755 0.13167938931297715 0.2374821173104435 0.13167938931297715
5 0.23891273247496422 0.1154580152671756 0.22389127324749641 0.1154580152671756 0.22389127324749641 0.1479007633587787 0.23891273247496422 0.1479007633587787
7 0.0550786838340487 0.6536259541984732 0.033619456366237546 0.6536259541984732 0.033619456366237546 0.6965648854961832 0.0550786838340487 0.6965648854961832
10 0.06080114449213169 0.6898854961832062 6.333473789581805e-17 0.6898854961832062 7.389052754512106e-17 0.9198473282442748 0.0608011444921317 0.9198473282442748
1 0.4198855507868383 0.38931297709923673 0.4027181688125894 0.38931297709923673 0.4027181688125894 0.4255725190839696 0.4198855507868383 0.4255725190839696
5 0.6359084406294707 0.5868320610687023 0.6165951359084406 0.5868320610687023 0.6165951359084406 0.6259541984732825 0.6359084406294707 0.6259541984732825
0 0.728898426323319 0.5229007633587789 0.6931330472103004 0.5229007633587789 0.6931330472103004 0.5830152671755727 0.728898426323319 0.5830152671755727
3 0.6394849785407726 0.2719465648854963 0.5937052932761088 0.2719465648854963 0.5937052932761088 0.3454198473282444 0.6394849785407726 0.3454198473282444
1 0.6545064377682404 0.26526717557251916 0.6394849785407726 0.26526717557251916 0.6394849785407726 0.3005725190839696 0.6545064377682404 0.3005725190839696
1 0.23462088698140202 0.18797709923664127 0.21959942775393418 0.18797709923664127 0.21959942775393418 0.2127862595419848 0.23462088698140202 0.2127862595419848
7 0.04005722460658086 0.3416030534351145 0.012160228898426355 0.3416030534351145 0.012160228898426356 0.3816793893129771 0.04005722460658086 0.3816793893129771
7 0.3776824034334764 0.5085877862595419 0.36623748211731044 0.5085877862595419 0.36623748211731044 0.5524809160305344 0.3776824034334764 0.5524809160305344
7 0.37553648068669526 0.4952290076335878 0.3576537911301861 0.4952290076335878 0.3576537911301861 0.5248091603053435 0.37553648068669526 0.5248091603053435
7 0.012160228898426372 0.5019083969465649 4.607755481770442e-17 0.5019083969465649 4.7741953185644317e-17 0.5381679389312977 0.012160228898426374 0.5381679389312977
7 0.0679542203147354 0.6765267175572519 0.04577968526466387 0.6765267175572519 0.04577968526466387 0.7204198473282443 0.0679542203147354 0.7204198473282443