2 0.36714285714285716 0.5190355329949239 0.19142857142857142 0.5190355329949239 0.19142857142857148 0.6446700507614214 0.36714285714285716 0.6446700507614215
7 0.725 0.7093908629441628 0.715 0.7093908629441628 0.715 0.7474619289340104 0.725 0.7474619289340104
7 0.8614285714285714 0.5609137055837565 0.85 0.5609137055837565 0.85 0.6002538071065991 0.8614285714285714 0.6002538071065991
11 0.7128571428571429 0.33502538071066007 0.6564285714285715 0.33502538071066007 0.6564285714285715 0.38451776649746205 0.7128571428571429 0.38451776649746205
7 0.6957142857142857 0.32360406091370575 0.6878571428571428 0.32360406091370575 0.6878571428571428 0.35025380710659915 0.6957142857142857 0.35025380710659915
3 0.6328571428571429 0.352791878172589 0.5764285714285714 0.352791878172589 0.5764285714285714 0.3946700507614215 0.6328571428571429 0.3946700507614215
3 0.5514285714285714 0.3591370558375636 0.49714285714285716 0.3591370558375636 0.49714285714285716 0.39720812182741133 0.5514285714285714 0.39720812182741133
11 0.6457142857142857 0.2791878172588834 0.5942857142857143 0.2791878172588834 0.5942857142857143 0.31979695431472094 0.6457142857142857 0.31979695431472094
2 0.5471428571428572 0.2766497461928935 0.47214285714285714 0.27664974619289345 0.47214285714285714 0.3274111675126905 0.5471428571428572 0.3274111675126905
7 0.745 0.15228426395939101 0.7378571428571429 0.15228426395939101 0.7378571428571429 0.19035532994923873 0.745 0.19035532994923873
7 0.7528571428571429 0.15355329949238594 0.745 0.15355329949238594 0.745 0.1941624365482235 0.7528571428571429 0.1941624365482235
7 0.7014285714285714 0.10152284263959405 0.6935714285714286 0.10152284263959405 0.6935714285714286 0.13451776649746208 0.7014285714285714 0.13451776649746208
3 0.33214285714285713 0.33883248730964477 0.28214285714285714 0.33883248730964466 0.28214285714285714 0.3718274111675128 0.33214285714285713 0.37182741116751283
2 0.27285714285714285 0.22461928934010156 0.16214285714285714 0.22461928934010153 0.16214285714285717 0.29949238578680204 0.27285714285714285 0.2994923857868021
3 0.11142857142857143 0.17639593908629442 0.09571428571428571 0.17639593908629442 0.09571428571428571 0.19796954314720813 0.11142857142857143 0.19796954314720813
3 0.2092857142857143 0.18401015228426404 0.19285714285714287 0.18401015228426404 0.19285714285714287 0.2144670050761422 0.2092857142857143 0.2144670050761422
3 0.20214285714285715 0.17385786802030465 0.18714285714285714 0.17385786802030465 0.18714285714285714 0.1979695431472082 0.20214285714285715 0.1979695431472082
3 0.19285714285714287 0.16878172588832493 0.18 0.16878172588832493 0.18 0.18908629441624372 0.19285714285714287 0.18908629441624372
3 0.18642857142857142 0.16116751269035537 0.1707142857142857 0.16116751269035537 0.1707142857142857 0.1827411167512691 0.18642857142857142 0.1827411167512691
3 0.17785714285714285 0.15101522842639598 0.16357142857142856 0.15101522842639598 0.16357142857142856 0.17512690355329952 0.17785714285714285 0.17512690355329957
3 0.1692857142857143 0.14467005076142136 0.15357142857142858 0.14467005076142136 0.15357142857142858 0.16624365482233505 0.1692857142857143 0.1662436548223351
3 0.155 0.13959390862944165 0.13357142857142856 0.13959390862944165 0.13357142857142856 0.16243654822335024 0.155 0.16243654822335024