5 0.25785714285714284 0.03807106598984777 0.25214285714285717 0.03807106598984777 0.25214285714285717 0.04949238578680208 0.25785714285714284 0.04949238578680208
2 0.12000000000000002 0.26903553299492383 0.06285714285714288 0.26903553299492383 0.06285714285714288 0.32614213197969544 0.12000000000000004 0.32614213197969544
3 0.1378571428571429 0.5761421319796954 0.11000000000000004 0.5761421319796954 0.11000000000000004 0.6027918781725888 0.1378571428571429 0.6027918781725888
3 0.1271428571428572 0.6434010152284264 0.11500000000000005 0.6434010152284264 0.11500000000000005 0.6852791878172588 0.1271428571428572 0.6852791878172588
3 0.11285714285714289 0.649746192893401 0.10000000000000005 0.649746192893401 0.10000000000000005 0.6916243654822335 0.11285714285714289 0.6916243654822335
11 0.09714285714285718 0.6573604060913706 0.08500000000000003 0.6573604060913706 0.08500000000000003 0.700507614213198 0.09714285714285718 0.700507614213198
3 0.06928571428571433 0.6687817258883249 0.05714285714285718 0.6687817258883249 0.05714285714285718 0.7030456852791879 0.06928571428571433 0.7030456852791879
3 0.05642857142857147 0.6776649746192893 0.04214285714285719 0.6776649746192893 0.04214285714285719 0.7233502538071066 0.05642857142857147 0.7233502538071066
3 0.025714285714285766 0.6979695431472082 0.011428571428571474 0.6979695431472082 0.011428571428571477 0.7398477157360406 0.025714285714285766 0.7398477157360406
11 0.010714285714285763 0.7055837563451777 4.863597288042346e-17 0.7055837563451777 5.016678137935765e-17 0.75 0.010714285714285765 0.75
5 0.16714285714285718 0.6484771573604061 0.1535714285714286 0.6484771573604061 0.1535714285714286 0.6611675126903553 0.16714285714285718 0.6611675126903553
5 0.17142857142857146 0.6472081218274112 0.16571428571428576 0.6472081218274112 0.16571428571428576 0.666243654822335 0.17142857142857146 0.666243654822335
10 0.1578571428571429 0.5964467005076142 0.1228571428571429 0.5964467005076142 0.1228571428571429 0.6307106598984772 0.1578571428571429 0.6307106598984772
3 0.20714285714285718 0.5685279187817259 0.18428571428571427 0.5685279187817259 0.18428571428571433 0.5964467005076142 0.2071428571428572 0.5964467005076142
3 0.27714285714285714 0.5355329949238579 0.25214285714285717 0.5355329949238579 0.25214285714285717 0.5609137055837563 0.27714285714285714 0.5609137055837563
11 0.20285714285714293 0.6307106598984772 0.1778571428571429 0.6307106598984772 0.1778571428571429 0.6763959390862944 0.20285714285714293 0.6763959390862944
3 0.22357142857142864 0.6281725888324873 0.2000000000000001 0.6281725888324873 0.2000000000000001 0.666243654822335 0.22357142857142864 0.666243654822335
11 0.24142857142857152 0.6256345177664975 0.21928571428571436 0.6256345177664975 0.21928571428571436 0.6624365482233503 0.24142857142857152 0.6624365482233503
11 0.26214285714285723 0.6116751269035533 0.23642857142857152 0.6116751269035533 0.23642857142857152 0.6560913705583756 0.26214285714285723 0.6560913705583756
11 0.2828571428571429 0.6053299492385786 0.2585714285714287 0.6053299492385786 0.2585714285714287 0.6472081218274112 0.2828571428571429 0.6472081218274112
11 0.3014285714285715 0.6015228426395939 0.27928571428571436 0.6015228426395939 0.27928571428571436 0.6434010152284264 0.3014285714285715 0.6434010152284264
3 0.24714285714285714 0.15482233502538076 0.2257142857142857 0.15482233502538076 0.2257142857142857 0.17893401015228433 0.24714285714285714 0.17893401015228433
3 0.27785714285714286 0.12944162436548232 0.25785714285714284 0.12944162436548232 0.25785714285714284 0.15355329949238586 0.27785714285714286 0.15355329949238586
3 0.30214285714285716 0.1027918781725889 0.2842857142857143 0.1027918781725889 0.2842857142857143 0.1243654822335026 0.30214285714285716 0.1243654822335026
3 0.3271428571428571 0.07741116751269042 0.3078571428571429 0.07741116751269042 0.3078571428571429 0.1027918781725889 0.3271428571428571 0.1027918781725889
7 0.23214285714285715 0.11421319796954318 0.22714285714285715 0.11421319796954318 0.22714285714285715 0.1307106598984772 0.23214285714285715 0.1307106598984772
11 0.35642857142857143 0.046954314720812254 0.335 0.046954314720812254 0.335 0.07233502538071074 0.35642857142857143 0.07233502538071074
3 0.37785714285714284 0.022842639593908712 0.3607142857142857 0.022842639593908712 0.3607142857142857 0.04314720812182749 0.37785714285714284 0.0431472081218275
3 0.3985714285714286 8.477726255518796e-17 0.3807142857142857 8.283461217582985e-17 0.3807142857142857 0.01522842639593917 0.3985714285714286 0.015228426395939172
4 0.35214285714285715 0.015228426395939163 0.3492857142857143 0.015228426395939163 0.3492857142857143 0.0228426395939087 0.35214285714285715 0.0228426395939087
11 0.15928571428571434 0.44543147208121825 0.13500000000000004 0.44543147208121825 0.13500000000000004 0.4733502538071066 0.15928571428571434 0.4733502538071066
11 0.3057142857142857 0.4149746192893401 0.28 0.4149746192893401 0.28 0.44289340101522845 0.3057142857142857 0.44289340101522845
11 0.3007142857142857 0.30710659898477166 0.27785714285714286 0.30710659898477166 0.27785714285714286 0.33756345177664976 0.3007142857142857 0.33756345177664976
3 0.36428571428571427 0.24492385786802037 0.3435714285714286 0.24492385786802037 0.3435714285714286 0.2715736040609138 0.36428571428571427 0.2715736040609138
3 0.2557142857142857 0.4873096446700508 0.23 0.4873096446700508 0.23 0.5177664974619289 0.2557142857142857 0.5177664974619289
3 0.37142857142857144 0.4200507614213199 0.3457142857142857 0.4200507614213199 0.3457142857142857 0.4505076142131981 0.37142857142857144 0.4505076142131981
3 0.4135714285714286 0.3743654822335027 0.39071428571428574 0.3743654822335027 0.39071428571428574 0.402284263959391 0.4135714285714286 0.402284263959391
2 0.425 0.3109137055837564 0.36714285714285716 0.3109137055837564 0.36714285714285716 0.3756345177664976 0.425 0.3756345177664976
10 0.44142857142857145 0.44796954314720827 0.40285714285714286 0.44796954314720827 0.40285714285714286 0.48984771573604075 0.44142857142857145 0.48984771573604075
11 0.4685714285714286 0.5241116751269037 0.4542857142857143 0.5241116751269037 0.4542857142857143 0.5634517766497463 0.4685714285714286 0.5634517766497463
11 0.38142857142857145 0.6002538071065991 0.35428571428571437 0.6002538071065991 0.35428571428571437 0.6243654822335026 0.38142857142857145 0.6243654822335026
11 0.3792857142857143 0.6243654822335026 0.3550000000000001 0.6243654822335026 0.3550000000000001 0.6459390862944164 0.3792857142857143 0.6459390862944164
6 0.3207142857142858 0.5964467005076142 0.3021428571428572 0.5964467005076142 0.3021428571428572 0.6294416243654822 0.3207142857142858 0.6294416243654822
3 0.37714285714285717 0.6535532994923858 0.3507142857142858 0.6535532994923858 0.3507142857142858 0.6776649746192893 0.37714285714285717 0.6776649746192893
3 0.4142857142857143 0.682741116751269 0.38857142857142857 0.682741116751269 0.38857142857142857 0.7068527918781726 0.4142857142857143 0.7068527918781726
6 0.16928571428571432 0.7220812182741116 0.12214285714285718 0.7220812182741116 0.12214285714285718 0.7601522842639594 0.16928571428571432 0.7601522842639594
10 0.22571428571428578 0.6979695431472082 0.17428571428571432 0.6979695431472082 0.17428571428571432 0.7411167512690355 0.22571428571428578 0.7411167512690355
10 0.3100000000000001 0.6751269035532995 0.23928571428571438 0.6751269035532995 0.23928571428571438 0.7220812182741116 0.3100000000000001 0.7220812182741116
10 0.5114285714285715 0.586294416243655 0.48142857142857143 0.586294416243655 0.48142857142857143 0.6142131979695433 0.5114285714285715 0.6142131979695433
3 0.5092857142857142 0.5558375634517768 0.48642857142857143 0.5558375634517768 0.48642857142857143 0.5761421319796955 0.5092857142857142 0.5761421319796955
6 0.5 0.519035532994924 0.485 0.519035532994924 0.485 0.5431472081218276 0.5 0.5431472081218276
2 0.7721428571428571 0.9619289340101526 0.6914285714285714 0.9619289340101526 0.6914285714285714 0.9987309644670054 0.7721428571428571 0.9987309644670054
2 0.7814285714285715 0.9225888324873099 0.7264285714285714 0.9225888324873099 0.7264285714285714 0.9631979695431475 0.7814285714285715 0.9631979695431475
11 0.5571428571428572 0.9200507614213198 0.5314285714285715 0.9200507614213198 0.5314285714285715 0.9454314720812182 0.5571428571428572 0.9454314720812182
11 0.5957142857142858 0.9086294416243654 0.5678571428571428 0.9086294416243654 0.5678571428571428 0.9365482233502538 0.5957142857142858 0.9365482233502538
3 0.6307142857142857 0.899746192893401 0.6014285714285714 0.899746192893401 0.6014285714285714 0.9289340101522843 0.6307142857142857 0.9289340101522843
3 0.9307142857142857 0.8020304568527922 0.9071428571428571 0.8020304568527922 0.9071428571428571 0.8527918781725892 0.9307142857142857 0.8527918781725892
2 0.9171428571428571 0.838832487309645 0.88 0.838832487309645 0.88 0.9898477157360409 0.9171428571428571 0.9898477157360409
3 0.9507142857142857 0.6941624365482236 0.92 0.6941624365482236 0.92 0.7411167512690359 0.9507142857142857 0.7411167512690359
3 0.8492857142857143 0.418781725888325 0.8307142857142857 0.418781725888325 0.8307142857142857 0.4670050761421321 0.8492857142857143 0.4670050761421321
3 0.745 0.15609137055837577 0.7292857142857143 0.15609137055837577 0.7292857142857143 0.1890862944162438 0.745 0.1890862944162438
11 0.7978571428571428 0.22715736040609152 0.7807142857142857 0.22715736040609152 0.7807142857142857 0.27157360406091385 0.7978571428571428 0.27157360406091385
11 1 0.15101522842639614 0.98 0.15101522842639614 0.98 0.17131979695431493 1 0.17131979695431493
2 0.95 0.10786802030456873 0.9107142857142857 0.10786802030456871 0.9107142857142857 0.13705583756345197 0.95 0.137055837563452
11 0.9421428571428572 0.030456852791878375 0.92 0.03045685279187837 0.92 0.052030456852792076 0.9421428571428572 0.052030456852792076
3 0.8978571428571429 0.04695431472081238 0.8742857142857143 0.04695431472081238 0.8742857142857143 0.06472081218274131 0.8978571428571429 0.06472081218274131
11 0.8292857142857143 0.08756345177664993 0.8057142857142857 0.08756345177664993 0.8057142857142857 0.10659898477157378 0.8292857142857143 0.10659898477157378
2 0.75 1.596081551680624e-16 0.7171428571428572 1.560336784700435e-16 0.7171428571428572 0.0659898477157362 0.75 0.0659898477157362
3 0.705 0.0012690355329950758 0.6914285714285714 0.0012690355329950742 0.6914285714285714 0.030456852791878326 0.705 0.030456852791878326
2 0.7171428571428572 0.14340101522842655 0.6742857142857143 0.14340101522842655 0.6742857142857143 0.18147208121827427 0.7171428571428572 0.18147208121827427
11 0.6642857142857143 0.16878172588832502 0.6414285714285715 0.16878172588832502 0.6414285714285715 0.19162436548223366 0.6642857142857143 0.19162436548223366
11 0.6078571428571429 0.24619289340101538 0.585 0.24619289340101538 0.585 0.269035532994924 0.6078571428571429 0.269035532994924
3 0.5957142857142858 0.19289340101522856 0.5728571428571428 0.19289340101522856 0.5728571428571428 0.21446700507614228 0.5957142857142858 0.21446700507614228
3 0.555 0.27664974619289356 0.5328571428571428 0.27664974619289356 0.5328571428571428 0.302030456852792 0.555 0.302030456852792
11 0.4592857142857143 0.1484771573604062 0.43785714285714283 0.1484771573604062 0.43785714285714283 0.1763959390862945 0.4592857142857143 0.1763959390862945