3 0.1863256784968685 0.37291280148423006 0.15187891440501045 0.37291280148423006 0.15187891440501047 0.4397031539888683 0.18632567849686854 0.4397031539888683
3 0.37160751565762007 0.404452690166976 0.3408141962421712 0.404452690166976 0.3408141962421712 0.46289424860853445 0.37160751565762007 0.46289424860853445
3 0.552713987473904 0.41929499072356224 0.5302713987473904 0.41929499072356224 0.5302713987473904 0.4879406307977739 0.552713987473904 0.4879406307977739
3 0.5788100208768268 0.4248608534322821 0.5594989561586639 0.4248608534322821 0.5594989561586639 0.48701298701298723 0.5788100208768268 0.48701298701298723
3 0.6633611691022965 0.4332096474953619 0.6320459290187892 0.4332096474953619 0.6320459290187892 0.5018552875695735 0.6633611691022965 0.5018552875695735
8 0.5949895615866388 0.4554730983302413 0.5882045929018789 0.4554730983302413 0.5882045929018789 0.47402597402597413 0.5949895615866388 0.47402597402597413
8 0.5944676409185804 0.4601113172541745 0.5908141962421712 0.4601113172541745 0.5908141962421712 0.46938775510204095 0.5944676409185804 0.46938775510204095
8 0.6106471816283925 0.46567717996289437 0.6012526096033403 0.46567717996289437 0.6012526096033403 0.48330241187384065 0.6106471816283925 0.48330241187384065
8 0.6195198329853863 0.44990723562152146 0.6096033402922756 0.44990723562152146 0.6096033402922756 0.46567717996289437 0.6195198329853863 0.46567717996289437
8 0.6080375782881002 0.4489795918367348 0.6012526096033403 0.4489795918367348 0.6012526096033403 0.4647495361781077 0.6080375782881002 0.4647495361781077
8 0.6080375782881002 0.4378478664192951 0.6022964509394572 0.4378478664192951 0.6022964509394572 0.45083487940630806 0.6080375782881002 0.45083487940630806
3 0.7541753653444676 0.44619666048237494 0.7150313152400835 0.4461966604823749 0.7150313152400835 0.5102040816326533 0.7541753653444676 0.5102040816326533
3 0.795929018789144 0.45825602968460133 0.7635699373695198 0.45825602968460133 0.7635699373695198 0.5166975881261597 0.795929018789144 0.5166975881261597
3 0.8355949895615866 0.4508348794063082 0.7865344467640919 0.4508348794063082 0.7865344467640919 0.5204081632653064 0.8355949895615866 0.5204081632653064
3 0.9102296450939458 0.46382189239332117 0.8768267223382046 0.46382189239332117 0.8768267223382046 0.5398886827458258 0.9102296450939458 0.5398886827458258
3 0.9556367432150313 0.47031539888682766 0.9159707724425887 0.47031539888682766 0.9159707724425887 0.5380333951762525 0.9556367432150313 0.5380333951762525
3 0.6033402922755741 0.642857142857143 0.5600208768267223 0.642857142857143 0.5600208768267223 0.7254174397031542 0.6033402922755741 0.7254174397031542
3 0.5944676409185804 0.7328385899814474 0.5375782881002088 0.7328385899814474 0.5375782881002088 0.7866419294990725 0.5944676409185804 0.7866419294990725
3 0.48538622129436326 0.5797773654916513 0.4321503131524008 0.5797773654916512 0.4321503131524008 0.6363636363636365 0.48538622129436326 0.6363636363636366
3 0.47860125260960334 0.6317254174397031 0.42588726513569936 0.6317254174397031 0.42588726513569936 0.6948051948051948 0.47860125260960334 0.6948051948051948
3 0.4462421711899791 0.7541743970315399 0.3914405010438413 0.7541743970315399 0.3914405010438413 0.8200371057513914 0.4462421711899791 0.8200371057513914
3 0.4274530271398748 0.8116883116883117 0.36795407098121086 0.8116883116883117 0.3679540709812109 0.8821892393320965 0.4274530271398749 0.8821892393320965
3 0.4232776617954072 0.8747680890538033 0.3538622129436327 0.8747680890538033 0.3538622129436327 0.9499072356215214 0.4232776617954072 0.9499072356215214
5 0.4650313152400835 0.4016697588126161 0.44572025052192066 0.4016697588126161 0.44572025052192066 0.42207792207792216 0.4650313152400835 0.42207792207792216
1 0.704070981210856 0.4786641929499074 0.6957202505219207 0.4786641929499074 0.6957202505219207 0.5046382189239335 0.704070981210856 0.5046382189239335
1 0.7160751565762005 0.46567717996289437 0.7009394572025052 0.46567717996289437 0.7009394572025052 0.4860853432282006 0.7160751565762005 0.4860853432282006
5 0.7233820459290188 0.4851576994434139 0.7056367432150313 0.4851576994434139 0.7056367432150313 0.5092764378478666 0.7233820459290188 0.5092764378478666