7 0.3000000000000001 0.7590476190476191 0.28928571428571437 0.7590476190476191 0.28928571428571437 0.7961904761904762 0.3000000000000001 0.7961904761904762
3 0.3600000000000001 0.7466666666666667 0.33285714285714296 0.7466666666666667 0.33285714285714296 0.7857142857142857 0.3600000000000001 0.7857142857142857
7 0.28928571428571437 0.6704761904761904 0.28214285714285725 0.6704761904761904 0.28214285714285725 0.6933333333333334 0.28928571428571437 0.6933333333333334
7 0.2992857142857144 0.6485714285714286 0.2921428571428572 0.6485714285714286 0.2921428571428572 0.6714285714285714 0.2992857142857144 0.6714285714285714
3 0.39 0.6171428571428571 0.37285714285714283 0.6171428571428571 0.37285714285714283 0.6333333333333333 0.39 0.6333333333333333
3 0.38785714285714284 0.5733333333333334 0.37857142857142856 0.5733333333333334 0.37857142857142856 0.5847619047619048 0.38785714285714284 0.5847619047619048
3 0.9314285714285714 0.6600000000000003 0.8885714285714286 0.6600000000000003 0.8885714285714286 0.6876190476190478 0.9314285714285714 0.6876190476190478
3 0.9721428571428572 0.6695238095238097 0.9342857142857143 0.6695238095238097 0.9342857142857143 0.6942857142857145 0.9721428571428572 0.6942857142857145
7 1 0.7180952380952383 0.9942857142857143 0.7180952380952383 0.9942857142857143 0.743809523809524 1 0.743809523809524
2 0.26214285714285723 0.7523809523809524 0.10714285714285722 0.7523809523809524 0.10714285714285722 0.8504761904761905 0.26214285714285723 0.8504761904761905
4 0.3600000000000001 0.4942857142857143 0.3107142857142858 0.4942857142857143 0.3107142857142858 0.5247619047619048 0.3600000000000001 0.5247619047619048