3 0.85 0.688 0.747 0.688 0.747 0.818 0.85 0.818
3 0.625 0.6800000000000002 0.5495 0.6800000000000002 0.5495 0.7953333333333333 0.625 0.7953333333333333
11 0.971 0.5086666666666668 0.89 0.5086666666666668 0.89 0.6026666666666668 0.971 0.6026666666666668
3 0.7355 0.5426666666666669 0.6575 0.5426666666666669 0.6575 0.6486666666666668 0.7355 0.6486666666666668
3 0.6685 0.45266666666666683 0.6005 0.45266666666666683 0.6005 0.5333333333333334 0.6685 0.5333333333333334
3 0.5295 0.4733333333333335 0.4805 0.4733333333333335 0.4805 0.5520000000000002 0.5295 0.5520000000000002
3 0.5055 0.40866666666666673 0.4595 0.4086666666666667 0.4595 0.47466666666666674 0.5055 0.4746666666666668
3 0.4775 0.34866666666666674 0.438 0.3486666666666667 0.438 0.3966666666666667 0.4775 0.39666666666666683
11 0.6125 0.3726666666666668 0.5685 0.3726666666666668 0.5685 0.4446666666666668 0.6125 0.4446666666666668
11 0.581 0.3366666666666667 0.537 0.3366666666666667 0.537 0.3893333333333335 0.581 0.3893333333333335
3 0.5475 0.29866666666666675 0.5075 0.29866666666666675 0.5075 0.3433333333333335 0.5475 0.3433333333333335
3 0.524 0.2613333333333334 0.4885 0.2613333333333334 0.4885 0.2993333333333334 0.524 0.2993333333333334
3 0.4975 0.23266666666666674 0.4685 0.23266666666666674 0.4685 0.26400000000000007 0.4975 0.26400000000000007
3 0.4535 0.3020000000000001 0.4215 0.3020000000000001 0.4215 0.348 0.4535 0.348
3 0.4365 0.26400000000000007 0.408 0.26400000000000007 0.408 0.30600000000000005 0.4365 0.30600000000000005
3 0.425 0.23333333333333342 0.398 0.23333333333333342 0.398 0.2673333333333334 0.425 0.2673333333333334
3 0.709 0.28333333333333344 0.6495 0.2833333333333334 0.6495 0.31866666666666676 0.709 0.3186666666666668
7 0.7815 0.18666666666666681 0.7735 0.18666666666666681 0.7735 0.2086666666666668 0.7815 0.2086666666666668
7 0.7845 0.1853333333333335 0.7785 0.1853333333333335 0.7785 0.2086666666666668 0.7845 0.2086666666666668
8 0.687 0.19000000000000009 0.6795 0.19000000000000009 0.6795 0.2093333333333334 0.687 0.2093333333333334
5 0.692 0.20000000000000007 0.6745 0.20000000000000007 0.6745 0.21266666666666675 0.692 0.21266666666666675
8 0.6335 0.14200000000000013 0.626 0.14200000000000013 0.626 0.1560000000000001 0.6335 0.1560000000000001
7 0.778 0.10866666666666679 0.7735 0.10866666666666679 0.7735 0.12266666666666678 0.778 0.12266666666666678
5 0.809 0.11000000000000011 0.8035 0.11000000000000011 0.8035 0.12400000000000011 0.809 0.12400000000000011
5 0.8035 0.10733333333333345 0.7915 0.10733333333333345 0.7915 0.12066666666666678 0.8035 0.12066666666666678
5 0.799 0.10733333333333345 0.7875 0.10733333333333345 0.7875 0.11866666666666678 0.799 0.11866666666666678
7 0.7685 0.10133333333333344 0.763 0.10133333333333344 0.763 0.11933333333333344 0.7685 0.11933333333333344
8 0.747 0.12133333333333345 0.742 0.12133333333333345 0.742 0.13466666666666677 0.747 0.13466666666666677
7 0.7165 0.11666666666666678 0.7115 0.11666666666666678 0.7115 0.13333333333333344 0.7165 0.13333333333333344
7 0.715 0.08866666666666678 0.7115 0.08866666666666678 0.7115 0.10600000000000011 0.715 0.10600000000000011
7 0.7335 0.08800000000000012 0.7305 0.08800000000000012 0.7305 0.10666666666666678 0.7335 0.10666666666666678
3 0.754 0.11133333333333345 0.7205 0.11133333333333345 0.7205 0.1286666666666668 0.754 0.1286666666666668
3 0.7345 0.10133333333333344 0.7035 0.10133333333333344 0.7035 0.12466666666666679 0.7345 0.12466666666666679
7 0.7545 0.05800000000000012 0.75 0.058000000000000114 0.75 0.07133333333333346 0.7545 0.07133333333333347
7 0.762 0.06400000000000013 0.7585 0.06400000000000013 0.7585 0.07800000000000014 0.762 0.07800000000000014
7 0.765 0.06866666666666679 0.7625 0.06866666666666679 0.7625 0.07733333333333346 0.765 0.07733333333333346
7 0.768 0.06533333333333347 0.7655 0.06533333333333347 0.7655 0.07933333333333346 0.768 0.07933333333333346
7 0.7695 0.06600000000000013 0.7675 0.06600000000000013 0.7675 0.07933333333333346 0.7695 0.07933333333333346
7 0.774 0.0626666666666668 0.77 0.0626666666666668 0.77 0.0766666666666668 0.774 0.0766666666666668
7 0.7715 0.05533333333333346 0.7675 0.05533333333333346 0.7675 0.06866666666666679 0.7715 0.06866666666666679
7 0.489 0.2053333333333334 0.483 0.2053333333333334 0.483 0.22933333333333342 0.489 0.22933333333333342
7 0.479 0.2053333333333334 0.472 0.2053333333333334 0.472 0.22733333333333341 0.479 0.22733333333333341
3 0.4735 0.17866666666666675 0.4475 0.17866666666666675 0.4475 0.2093333333333334 0.4735 0.2093333333333334
11 0.407 0.20200000000000007 0.3875 0.20200000000000007 0.3875 0.23400000000000007 0.407 0.23400000000000007
11 0.3995 0.1813333333333334 0.3815 0.1813333333333334 0.3815 0.21400000000000008 0.3995 0.21400000000000008
3 0.3945 0.16733333333333342 0.376 0.16733333333333342 0.376 0.1940000000000001 0.3945 0.1940000000000001
3 0.392 0.1533333333333334 0.3655 0.1533333333333334 0.3655 0.17600000000000007 0.392 0.17600000000000007
3 0.4565 0.13733333333333342 0.4415 0.13733333333333342 0.4415 0.15666666666666673 0.4565 0.15666666666666673
3 0.4365 0.13866666666666674 0.417 0.13866666666666674 0.417 0.1613333333333334 0.4365 0.1613333333333334
3 0.409 0.13866666666666674 0.3905 0.13866666666666674 0.3905 0.16066666666666674 0.409 0.16066666666666674
3 0.427 0.1253333333333334 0.41 0.1253333333333334 0.41 0.14400000000000007 0.427 0.14400000000000007
11 0.4185 0.10466666666666674 0.403 0.10466666666666674 0.403 0.13066666666666674 0.4185 0.13066666666666674
3 0.391 0.10866666666666674 0.3755 0.10866666666666674 0.3755 0.12666666666666673 0.391 0.12666666666666673
3 0.4075 0.09933333333333341 0.394 0.09933333333333341 0.394 0.11800000000000008 0.4075 0.11800000000000008
3 0.404 0.0913333333333334 0.391 0.0913333333333334 0.391 0.10800000000000008 0.404 0.10800000000000008
3 0.3985 0.0813333333333334 0.386 0.0813333333333334 0.386 0.09800000000000007 0.3985 0.09800000000000007
3 0.392 0.07533333333333339 0.38 0.07533333333333339 0.38 0.0913333333333334 0.392 0.0913333333333334
3 0.384 0.062000000000000055 0.3715 0.062000000000000055 0.3715 0.07533333333333339 0.384 0.07533333333333339
3 0.378 0.13800000000000007 0.361 0.13800000000000007 0.361 0.16066666666666674 0.378 0.16066666666666674
3 0.372 0.12266666666666674 0.3555 0.12266666666666674 0.3555 0.1453333333333334 0.372 0.1453333333333334
3 0.3665 0.11000000000000007 0.352 0.11000000000000007 0.352 0.13266666666666674 0.3665 0.13266666666666674
7 0.3785 0.12600000000000008 0.373 0.12600000000000008 0.373 0.14266666666666675 0.3785 0.14266666666666675
7 0.354 0.13400000000000006 0.3455 0.13400000000000004 0.3455 0.15466666666666673 0.354 0.15466666666666673
7 0.3435 0.13200000000000003 0.3345 0.13200000000000003 0.3345 0.1526666666666667 0.3435 0.1526666666666667
7 0.3315 0.12933333333333338 0.3255 0.12933333333333338 0.3255 0.1486666666666667 0.3315 0.1486666666666667
7 0.3265 0.1446666666666667 0.3195 0.1446666666666667 0.3195 0.16533333333333336 0.3265 0.16533333333333336
7 0.3115 0.1266666666666667 0.3065 0.1266666666666667 0.3065 0.14200000000000004 0.3115 0.14200000000000004
9 0.3145 0.13600000000000004 0.305 0.13600000000000004 0.305 0.15333333333333338 0.3145 0.15333333333333338
7 0.291 0.15200000000000005 0.285 0.15200000000000005 0.285 0.16800000000000004 0.291 0.16800000000000004
7 0.2815 0.14200000000000004 0.275 0.14200000000000004 0.275 0.16133333333333338 0.2815 0.16133333333333338
7 0.272 0.15200000000000005 0.263 0.15200000000000005 0.263 0.17333333333333342 0.272 0.17333333333333342
7 0.255 0.14533333333333337 0.2495 0.14533333333333337 0.2495 0.16533333333333336 0.255 0.16533333333333336
7 0.242 0.0886666666666667 0.2365 0.0886666666666667 0.2365 0.10400000000000004 0.242 0.10400000000000004
5 0.264 0.07066666666666671 0.2585 0.07066666666666671 0.2585 0.08133333333333337 0.264 0.08133333333333337
3 0.352 0.07600000000000005 0.34 0.07600000000000005 0.34 0.09133333333333339 0.352 0.0913333333333334
9 0.34 0.07066666666666672 0.3355 0.07066666666666672 0.3355 0.08066666666666672 0.34 0.08066666666666672
3 0.342 0.05133333333333339 0.3315 0.05133333333333339 0.3315 0.06666666666666672 0.342 0.06666666666666672
10 0.3815 0.05066666666666672 0.364 0.05066666666666672 0.364 0.06733333333333338 0.3815 0.06733333333333338
11 0.37 0.03933333333333339 0.361 0.03933333333333339 0.361 0.054666666666666724 0.37 0.054666666666666724
3 0.3655 0.03733333333333339 0.357 0.03733333333333339 0.357 0.05066666666666672 0.3655 0.05066666666666672
3 0.3635 0.031333333333333394 0.355 0.031333333333333394 0.355 0.04266666666666672 0.3635 0.04266666666666672
3 0.354 0.04133333333333339 0.3435 0.04133333333333339 0.3435 0.05333333333333339 0.354 0.05333333333333339
10 0.337 0.03400000000000006 0.326 0.03400000000000006 0.326 0.05133333333333339 0.337 0.05133333333333339
3 0.33 0.026666666666666724 0.322 0.026666666666666724 0.322 0.03533333333333339 0.33 0.03533333333333339
11 0.325 0.009333333333333386 0.3145 0.009333333333333386 0.3145 0.02266666666666672 0.325 0.022666666666666724
3 0.32 0.004000000000000051 0.307 0.0040000000000000495 0.307 0.012000000000000052 0.32 0.012000000000000052
3 0.354 0.018666666666666724 0.347 0.018666666666666724 0.347 0.02733333333333339 0.354 0.02733333333333339
3 0.351 0.014000000000000058 0.3435 0.014000000000000058 0.3435 0.024666666666666722 0.351 0.024666666666666722
3 0.3485 0.010000000000000057 0.343 0.010000000000000057 0.343 0.01933333333333339 0.3485 0.01933333333333339
11 0.359 0.022000000000000058 0.35 0.022000000000000058 0.35 0.03666666666666672 0.359 0.03666666666666672
3 0.346 0.008000000000000056 0.34 0.008000000000000054 0.34 0.016000000000000056 0.346 0.016000000000000056
3 0.3515 5.596635872103404e-17 0.334 5.4537604122028795e-17 0.334 0.006666666666666723 0.3515 0.0066666666666667235
7 0.0805 0.04666666666666668 0.076 0.04666666666666668 0.076 0.058666666666666686 0.0805 0.058666666666666686
7 0.0775 0.04800000000000002 0.0735 0.04800000000000002 0.0735 0.05933333333333335 0.0775 0.05933333333333335
7 0.007500000000000012 0.124 0.0010000000000000115 0.124 0.0010000000000000122 0.13933333333333334 0.007500000000000013 0.13933333333333334
6 0.045500000000000006 0.04000000000000001 0.009500000000000003 0.04 0.009500000000000005 0.08533333333333333 0.04550000000000001 0.08533333333333333
11 0.0635 0.018000000000000006 0.043 0.018000000000000006 0.043 0.03000000000000001 0.0635 0.03000000000000001
3 0.0495 0.018000000000000006 0.0365 0.018000000000000006 0.0365 0.02733333333333334 0.0495 0.02733333333333334
3 0.04 0.020000000000000004 0.0225 0.020000000000000004 0.0225 0.02866666666666667 0.04 0.028666666666666677
3 0.0525 0.03400000000000001 0.032 0.03400000000000001 0.032 0.044 0.0525 0.044
3 0.047 0.031333333333333345 0.0305 0.031333333333333345 0.0305 0.038666666666666676 0.047 0.038666666666666676
11 0.04 0.02866666666666667 0.026 0.028666666666666667 0.026 0.038000000000000006 0.04 0.03800000000000001
3 0.0345 0.028000000000000004 0.022 0.028 0.022 0.03866666666666667 0.0345 0.038666666666666676
3 0.03 0.02866666666666667 0.015500000000000003 0.028666666666666667 0.015500000000000003 0.037333333333333336 0.03 0.03733333333333334
3 0.026 0.028 0.010500000000000004 0.028 0.010500000000000004 0.037333333333333336 0.026 0.037333333333333336
11 0.008500000000000004 0.04066666666666666 3.7351727373994275e-18 0.04066666666666666 4.500576986866523e-18 0.05733333333333333 0.008500000000000004 0.05733333333333333
11 0.0185 0.024666666666666667 0.005000000000000002 0.024666666666666667 0.005000000000000003 0.035333333333333335 0.0185 0.035333333333333335
3 0.011000000000000003 0.026 2.388061258337339e-18 0.026 2.847303808017596e-18 0.036 0.011000000000000003 0.036
8 0.076 0.029333333333333343 0.07 0.029333333333333343 0.07 0.038666666666666676 0.076 0.038666666666666676