3 0.31357142857142856 0.23142857142857148 0.29428571428571426 0.23142857142857148 0.29428571428571426 0.2638095238095238 0.31357142857142856 0.2638095238095238
3 0.41 0.2904761904761906 0.39357142857142857 0.2904761904761906 0.39357142857142857 0.3295238095238096 0.41 0.3295238095238096
3 0.4228571428571429 0.2895238095238096 0.40714285714285714 0.2895238095238096 0.40714285714285714 0.32285714285714295 0.4228571428571429 0.32285714285714295
3 0.44857142857142857 0.2333333333333334 0.42214285714285715 0.2333333333333334 0.42214285714285715 0.25333333333333347 0.44857142857142857 0.25333333333333347
10 0.5235714285714286 0.2676190476190477 0.49642857142857144 0.2676190476190477 0.49642857142857144 0.29714285714285726 0.5235714285714286 0.29714285714285726
10 0.5328571428571428 0.1933333333333334 0.48142857142857143 0.19333333333333338 0.48142857142857143 0.2371428571428572 0.5328571428571428 0.23714285714285724
10 0.5664285714285714 0.18571428571428583 0.525 0.18571428571428583 0.525 0.24380952380952392 0.5664285714285714 0.24380952380952392
10 0.8842857142857142 0.026666666666666807 0.8521428571428571 0.026666666666666807 0.8521428571428571 0.11238095238095251 0.8842857142857142 0.11238095238095251
11 0.7764285714285715 0.2400000000000001 0.7635714285714286 0.2400000000000001 0.7635714285714286 0.2723809523809525 0.7764285714285715 0.2723809523809525
11 0.7614285714285715 0.24571428571428583 0.7442857142857143 0.24571428571428583 0.7442857142857143 0.2800000000000001 0.7614285714285715 0.2800000000000001
3 0.74 0.2561904761904763 0.7242857142857143 0.2561904761904763 0.7242857142857143 0.2876190476190477 0.74 0.2876190476190477
3 0.8914285714285715 0.06761904761904776 0.8742857142857143 0.06761904761904776 0.8742857142857143 0.11142857142857156 0.8914285714285715 0.11142857142857156
10 0.9742857142857143 0.8876190476190479 0.945 0.8876190476190479 0.945 0.9095238095238097 0.9742857142857143 0.9095238095238097
10 0.7 0.6685714285714288 0.6757142857142857 0.6685714285714288 0.6757142857142857 0.6885714285714288 0.7 0.6885714285714288
5 0.1764285714285715 0.6533333333333333 0.16357142857142862 0.6533333333333333 0.16357142857142865 0.6657142857142857 0.17642857142857152 0.6657142857142857
5 0.16000000000000006 0.659047619047619 0.14928571428571433 0.659047619047619 0.14928571428571435 0.6676190476190477 0.1600000000000001 0.6676190476190477