7 0.43714285714285717 0.15047619047619054 0.43142857142857144 0.15047619047619054 0.43142857142857144 0.16952380952380958 0.43714285714285717 0.16952380952380958
7 0.5921428571428572 0.11333333333333344 0.5871428571428572 0.11333333333333344 0.5871428571428572 0.12857142857142867 0.5921428571428572 0.12857142857142867
10 0.22357142857142856 0.240952380952381 0.1785714285714286 0.240952380952381 0.1785714285714286 0.27714285714285714 0.22357142857142856 0.27714285714285714
3 0.29428571428571426 0.24666666666666667 0.2742857142857143 0.24666666666666667 0.2742857142857143 0.28095238095238095 0.29428571428571426 0.28095238095238095
3 0.23357142857142857 0.32285714285714284 0.19142857142857142 0.32285714285714284 0.19142857142857142 0.35619047619047617 0.23357142857142857 0.35619047619047617
2 0.15285714285714289 0.3 0.047857142857142876 0.3 0.04785714285714289 0.3476190476190476 0.15285714285714289 0.3476190476190476
5 0.17928571428571433 0.34476190476190477 0.17142857142857146 0.34476190476190477 0.17142857142857146 0.3638095238095238 0.17928571428571433 0.3638095238095238
5 0.15928571428571434 0.38285714285714284 0.1535714285714286 0.38285714285714284 0.1535714285714286 0.40190476190476193 0.15928571428571434 0.40190476190476193
5 0.17500000000000004 0.4228571428571429 0.16714285714285718 0.4228571428571429 0.16714285714285718 0.44761904761904764 0.17500000000000004 0.44761904761904764
5 0.18285714285714288 0.42 0.17428571428571432 0.42 0.17428571428571432 0.44476190476190475 0.18285714285714294 0.44476190476190475
2 0.17714285714285719 0.4523809523809524 0.0885714285714286 0.4523809523809524 0.0885714285714286 0.52 0.17714285714285719 0.52
2 0.17214285714285718 0.4942857142857143 0.07000000000000003 0.4942857142857143 0.07000000000000005 0.5819047619047619 0.17214285714285718 0.5819047619047619
2 0.18357142857142866 0.5514285714285714 0.07857142857142861 0.5514285714285714 0.07857142857142863 0.621904761904762 0.18357142857142866 0.621904761904762
2 0.18285714285714294 0.5895238095238096 0.07357142857142863 0.5895238095238096 0.07357142857142863 0.6704761904761904 0.18285714285714294 0.6704761904761904
2 0.2007142857142858 0.6152380952380953 0.09000000000000007 0.6152380952380953 0.09000000000000007 0.7028571428571428 0.2007142857142858 0.7028571428571428
2 0.2464285714285715 0.5723809523809524 0.20428571428571438 0.5723809523809524 0.20428571428571438 0.6628571428571428 0.2464285714285715 0.6628571428571428
3 0.35142857142857153 0.5438095238095239 0.3100000000000001 0.5438095238095239 0.3100000000000001 0.5771428571428572 0.35142857142857153 0.5771428571428572
2 0.35428571428571437 0.4428571428571429 0.2685714285714286 0.44285714285714284 0.2685714285714286 0.5171428571428571 0.35428571428571437 0.5171428571428571
3 0.26928571428571435 0.4857142857142857 0.2264285714285715 0.4857142857142857 0.2264285714285715 0.5238095238095238 0.26928571428571435 0.5238095238095238
2 0.29285714285714287 0.42857142857142855 0.20714285714285716 0.42857142857142855 0.20714285714285718 0.4942857142857143 0.2928571428571429 0.4942857142857143
2 0.29571428571428576 0.3980952380952381 0.2092857142857143 0.3980952380952381 0.20928571428571432 0.4657142857142857 0.2957142857142858 0.4657142857142857
2 0.2864285714285715 0.37714285714285717 0.205 0.37714285714285717 0.20500000000000004 0.44285714285714284 0.28642857142857153 0.44285714285714284
2 0.37642857142857145 0.3704761904761905 0.29642857142857143 0.37047619047619046 0.29642857142857143 0.43619047619047624 0.37642857142857145 0.4361904761904763
2 0.36357142857142855 0.34857142857142864 0.28714285714285714 0.3485714285714286 0.28714285714285714 0.41238095238095246 0.36357142857142855 0.4123809523809525
2 0.47714285714285715 0.1647619047619048 0.45714285714285713 0.1647619047619048 0.45714285714285713 0.21523809523809528 0.47714285714285715 0.21523809523809528
2 0.5035714285714286 0.161904761904762 0.48 0.16190476190476197 0.48 0.2133333333333334 0.5035714285714286 0.21333333333333343
2 0.5235714285714286 0.15619047619047627 0.49714285714285716 0.15619047619047624 0.49714285714285716 0.2076190476190477 0.5235714285714286 0.20761904761904773
2 0.545 0.1561904761904763 0.52 0.1561904761904763 0.52 0.20666666666666678 0.545 0.20666666666666678
2 0.5671428571428572 0.15238095238095248 0.5421428571428571 0.15238095238095248 0.5421428571428571 0.201904761904762 0.5671428571428572 0.201904761904762
2 0.5907142857142857 0.15238095238095248 0.5657142857142857 0.15238095238095248 0.5657142857142857 0.20285714285714296 0.5907142857142857 0.20285714285714296
2 0.6135714285714285 0.15142857142857152 0.5871428571428572 0.15142857142857152 0.5871428571428572 0.19904761904761917 0.6135714285714285 0.19904761904761917
2 0.6357142857142857 0.14761904761904773 0.6057142857142858 0.14761904761904773 0.6057142857142858 0.19904761904761917 0.6357142857142857 0.19904761904761917
2 0.6578571428571428 0.14571428571428582 0.6264285714285714 0.14571428571428582 0.6264285714285714 0.1942857142857144 0.6578571428571428 0.1942857142857144
3 0.6392857142857142 0.31047619047619057 0.6 0.31047619047619057 0.6 0.34000000000000014 0.6392857142857142 0.34000000000000014
7 0.5342857142857143 0.4123809523809525 0.5285714285714286 0.4123809523809525 0.5285714285714286 0.42952380952380964 0.5342857142857143 0.42952380952380964
2 0.6042857142857143 0.32666666666666677 0.5028571428571429 0.32666666666666677 0.5028571428571429 0.41428571428571437 0.6042857142857143 0.41428571428571437
2 0.725 0.341904761904762 0.61 0.341904761904762 0.61 0.4247619047619049 0.725 0.4247619047619049
2 0.7035714285714286 0.381904761904762 0.6164285714285714 0.381904761904762 0.6164285714285714 0.44666666666666677 0.7035714285714286 0.44666666666666677
2 0.6842857142857143 0.3895238095238096 0.5621428571428572 0.3895238095238096 0.5621428571428572 0.47142857142857153 0.6842857142857143 0.47142857142857153
2 0.6821428571428572 0.4247619047619049 0.5628571428571428 0.4247619047619049 0.5628571428571428 0.5123809523809525 0.6821428571428572 0.5123809523809526
2 0.5871428571428572 0.42952380952380964 0.4957142857142857 0.42952380952380964 0.4957142857142857 0.5047619047619047 0.5871428571428572 0.5047619047619047
2 0.645 0.5123809523809524 0.5414285714285715 0.5123809523809524 0.5414285714285715 0.6028571428571429 0.645 0.6028571428571429
2 0.6185714285714285 0.5733333333333334 0.5457142857142857 0.5733333333333334 0.5457142857142857 0.6314285714285715 0.6185714285714285 0.6314285714285715
2 0.6321428571428571 0.5857142857142857 0.49 0.5857142857142857 0.49 0.68 0.6321428571428571 0.68
2 0.62 0.6257142857142857 0.46785714285714286 0.6257142857142857 0.46785714285714286 0.7333333333333333 0.62 0.7333333333333333
5 0.6328571428571429 0.7123809523809523 0.6207142857142857 0.7123809523809523 0.6207142857142857 0.7409523809523809 0.6328571428571429 0.7409523809523809
2 0.6071428571428571 0.6771428571428572 0.45 0.6771428571428572 0.45 0.7895238095238095 0.6071428571428571 0.7895238095238095
2 0.5900000000000001 0.8266666666666667 0.46785714285714286 0.8266666666666667 0.4678571428571429 0.9247619047619048 0.5900000000000002 0.9247619047619048
2 0.5792857142857144 0.8523809523809524 0.4085714285714286 0.8523809523809524 0.40857142857142864 0.9980952380952381 0.5792857142857144 0.9980952380952381
11 0.517857142857143 0.9657142857142857 0.4600000000000002 0.9657142857142857 0.4600000000000002 1 0.517857142857143 1
2 1 0.9285714285714288 0.9042857142857142 0.9285714285714288 0.9042857142857142 0.9980952380952381 1 0.9980952380952381
2 0.9842857142857143 0.7114285714285716 0.8535714285714285 0.7114285714285716 0.8535714285714285 0.7838095238095241 0.9842857142857143 0.7838095238095241
2 0.9871428571428571 0.6476190476190479 0.85 0.6476190476190479 0.85 0.723809523809524 0.9871428571428571 0.723809523809524
7 0.7035714285714286 0.4666666666666668 0.695 0.4666666666666668 0.695 0.48666666666666675 0.7035714285714286 0.48666666666666675
11 0.7235714285714285 0.4723809523809525 0.7 0.4723809523809525 0.7 0.5133333333333335 0.7235714285714285 0.5133333333333335
2 0.8135714285714286 0.22190476190476202 0.7407142857142858 0.22190476190476202 0.7407142857142858 0.32095238095238104 0.8135714285714286 0.32095238095238104
2 0.8471428571428572 0.20285714285714299 0.785 0.20285714285714296 0.785 0.302857142857143 0.8471428571428572 0.302857142857143
3 0.795 0.31333333333333346 0.7742857142857142 0.31333333333333346 0.7742857142857142 0.3457142857142858 0.795 0.3457142857142858
3 0.8257142857142857 0.3171428571428572 0.7978571428571428 0.3171428571428572 0.7978571428571428 0.35523809523809535 0.8257142857142857 0.35523809523809535
3 0.8428571428571429 0.3171428571428572 0.8164285714285714 0.3171428571428572 0.8164285714285714 0.35333333333333344 0.8428571428571429 0.35333333333333344
3 0.8685714285714285 0.31047619047619057 0.84 0.31047619047619057 0.84 0.3504761904761906 0.8685714285714285 0.3504761904761906
3 0.8664285714285714 0.26190476190476203 0.84 0.26190476190476203 0.84 0.2942857142857144 0.8664285714285714 0.2942857142857144
3 0.925 0.2761904761904763 0.8878571428571429 0.2761904761904763 0.8878571428571429 0.2990476190476192 0.925 0.2990476190476192
5 0.9671428571428572 0.301904761904762 0.9528571428571428 0.301904761904762 0.9528571428571428 0.3152380952380954 0.9671428571428572 0.3152380952380954
5 0.9628571428571429 0.2990476190476192 0.9478571428571428 0.2990476190476192 0.9478571428571428 0.30857142857142866 0.9628571428571429 0.30857142857142866
5 0.9607142857142857 0.29333333333333345 0.945 0.29333333333333345 0.945 0.30476190476190484 0.9607142857142857 0.30476190476190484
5 0.9485714285714286 0.27904761904761916 0.9342857142857143 0.27904761904761916 0.9342857142857143 0.29333333333333345 0.9485714285714286 0.29333333333333345
5 0.945 0.2742857142857144 0.93 0.2742857142857144 0.93 0.2885714285714287 0.945 0.2885714285714287
5 0.94 0.2742857142857144 0.9242857142857143 0.2742857142857144 0.9242857142857143 0.2838095238095239 0.94 0.2838095238095239
5 0.9364285714285714 0.26476190476190486 0.9207142857142857 0.26476190476190486 0.9207142857142857 0.2761904761904763 0.9364285714285714 0.2761904761904763
5 0.9307142857142857 0.2600000000000001 0.9171428571428571 0.2600000000000001 0.9171428571428571 0.2714285714285715 0.9307142857142857 0.2714285714285715
5 0.9307142857142857 0.2552380952380953 0.9135714285714286 0.2552380952380953 0.9135714285714286 0.2685714285714287 0.9307142857142857 0.2685714285714287
3 0.9414285714285714 0.3009523809523811 0.9028571428571428 0.3009523809523811 0.9028571428571428 0.32666666666666677 0.9414285714285714 0.32666666666666677
3 0.96 0.3180952380952382 0.9207142857142857 0.3180952380952382 0.9207142857142857 0.3438095238095239 0.96 0.3438095238095239
3 0.9907142857142858 0.3295238095238096 0.9528571428571428 0.3295238095238096 0.9528571428571428 0.3561904761904763 0.9907142857142858 0.3561904761904763
3 0.9528571428571428 0.3438095238095239 0.9135714285714286 0.3438095238095239 0.9135714285714286 0.36857142857142866 0.9528571428571428 0.36857142857142866
3 0.9621428571428572 0.36476190476190484 0.9242857142857143 0.36476190476190484 0.9242857142857143 0.3895238095238096 0.9621428571428572 0.3895238095238096
3 1 0.3514285714285716 0.9635714285714285 0.35142857142857153 0.9635714285714285 0.3790476190476192 1 0.37904761904761924
3 1 0.3847619047619049 0.9714285714285714 0.38476190476190486 0.9714285714285714 0.4114285714285716 1 0.41142857142857164
7 0.94 0.40285714285714297 0.9314285714285714 0.40285714285714297 0.9314285714285714 0.4209523809523811 0.94 0.4209523809523811