5 0.8763048016701461 0.8172541743970317 0.8543841336116911 0.8172541743970317 0.8543841336116911 0.847866419294991 0.8763048016701461 0.847866419294991
8 0.8700417536534447 0.8172541743970317 0.8627348643006263 0.8172541743970317 0.8627348643006263 0.8385899814471245 0.8700417536534447 0.8385899814471245
0 0.9384133611691023 0.6641929499072359 0.8997912317327766 0.6641929499072359 0.8997912317327766 0.707792207792208 0.9384133611691023 0.707792207792208
0 0.9801670146137788 0.7133580705009278 0.9467640918580376 0.7133580705009278 0.9467640918580376 0.7560296846011134 0.9801670146137788 0.7560296846011134
0 0.9973903966597077 0.6920222634508351 0.9801670146137788 0.6920222634508351 0.9801670146137788 0.730983302411874 0.9973903966597077 0.730983302411874
3 0.971294363256785 0.645640074211503 0.9097077244258872 0.645640074211503 0.9097077244258872 0.7087198515769947 0.971294363256785 0.7087198515769947
3 0.9838204592901879 0.5816326530612247 0.9305845511482255 0.5816326530612247 0.9305845511482255 0.6382189239332099 0.9838204592901879 0.6382189239332099
3 0.9921711899791231 0.5491651205936923 0.9378914405010439 0.5491651205936923 0.9378914405010439 0.6103896103896106 0.9921711899791231 0.6103896103896106
3 0.9843423799582464 0.47680890538033416 0.9347599164926931 0.47680890538033416 0.9347599164926931 0.5296846011131727 0.9843423799582464 0.5296846011131727
11 0.9853862212943633 0.4499072356215216 0.9384133611691023 0.4499072356215216 0.9384133611691023 0.4972170686456403 0.9853862212943633 0.4972170686456403
11 0.9879958246346555 0.42115027829313567 0.9467640918580376 0.42115027829313567 0.9467640918580376 0.46382189239332117 0.9879958246346555 0.46382189239332117
3 0.8669102296450939 0.4146567717996292 0.843945720250522 0.4146567717996292 0.843945720250522 0.4647495361781078 0.8669102296450939 0.4647495361781078
3 0.860125260960334 0.46382189239332117 0.8308977035490606 0.46382189239332117 0.8308977035490606 0.5269016697588128 0.860125260960334 0.5269016697588128
3 0.7896659707724426 0.5324675324675326 0.7421711899791231 0.5324675324675326 0.7421711899791231 0.5899814471243044 0.7896659707724426 0.5899814471243044
3 0.7369519832985386 0.48979591836734715 0.6905010438413361 0.48979591836734715 0.6905010438413361 0.5398886827458258 0.7369519832985386 0.5398886827458258
3 0.6764091858037579 0.46382189239332106 0.6482254697286013 0.46382189239332106 0.6482254697286013 0.5222634508348796 0.6764091858037579 0.5222634508348796
3 0.6524008350730689 0.44712430426716154 0.6236951983298539 0.44712430426716154 0.6236951983298539 0.5055658627087201 0.6524008350730689 0.5055658627087201
3 0.6263048016701461 0.4332096474953619 0.5965553235908142 0.4332096474953619 0.5965553235908142 0.4879406307977739 0.6263048016701461 0.4879406307977739
3 0.6022964509394572 0.4109461966604825 0.5725469728601252 0.4109461966604825 0.5725469728601252 0.466604823747681 0.6022964509394572 0.466604823747681
3 0.5762004175365344 0.3877551020408164 0.5490605427974948 0.3877551020408164 0.5490605427974948 0.4461966604823749 0.5762004175365344 0.4461966604823749
3 0.5532359081419624 0.37384044526901683 0.524008350730689 0.37384044526901683 0.524008350730689 0.42764378478664206 0.5532359081419624 0.42764378478664206
11 0.4953027139874739 0.3209647495361782 0.46242171189979125 0.3209647495361782 0.46242171189979125 0.37940630797773667 0.4953027139874739 0.37940630797773667
3 0.4759916492693111 0.316326530612245 0.4451983298538622 0.316326530612245 0.4451983298538622 0.36456400742115036 0.4759916492693111 0.36456400742115036
3 0.4384133611691023 0.2940630797773656 0.4055323590814196 0.2940630797773656 0.4055323590814196 0.3432282003710576 0.4384133611691023 0.3432282003710576
9 0.272964509394572 0.2476808905380335 0.255741127348643 0.2476808905380335 0.255741127348643 0.267161410018553 0.272964509394572 0.267161410018553
8 0.26252609603340293 0.23840445269016708 0.25626304801670147 0.23840445269016708 0.25626304801670147 0.25788497217068657 0.26252609603340293 0.25788497217068657
3 0.2609603340292276 0.1651205936920223 0.22755741127348644 0.1651205936920223 0.22755741127348644 0.2068645640074212 0.2609603340292276 0.2068645640074212
10 0.18423799582463465 0.1855287569573284 0.11534446764091857 0.18552875695732837 0.1153444676409186 0.28014842300556586 0.18423799582463465 0.28014842300556586
3 0.20093945720250522 0.1252319109461967 0.17066805845511482 0.1252319109461967 0.17066805845511482 0.1558441558441559 0.20093945720250522 0.1558441558441559
7 0.18945720250521922 0.09925788497217074 0.1826722338204593 0.09925788497217074 0.1826722338204593 0.11688311688311694 0.18945720250521922 0.11688311688311694
7 0.10438413361169102 0.14285714285714285 0.09603340292275574 0.14285714285714285 0.09603340292275574 0.16512059369202226 0.10438413361169102 0.16512059369202226
3 0.14613778705636743 0.02411873840445272 0.11169102296450939 0.024118738404452715 0.11169102296450939 0.04452690166975884 0.14613778705636743 0.04452690166975884
3 0.1477035490605428 0.0009276437847866708 0.11795407098121086 0.0009276437847866674 0.11795407098121086 0.02411873840445272 0.1477035490605428 0.024118738404452722
3 0.9525052192066806 0.02133580705009297 0.9342379958246346 0.02133580705009297 0.9342379958246346 0.04916512059369223 0.9525052192066806 0.049165120593692234
11 0.9780793319415448 0.14471243042671636 0.954070981210856 0.14471243042671636 0.954070981210856 0.18274582560296868 0.9780793319415448 0.18274582560296868
3 0.9650313152400835 0.20222634508348816 0.9446764091858038 0.20222634508348816 0.9446764091858038 0.23933209647495382 0.9650313152400835 0.23933209647495382
5 0.9509394572025052 0.15306122448979612 0.9410229645093946 0.15306122448979612 0.9410229645093946 0.17532467532467552 0.9509394572025052 0.17532467532467552