3 0.3690000000000001 0.9186666666666666 0.23850000000000005 0.9186666666666666 0.23850000000000007 0.998 0.3690000000000001 0.998
11 0.41500000000000004 0.6173333333333333 0.3865 0.6173333333333333 0.38650000000000007 0.6686666666666666 0.4150000000000001 0.6686666666666666
11 0.7865 0.8033333333333333 0.724 0.8033333333333333 0.724 0.91 0.7865 0.91
3 0.648 0.696 0.6075 0.696 0.6075 0.76 0.648 0.76
3 0.6195 0.6480000000000001 0.5875 0.6480000000000001 0.5875 0.6946666666666667 0.6195 0.6946666666666667
3 0.594 0.6046666666666668 0.571 0.6046666666666668 0.571 0.6393333333333335 0.594 0.6393333333333335
3 0.5855 0.5673333333333335 0.5625 0.5673333333333335 0.5625 0.5993333333333335 0.5855 0.5993333333333335
3 0.4035 0.56 0.349 0.56 0.349 0.5866666666666667 0.4035 0.5866666666666667
3 0.401 0.5393333333333333 0.3585 0.5393333333333333 0.3585 0.5626666666666666 0.401 0.5626666666666666
3 0.4045 0.5266666666666666 0.3635 0.5266666666666666 0.3635 0.548 0.4045 0.548
3 0.4055 0.502 0.373 0.502 0.373 0.5213333333333333 0.4055 0.5213333333333333
4 0.5085 0.3460000000000001 0.4615 0.346 0.4615 0.3906666666666667 0.5085 0.39066666666666683
4 0.57 0.34066666666666673 0.518 0.34066666666666673 0.518 0.37533333333333346 0.57 0.37533333333333346
4 0.44 0.396 0.4045 0.396 0.4045 0.43266666666666664 0.44 0.43266666666666664
3 0.4795 0.39800000000000013 0.471 0.39800000000000013 0.471 0.4173333333333335 0.4795 0.4173333333333335
3 0.515 0.4033333333333335 0.5075 0.4033333333333335 0.5075 0.4126666666666668 0.515 0.4126666666666668
3 0.523 0.4226666666666668 0.516 0.4226666666666668 0.516 0.4293333333333335 0.523 0.4293333333333335
3 0.5375 0.4560000000000001 0.527 0.4560000000000001 0.527 0.47266666666666685 0.5375 0.47266666666666685
3 0.551 0.4893333333333335 0.5355 0.4893333333333335 0.5355 0.5060000000000001 0.551 0.5060000000000001
3 0.4305 0.442 0.42 0.442 0.42 0.4533333333333333 0.4305 0.4533333333333333
3 0.416 0.43666666666666665 0.4085 0.43666666666666665 0.4085 0.448 0.416 0.448
11 0.7385 0.5393333333333334 0.7115 0.5393333333333334 0.7115 0.5726666666666668 0.7385 0.5726666666666668
11 0.692 0.5573333333333335 0.6555 0.5573333333333335 0.6555 0.5906666666666668 0.692 0.5906666666666668
10 0.742 0.5766666666666668 0.691 0.5766666666666668 0.691 0.6420000000000001 0.742 0.6420000000000001
7 0.7545 0.866 0.7385 0.866 0.7385 0.9173333333333333 0.7545 0.9173333333333333
7 0.7375 0.8713333333333333 0.724 0.8713333333333333 0.724 0.9126666666666666 0.7375 0.9126666666666666
8 0.7125 0.874 0.695 0.874 0.695 0.9046666666666666 0.7125 0.9046666666666666
7 0.3865000000000001 0.7813333333333333 0.3785000000000001 0.7813333333333333 0.3785000000000001 0.8126666666666666 0.3865000000000001 0.8126666666666666
8 0.5385 0.5433333333333334 0.5325 0.5433333333333334 0.5325 0.5546666666666669 0.5385 0.5546666666666669
5 0.5375 0.5533333333333335 0.5335 0.5533333333333335 0.5335 0.5626666666666669 0.5375 0.5626666666666669
5 0.7105 0.884 0.694 0.884 0.694 0.9226666666666666 0.7105 0.9226666666666666
5 0.2910000000000001 0.798 0.2670000000000001 0.798 0.2670000000000001 0.8253333333333334 0.2910000000000001 0.8253333333333334
1 0.3190000000000001 0.848 0.2910000000000001 0.848 0.2910000000000001 0.878 0.3190000000000001 0.878