2 0.3650000000000001 0.7714285714285715 0.20428571428571438 0.7714285714285715 0.20428571428571438 1 0.3650000000000001 1
7 0.9985714285714286 0.9161904761904764 0.9714285714285714 0.9161904761904764 0.9714285714285714 0.9780952380952381 0.9985714285714286 0.9780952380952381
7 0.9614285714285714 0.8923809523809526 0.9278571428571428 0.8923809523809526 0.9278571428571428 0.9590476190476193 0.9614285714285714 0.9590476190476193
7 0.7335714285714285 0.5514285714285716 0.72 0.5514285714285716 0.72 0.6000000000000002 0.7335714285714285 0.6000000000000002
7 0.9785714285714285 0.4847619047619049 0.9571428571428572 0.4847619047619049 0.9571428571428572 0.5200000000000002 0.9785714285714285 0.5200000000000002
7 0.6528571428571428 0.4876190476190476 0.6407142857142857 0.4876190476190476 0.6407142857142857 0.5228571428571429 0.6528571428571428 0.5228571428571429
7 0.6571428571428571 0.5161904761904762 0.6478571428571429 0.5161904761904762 0.6478571428571429 0.5476190476190477 0.6571428571428571 0.5476190476190477
7 0.6292857142857143 0.47714285714285726 0.6207142857142857 0.47714285714285726 0.6207142857142857 0.5095238095238095 0.6292857142857143 0.5095238095238095
7 0.6192857142857143 0.48857142857142855 0.6057142857142858 0.48857142857142855 0.6057142857142858 0.5238095238095238 0.6192857142857143 0.5238095238095238
7 0.6178571428571429 0.482857142857143 0.6078571428571429 0.482857142857143 0.6078571428571429 0.5123809523809524 0.6178571428571429 0.5123809523809524
7 0.5778571428571428 0.4323809523809525 0.5664285714285714 0.4323809523809525 0.5664285714285714 0.46190476190476204 0.5778571428571428 0.46190476190476204
7 0.545 0.4180952380952382 0.5357142857142857 0.4180952380952382 0.5357142857142857 0.4485714285714287 0.545 0.4485714285714287
7 0.5564285714285714 0.421904761904762 0.5485714285714286 0.421904761904762 0.5485714285714286 0.44952380952380966 0.5564285714285714 0.44952380952380966
7 0.5592857142857143 0.4085714285714287 0.5507142857142857 0.4085714285714287 0.5507142857142857 0.42952380952380964 0.5592857142857143 0.42952380952380964
7 0.5121428571428571 0.3904761904761906 0.5028571428571429 0.3904761904761906 0.5028571428571429 0.4161904761904763 0.5121428571428571 0.4161904761904763
7 0.5171428571428571 0.38761904761904775 0.5092857142857142 0.38761904761904775 0.5092857142857142 0.41428571428571437 0.5171428571428571 0.41428571428571437
7 0.48857142857142855 0.37523809523809537 0.4828571428571429 0.37523809523809537 0.4828571428571429 0.3980952380952382 0.48857142857142855 0.3980952380952382
7 0.48214285714285715 0.3609523809523811 0.4764285714285714 0.3609523809523811 0.4764285714285714 0.381904761904762 0.48214285714285715 0.381904761904762
7 0.4564285714285714 0.36476190476190484 0.45071428571428573 0.36476190476190484 0.45071428571428573 0.3895238095238096 0.4564285714285714 0.3895238095238096
7 0.4664285714285714 0.3476190476190477 0.4614285714285714 0.3476190476190477 0.4614285714285714 0.36952380952380964 0.4664285714285714 0.36952380952380964
7 0.47 0.341904761904762 0.465 0.341904761904762 0.465 0.3657142857142858 0.47 0.3657142857142858
7 0.4585714285714286 0.34285714285714297 0.4514285714285714 0.34285714285714297 0.4514285714285714 0.3638095238095239 0.4585714285714286 0.3638095238095239
7 0.4521428571428571 0.34000000000000014 0.4471428571428571 0.34000000000000014 0.4471428571428571 0.36476190476190484 0.4521428571428571 0.36476190476190484
7 0.4592857142857143 0.33523809523809533 0.4542857142857143 0.33523809523809533 0.4542857142857143 0.3561904761904763 0.4592857142857143 0.3561904761904763
7 0.45571428571428574 0.3304761904761906 0.4492857142857143 0.3304761904761906 0.4492857142857143 0.3485714285714287 0.45571428571428574 0.3485714285714287
7 0.4471428571428571 0.32380952380952394 0.4407142857142857 0.32380952380952394 0.4407142857142857 0.3447619047619049 0.4471428571428571 0.3447619047619049
7 0.44142857142857145 0.3180952380952382 0.43642857142857144 0.3180952380952382 0.43642857142857144 0.34095238095238106 0.44142857142857145 0.34095238095238106
7 0.44357142857142856 0.3323809523809525 0.43642857142857144 0.3323809523809525 0.43642857142857144 0.35523809523809535 0.44357142857142856 0.35523809523809535
7 0.4357142857142857 0.3180952380952382 0.4307142857142857 0.3180952380952382 0.4307142857142857 0.341904761904762 0.4357142857142857 0.341904761904762
7 0.43214285714285716 0.3161904761904763 0.42642857142857143 0.3161904761904763 0.42642857142857143 0.3361904761904763 0.43214285714285716 0.3361904761904763
7 0.4257142857142857 0.3142857142857144 0.42 0.3142857142857144 0.42 0.3380952380952382 0.4257142857142857 0.3380952380952382
7 0.41714285714285715 0.3009523809523811 0.4114285714285714 0.3009523809523811 0.4114285714285714 0.3180952380952382 0.41714285714285715 0.3180952380952382
7 0.4035714285714286 0.2942857142857144 0.39785714285714285 0.2942857142857144 0.39785714285714285 0.31333333333333346 0.4035714285714286 0.31333333333333346
7 0.40785714285714286 0.2885714285714287 0.4014285714285714 0.2885714285714287 0.4014285714285714 0.30952380952380965 0.40785714285714286 0.30952380952380965
7 0.37857142857142856 0.29714285714285726 0.37142857142857144 0.29714285714285726 0.37142857142857144 0.31904761904761914 0.37857142857142856 0.31904761904761914
7 0.375 0.2866666666666668 0.36857142857142855 0.2866666666666668 0.36857142857142855 0.30761904761904774 0.375 0.30761904761904774
7 0.5714285714285714 0.2742857142857144 0.565 0.2742857142857144 0.565 0.29333333333333345 0.5714285714285714 0.29333333333333345
7 0.5771428571428572 0.27904761904761916 0.5735714285714286 0.27904761904761916 0.5735714285714286 0.29523809523809535 0.5771428571428572 0.29523809523809535
7 0.5828571428571429 0.27904761904761916 0.5785714285714286 0.27904761904761916 0.5785714285714286 0.29523809523809535 0.5828571428571429 0.29523809523809535
3 0.4228571428571429 0.3123809523809525 0.3942857142857143 0.3123809523809525 0.3942857142857143 0.3438095238095239 0.4228571428571429 0.3438095238095239
3 0.17071428571428576 0.38 0.16000000000000003 0.38 0.16000000000000003 0.4104761904761905 0.17071428571428576 0.4104761904761905
3 0.09642857142857147 0.23142857142857143 0.07142857142857145 0.23142857142857143 0.07142857142857145 0.24761904761904763 0.09642857142857147 0.24761904761904763
7 0.21714285714285714 0.16571428571428576 0.21285714285714286 0.16571428571428576 0.21285714285714286 0.17428571428571435 0.21714285714285714 0.17428571428571435
7 0.39285714285714285 0.27904761904761916 0.385 0.27904761904761916 0.385 0.29714285714285726 0.39285714285714285 0.29714285714285726
3 0.5542857142857143 0.1942857142857144 0.5371428571428571 0.1942857142857144 0.5371428571428571 0.20285714285714296 0.5542857142857143 0.20285714285714296
5 0.555 0.20571428571428582 0.5492857142857143 0.20571428571428582 0.5492857142857143 0.21142857142857155 0.555 0.21142857142857155
8 0.5535714285714286 0.20000000000000012 0.5492857142857143 0.20000000000000012 0.5492857142857143 0.20857142857142869 0.5535714285714286 0.20857142857142869
3 0.6592857142857143 0.18857142857142867 0.6442857142857142 0.18857142857142867 0.6442857142857142 0.1961904761904763 0.6592857142857143 0.1961904761904763
3 0.6542857142857142 0.18476190476190488 0.6414285714285715 0.18476190476190488 0.6414285714285715 0.19333333333333344 0.6542857142857142 0.19333333333333344
3 0.6485714285714286 0.18476190476190488 0.6371428571428571 0.18476190476190488 0.6371428571428571 0.19333333333333344 0.6485714285714286 0.19333333333333344
7 0.7114285714285714 0.26095238095238105 0.7071428571428572 0.26095238095238105 0.7071428571428572 0.27523809523809534 0.7114285714285714 0.27523809523809534
7 0.6814285714285714 0.29333333333333345 0.6757142857142857 0.29333333333333345 0.6757142857142857 0.31333333333333346 0.6814285714285714 0.31333333333333346
7 0.6864285714285714 0.2980952380952382 0.68 0.2980952380952382 0.68 0.3142857142857144 0.6864285714285714 0.3142857142857144
7 0.6571428571428571 0.2847619047619049 0.65 0.2847619047619049 0.65 0.302857142857143 0.6571428571428571 0.302857142857143
7 0.7078571428571429 0.3000000000000001 0.7021428571428572 0.3000000000000001 0.7021428571428572 0.3200000000000001 0.7078571428571429 0.3200000000000001
7 0.7078571428571429 0.2980952380952382 0.7014285714285714 0.2980952380952382 0.7014285714285714 0.31333333333333346 0.7078571428571429 0.31333333333333346
7 0.7035714285714286 0.29714285714285726 0.6992857142857143 0.29714285714285726 0.6992857142857143 0.31047619047619057 0.7035714285714286 0.31047619047619057
7 0.745 0.31333333333333346 0.7371428571428571 0.31333333333333346 0.7371428571428571 0.3333333333333334 0.745 0.3333333333333334
7 0.7478571428571429 0.3123809523809525 0.7407142857142858 0.3123809523809525 0.7407142857142858 0.3323809523809525 0.7478571428571429 0.3323809523809525
7 0.785 0.3180952380952382 0.7785714285714286 0.3180952380952382 0.7785714285714286 0.3361904761904763 0.785 0.3361904761904763
7 0.79 0.31904761904761914 0.7835714285714286 0.31904761904761914 0.7835714285714286 0.3361904761904763 0.79 0.3361904761904763
7 0.795 0.31904761904761914 0.7892857142857143 0.31904761904761914 0.7892857142857143 0.33714285714285724 0.795 0.33714285714285724
7 0.7885714285714286 0.3152380952380954 0.7835714285714286 0.3152380952380954 0.7835714285714286 0.33523809523809533 0.7885714285714286 0.33523809523809533
7 0.8585714285714285 0.341904761904762 0.8514285714285714 0.341904761904762 0.8514285714285714 0.362857142857143 0.8585714285714285 0.362857142857143
7 0.8621428571428571 0.3438095238095239 0.855 0.3438095238095239 0.855 0.362857142857143 0.8621428571428571 0.362857142857143
3 0.8471428571428572 0.32380952380952394 0.8235714285714286 0.32380952380952394 0.8235714285714286 0.3438095238095239 0.8471428571428572 0.3438095238095239
3 0.8721428571428571 0.32761904761904775 0.8507142857142858 0.32761904761904775 0.8507142857142858 0.3504761904761906 0.8721428571428571 0.3504761904761906
3 0.9521428571428572 0.3485714285714287 0.9178571428571428 0.3485714285714287 0.9178571428571428 0.37333333333333346 0.9521428571428572 0.37333333333333346
3 0.9828571428571429 0.35523809523809535 0.9471428571428572 0.35523809523809535 0.9471428571428572 0.3800000000000001 0.9828571428571429 0.3800000000000001
7 0.9464285714285714 0.35714285714285726 0.935 0.35714285714285726 0.935 0.38285714285714295 0.9464285714285714 0.38285714285714295