7 0.03571428571428575 0.39847715736040606 0.021428571428571453 0.39847715736040606 0.021428571428571457 0.42385786802030456 0.03571428571428575 0.42385786802030456
11 0.22714285714285715 0.4263959390862944 0.18071428571428574 0.4263959390862944 0.18071428571428574 0.4733502538071066 0.22714285714285715 0.4733502538071066
11 0.2764285714285714 0.4543147208121827 0.22642857142857142 0.4543147208121827 0.22642857142857142 0.5038071065989848 0.2764285714285714 0.5038071065989848
11 0.4664285714285714 0.318527918781726 0.43357142857142855 0.318527918781726 0.43357142857142855 0.3870558375634519 0.4664285714285714 0.3870558375634519
11 0.1992857142857143 0.267766497461929 0.16285714285714287 0.26776649746192893 0.16285714285714287 0.34390862944162437 0.1992857142857143 0.34390862944162437
11 0.22285714285714286 0.284263959390863 0.18642857142857142 0.284263959390863 0.18642857142857142 0.36548223350253806 0.22285714285714286 0.36548223350253806
7 0.3350000000000001 0.6383248730964468 0.3257142857142858 0.6383248730964467 0.3257142857142858 0.6598984771573604 0.3350000000000001 0.6598984771573604
7 0.3307142857142858 0.618020304568528 0.31928571428571434 0.618020304568528 0.31928571428571434 0.6357868020304569 0.3307142857142858 0.6357868020304569
7 0.3450000000000001 0.602791878172589 0.33214285714285724 0.602791878172589 0.33214285714285724 0.6256345177664976 0.3450000000000001 0.6256345177664976
6 0.3364285714285715 0.602791878172589 0.3257142857142858 0.6027918781725888 0.3257142857142858 0.618020304568528 0.3364285714285715 0.6180203045685281
8 0.33357142857142863 0.6040609137055838 0.3264285714285715 0.6040609137055838 0.3264285714285715 0.6154822335025382 0.33357142857142863 0.6154822335025382
6 0.32285714285714295 0.6205583756345178 0.3107142857142858 0.6205583756345178 0.3107142857142858 0.6357868020304569 0.32285714285714295 0.6357868020304569
8 0.31857142857142867 0.6218274111675127 0.3121428571428572 0.6218274111675127 0.3121428571428572 0.633248730964467 0.31857142857142867 0.633248730964467
10 0.44142857142857145 0.5647208121827412 0.33071428571428574 0.5647208121827412 0.33071428571428574 0.6421319796954316 0.44142857142857145 0.6421319796954316
11 0.43 0.3109137055837564 0.39714285714285713 0.3109137055837564 0.39714285714285713 0.38324873096446715 0.43 0.38324873096446715
3 0.36357142857142855 0.30203045685279195 0.32142857142857145 0.30203045685279195 0.32142857142857145 0.3451776649746194 0.36357142857142855 0.34517766497461944
10 0.38142857142857145 0.6205583756345179 0.2900000000000001 0.6205583756345178 0.2900000000000001 0.6852791878172588 0.38142857142857145 0.6852791878172588
10 0.28928571428571437 0.9403553299492385 0.2057142857142858 0.9403553299492385 0.2057142857142858 0.998730964467005 0.28928571428571437 0.998730964467005
10 0.43785714285714283 0.8705583756345178 0.34857142857142864 0.8705583756345178 0.34857142857142864 0.998730964467005 0.43785714285714283 0.998730964467005
11 0.7957142857142857 0.653553299492386 0.745 0.653553299492386 0.745 0.7335025380710662 0.7957142857142857 0.7335025380710662