3 0.1705 0.14133333333333334 0.116 0.14133333333333334 0.11600000000000002 0.17066666666666666 0.1705 0.17066666666666666
3 0.09050000000000001 0.14533333333333334 0.05050000000000002 0.14533333333333334 0.05050000000000002 0.17266666666666666 0.09050000000000002 0.17266666666666666
3 0.054 0.054 0.0375 0.054 0.0375 0.06466666666666666 0.054 0.06466666666666666
3 0.052000000000000005 0.06733333333333333 0.0415 0.06733333333333333 0.04150000000000001 0.08066666666666666 0.05200000000000001 0.08066666666666666
11 0.2795 0.2386666666666667 0.229 0.23866666666666667 0.22900000000000004 0.3346666666666667 0.2795 0.3346666666666667
11 0.299 0.17066666666666674 0.2635 0.17066666666666674 0.2635 0.23266666666666674 0.299 0.23266666666666674
3 0.2295 0.11533333333333337 0.173 0.11533333333333337 0.173 0.1446666666666667 0.2295 0.1446666666666667
11 0.2595 0.12933333333333338 0.2045 0.12933333333333338 0.2045 0.16866666666666671 0.2595 0.16866666666666671
11 0.288 0.14333333333333337 0.2255 0.14333333333333337 0.2255 0.19533333333333336 0.288 0.19533333333333341
7 0.1965 0.15133333333333338 0.1875 0.15133333333333338 0.1875 0.17933333333333334 0.1965 0.17933333333333334
7 0.181 0.13733333333333336 0.1745 0.13733333333333336 0.1745 0.16200000000000003 0.181 0.16200000000000003
3 0.051 0.04000000000000001 0.039 0.04000000000000001 0.039 0.051333333333333335 0.051 0.051333333333333335
8 0.3035 0.2980000000000001 0.2895 0.2980000000000001 0.2895 0.32800000000000007 0.3035 0.32800000000000007
7 0.3575 0.2706666666666667 0.3445 0.2706666666666667 0.3445 0.30600000000000005 0.3575 0.30600000000000005
11 0.2835 0.38133333333333336 0.21550000000000005 0.38133333333333336 0.21550000000000005 0.5253333333333333 0.2835 0.5253333333333333
7 0.416 0.3400000000000001 0.3965 0.3400000000000001 0.3965 0.4046666666666667 0.416 0.4046666666666667
7 0.439 0.3386666666666667 0.422 0.3386666666666667 0.422 0.41133333333333333 0.439 0.41133333333333333
7 0.4605 0.342 0.4425 0.342 0.4425 0.4126666666666667 0.4605 0.4126666666666667
8 0.474 0.5093333333333334 0.438 0.5093333333333333 0.438 0.5880000000000001 0.474 0.5880000000000002
5 0.47350000000000003 0.5633333333333335 0.4425 0.5633333333333334 0.44250000000000006 0.6233333333333334 0.4735000000000001 0.6233333333333335
7 0.679 0.43733333333333346 0.657 0.43733333333333346 0.657 0.5073333333333335 0.679 0.5073333333333335
7 0.704 0.47600000000000015 0.677 0.47600000000000015 0.677 0.5493333333333335 0.704 0.5493333333333335
7 0.7315 0.5106666666666668 0.7105 0.5106666666666668 0.7105 0.5686666666666668 0.7315 0.5686666666666668
8 0.712 0.5353333333333334 0.698 0.5353333333333334 0.698 0.5673333333333335 0.712 0.5673333333333335
8 0.773 0.4386666666666668 0.7435 0.4386666666666668 0.7435 0.5213333333333335 0.773 0.5213333333333335
8 0.754 0.4153333333333335 0.7335 0.4153333333333335 0.7335 0.4813333333333335 0.754 0.4813333333333335
8 0.775 0.4293333333333335 0.755 0.4293333333333335 0.755 0.4913333333333335 0.775 0.4913333333333335
11 0.7735 0.31333333333333346 0.6445 0.3133333333333334 0.6445 0.4153333333333335 0.7735 0.4153333333333335
11 0.5705 0.1853333333333334 0.533 0.1853333333333334 0.533 0.26200000000000007 0.5705 0.26200000000000007
8 0.546 0.2593333333333334 0.5315 0.2593333333333334 0.5315 0.28066666666666673 0.546 0.28066666666666673
7 0.488 0.20133333333333342 0.4735 0.20133333333333342 0.4735 0.24266666666666675 0.488 0.24266666666666675
8 0.5135 0.17333333333333342 0.504 0.17333333333333342 0.504 0.21400000000000008 0.5135 0.21400000000000008
8 0.5065 0.17200000000000007 0.4995 0.17200000000000007 0.4995 0.2093333333333334 0.5065 0.2093333333333334
8 0.5235 0.1753333333333334 0.5135 0.1753333333333334 0.5135 0.19666666666666674 0.5235 0.19666666666666674
11 0.52 0.13600000000000007 0.4975 0.13600000000000007 0.4975 0.18000000000000008 0.52 0.18000000000000008
8 0.44 0.13400000000000006 0.432 0.13400000000000006 0.432 0.1573333333333334 0.44 0.1573333333333334
5 0.4425 0.14266666666666675 0.4315 0.14266666666666675 0.4315 0.16533333333333342 0.4425 0.16533333333333342
7 0.429 0.11000000000000007 0.426 0.11000000000000007 0.426 0.1253333333333334 0.429 0.1253333333333334
7 0.427 0.09933333333333341 0.421 0.09933333333333341 0.421 0.12466666666666675 0.427 0.12466666666666675
3 0.3815 0.05600000000000006 0.3665 0.05600000000000006 0.3665 0.07266666666666673 0.3815 0.07266666666666673
3 0.3675 0.04333333333333339 0.3545 0.04333333333333339 0.3545 0.05800000000000006 0.3675 0.05800000000000006
3 0.3625 0.038666666666666724 0.353 0.038666666666666724 0.353 0.05000000000000006 0.3625 0.05000000000000006
7 0.354 0.020000000000000056 0.3505 0.020000000000000056 0.3505 0.03333333333333339 0.354 0.03333333333333339
7 0.3585 0.02133333333333339 0.3555 0.02133333333333339 0.3555 0.032666666666666726 0.3585 0.032666666666666726
7 0.363 0.03333333333333339 0.361 0.03333333333333339 0.361 0.04133333333333339 0.363 0.04133333333333339
7 0.3675 0.026666666666666724 0.364 0.026666666666666724 0.364 0.040000000000000056 0.3675 0.040000000000000056
7 0.345 0.010000000000000057 0.341 0.010000000000000057 0.341 0.02133333333333339 0.345 0.02133333333333339
3 0.3395 5.486417660180142e-17 0.3325 5.4292674762199324e-17 0.3325 0.004666666666666722 0.3395 0.0046666666666667226
3 0.3395 0.014666666666666722 0.3325 0.014666666666666718 0.3325 0.020000000000000056 0.3395 0.020000000000000056
3 0.349 0.02133333333333339 0.335 0.02133333333333339 0.335 0.029333333333333392 0.349 0.029333333333333392
2 0.346 0.02333333333333339 0.3375 0.02333333333333339 0.3375 0.03933333333333339 0.346 0.03933333333333339
7 0.3605 0.030000000000000058 0.359 0.030000000000000058 0.359 0.03733333333333339 0.3605 0.03733333333333339
7 0.359 0.030666666666666724 0.3565 0.030666666666666724 0.3565 0.03933333333333339 0.359 0.03933333333333339
7 0.3485 0.01933333333333339 0.3455 0.01933333333333339 0.3455 0.02733333333333339 0.3485 0.02733333333333339
0 0.3525 0.20000000000000007 0.3395 0.20000000000000007 0.3395 0.2240000000000001 0.3525 0.2240000000000001
3 0.2465 0.09000000000000004 0.222 0.09000000000000004 0.222 0.1026666666666667 0.2465 0.1026666666666667
8 0.301 0.2853333333333334 0.286 0.2853333333333334 0.286 0.31200000000000006 0.301 0.31200000000000006
11 0.57 0.18466666666666673 0.5325 0.18466666666666673 0.5325 0.2613333333333334 0.57 0.2613333333333334