3 0.7121428571428573 0.9400000000000002 0.6650000000000001 0.9400000000000002 0.6650000000000001 1 0.7121428571428573 1
7 0.2807142857142857 0.011428571428571474 0.27785714285714286 0.011428571428571472 0.27785714285714286 0.02190476190476195 0.2807142857142857 0.02190476190476195
7 0.2764285714285714 0.01047619047619052 0.27285714285714285 0.01047619047619052 0.27285714285714285 0.022857142857142906 0.2764285714285714 0.022857142857142906
7 0.27285714285714285 0.007619047619047663 0.26785714285714285 0.007619047619047663 0.26785714285714285 0.024761904761904804 0.27285714285714285 0.024761904761904808
7 0.285 0.0752380952380953 0.2814285714285714 0.0752380952380953 0.2814285714285714 0.08761904761904768 0.285 0.08761904761904768
7 0.2785714285714286 0.13142857142857148 0.275 0.13142857142857148 0.275 0.1428571428571429 0.2785714285714286 0.1428571428571429
3 0.33214285714285713 0.04761904761904767 0.3192857142857143 0.04761904761904767 0.3192857142857143 0.06761904761904768 0.33214285714285713 0.06761904761904768
3 0.34785714285714286 0.15333333333333338 0.33285714285714285 0.15333333333333338 0.33285714285714285 0.18380952380952387 0.34785714285714286 0.18380952380952387
7 0.2542857142857143 0.35523809523809524 0.24928571428571428 0.35523809523809524 0.24928571428571428 0.3780952380952381 0.2542857142857143 0.3780952380952381
11 0.28 0.4342857142857143 0.2557142857142857 0.4342857142857143 0.2557142857142857 0.4866666666666667 0.2800000000000001 0.4866666666666667
5 0.25714285714285723 0.6409523809523809 0.24714285714285722 0.6409523809523809 0.24714285714285722 0.6733333333333333 0.25714285714285723 0.6733333333333333
7 0.25500000000000006 0.819047619047619 0.24785714285714294 0.819047619047619 0.24785714285714294 0.8447619047619047 0.25500000000000006 0.8447619047619047
7 0.24714285714285722 0.8171428571428572 0.24214285714285722 0.8171428571428572 0.24214285714285722 0.8428571428571429 0.24714285714285722 0.8428571428571429
7 0.2357142857142858 0.7733333333333333 0.2307142857142858 0.7733333333333333 0.2307142857142858 0.7933333333333333 0.2357142857142858 0.7933333333333333
3 0.42 0.6247619047619047 0.38857142857142857 0.6247619047619047 0.38857142857142857 0.6914285714285714 0.42 0.6914285714285714
3 0.4 0.5247619047619048 0.3757142857142857 0.5247619047619048 0.3757142857142857 0.5971428571428572 0.4 0.5971428571428572
3 0.3942857142857143 0.4542857142857144 0.36857142857142855 0.4542857142857144 0.36857142857142855 0.5057142857142857 0.3942857142857143 0.5057142857142857
5 0.4107142857142857 0.42952380952380964 0.40285714285714286 0.42952380952380964 0.40285714285714286 0.45714285714285724 0.4107142857142857 0.45714285714285724
8 0.41 0.43047619047619057 0.405 0.43047619047619057 0.405 0.44380952380952393 0.41 0.44380952380952393
8 0.46714285714285714 0.048571428571428654 0.4635714285714286 0.048571428571428654 0.4635714285714286 0.05619047619047627 0.46714285714285714 0.05619047619047627
3 0.42928571428571427 0.05523809523809531 0.4164285714285714 0.05523809523809531 0.4164285714285714 0.07428571428571437 0.42928571428571427 0.07428571428571437
3 0.505 0.09142857142857151 0.49 0.09142857142857151 0.49 0.11428571428571437 0.505 0.11428571428571437
3 0.49142857142857144 0.059047619047619126 0.4764285714285714 0.059047619047619126 0.4764285714285714 0.07904761904761913 0.49142857142857144 0.07904761904761913
3 0.4828571428571429 0.04380952380952389 0.4685714285714286 0.04380952380952389 0.4685714285714286 0.060952380952381036 0.4828571428571429 0.060952380952381036
5 0.46785714285714286 0.0495238095238096 0.46285714285714286 0.0495238095238096 0.46285714285714286 0.06285714285714294 0.46785714285714286 0.06285714285714294
5 0.445 7.225416114969384e-17 0.44 7.184594554997805e-17 0.44 0.009523809523809594 0.445 0.009523809523809594
5 0.6635714285714286 0.05523809523809534 0.6542857142857142 0.05523809523809534 0.6542857142857142 0.06380952380952391 0.6635714285714286 0.06380952380952391
5 0.6771428571428572 0.07523809523809534 0.6671428571428571 0.07523809523809534 0.6671428571428571 0.08380952380952392 0.6771428571428572 0.08380952380952392
11 0.5621428571428572 0.20476190476190487 0.5414285714285715 0.20476190476190487 0.5414285714285715 0.23714285714285724 0.5621428571428572 0.23714285714285724
3 0.8742857142857143 0.8180952380952383 0.8107142857142857 0.8180952380952383 0.8107142857142857 0.9266666666666669 0.8742857142857143 0.9266666666666669