7 0.0478571428571429 0.42 0.037142857142857186 0.42 0.037142857142857186 0.4419047619047619 0.0478571428571429 0.4419047619047619
7 0.059285714285714324 0.41523809523809524 0.0478571428571429 0.41523809523809524 0.0478571428571429 0.4438095238095238 0.059285714285714324 0.4438095238095238
7 0.2664285714285714 0.38476190476190475 0.2557142857142857 0.38476190476190475 0.2557142857142857 0.40476190476190477 0.2664285714285714 0.40476190476190477
8 0.27714285714285714 0.38571428571428573 0.26357142857142857 0.38571428571428573 0.26357142857142857 0.40476190476190477 0.27714285714285714 0.40476190476190477
8 0.3757142857142857 0.3923809523809525 0.36214285714285716 0.3923809523809525 0.36214285714285716 0.4085714285714287 0.3757142857142857 0.4085714285714287
8 0.24214285714285713 0.36666666666666664 0.2342857142857143 0.36666666666666664 0.2342857142857143 0.38095238095238093 0.24214285714285713 0.38095238095238093
8 0.2342857142857143 0.36857142857142855 0.22642857142857142 0.36857142857142855 0.22642857142857142 0.38285714285714284 0.2342857142857143 0.38285714285714284
7 0.5621428571428572 0.4247619047619049 0.5528571428571428 0.4247619047619049 0.5528571428571428 0.44761904761904775 0.5621428571428572 0.44761904761904775
7 0.5471428571428572 0.5095238095238095 0.5364285714285715 0.5095238095238095 0.5364285714285715 0.54 0.5471428571428572 0.54
7 0.5257142857142857 0.5028571428571429 0.5135714285714286 0.5028571428571429 0.5135714285714286 0.5352380952380953 0.5257142857142857 0.5352380952380953
7 0.62 0.5895238095238096 0.6021428571428571 0.5895238095238096 0.6021428571428571 0.6342857142857142 0.62 0.6342857142857142
7 0.7071428571428572 0.5990476190476193 0.6907142857142857 0.5990476190476193 0.6907142857142857 0.6333333333333335 0.7071428571428572 0.6333333333333335
7 0.7128571428571429 0.6095238095238097 0.7014285714285714 0.6095238095238097 0.7014285714285714 0.6476190476190479 0.7128571428571429 0.6476190476190479
7 0.7392857142857143 0.5342857142857145 0.7257142857142858 0.5342857142857145 0.7257142857142858 0.5771428571428574 0.7392857142857143 0.5771428571428574
7 0.7307142857142858 0.481904761904762 0.7164285714285714 0.481904761904762 0.7164285714285714 0.5123809523809526 0.7307142857142858 0.5123809523809526
7 0.7514285714285714 0.5714285714285716 0.7407142857142858 0.5714285714285716 0.7407142857142858 0.6095238095238097 0.7514285714285714 0.6095238095238097
7 0.7585714285714286 0.5866666666666669 0.7507142857142857 0.5866666666666669 0.7507142857142857 0.6323809523809526 0.7585714285714286 0.6323809523809526
7 0.7771428571428571 0.6161904761904764 0.765 0.6161904761904764 0.765 0.6400000000000002 0.7771428571428571 0.6400000000000002
7 0.7714285714285715 0.5742857142857145 0.7614285714285715 0.5742857142857145 0.7614285714285715 0.6123809523809526 0.7714285714285715 0.6123809523809526
8 0.7028571428571428 0.5409523809523812 0.6914285714285714 0.5409523809523812 0.6914285714285714 0.5704761904761907 0.7028571428571428 0.5704761904761907
8 0.7971428571428572 0.5504761904761907 0.7857142857142857 0.5504761904761907 0.7857142857142857 0.5790476190476193 0.7971428571428572 0.5790476190476193
8 0.815 0.5790476190476193 0.805 0.5790476190476193 0.805 0.6152380952380955 0.815 0.6152380952380955
7 0.8264285714285714 0.6371428571428573 0.8121428571428572 0.6371428571428573 0.8121428571428572 0.6809523809523812 0.8264285714285714 0.6809523809523812
7 0.835 0.6495238095238097 0.825 0.6495238095238097 0.825 0.6942857142857145 0.835 0.6942857142857145
7 0.855 0.6552380952380955 0.8421428571428572 0.6552380952380955 0.8421428571428572 0.7114285714285716 0.855 0.7114285714285716
7 0.8885714285714286 0.5923809523809526 0.8771428571428571 0.5923809523809526 0.8771428571428571 0.6361904761904764 0.8885714285714286 0.6361904761904764
7 0.8721428571428571 0.6009523809523811 0.8564285714285714 0.6009523809523811 0.8564285714285714 0.6361904761904764 0.8721428571428571 0.6361904761904764
7 0.8464285714285714 0.5904761904761907 0.8357142857142857 0.5904761904761907 0.8357142857142857 0.6295238095238097 0.8464285714285714 0.6295238095238097
7 0.8578571428571429 0.6000000000000002 0.8442857142857143 0.6000000000000002 0.8442857142857143 0.644761904761905 0.8578571428571429 0.644761904761905
7 0.8607142857142858 0.5876190476190478 0.8471428571428572 0.5876190476190478 0.8471428571428572 0.6190476190476193 0.8607142857142858 0.6190476190476193
7 0.8814285714285715 0.5514285714285716 0.8714285714285714 0.5514285714285716 0.8714285714285714 0.5980952380952383 0.8814285714285715 0.5980952380952383
7 0.8685714285714285 0.5552380952380954 0.855 0.5552380952380954 0.855 0.5923809523809526 0.8685714285714285 0.5923809523809526
8 0.83 0.5571428571428574 0.8207142857142857 0.5571428571428574 0.8207142857142857 0.5828571428571431 0.83 0.5828571428571431
8 0.8392857142857143 0.5619047619047621 0.8257142857142857 0.5619047619047621 0.8257142857142857 0.5914285714285716 0.8392857142857143 0.5914285714285716
8 0.8392857142857143 0.5742857142857145 0.825 0.5742857142857145 0.825 0.6019047619047622 0.8392857142857143 0.6019047619047622
7 0.835 0.5438095238095241 0.8214285714285714 0.5438095238095241 0.8214285714285714 0.5790476190476193 0.835 0.5790476190476193
7 0.8342857142857143 0.5285714285714288 0.8228571428571428 0.5285714285714288 0.8228571428571428 0.5685714285714288 0.8342857142857143 0.5685714285714288
7 0.8464285714285714 0.5380952380952383 0.8364285714285714 0.5380952380952383 0.8364285714285714 0.5733333333333336 0.8464285714285714 0.5733333333333336
7 0.8557142857142858 0.5419047619047621 0.8421428571428572 0.5419047619047621 0.8421428571428572 0.5809523809523812 0.8557142857142858 0.5809523809523812
7 0.86 0.5285714285714288 0.85 0.5285714285714288 0.85 0.563809523809524 0.86 0.563809523809524
8 0.8707142857142857 0.5285714285714288 0.8578571428571429 0.5285714285714288 0.8578571428571429 0.5552380952380954 0.8707142857142857 0.5552380952380954
7 0.8064285714285714 0.5085714285714288 0.7978571428571428 0.5085714285714288 0.7978571428571428 0.5495238095238097 0.8064285714285714 0.5495238095238097
7 0.7921428571428571 0.5104761904761906 0.7807142857142857 0.5104761904761906 0.7807142857142857 0.5476190476190478 0.7921428571428571 0.5476190476190478
7 0.8757142857142857 0.4847619047619049 0.865 0.4847619047619049 0.865 0.5219047619047621 0.8757142857142857 0.5219047619047621
7 0.89 0.482857142857143 0.8771428571428571 0.482857142857143 0.8771428571428571 0.522857142857143 0.89 0.522857142857143
7 0.8735714285714286 0.4685714285714287 0.8635714285714285 0.4685714285714287 0.8635714285714285 0.5000000000000002 0.8735714285714286 0.5000000000000002
1 0.7464285714285714 0.47523809523809535 0.7257142857142858 0.47523809523809535 0.7257142857142858 0.4971428571428574 0.7464285714285714 0.4971428571428574
7 0.9714285714285714 0.5561904761904765 0.9571428571428572 0.5561904761904765 0.9571428571428572 0.5971428571428573 0.9714285714285714 0.5971428571428573