3 0.20857142857142866 0.9752380952380952 0.14642857142857152 0.9752380952380952 0.14642857142857152 1 0.20857142857142866 1
11 0.3007142857142858 0.96 0.27285714285714296 0.96 0.27285714285714296 1 0.3007142857142858 1
3 0.4221428571428573 0.9676190476190476 0.3964285714285716 0.9676190476190476 0.3964285714285716 1 0.4221428571428573 1
3 0.4914285714285716 0.960952380952381 0.46571428571428586 0.960952380952381 0.46571428571428586 1 0.4914285714285716 1
11 0.2071428571428572 0.8961904761904762 0.1507142857142858 0.8961904761904762 0.1507142857142858 0.9333333333333333 0.2071428571428572 0.9333333333333333
3 0.20642857142857152 0.8609523809523809 0.1507142857142858 0.8609523809523809 0.1507142857142858 0.8961904761904762 0.20642857142857152 0.8961904761904762
3 0.30285714285714294 0.8790476190476191 0.2764285714285715 0.8790476190476191 0.2764285714285715 0.9504761904761905 0.30285714285714294 0.9504761904761905
3 0.31357142857142867 0.7704761904761904 0.2614285714285715 0.7704761904761904 0.2614285714285715 0.8057142857142857 0.31357142857142867 0.8057142857142857
3 0.21500000000000008 0.780952380952381 0.15857142857142864 0.780952380952381 0.15857142857142864 0.8123809523809524 0.21500000000000008 0.8123809523809524
5 0.1364285714285715 0.7285714285714285 0.1157142857142858 0.7285714285714285 0.1157142857142858 0.7409523809523809 0.1364285714285715 0.7409523809523809
5 0.14142857142857151 0.7066666666666667 0.11857142857142865 0.7066666666666667 0.11857142857142865 0.7219047619047619 0.14142857142857151 0.7219047619047619
5 0.14500000000000005 0.638095238095238 0.1228571428571429 0.638095238095238 0.1228571428571429 0.6533333333333333 0.14500000000000005 0.6533333333333333
5 0.14571428571428577 0.6257142857142857 0.12000000000000004 0.6257142857142857 0.12000000000000004 0.638095238095238 0.14571428571428577 0.638095238095238
5 0.14428571428571432 0.6028571428571429 0.12142857142857147 0.6028571428571429 0.12142857142857147 0.621904761904762 0.14428571428571432 0.621904761904762
3 0.21500000000000008 0.6276190476190476 0.16071428571428575 0.6276190476190476 0.16071428571428578 0.6695238095238095 0.21500000000000008 0.6695238095238095
3 0.22357142857142864 0.5495238095238095 0.16714285714285718 0.5495238095238095 0.16714285714285718 0.5857142857142857 0.22357142857142864 0.5857142857142857
3 0.32285714285714295 0.6114285714285714 0.2700000000000001 0.6114285714285714 0.2700000000000001 0.6447619047619048 0.32285714285714295 0.6447619047619048
7 0.24142857142857152 0.6247619047619047 0.23214285714285723 0.6247619047619047 0.23214285714285723 0.6352380952380953 0.24142857142857152 0.6352380952380953
7 0.2514285714285715 0.6238095238095238 0.24142857142857152 0.6238095238095238 0.24142857142857152 0.6371428571428571 0.2514285714285715 0.6371428571428571
11 0.23500000000000007 0.5028571428571429 0.18071428571428574 0.5028571428571429 0.18071428571428574 0.5428571428571428 0.23500000000000007 0.5428571428571428
3 0.33071428571428574 0.34095238095238095 0.305 0.34095238095238095 0.305 0.4076190476190476 0.33071428571428574 0.4076190476190476
3 0.3342857142857143 0.2666666666666667 0.31142857142857144 0.26666666666666666 0.31142857142857144 0.33428571428571435 0.3342857142857143 0.3342857142857144
3 0.13714285714285718 0.3 0.0792857142857143 0.3 0.07928571428571432 0.3333333333333333 0.13714285714285718 0.3333333333333333
3 0.13857142857142862 0.26476190476190475 0.08000000000000002 0.26476190476190475 0.08000000000000002 0.2980952380952381 0.13857142857142862 0.2980952380952381
3 0.19285714285714287 0.26285714285714284 0.16642857142857148 0.26285714285714284 0.16642857142857148 0.3295238095238095 0.19285714285714287 0.3295238095238095
11 0.24785714285714286 0.26 0.19285714285714287 0.26 0.19285714285714287 0.2885714285714286 0.24785714285714286 0.2885714285714286
3 0.3364285714285714 0.18190476190476196 0.3107142857142857 0.18190476190476196 0.3107142857142857 0.25238095238095243 0.3364285714285714 0.2523809523809525
3 0.24714285714285714 0.16190476190476197 0.1957142857142857 0.16190476190476197 0.1957142857142857 0.19809523809523816 0.24714285714285714 0.19809523809523816
3 0.12857142857142856 0.16857142857142857 0.0735714285714286 0.16857142857142857 0.0735714285714286 0.2038095238095238 0.12857142857142856 0.2038095238095238
3 0.12428571428571429 0.13523809523809524 0.07214285714285716 0.13523809523809524 0.07214285714285716 0.16285714285714287 0.12428571428571429 0.16285714285714287
3 0.18785714285714286 0.11714285714285717 0.16071428571428573 0.11714285714285717 0.16071428571428573 0.18095238095238098 0.18785714285714286 0.180952380952381
3 0.11714285714285715 0.04666666666666668 0.055714285714285716 0.04666666666666668 0.055714285714285716 0.08476190476190477 0.11714285714285715 0.08476190476190479
3 0.24428571428571427 0.07904761904761907 0.19071428571428573 0.07904761904761907 0.19071428571428573 0.11619047619047622 0.24428571428571427 0.11619047619047622
3 0.245 0.04190476190476194 0.19357142857142856 0.04190476190476193 0.19357142857142856 0.07809523809523812 0.245 0.07809523809523812
3 0.24642857142857144 0.004761904761904797 0.18785714285714286 0.004761904761904793 0.18785714285714286 0.04190476190476194 0.24642857142857144 0.041904761904761945
3 0.3385714285714286 0.021904761904761958 0.31357142857142856 0.021904761904761958 0.31357142857142856 0.08857142857142862 0.3385714285714286 0.08857142857142862
3 0.3357142857142857 0.0933333333333334 0.31142857142857144 0.0933333333333334 0.31142857142857144 0.16761904761904767 0.3357142857142857 0.16761904761904767
8 0.5042857142857143 0.5552380952380952 0.4957142857142857 0.5552380952380952 0.4957142857142857 0.5685714285714286 0.5042857142857143 0.5685714285714286
5 0.5042857142857143 0.5485714285714286 0.49642857142857144 0.5485714285714286 0.49642857142857144 0.5733333333333334 0.5042857142857143 0.5733333333333334
5 0.627857142857143 0.9485714285714286 0.6192857142857144 0.9485714285714286 0.6192857142857144 0.9742857142857143 0.627857142857143 0.9742857142857143
8 0.6271428571428573 0.9571428571428572 0.6192857142857144 0.9571428571428572 0.6192857142857144 0.9704761904761905 0.6271428571428573 0.9704761904761905
3 0.717857142857143 0.9371428571428574 0.6635714285714287 0.9371428571428574 0.6635714285714287 0.9723809523809526 0.717857142857143 0.9723809523809526
7 0.7107142857142859 0.9171428571428574 0.7014285714285716 0.9171428571428574 0.7014285714285716 0.9304761904761907 0.7107142857142859 0.9304761904761907
9 0.78 0.8619047619047622 0.7678571428571429 0.8619047619047622 0.7678571428571429 0.8914285714285717 0.78 0.8914285714285717
10 0.6185714285714285 0.7723809523809524 0.5821428571428572 0.7723809523809524 0.5821428571428572 0.8438095238095238 0.6185714285714285 0.8438095238095238
9 0.6271428571428571 0.7390476190476191 0.6057142857142858 0.7390476190476191 0.6057142857142858 0.780952380952381 0.6271428571428571 0.780952380952381
3 0.6071428571428571 0.7019047619047619 0.5814285714285714 0.7019047619047619 0.5814285714285714 0.7685714285714286 0.6071428571428571 0.7685714285714286
3 0.6057142857142858 0.6238095238095238 0.585 0.6238095238095238 0.585 0.6857142857142857 0.6057142857142858 0.6857142857142857
3 0.6135714285714285 0.5466666666666666 0.5907142857142857 0.5466666666666666 0.5907142857142857 0.6123809523809524 0.6135714285714285 0.6123809523809524
11 0.6321428571428571 0.44476190476190486 0.6071428571428571 0.44476190476190486 0.6071428571428571 0.5028571428571429 0.6321428571428571 0.5028571428571429
10 0.625 0.3457142857142858 0.5978571428571429 0.3457142857142858 0.5978571428571429 0.4400000000000001 0.625 0.4400000000000001
7 0.5457142857142857 0.361904761904762 0.5392857142857143 0.361904761904762 0.5392857142857143 0.37904761904761913 0.5457142857142857 0.37904761904761913
5 0.6207142857142857 0.31142857142857155 0.5964285714285714 0.31142857142857155 0.5964285714285714 0.3295238095238096 0.6207142857142857 0.3295238095238096
5 0.6228571428571429 0.2961904761904763 0.6007142857142858 0.2961904761904763 0.6007142857142858 0.31142857142857155 0.6228571428571429 0.31142857142857155
7 0.6292857142857143 0.2866666666666668 0.6214285714285714 0.2866666666666668 0.6214285714285714 0.301904761904762 0.6292857142857143 0.301904761904762
7 0.6564285714285715 0.18761904761904774 0.6485714285714286 0.18761904761904774 0.6485714285714286 0.201904761904762 0.6564285714285715 0.201904761904762
7 0.6357142857142857 0.17714285714285724 0.63 0.17714285714285724 0.63 0.1942857142857144 0.6357142857142857 0.1942857142857144
9 0.6235714285714286 0.1323809523809525 0.6092857142857143 0.1323809523809525 0.6092857142857143 0.1742857142857144 0.6235714285714286 0.1742857142857144
5 0.6578571428571428 0.7276190476190476 0.6464285714285715 0.7276190476190476 0.6464285714285715 0.7514285714285714 0.6578571428571428 0.7514285714285714
8 0.6585714285714286 0.7314285714285714 0.6471428571428571 0.7314285714285714 0.6471428571428571 0.7457142857142857 0.6585714285714286 0.7457142857142857
5 0.7178571428571429 0.7609523809523812 0.6985714285714286 0.7609523809523812 0.6985714285714286 0.7809523809523812 0.7178571428571429 0.7809523809523812
5 0.7378571428571429 0.7780952380952383 0.715 0.7780952380952383 0.715 0.7990476190476192 0.7378571428571429 0.7990476190476192
7 0.7285714285714285 0.7361904761904764 0.7164285714285714 0.7361904761904764 0.7164285714285714 0.7485714285714288 0.7285714285714285 0.7485714285714288
5 0.7328571428571429 0.7009523809523812 0.7164285714285714 0.7009523809523812 0.7164285714285714 0.7142857142857145 0.7328571428571429 0.7142857142857145
7 0.6728571428571428 0.4095238095238096 0.66 0.4095238095238096 0.66 0.4257142857142858 0.6728571428571428 0.4257142857142858