7 0.2992857142857144 0.6142857142857143 0.2878571428571429 0.6142857142857143 0.2878571428571429 0.6571428571428571 0.2992857142857144 0.6571428571428571
3 0.3757142857142857 0.7276190476190476 0.2521428571428572 0.7276190476190476 0.2521428571428572 0.8638095238095238 0.3757142857142857 0.8638095238095238
7 0.41928571428571426 0.5723809523809524 0.41 0.5723809523809524 0.41 0.5971428571428572 0.41928571428571426 0.5971428571428572
7 0.6807142857142857 0.5904761904761907 0.6714285714285714 0.5904761904761907 0.6714285714285714 0.623809523809524 0.6807142857142857 0.623809523809524
7 0.6914285714285714 0.6000000000000002 0.6864285714285714 0.6000000000000002 0.6864285714285714 0.623809523809524 0.6914285714285714 0.623809523809524
7 0.7078571428571429 0.5523809523809526 0.7035714285714286 0.5523809523809526 0.7035714285714286 0.5685714285714288 0.7078571428571429 0.5685714285714288
7 0.62 0.5276190476190477 0.6178571428571429 0.5276190476190477 0.6178571428571429 0.5352380952380953 0.62 0.5352380952380953
7 0.6157142857142858 0.5276190476190477 0.6135714285714285 0.5276190476190477 0.6135714285714285 0.5352380952380953 0.6157142857142858 0.5352380952380953
7 0.46785714285714286 0.540952380952381 0.4642857142857143 0.540952380952381 0.4642857142857143 0.5542857142857143 0.46785714285714286 0.5542857142857143
7 0.4657142857142857 0.5371428571428571 0.46214285714285713 0.5371428571428571 0.46214285714285713 0.5533333333333333 0.4657142857142857 0.5533333333333333
7 0.7807142857142857 0.5714285714285716 0.7735714285714286 0.5714285714285716 0.7735714285714286 0.5971428571428573 0.7807142857142857 0.5971428571428573
3 0.4042857142857143 0.5942857142857143 0.36642857142857144 0.5942857142857143 0.36642857142857144 0.6295238095238095 0.4042857142857143 0.6295238095238095
3 0.4614285714285714 0.6038095238095238 0.4135714285714286 0.6038095238095238 0.4135714285714286 0.6628571428571428 0.4614285714285714 0.6628571428571428
3 0.4642857142857143 0.5857142857142857 0.43 0.5857142857142857 0.43 0.6209523809523809 0.4642857142857143 0.6209523809523809
3 0.49785714285714283 0.5666666666666667 0.47785714285714287 0.5666666666666667 0.47785714285714287 0.5895238095238096 0.49785714285714283 0.5895238095238096
3 0.4942857142857143 0.5466666666666666 0.48214285714285715 0.5466666666666666 0.48214285714285715 0.56 0.4942857142857143 0.56
3 0.5014285714285714 0.539047619047619 0.49 0.539047619047619 0.49 0.5504761904761905 0.5014285714285714 0.5504761904761905
2 0.4642857142857143 0.5238095238095238 0.4521428571428571 0.5238095238095238 0.4521428571428571 0.539047619047619 0.4642857142857143 0.539047619047619
3 0.5035714285714286 0.5238095238095238 0.49142857142857144 0.5238095238095238 0.49142857142857144 0.5314285714285715 0.5035714285714286 0.5314285714285715
3 0.5207142857142857 0.539047619047619 0.5107142857142857 0.539047619047619 0.5107142857142857 0.5504761904761905 0.5207142857142857 0.5504761904761905
3 0.5621428571428572 0.540952380952381 0.5507142857142857 0.540952380952381 0.5507142857142857 0.5523809523809524 0.5621428571428572 0.5523809523809524
3 0.5421428571428571 0.5323809523809524 0.5335714285714286 0.5323809523809524 0.5335714285714286 0.5428571428571428 0.5421428571428571 0.5428571428571428
3 0.5321428571428571 0.5285714285714286 0.525 0.5285714285714286 0.525 0.5361904761904762 0.5321428571428571 0.5361904761904762
3 0.5192857142857142 0.5352380952380953 0.5092857142857142 0.5352380952380953 0.5092857142857142 0.5438095238095239 0.5192857142857142 0.5438095238095239
3 0.5135714285714286 0.5304761904761904 0.5064285714285715 0.5304761904761904 0.5064285714285715 0.5371428571428571 0.5135714285714286 0.5371428571428571
3 0.51 0.5238095238095238 0.49857142857142855 0.5238095238095238 0.49857142857142855 0.5295238095238095 0.51 0.5295238095238095
3 0.5228571428571429 0.5257142857142857 0.5157142857142857 0.5257142857142857 0.5157142857142857 0.5323809523809524 0.5228571428571429 0.5323809523809524
3 0.5221428571428571 0.5219047619047619 0.5178571428571429 0.5219047619047619 0.5178571428571429 0.5266666666666666 0.5221428571428571 0.5266666666666666
3 0.5342857142857143 0.520952380952381 0.5292857142857142 0.520952380952381 0.5292857142857142 0.5257142857142857 0.5342857142857143 0.5257142857142857
3 0.5435714285714286 0.52 0.5385714285714286 0.52 0.5385714285714286 0.5247619047619048 0.5435714285714286 0.5247619047619048
3 0.5464285714285714 0.5161904761904762 0.5428571428571428 0.5161904761904762 0.5428571428571428 0.520952380952381 0.5464285714285714 0.520952380952381
11 0.5535714285714286 0.5276190476190477 0.5471428571428572 0.5276190476190477 0.5471428571428572 0.5380952380952381 0.5535714285714286 0.5380952380952381
3 0.5535714285714286 0.5247619047619048 0.5478571428571428 0.5247619047619048 0.5478571428571428 0.5304761904761904 0.5535714285714286 0.5304761904761904
3 0.5542857142857143 0.5219047619047619 0.55 0.5219047619047619 0.55 0.5266666666666666 0.5542857142857143 0.5266666666666666
3 0.5542857142857143 0.5190476190476191 0.55 0.5190476190476191 0.55 0.5247619047619048 0.5542857142857143 0.5247619047619048
3 0.5528571428571428 0.5152380952380953 0.5492857142857143 0.5152380952380953 0.5492857142857143 0.5190476190476191 0.5528571428571428 0.5190476190476191
3 1 0.704761904761905 0.8707142857142857 0.704761904761905 0.8707142857142857 0.7800000000000002 1 0.7800000000000002
3 0.9642857142857143 0.6809523809523812 0.8357142857142857 0.6809523809523812 0.8357142857142857 0.7371428571428573 0.9642857142857143 0.7371428571428573
3 1 0.6104761904761907 0.9407142857142857 0.6104761904761907 0.9407142857142857 0.6600000000000003 1 0.6600000000000003
3 0.99 0.6009523809523811 0.9021428571428571 0.6009523809523811 0.9021428571428571 0.6428571428571431 0.99 0.6428571428571431
3 0.935 0.5923809523809526 0.8614285714285714 0.5923809523809526 0.8614285714285714 0.6323809523809526 0.935 0.6323809523809526
3 0.91 0.5866666666666669 0.8392857142857143 0.5866666666666669 0.8392857142857143 0.6209523809523811 0.91 0.6209523809523811
3 0.8757142857142857 0.5790476190476193 0.8178571428571428 0.5790476190476193 0.8178571428571428 0.6076190476190478 0.8757142857142857 0.6076190476190478
3 0.8464285714285714 0.5742857142857145 0.7978571428571428 0.5742857142857145 0.7978571428571428 0.6009523809523811 0.8464285714285714 0.6009523809523811
3 0.8357142857142857 0.5704761904761907 0.7864285714285715 0.5704761904761907 0.7864285714285715 0.5971428571428573 0.8357142857142857 0.5971428571428573
3 0.825 0.564761904761905 0.7764285714285715 0.564761904761905 0.7764285714285715 0.5914285714285716 0.825 0.5914285714285716
3 0.8107142857142857 0.5609523809523812 0.7614285714285715 0.5609523809523812 0.7614285714285715 0.5876190476190478 0.8107142857142857 0.5876190476190478
3 0.805 0.5571428571428574 0.7557142857142857 0.5571428571428574 0.7557142857142857 0.583809523809524 0.805 0.583809523809524
3 0.9235714285714286 0.6533333333333335 0.8028571428571428 0.6533333333333335 0.8028571428571428 0.7085714285714287 0.9235714285714286 0.7085714285714287
3 0.88 0.6390476190476193 0.7692857142857142 0.6390476190476193 0.7692857142857142 0.6933333333333336 0.88 0.6933333333333336
3 0.8478571428571429 0.6209523809523811 0.7578571428571429 0.6209523809523811 0.7578571428571429 0.6704761904761907 0.8478571428571429 0.6704761904761907
3 0.8235714285714286 0.6085714285714288 0.75 0.6085714285714288 0.75 0.6561904761904764 0.8235714285714286 0.6561904761904764
3 0.7628571428571429 0.5904761904761907 0.6992857142857143 0.5904761904761907 0.6992857142857143 0.623809523809524 0.7628571428571429 0.623809523809524
3 0.6707142857142857 0.581904761904762 0.6164285714285714 0.5819047619047619 0.6164285714285714 0.6085714285714287 0.6707142857142857 0.6085714285714288
3 0.6585714285714286 0.5780952380952381 0.6092857142857143 0.5780952380952381 0.6092857142857143 0.5980952380952381 0.6585714285714286 0.5980952380952381
3 0.6535714285714286 0.5752380952380952 0.6092857142857143 0.5752380952380952 0.6092857142857143 0.5971428571428572 0.6535714285714286 0.5971428571428572
3 0.655 0.5704761904761905 0.6071428571428571 0.5704761904761905 0.6071428571428571 0.5923809523809523 0.655 0.5923809523809523
3 0.6257142857142857 0.5657142857142857 0.5871428571428572 0.5657142857142857 0.5871428571428572 0.5847619047619048 0.6257142857142857 0.5847619047619048
3 0.6128571428571429 0.5514285714285714 0.5807142857142857 0.5514285714285714 0.5807142857142857 0.5657142857142857 0.6128571428571429 0.5657142857142857
3 0.6157142857142858 0.5485714285714286 0.5821428571428572 0.5485714285714286 0.5821428571428572 0.5619047619047619 0.6157142857142858 0.5619047619047619
3 0.68 0.5609523809523811 0.6414285714285715 0.560952380952381 0.6414285714285715 0.5838095238095239 0.68 0.583809523809524
3 0.6764285714285714 0.5580952380952382 0.6371428571428571 0.5580952380952381 0.6371428571428571 0.5733333333333335 0.6764285714285714 0.5733333333333336
3 0.6714285714285714 0.5552380952380953 0.6321428571428571 0.5552380952380952 0.6321428571428571 0.5704761904761906 0.6714285714285714 0.5704761904761907
3 0.6692857142857143 0.5523809523809525 0.63 0.5523809523809524 0.63 0.5676190476190477 0.6692857142857143 0.5676190476190478
3 0.66 0.5504761904761905 0.625 0.5504761904761905 0.625 0.5657142857142857 0.66 0.5657142857142857
3 0.6542857142857142 0.5476190476190477 0.6214285714285714 0.5476190476190477 0.6214285714285714 0.5638095238095238 0.6542857142857142 0.5638095238095238
3 0.6492857142857142 0.5457142857142857 0.6178571428571429 0.5457142857142857 0.6178571428571429 0.5628571428571428 0.6492857142857142 0.5628571428571428
3 0.7435714285714285 0.5504761904761907 0.7085714285714285 0.5504761904761907 0.7085714285714285 0.565714285714286 0.7435714285714285 0.565714285714286
3 0.7328571428571429 0.5466666666666669 0.7035714285714286 0.5466666666666669 0.7035714285714286 0.5619047619047621 0.7328571428571429 0.5619047619047621
3 0.7271428571428571 0.5476190476190478 0.6964285714285714 0.5476190476190478 0.6964285714285714 0.5590476190476192 0.7271428571428571 0.5590476190476192
3 0.7214285714285714 0.544761904761905 0.6978571428571428 0.544761904761905 0.6978571428571428 0.5600000000000002 0.7214285714285714 0.5600000000000002
3 0.59 0.5352380952380953 0.5685714285714286 0.5352380952380953 0.5685714285714286 0.5447619047619048 0.59 0.5447619047619048
3 0.6121428571428571 0.5333333333333333 0.5921428571428572 0.5333333333333333 0.5921428571428572 0.5438095238095239 0.6121428571428571 0.5438095238095239
3 0.6735714285714286 0.5361904761904763 0.6514285714285715 0.5361904761904762 0.6514285714285715 0.5428571428571429 0.6735714285714286 0.542857142857143
3 0.6664285714285715 0.5342857142857144 0.6464285714285715 0.5342857142857143 0.6464285714285715 0.5428571428571429 0.6664285714285715 0.542857142857143
3 0.6642857142857143 0.5304761904761905 0.6442857142857142 0.5304761904761904 0.6442857142857142 0.5390476190476191 0.6642857142857143 0.5390476190476192
3 0.66 0.5314285714285715 0.64 0.5314285714285715 0.64 0.54 0.66 0.54
3 0.6535714285714286 0.5295238095238095 0.6335714285714286 0.5295238095238095 0.6335714285714286 0.5380952380952381 0.6535714285714286 0.5380952380952381
3 0.6564285714285715 0.5285714285714286 0.6364285714285715 0.5285714285714286 0.6364285714285715 0.5371428571428571 0.6564285714285715 0.5371428571428571
3 0.6435714285714286 0.5276190476190477 0.6235714285714286 0.5276190476190477 0.6235714285714286 0.5361904761904762 0.6435714285714286 0.5361904761904762
3 0.6471428571428571 0.5266666666666666 0.6271428571428571 0.5266666666666666 0.6271428571428571 0.5352380952380953 0.6471428571428571 0.5352380952380953
3 0.6378571428571429 0.5247619047619048 0.6178571428571429 0.5247619047619048 0.6178571428571429 0.5333333333333333 0.6378571428571429 0.5333333333333333
3 0.6392857142857142 0.5247619047619048 0.6192857142857143 0.5247619047619048 0.6192857142857143 0.5333333333333333 0.6392857142857142 0.5333333333333333
3 0.6357142857142857 0.5238095238095238 0.6157142857142858 0.5238095238095238 0.6157142857142858 0.5323809523809524 0.6357142857142857 0.5323809523809524
3 0.6271428571428571 0.5219047619047619 0.6071428571428571 0.5219047619047619 0.6071428571428571 0.5304761904761904 0.6271428571428571 0.5304761904761904
3 0.6278571428571429 0.5219047619047619 0.6078571428571429 0.5219047619047619 0.6078571428571429 0.5304761904761904 0.6278571428571429 0.5304761904761904
3 0.61 0.5304761904761904 0.59 0.5304761904761904 0.59 0.539047619047619 0.61 0.539047619047619
3 0.6078571428571429 0.5285714285714286 0.5878571428571429 0.5285714285714286 0.5878571428571429 0.5371428571428571 0.6078571428571429 0.5371428571428571
3 0.605 0.5257142857142857 0.585 0.5257142857142857 0.585 0.5342857142857143 0.605 0.5342857142857143
3 0.6028571428571429 0.5247619047619048 0.5828571428571429 0.5247619047619048 0.5828571428571429 0.5333333333333333 0.6028571428571429 0.5333333333333333
3 0.5878571428571429 0.5314285714285715 0.5678571428571428 0.5314285714285715 0.5678571428571428 0.54 0.5878571428571429 0.54
3 0.585 0.5295238095238095 0.565 0.5295238095238095 0.565 0.5380952380952381 0.585 0.5380952380952381
3 0.5842857142857143 0.5276190476190477 0.5642857142857143 0.5276190476190477 0.5642857142857143 0.5361904761904762 0.5842857142857143 0.5361904761904762
3 0.5814285714285714 0.5247619047619048 0.5614285714285714 0.5247619047619048 0.5614285714285714 0.5333333333333333 0.5814285714285714 0.5333333333333333
3 0.5842857142857143 0.5171428571428571 0.58 0.5171428571428571 0.58 0.5219047619047619 0.5842857142857143 0.5219047619047619
3 0.5928571428571429 0.518095238095238 0.5885714285714285 0.518095238095238 0.5885714285714285 0.5238095238095238 0.5928571428571429 0.5238095238095238
7 0.5878571428571429 0.5171428571428571 0.5857142857142857 0.5171428571428571 0.5857142857142857 0.5219047619047619 0.5878571428571429 0.5219047619047619