3 0.6614285714285716 0.9114285714285715 0.5657142857142858 0.9114285714285715 0.5657142857142858 1 0.6614285714285716 1
3 0.6321428571428571 0.7314285714285714 0.58 0.7314285714285714 0.58 0.8419047619047619 0.6321428571428571 0.8419047619047619
3 0.6278571428571429 0.6257142857142857 0.5864285714285714 0.6257142857142857 0.5864285714285714 0.7038095238095238 0.6278571428571429 0.7038095238095238
3 0.6164285714285714 0.56 0.5821428571428572 0.56 0.5821428571428572 0.6123809523809524 0.6164285714285714 0.6123809523809524
3 0.6142857142857143 0.5047619047619047 0.5892857142857143 0.5047619047619047 0.5892857142857143 0.5476190476190477 0.6142857142857143 0.5476190476190477
3 0.7428571428571429 0.5895238095238098 0.6928571428571428 0.5895238095238098 0.6928571428571428 0.662857142857143 0.7428571428571429 0.662857142857143
3 0.21000000000000008 0.4723809523809524 0.1571428571428572 0.4723809523809524 0.1571428571428572 0.5161904761904762 0.21000000000000008 0.5161904761904762
3 0.3450000000000001 0.460952380952381 0.3007142857142858 0.46095238095238095 0.3007142857142858 0.5047619047619047 0.3450000000000001 0.5047619047619047
3 0.29500000000000004 0.4419047619047619 0.24857142857142858 0.4419047619047619 0.2485714285714286 0.4780952380952381 0.2950000000000001 0.4780952380952381
3 0.25142857142857145 0.4380952380952381 0.21714285714285714 0.4380952380952381 0.2171428571428572 0.4695238095238095 0.2514285714285715 0.4695238095238095
3 0.44857142857142857 0.3495238095238096 0.4278571428571429 0.3495238095238096 0.4278571428571429 0.37047619047619057 0.44857142857142857 0.37047619047619057
3 0.6185714285714285 0.4723809523809525 0.5914285714285714 0.4723809523809525 0.5914285714285714 0.5095238095238095 0.6185714285714285 0.5095238095238095
3 0.625 0.44476190476190486 0.5942857142857143 0.44476190476190486 0.5942857142857143 0.47333333333333344 0.625 0.47333333333333344
3 0.955 0.6323809523809526 0.875 0.6323809523809526 0.875 0.7123809523809526 0.955 0.7123809523809526
3 0.9071428571428571 0.5723809523809525 0.8178571428571428 0.5723809523809525 0.8178571428571428 0.6257142857142859 0.9071428571428571 0.6257142857142859
3 0.8778571428571429 0.5333333333333335 0.7857142857142857 0.5333333333333335 0.7857142857142857 0.5809523809523812 0.8778571428571429 0.5809523809523812
3 0.8392857142857143 0.5009523809523811 0.7621428571428571 0.5009523809523811 0.7621428571428571 0.544761904761905 0.8392857142857143 0.544761904761905
3 0.9971428571428571 0.46571428571428586 0.9392857142857143 0.4657142857142858 0.9392857142857143 0.4942857142857145 0.9971428571428571 0.4942857142857145
3 0.9992857142857143 0.48000000000000015 0.9492857142857143 0.4800000000000001 0.9492857142857143 0.5104761904761906 0.9992857142857143 0.5104761904761906
3 1 0.7314285714285716 0.9257142857142857 0.7314285714285716 0.9257142857142857 0.803809523809524 1 0.803809523809524
3 1 0.7990476190476192 0.9507142857142857 0.7990476190476192 0.9507142857142857 0.8857142857142859 1 0.8857142857142859
3 0.5892857142857143 0.4085714285714287 0.5671428571428572 0.4085714285714287 0.5671428571428572 0.43523809523809537 0.5892857142857143 0.43523809523809537
3 0.6192857142857143 0.4085714285714287 0.6 0.4085714285714287 0.6 0.43523809523809537 0.6192857142857143 0.43523809523809537
3 0.5935714285714285 0.3895238095238096 0.5728571428571428 0.3895238095238096 0.5728571428571428 0.4104761904761906 0.5935714285714285 0.4104761904761906
3 0.58 0.362857142857143 0.5671428571428572 0.362857142857143 0.5671428571428572 0.3895238095238096 0.58 0.3895238095238096
3 0.6157142857142858 0.38666666666666677 0.5978571428571429 0.38666666666666677 0.5978571428571429 0.4085714285714287 0.6157142857142858 0.4085714285714287
3 0.6128571428571429 0.37142857142857155 0.5971428571428572 0.37142857142857155 0.5971428571428572 0.3904761904761906 0.6128571428571429 0.3904761904761906
3 0.9421428571428572 0.4342857142857144 0.8778571428571429 0.4342857142857144 0.8778571428571429 0.4704761904761906 0.9421428571428572 0.4704761904761906
3 0.7342857142857143 0.4104761904761906 0.68 0.4104761904761906 0.68 0.441904761904762 0.7342857142857143 0.441904761904762
3 0.5642857142857143 0.2866666666666668 0.5557142857142857 0.2866666666666668 0.5557142857142857 0.2980952380952382 0.5642857142857143 0.2980952380952382
3 0.5828571428571429 0.2723809523809525 0.5757142857142857 0.2723809523809525 0.5757142857142857 0.2857142857142858 0.5828571428571429 0.2857142857142858
3 0.57 0.2704761904761906 0.5642857142857143 0.2704761904761906 0.5642857142857143 0.2800000000000001 0.57 0.2800000000000001
3 0.5435714285714286 0.22666666666666677 0.5328571428571428 0.22666666666666677 0.5328571428571428 0.24285714285714297 0.5435714285714286 0.24285714285714297
3 0.5564285714285714 0.22285714285714298 0.5464285714285714 0.22285714285714298 0.5464285714285714 0.2342857142857144 0.5564285714285714 0.2342857142857144
3 0.71 0.3495238095238096 0.67 0.3495238095238096 0.67 0.381904761904762 0.71 0.381904761904762
3 0.7085714285714285 0.36952380952380964 0.67 0.36952380952380964 0.67 0.3904761904761906 0.7085714285714285 0.3904761904761906
3 0.7057142857142857 0.5000000000000002 0.6692857142857143 0.5000000000000002 0.6692857142857143 0.5485714285714288 0.7057142857142857 0.5485714285714288
3 0.6992857142857143 0.47333333333333344 0.67 0.47333333333333344 0.67 0.5066666666666669 0.6992857142857143 0.5066666666666669
3 0.7885714285714286 0.37047619047619057 0.7592857142857142 0.37047619047619057 0.7592857142857142 0.401904761904762 0.7885714285714286 0.401904761904762
3 0.79 0.34000000000000014 0.7614285714285715 0.34000000000000014 0.7614285714285715 0.362857142857143 0.79 0.362857142857143
3 0.7707142857142857 0.33904761904761915 0.74 0.33904761904761915 0.74 0.35333333333333344 0.7707142857142857 0.35333333333333344
3 0.7721428571428571 0.32571428571428584 0.735 0.32571428571428584 0.735 0.3457142857142858 0.7721428571428571 0.3457142857142858
3 0.6807142857142857 0.3342857142857144 0.6478571428571429 0.3342857142857144 0.6478571428571429 0.35428571428571437 0.6807142857142857 0.35428571428571437
3 0.6978571428571428 0.32380952380952394 0.6721428571428572 0.32380952380952394 0.6721428571428572 0.33714285714285724 0.6978571428571428 0.33714285714285724
4 0.6657142857142857 0.2904761904761906 0.6421428571428571 0.2904761904761906 0.6421428571428571 0.33904761904761915 0.6657142857142857 0.33904761904761915
3 0.7442857142857143 0.3180952380952382 0.7142857142857143 0.3180952380952382 0.7142857142857143 0.3342857142857144 0.7442857142857143 0.3342857142857144
3 0.7214285714285714 0.302857142857143 0.6992857142857143 0.302857142857143 0.6992857142857143 0.3161904761904763 0.7214285714285714 0.3161904761904763
7 0.9121428571428571 0.5219047619047621 0.8985714285714286 0.5219047619047621 0.8985714285714286 0.563809523809524 0.9121428571428571 0.563809523809524
7 0.9457142857142857 0.5380952380952383 0.9278571428571428 0.5380952380952383 0.9278571428571428 0.5819047619047621 0.9457142857142857 0.5819047619047621
7 0.36214285714285716 0.3638095238095239 0.3535714285714286 0.3638095238095239 0.3535714285714286 0.38285714285714295 0.36214285714285716 0.38285714285714295
7 0.1928571428571429 0.4380952380952381 0.18428571428571427 0.4380952380952381 0.18428571428571433 0.4666666666666667 0.19285714285714295 0.4666666666666667
7 0.1878571428571429 0.43523809523809526 0.1778571428571429 0.43523809523809526 0.1778571428571429 0.46476190476190476 0.18785714285714294 0.46476190476190476
7 0.8778571428571429 0.6714285714285716 0.8664285714285714 0.6714285714285716 0.8664285714285714 0.723809523809524 0.8778571428571429 0.723809523809524
7 0.9221428571428572 0.4523809523809525 0.91 0.4523809523809525 0.91 0.48857142857142877 0.9221428571428572 0.48857142857142877
7 0.9328571428571428 0.4523809523809525 0.9271428571428572 0.4523809523809525 0.9271428571428572 0.48666666666666675 0.9328571428571428 0.48666666666666675
7 0.8664285714285714 0.43904761904761913 0.8585714285714285 0.43904761904761913 0.8585714285714285 0.4704761904761906 0.8664285714285714 0.4704761904761906
7 0.6657142857142857 0.5533333333333335 0.6521428571428571 0.5533333333333333 0.6521428571428571 0.5914285714285715 0.6657142857142857 0.5914285714285716
7 0.365 0.3314285714285715 0.35714285714285715 0.3314285714285715 0.35714285714285715 0.3495238095238096 0.365 0.3495238095238096
11 0.83 0.824761904761905 0.7314285714285714 0.824761904761905 0.7314285714285714 0.9961904761904762 0.83 0.9961904761904762
11 0.25857142857142856 0.40095238095238095 0.23785714285714285 0.40095238095238095 0.23785714285714285 0.4342857142857143 0.25857142857142856 0.4342857142857143
10 0.3014285714285715 0.38666666666666666 0.25142857142857145 0.38666666666666666 0.25142857142857145 0.44285714285714284 0.3014285714285715 0.44285714285714284
3 0.4328571428571429 0.3933333333333334 0.4035714285714286 0.3933333333333334 0.4035714285714286 0.421904761904762 0.4328571428571429 0.421904761904762
2 0.42214285714285715 0.33523809523809533 0.3842857142857143 0.33523809523809533 0.3842857142857143 0.38095238095238104 0.42214285714285715 0.38095238095238104
3 0.4514285714285714 0.3200000000000001 0.4342857142857143 0.3200000000000001 0.4342857142857143 0.3380952380952382 0.4514285714285714 0.3380952380952382
3 0.23857142857142857 0.38666666666666666 0.1957142857142857 0.38666666666666666 0.1957142857142857 0.4095238095238095 0.23857142857142857 0.4095238095238095
3 0.31214285714285717 0.3619047619047619 0.2857142857142857 0.3619047619047619 0.2857142857142857 0.38476190476190475 0.31214285714285717 0.38476190476190475
3 0.48142857142857143 0.2800000000000001 0.47285714285714286 0.2800000000000001 0.47285714285714286 0.2876190476190477 0.48142857142857143 0.2876190476190477
2 0.49714285714285716 0.26095238095238105 0.475 0.26095238095238105 0.475 0.2857142857142858 0.49714285714285716 0.2857142857142858
7 0.395 0.31142857142857155 0.38857142857142857 0.31142857142857155 0.38857142857142857 0.32761904761904775 0.395 0.32761904761904775
3 0.3 0.29619047619047617 0.27714285714285714 0.29619047619047617 0.27714285714285714 0.3076190476190476 0.3 0.3076190476190476
7 0.4257142857142857 0.3009523809523811 0.42214285714285715 0.3009523809523811 0.42214285714285715 0.31333333333333346 0.4257142857142857 0.31333333333333346
3 0.5121428571428571 0.2714285714285715 0.5007142857142857 0.2714285714285715 0.5007142857142857 0.2838095238095239 0.5121428571428571 0.2838095238095239
3 0.5242857142857142 0.29238095238095246 0.5121428571428571 0.29238095238095246 0.5121428571428571 0.30476190476190484 0.5242857142857142 0.30476190476190484
7 0.5521428571428572 0.3495238095238096 0.5478571428571428 0.3495238095238096 0.5478571428571428 0.3609523809523811 0.5521428571428572 0.3609523809523811
7 0.5671428571428572 0.3485714285714287 0.5621428571428572 0.3485714285714287 0.5621428571428572 0.361904761904762 0.5671428571428572 0.361904761904762
3 0.5757142857142857 0.2580952380952382 0.5685714285714286 0.2580952380952382 0.5685714285714286 0.2666666666666668 0.5757142857142857 0.2666666666666668
3 0.585 0.2542857142857144 0.5785714285714286 0.2542857142857144 0.5785714285714286 0.26285714285714296 0.585 0.26285714285714296
4 0.5921428571428572 0.2038095238095239 0.5828571428571429 0.2038095238095239 0.5828571428571429 0.2180952380952382 0.5921428571428572 0.2180952380952382
4 0.58 0.23523809523809536 0.575 0.23523809523809536 0.575 0.24380952380952392 0.58 0.24380952380952392
4 0.5907142857142857 0.22952380952380963 0.585 0.22952380952380963 0.585 0.23714285714285724 0.5907142857142857 0.23714285714285724
7 0.6878571428571428 0.6133333333333335 0.6792857142857143 0.6133333333333335 0.6792857142857143 0.6685714285714288 0.6878571428571428 0.6685714285714288
7 0.6935714285714286 0.6114285714285717 0.6885714285714286 0.6114285714285717 0.6885714285714286 0.6619047619047621 0.6935714285714286 0.6619047619047621
3 0.935 0.4247619047619049 0.8728571428571429 0.4247619047619049 0.8728571428571429 0.46095238095238106 0.935 0.46095238095238106
7 0.8735714285714286 0.44761904761904775 0.8671428571428571 0.44761904761904775 0.8671428571428571 0.4704761904761906 0.8735714285714286 0.4704761904761906
7 0.74 0.34285714285714297 0.7335714285714285 0.34285714285714297 0.7335714285714285 0.361904761904762 0.74 0.361904761904762
7 0.8028571428571428 0.3200000000000001 0.7985714285714286 0.3200000000000001 0.7985714285714286 0.3361904761904763 0.8028571428571428 0.3361904761904763
7 0.8057142857142857 0.3200000000000001 0.8014285714285714 0.3200000000000001 0.8014285714285714 0.3361904761904763 0.8057142857142857 0.3361904761904763
3 0.89 0.39904761904761915 0.8428571428571429 0.39904761904761915 0.8428571428571429 0.422857142857143 0.89 0.422857142857143
4 0.815 0.3476190476190477 0.7942857142857143 0.3476190476190477 0.7942857142857143 0.36761904761904773 0.815 0.36761904761904773
4 0.8335714285714285 0.36476190476190484 0.815 0.36476190476190484 0.815 0.3885714285714287 0.8335714285714285 0.3885714285714287
4 0.8421428571428572 0.381904761904762 0.8271428571428572 0.381904761904762 0.8271428571428572 0.4038095238095239 0.8421428571428572 0.4038095238095239
4 0.8642857142857143 0.38285714285714295 0.8471428571428572 0.38285714285714295 0.8471428571428572 0.39904761904761915 0.8642857142857143 0.39904761904761915
11 0.6635714285714286 0.40000000000000013 0.6421428571428571 0.40000000000000013 0.6421428571428571 0.43333333333333346 0.6635714285714286 0.43333333333333346
11 0.6114285714285714 0.35333333333333344 0.5957142857142858 0.35333333333333344 0.5957142857142858 0.3742857142857144 0.6114285714285714 0.3742857142857144
11 0.5928571428571429 0.3323809523809525 0.5814285714285714 0.3323809523809525 0.5814285714285714 0.35142857142857153 0.5928571428571429 0.35142857142857153
3 0.5907142857142857 0.3457142857142858 0.5771428571428572 0.3457142857142858 0.5771428571428572 0.361904761904762 0.5907142857142857 0.361904761904762
3 0.61 0.34000000000000014 0.5978571428571429 0.34000000000000014 0.5978571428571429 0.3523809523809525 0.61 0.3523809523809525
3 0.6071428571428571 0.32761904761904775 0.595 0.32761904761904775 0.595 0.341904761904762 0.6071428571428571 0.341904761904762