10 0.10785714285714292 0.7918781725888325 0.0007142857142857688 0.7918781725888325 0.000714285714285776 0.998730964467005 0.10785714285714294 0.998730964467005
10 0.11357142857142866 0.9098984771573604 0.023571428571428632 0.9098984771573604 0.02357142857142864 0.998730964467005 0.11357142857142866 0.998730964467005
10 0.2014285714285715 0.751269035532995 0.10142857142857147 0.751269035532995 0.10142857142857149 0.9276649746192893 0.2014285714285715 0.9276649746192893
3 0.26214285714285723 0.6967005076142132 0.20285714285714293 0.6967005076142132 0.20285714285714293 0.7893401015228426 0.26214285714285723 0.7893401015228426
3 0.30285714285714294 0.5951776649746193 0.25357142857142867 0.5951776649746193 0.25357142857142867 0.7017766497461929 0.30285714285714294 0.7017766497461929
11 0.32000000000000006 0.850253807106599 0.27428571428571435 0.850253807106599 0.27428571428571435 0.9365482233502538 0.32000000000000006 0.9365482233502538
3 0.35785714285714293 0.8730964467005076 0.30357142857142866 0.8730964467005076 0.30357142857142866 0.9771573604060914 0.35785714285714293 0.9771573604060914
3 0.5421428571428571 0.9073604060913706 0.49214285714285716 0.9073604060913706 0.49214285714285716 0.998730964467005 0.5421428571428571 0.998730964467005
3 0.44357142857142856 0.6814720812182741 0.39714285714285713 0.6814720812182741 0.39714285714285713 0.7766497461928934 0.44357142857142856 0.7766497461928934
2 0.4257142857142857 0.6116751269035534 0.37714285714285717 0.6116751269035534 0.37714285714285717 0.7093908629441624 0.4257142857142857 0.7093908629441624
11 0.5335714285714286 0.37690355329949254 0.49642857142857144 0.37690355329949254 0.49642857142857144 0.4505076142131981 0.5335714285714286 0.4505076142131981
11 0.5628571428571428 0.4124365482233504 0.5242857142857142 0.4124365482233504 0.5242857142857142 0.48857868020304585 0.5628571428571428 0.48857868020304585
3 0.6478571428571429 0.4505076142131981 0.6014285714285714 0.4505076142131981 0.6014285714285714 0.5406091370558377 0.6478571428571429 0.5406091370558377
5 0.6764285714285714 0.5139593908629443 0.6628571428571428 0.5139593908629443 0.6628571428571428 0.5456852791878174 0.6764285714285714 0.5456852791878174
8 0.675 0.517766497461929 0.6635714285714286 0.517766497461929 0.6635714285714286 0.5406091370558377 0.675 0.5406091370558377
3 0.6335714285714286 0.16116751269035548 0.5871428571428572 0.16116751269035548 0.5871428571428572 0.24746192893401028 0.6335714285714286 0.24746192893401028
3 0.6635714285714286 0.18781725888324888 0.6192857142857143 0.18781725888324888 0.6192857142857143 0.27030456852791895 0.6635714285714286 0.27030456852791895
10 0.8507142857142858 0.10786802030456871 0.7478571428571429 0.10786802030456871 0.7478571428571429 0.23730964467005095 0.8507142857142858 0.23730964467005097
10 0.8607142857142858 0.0012690355329950987 0.7485714285714286 0.0012690355329950868 0.7485714285714286 0.09898477157360425 0.8607142857142858 0.09898477157360425