3 0.5128571428571429 0.8210659898477157 0.495 0.8210659898477157 0.495 0.8921319796954315 0.5128571428571429 0.8921319796954315
3 0.53 0.6510152284263959 0.515 0.6510152284263959 0.515 0.7068527918781726 0.53 0.7068527918781726
11 0.5014285714285714 0.46827411167512706 0.4857142857142857 0.46827411167512706 0.4857142857142857 0.5329949238578682 0.5014285714285714 0.5329949238578682
3 0.5264285714285715 0.46192893401015245 0.51 0.46192893401015245 0.51 0.5152284263959392 0.5264285714285715 0.5152284263959392
3 0.42857142857142855 0.4467005076142133 0.4142857142857143 0.4467005076142133 0.4142857142857143 0.5063451776649748 0.42857142857142855 0.5063451776649748
3 0.5 0.2918781725888326 0.48428571428571426 0.2918781725888326 0.48428571428571426 0.35786802030456866 0.5 0.35786802030456866
10 0.5257142857142857 0.18147208121827427 0.5071428571428571 0.18147208121827427 0.5071428571428571 0.3083756345177666 0.5257142857142857 0.3083756345177666
3 0.42928571428571427 0.26522842639593913 0.4142857142857143 0.26522842639593913 0.4142857142857143 0.318527918781726 0.42928571428571427 0.318527918781726
3 0.5035714285714286 0.13578680203045695 0.48928571428571427 0.13578680203045695 0.48928571428571427 0.18654822335025392 0.5035714285714286 0.18654822335025395
3 0.5257142857142857 0.00888324873096458 0.5121428571428571 0.008883248730964577 0.5121428571428571 0.06091370558375645 0.5257142857142857 0.06091370558375645
3 0.79 0.16370558375634534 0.7557142857142857 0.16370558375634534 0.7557142857142857 0.20177664974619303 0.79 0.20177664974619303