3 0.6457142857142857 1.0362844581356413e-16 0.6235714285714286 1.0182063387196565e-16 0.6235714285714286 0.02285714285714296 0.6457142857142857 0.022857142857142965
7 0.675 1.0969336329505578e-16 0.6685714285714286 1.0916851466684976e-16 0.6685714285714286 0.0161904761904763 0.675 0.0161904761904763
5 0.5221428571428571 0.010476190476190559 0.5035714285714286 0.010476190476190557 0.5035714285714286 0.0257142857142858 0.5221428571428571 0.0257142857142858
5 0.5242857142857142 0.020952380952381038 0.5042857142857143 0.020952380952381035 0.5042857142857143 0.03714285714285723 0.5242857142857142 0.03714285714285723
5 0.5007142857142857 0.048571428571428654 0.48214285714285715 0.048571428571428654 0.48214285714285715 0.07714285714285722 0.5007142857142857 0.07714285714285722
5 0.5035714285714286 0.07047619047619055 0.48428571428571426 0.07047619047619055 0.48428571428571426 0.09238095238095247 0.5035714285714286 0.09238095238095247
5 0.5128571428571429 0.0857142857142858 0.4928571428571429 0.0857142857142858 0.4928571428571429 0.1057142857142858 0.5128571428571429 0.1057142857142858
5 0.4928571428571429 0.19047619047619052 0.4692857142857143 0.19047619047619052 0.4692857142857143 0.2114285714285715 0.4928571428571429 0.2114285714285715
5 0.6471428571428571 0.27523809523809534 0.6264285714285714 0.27523809523809534 0.6264285714285714 0.302857142857143 0.6471428571428571 0.302857142857143
5 0.6407142857142857 0.29523809523809535 0.6264285714285714 0.29523809523809535 0.6264285714285714 0.321904761904762 0.6407142857142857 0.321904761904762
5 0.475 0.2704761904761906 0.45 0.2704761904761906 0.45 0.2942857142857144 0.475 0.2942857142857144
5 0.4735714285714286 0.2866666666666668 0.45 0.2866666666666668 0.45 0.31142857142857155 0.4735714285714286 0.31142857142857155
5 0.4585714285714286 0.3771428571428572 0.4357142857142857 0.3771428571428572 0.4357142857142857 0.4057142857142858 0.4585714285714286 0.4057142857142858
5 0.45571428571428574 0.40000000000000013 0.42928571428571427 0.40000000000000013 0.42928571428571427 0.4209523809523811 0.45571428571428574 0.4209523809523811
5 0.5071428571428571 0.4342857142857144 0.49357142857142855 0.4342857142857144 0.49357142857142855 0.47714285714285726 0.5071428571428571 0.47714285714285726
0 0.4514285714285714 0.4533333333333334 0.40785714285714286 0.4533333333333334 0.40785714285714286 0.4857142857142858 0.4514285714285714 0.4857142857142858
5 0.4657142857142857 0.6647619047619048 0.45357142857142857 0.6647619047619048 0.45357142857142857 0.7038095238095238 0.4657142857142857 0.7038095238095238
5 0.615 0.7657142857142857 0.5842857142857143 0.7657142857142857 0.5842857142857143 0.7895238095238095 0.615 0.7895238095238095
5 0.5985714285714288 0.8857142857142857 0.5692857142857144 0.8857142857142857 0.5692857142857144 0.9038095238095238 0.5985714285714288 0.9038095238095238
5 0.5914285714285716 0.9123809523809524 0.5707142857142858 0.9123809523809524 0.5707142857142858 0.9552380952380952 0.5914285714285716 0.9552380952380952
7 0.4357142857142859 0.8885714285714286 0.42000000000000015 0.8885714285714286 0.42000000000000015 0.9038095238095238 0.4357142857142859 0.9038095238095238
8 0.465 0.6733333333333333 0.4542857142857143 0.6733333333333333 0.4542857142857143 0.6838095238095238 0.465 0.6838095238095238
8 0.465 0.6695238095238095 0.45714285714285713 0.6695238095238095 0.45714285714285713 0.6761904761904762 0.465 0.6761904761904762
7 0.63 0.6304761904761905 0.6228571428571429 0.6304761904761905 0.6228571428571429 0.6514285714285715 0.63 0.6514285714285715
8 0.505 0.44380952380952393 0.4942857142857143 0.44380952380952393 0.4942857142857143 0.4695238095238096 0.505 0.4695238095238096
5 0.6157142857142858 0.44666666666666677 0.5878571428571429 0.44666666666666677 0.5878571428571429 0.47333333333333344 0.6157142857142858 0.47333333333333344
3 0.5535714285714286 0.009523809523809611 0.5264285714285715 0.009523809523809608 0.5264285714285715 0.06285714285714294 0.5535714285714286 0.06285714285714294
3 0.5421428571428571 0.0657142857142858 0.5171428571428571 0.0657142857142858 0.5171428571428571 0.12476190476190487 0.5421428571428571 0.12476190476190487
3 0.5328571428571428 0.12476190476190487 0.5057142857142857 0.12476190476190487 0.5057142857142857 0.1866666666666668 0.5328571428571428 0.1866666666666668
3 0.6242857142857143 0.22666666666666677 0.5971428571428572 0.22666666666666677 0.5971428571428572 0.29333333333333345 0.6242857142857143 0.29333333333333345
3 0.5064285714285715 0.281904761904762 0.4742857142857143 0.281904761904762 0.4742857142857143 0.35428571428571437 0.5064285714285715 0.35428571428571437
3 0.49785714285714283 0.361904761904762 0.46714285714285714 0.361904761904762 0.46714285714285714 0.441904761904762 0.49785714285714283 0.441904761904762
3 0.5135714285714286 0.5333333333333333 0.47928571428571426 0.5333333333333333 0.47928571428571426 0.6209523809523809 0.5135714285714286 0.6209523809523809
3 0.3942857142857143 0.4476190476190477 0.31857142857142867 0.44761904761904764 0.31857142857142867 0.4990476190476191 0.3942857142857143 0.4990476190476191
11 0.3478571428571429 0.5038095238095238 0.29142857142857154 0.5038095238095238 0.29142857142857154 0.5419047619047619 0.3478571428571429 0.5419047619047619
3 0.44857142857142857 0.5285714285714286 0.37 0.5285714285714286 0.37 0.5780952380952381 0.44857142857142857 0.5780952380952381
3 0.4564285714285714 0.5933333333333334 0.41714285714285715 0.5933333333333334 0.41714285714285715 0.6961904761904761 0.4564285714285714 0.6961904761904761
3 0.5457142857142857 0.6276190476190476 0.5 0.6276190476190476 0.5 0.7380952380952381 0.5457142857142857 0.7380952380952381
3 0.5814285714285714 0.6942857142857143 0.5457142857142857 0.6942857142857143 0.5457142857142857 0.7904761904761904 0.5814285714285714 0.7904761904761904
3 0.41857142857142865 0.84 0.3678571428571429 0.84 0.36785714285714294 0.9723809523809523 0.41857142857142876 0.9723809523809523
3 0.5635714285714287 0.8885714285714286 0.5200000000000001 0.8885714285714286 0.5200000000000001 1 0.5635714285714287 1