3 0.27285714285714296 0.7638095238095238 0.16857142857142865 0.7638095238095238 0.16857142857142865 0.8180952380952381 0.27285714285714296 0.8180952380952381
3 0.09428571428571436 0.7304761904761905 0.01928571428571435 0.7304761904761905 0.019285714285714354 0.8 0.09428571428571436 0.8
3 0.6814285714285714 0.5952380952380953 0.6364285714285715 0.5952380952380952 0.6364285714285715 0.6571428571428573 0.6814285714285714 0.6571428571428574
11 0.69 0.18761904761904774 0.6664285714285715 0.18761904761904774 0.6664285714285715 0.20285714285714296 0.69 0.20285714285714296
3 0.775 0.1704761904761906 0.7614285714285715 0.1704761904761906 0.7614285714285715 0.181904761904762 0.775 0.181904761904762
3 0.8221428571428572 0.1742857142857144 0.8071428571428572 0.1742857142857144 0.8071428571428572 0.1866666666666668 0.8221428571428572 0.1866666666666668
3 0.6807142857142857 0.521904761904762 0.6407142857142857 0.5219047619047619 0.6407142857142857 0.5752380952380953 0.6807142857142857 0.5752380952380954
3 0.715 0.4742857142857144 0.6778571428571428 0.4742857142857144 0.6778571428571428 0.5209523809523812 0.715 0.5209523809523812
3 0.7157142857142857 0.422857142857143 0.6828571428571428 0.422857142857143 0.6828571428571428 0.4580952380952382 0.7157142857142857 0.4580952380952382
3 0.74 0.44285714285714295 0.71 0.44285714285714295 0.71 0.481904761904762 0.74 0.481904761904762
3 0.76 0.4180952380952382 0.7307142857142858 0.4180952380952382 0.7307142857142858 0.4523809523809525 0.76 0.4523809523809525
3 0.7764285714285715 0.39523809523809533 0.75 0.39523809523809533 0.75 0.4247619047619049 0.7764285714285715 0.4247619047619049
3 0.79 0.37333333333333346 0.7671428571428571 0.37333333333333346 0.7671428571428571 0.40000000000000013 0.79 0.40000000000000013
3 0.8071428571428572 0.35523809523809535 0.7857142857142857 0.35523809523809535 0.7857142857142857 0.38095238095238104 0.8071428571428572 0.38095238095238104
3 0.8164285714285714 0.3361904761904763 0.7957142857142857 0.3361904761904763 0.7957142857142857 0.3580952380952382 0.8164285714285714 0.3580952380952382
3 0.8278571428571428 0.32095238095238104 0.8078571428571428 0.32095238095238104 0.8078571428571428 0.3457142857142858 0.8278571428571428 0.3457142857142858
11 0.8378571428571429 0.30476190476190484 0.82 0.30476190476190484 0.82 0.3295238095238096 0.8378571428571429 0.3295238095238096
3 0.875 0.27714285714285725 0.86 0.27714285714285725 0.86 0.29714285714285726 0.875 0.29714285714285726
3 0.8842857142857142 0.21809523809523826 0.87 0.21809523809523826 0.87 0.23428571428571446 0.8842857142857142 0.23428571428571446
7 0.28428571428571436 0.5171428571428571 0.2764285714285715 0.5171428571428571 0.2764285714285715 0.540952380952381 0.28428571428571436 0.540952380952381
7 0.3507142857142858 0.518095238095238 0.3450000000000001 0.518095238095238 0.3450000000000001 0.539047619047619 0.3507142857142858 0.539047619047619
7 0.3114285714285715 0.5447619047619048 0.3042857142857144 0.5447619047619048 0.3042857142857144 0.5657142857142857 0.3114285714285715 0.5657142857142857
7 0.35357142857142865 0.6133333333333333 0.3471428571428572 0.6133333333333333 0.3471428571428572 0.64 0.35357142857142865 0.64
7 0.3364285714285715 0.6114285714285714 0.3285714285714286 0.6114285714285714 0.3285714285714286 0.6371428571428571 0.3364285714285715 0.6371428571428571
7 0.3457142857142858 0.6142857142857143 0.33857142857142863 0.6142857142857143 0.33857142857142863 0.64 0.3457142857142858 0.64
5 0.38857142857142857 0.5838095238095238 0.36642857142857144 0.5838095238095238 0.36642857142857144 0.599047619047619 0.38857142857142857 0.599047619047619
5 0.45714285714285713 0.5876190476190476 0.44642857142857145 0.5876190476190476 0.44642857142857145 0.6047619047619047 0.45714285714285713 0.6047619047619047
5 0.4592857142857143 0.5704761904761905 0.44357142857142856 0.5704761904761905 0.44357142857142856 0.5847619047619048 0.4592857142857143 0.5847619047619048
5 0.49214285714285716 0.5704761904761905 0.47928571428571426 0.5704761904761905 0.47928571428571426 0.5885714285714285 0.49214285714285716 0.5885714285714285
5 0.5114285714285715 0.5752380952380952 0.4942857142857143 0.5752380952380952 0.4942857142857143 0.5961904761904762 0.5114285714285715 0.5961904761904762
5 0.5278571428571428 0.560952380952381 0.5107142857142857 0.560952380952381 0.5107142857142857 0.579047619047619 0.5278571428571428 0.579047619047619
5 0.5214285714285715 0.5485714285714286 0.5085714285714286 0.5485714285714286 0.5085714285714286 0.559047619047619 0.5214285714285715 0.559047619047619
5 0.5428571428571428 0.5276190476190477 0.5314285714285715 0.5276190476190477 0.5314285714285715 0.5447619047619048 0.5428571428571428 0.5447619047619048
7 0.56 0.5295238095238095 0.5528571428571428 0.5295238095238095 0.5528571428571428 0.5542857142857143 0.56 0.5542857142857143
3 0.6064285714285714 0.10380952380952392 0.5971428571428572 0.10380952380952392 0.5971428571428572 0.11142857142857154 0.6064285714285714 0.11142857142857154
3 0.6585714285714286 0.11047619047619059 0.65 0.11047619047619059 0.65 0.1180952380952382 0.6585714285714286 0.1180952380952382
3 0.5914285714285714 0.09714285714285725 0.5864285714285714 0.09714285714285725 0.5864285714285714 0.10285714285714297 0.5914285714285714 0.10285714285714297
10 0.6535714285714286 0.5628571428571428 0.5907142857142857 0.5628571428571428 0.5907142857142857 0.6342857142857142 0.6535714285714286 0.6342857142857142
7 0.78 0.181904761904762 0.7785714285714286 0.181904761904762 0.7785714285714286 0.18952380952380962 0.78 0.18952380952380962
7 0.8021428571428572 0.16761904761904772 0.8 0.16761904761904772 0.8 0.17523809523809536 0.8021428571428572 0.17523809523809536
7 0.8 0.16761904761904772 0.7978571428571428 0.16761904761904772 0.7978571428571428 0.17523809523809536 0.8 0.17523809523809536
5 0.8335714285714285 0.23904761904761918 0.8185714285714286 0.23904761904761915 0.8185714285714286 0.25142857142857156 0.8335714285714285 0.25142857142857156
5 0.8628571428571429 0.22952380952380969 0.8528571428571429 0.22952380952380969 0.8528571428571429 0.2371428571428573 0.8628571428571429 0.2371428571428573
5 0.9028571428571428 0.7771428571428574 0.8792857142857143 0.7771428571428574 0.8792857142857143 0.824761904761905 0.9028571428571428 0.824761904761905
8 0.8621428571428571 0.22761904761904778 0.8578571428571429 0.22761904761904778 0.8578571428571429 0.23428571428571446 0.8621428571428571 0.23428571428571446
8 0.8335714285714285 0.24000000000000013 0.8271428571428572 0.2400000000000001 0.8271428571428572 0.2485714285714287 0.8335714285714285 0.2485714285714287
8 0.9014285714285715 0.7780952380952383 0.8892857142857142 0.7780952380952383 0.8892857142857142 0.8019047619047621 0.9014285714285715 0.8019047619047621
8 0.4564285714285714 0.5571428571428572 0.45 0.5571428571428572 0.45 0.5733333333333334 0.4564285714285714 0.5733333333333334
8 0.45571428571428574 0.580952380952381 0.45 0.580952380952381 0.45 0.5952380952380952 0.45571428571428574 0.5952380952380952
8 0.48857142857142855 0.560952380952381 0.4835714285714286 0.560952380952381 0.4835714285714286 0.5752380952380952 0.48857142857142855 0.5752380952380952
8 0.5178571428571429 0.539047619047619 0.5135714285714286 0.539047619047619 0.5135714285714286 0.5523809523809524 0.5178571428571429 0.5523809523809524
8 0.5414285714285715 0.5190476190476191 0.5364285714285715 0.5190476190476191 0.5364285714285715 0.5314285714285715 0.5414285714285715 0.5314285714285715
8 0.5064285714285715 0.5638095238095238 0.4992857142857143 0.5638095238095238 0.4992857142857143 0.5761904761904761 0.5064285714285715 0.5761904761904761
8 0.5242857142857142 0.5533333333333333 0.5185714285714286 0.5533333333333333 0.5185714285714286 0.5657142857142857 0.5242857142857142 0.5657142857142857
8 0.38357142857142856 0.5733333333333334 0.37714285714285717 0.5733333333333334 0.37714285714285717 0.5885714285714285 0.38357142857142856 0.5885714285714285