3 0.615 0.3323809523809525 0.5907142857142857 0.3323809523809525 0.5907142857142857 0.35428571428571437 0.615 0.35428571428571437
3 0.5721428571428572 0.3609523809523811 0.5428571428571428 0.3609523809523811 0.5428571428571428 0.38380952380952393 0.5721428571428572 0.38380952380952393
3 0.505 0.39714285714285724 0.4692857142857143 0.39714285714285724 0.4692857142857143 0.4257142857142858 0.505 0.4257142857142858
3 0.46285714285714286 0.44285714285714295 0.42642857142857143 0.44285714285714295 0.42642857142857143 0.47523809523809535 0.46285714285714286 0.47523809523809535
3 0.3942857142857143 0.46190476190476204 0.3521428571428572 0.46190476190476204 0.3521428571428572 0.4942857142857143 0.3942857142857143 0.4942857142857143
3 0.38 0.4895238095238095 0.33285714285714296 0.4895238095238095 0.33285714285714296 0.5295238095238095 0.38 0.5295238095238095
3 0.2828571428571429 0.5542857142857143 0.22571428571428578 0.5542857142857143 0.22571428571428578 0.6028571428571429 0.2828571428571429 0.6028571428571429
3 0.2971428571428572 0.5190476190476191 0.24428571428571436 0.5190476190476191 0.24428571428571436 0.5657142857142857 0.2971428571428572 0.5657142857142857
3 0.1678571428571429 0.5980952380952381 0.10071428571428576 0.5980952380952381 0.10071428571428576 0.6552380952380953 0.1678571428571429 0.6552380952380953
5 0.4942857142857143 0.8485714285714285 0.4642857142857143 0.8485714285714285 0.4642857142857143 0.878095238095238 0.4942857142857143 0.878095238095238
5 0.522857142857143 0.919047619047619 0.4857142857142859 0.919047619047619 0.4857142857142859 0.9438095238095238 0.522857142857143 0.9438095238095238
5 0.5171428571428573 0.900952380952381 0.48285714285714304 0.900952380952381 0.48285714285714304 0.9219047619047619 0.5171428571428573 0.9219047619047619
5 0.5828571428571431 0.9638095238095238 0.5457142857142859 0.9638095238095238 0.5457142857142859 0.9952380952380953 0.5828571428571431 0.9952380952380953
5 0.5285714285714287 0.96 0.4935714285714287 0.96 0.4935714285714287 0.9895238095238095 0.5285714285714287 0.9895238095238095
8 0.48428571428571426 0.8371428571428572 0.4735714285714286 0.8371428571428572 0.4735714285714286 0.8657142857142858 0.48428571428571426 0.8657142857142858
8 0.4907142857142857 0.8361904761904762 0.4785714285714286 0.8361904761904762 0.4785714285714286 0.8647619047619047 0.4907142857142857 0.8647619047619047
8 0.5100000000000001 0.8857142857142857 0.49428571428571444 0.8857142857142857 0.49428571428571444 0.9142857142857143 0.5100000000000001 0.9142857142857143
8 0.5157142857142859 0.9095238095238095 0.49928571428571444 0.9095238095238095 0.49928571428571444 0.9380952380952381 0.5157142857142859 0.9380952380952381
8 0.5714285714285716 0.9571428571428572 0.5621428571428573 0.9571428571428572 0.5621428571428573 0.981904761904762 0.5714285714285716 0.981904761904762
8 0.5814285714285716 0.960952380952381 0.5664285714285716 0.960952380952381 0.5664285714285716 0.9838095238095238 0.5814285714285716 0.9838095238095238
8 0.5207142857142859 0.9552380952380952 0.5085714285714288 0.9552380952380952 0.5085714285714288 0.9809523809523809 0.5207142857142859 0.9809523809523809
3 0.6957142857142857 0.2866666666666668 0.6814285714285714 0.2866666666666668 0.6814285714285714 0.3009523809523811 0.6957142857142857 0.3009523809523811
4 0.6492857142857142 0.23333333333333345 0.6057142857142858 0.23333333333333345 0.6057142857142858 0.26380952380952394 0.6492857142857142 0.26380952380952394