11 0.09500000000000007 0.738 0.004000000000000068 0.738 0.004000000000000071 0.804 0.09500000000000008 0.804
3 0.05100000000000008 0.8273333333333334 7.598933388709326e-17 0.8273333333333334 7.87754053551535e-17 0.888 0.05100000000000009 0.888
7 0.16650000000000006 0.8193333333333334 0.15300000000000005 0.8193333333333334 0.15300000000000005 0.8613333333333333 0.16650000000000006 0.8613333333333333
3 0.07850000000000006 0.626 0.04050000000000006 0.626 0.04050000000000006 0.678 0.07850000000000006 0.678
3 0.12450000000000006 0.612 0.08900000000000005 0.612 0.08900000000000005 0.668 0.12450000000000006 0.668
3 0.17400000000000004 0.6493333333333333 0.09400000000000006 0.6493333333333333 0.09400000000000006 0.7046666666666667 0.17400000000000004 0.7046666666666667
3 0.15500000000000005 0.6806666666666666 0.06550000000000006 0.6806666666666666 0.06550000000000006 0.742 0.15500000000000005 0.742
3 0.20550000000000004 0.692 0.11500000000000006 0.692 0.11500000000000006 0.7513333333333333 0.20550000000000004 0.7513333333333333
3 0.25150000000000006 0.6406666666666667 0.17250000000000007 0.6406666666666667 0.17250000000000007 0.694 0.25150000000000006 0.694
3 0.3300000000000001 0.7026666666666667 0.24550000000000005 0.7026666666666667 0.24550000000000005 0.762 0.3300000000000001 0.762
11 0.3650000000000001 0.622 0.2980000000000001 0.622 0.2980000000000001 0.672 0.3650000000000001 0.672
3 0.4030000000000001 0.584 0.346 0.584 0.34600000000000003 0.6253333333333333 0.40300000000000014 0.6253333333333333
8 0.40850000000000014 0.624 0.39950000000000013 0.624 0.39950000000000013 0.6493333333333333 0.40850000000000014 0.6493333333333333
9 0.4150000000000001 0.634 0.3840000000000001 0.634 0.3840000000000001 0.6626666666666666 0.4150000000000001 0.6626666666666666
11 0.433 0.5253333333333333 0.3785 0.5253333333333333 0.3785 0.5726666666666667 0.433 0.5726666666666667
3 0.4695 0.556 0.4135 0.556 0.4135 0.5953333333333334 0.4695 0.5953333333333335
3 0.5045 0.5673333333333334 0.448 0.5673333333333334 0.448 0.6046666666666668 0.5045 0.6046666666666668
7 0.4555 0.5373333333333333 0.448 0.5373333333333333 0.448 0.5606666666666666 0.4555 0.5606666666666666
11 0.4895 0.5100000000000001 0.4405 0.51 0.4405 0.5486666666666667 0.4895 0.5486666666666669
3 0.545 0.49600000000000016 0.4985 0.49600000000000016 0.4985 0.5260000000000001 0.545 0.5260000000000001
11 0.5865 0.5313333333333334 0.543 0.5313333333333334 0.543 0.5646666666666669 0.5865 0.5646666666666669
3 0.5845 0.4813333333333335 0.545 0.4813333333333335 0.545 0.5093333333333335 0.5845 0.5093333333333335
11 0.623 0.46466666666666684 0.588 0.46466666666666684 0.588 0.4926666666666668 0.623 0.4926666666666668
3 0.6095 0.43533333333333346 0.588 0.43533333333333346 0.588 0.45800000000000013 0.6095 0.45800000000000013
3 0.6715 0.49533333333333346 0.6295 0.49533333333333346 0.6295 0.5246666666666668 0.6715 0.5246666666666668
3 0.662 0.4560000000000001 0.624 0.4560000000000001 0.624 0.4833333333333335 0.662 0.4833333333333335
3 0.67 0.47200000000000014 0.6355 0.47200000000000014 0.6355 0.4966666666666668 0.67 0.4966666666666668
3 0.687 0.4426666666666668 0.655 0.4426666666666668 0.655 0.46666666666666684 0.687 0.46666666666666684
3 0.728 0.5086666666666668 0.6835 0.5086666666666668 0.6835 0.5433333333333334 0.728 0.5433333333333334
11 0.716 0.4293333333333335 0.687 0.4293333333333335 0.687 0.4520000000000001 0.716 0.4520000000000001
11 0.7605 0.45866666666666683 0.73 0.45866666666666683 0.73 0.48200000000000015 0.7605 0.48200000000000015
3 0.782 0.44000000000000017 0.7515 0.44000000000000017 0.7515 0.46400000000000013 0.782 0.46400000000000013
11 0.777 0.4093333333333335 0.749 0.4093333333333335 0.749 0.4286666666666668 0.777 0.4286666666666668
3 0.814 0.5080000000000001 0.759 0.5080000000000001 0.759 0.5373333333333334 0.814 0.5373333333333334
3 0.822 0.49533333333333346 0.7705 0.49533333333333346 0.7705 0.5253333333333334 0.822 0.5253333333333334
11 0.8325 0.4793333333333335 0.7835 0.4793333333333335 0.7835 0.5153333333333335 0.8325 0.5153333333333335
3 0.8585 0.4793333333333335 0.811 0.4793333333333335 0.811 0.5093333333333335 0.8585 0.5093333333333335
3 0.901 0.4533333333333335 0.854 0.4533333333333335 0.854 0.4806666666666668 0.901 0.4806666666666668
3 0.924 0.44333333333333347 0.88 0.44333333333333347 0.88 0.46800000000000014 0.924 0.46800000000000014
3 0.8375 0.4226666666666668 0.806 0.4226666666666668 0.806 0.4426666666666668 0.8375 0.4426666666666668
3 0.8345 0.39466666666666683 0.807 0.39466666666666683 0.807 0.4126666666666668 0.8345 0.4126666666666668
11 0.8555 0.40666666666666684 0.83 0.40666666666666684 0.83 0.4273333333333335 0.8555 0.4273333333333335
3 0.8745 0.4133333333333335 0.844 0.4133333333333335 0.844 0.43400000000000016 0.8745 0.43400000000000016
11 0.892 0.40400000000000014 0.869 0.40400000000000014 0.869 0.4246666666666668 0.892 0.4246666666666668
11 0.8755 0.3786666666666668 0.8485 0.3786666666666668 0.8485 0.39866666666666684 0.8755 0.39866666666666684
11 0.896 0.3706666666666668 0.874 0.3706666666666668 0.874 0.39066666666666683 0.896 0.39066666666666683
3 0.9135 0.36800000000000016 0.8925 0.36800000000000016 0.8925 0.38333333333333347 0.9135 0.38333333333333347
11 0.9335 0.3586666666666668 0.911 0.3586666666666668 0.911 0.37733333333333346 0.9335 0.37733333333333346
11 0.909 0.3333333333333335 0.8905 0.3333333333333335 0.8905 0.3486666666666668 0.909 0.3486666666666668
11 0.9375 0.31533333333333347 0.919 0.31533333333333347 0.919 0.3260000000000002 0.9375 0.3260000000000002
11 0.953 0.34066666666666684 0.935 0.34066666666666684 0.935 0.3573333333333335 0.953 0.3573333333333335
3 0.949 0.3513333333333335 0.9315 0.3513333333333335 0.9315 0.3653333333333335 0.949 0.3653333333333335
10 0.8045 0.3786666666666668 0.762 0.3786666666666668 0.762 0.4126666666666668 0.8045 0.4126666666666668
3 0.8275 0.3840000000000002 0.797 0.3840000000000002 0.797 0.40200000000000014 0.8275 0.40200000000000014
11 0.46950000000000014 0.6653333333333334 0.4160000000000001 0.6653333333333333 0.4160000000000001 0.7253333333333334 0.46950000000000014 0.7253333333333334
3 0.5375 0.6306666666666668 0.4805000000000001 0.6306666666666668 0.4805000000000001 0.684 0.5375 0.684
11 0.5995 0.5960000000000002 0.543 0.5960000000000002 0.543 0.6546666666666668 0.5995 0.6546666666666668
3 0.621 0.5660000000000002 0.5675 0.5660000000000002 0.5675 0.6026666666666668 0.621 0.6026666666666668
3 0.24900000000000005 0.356 0.22300000000000006 0.356 0.22300000000000006 0.36866666666666664 0.24900000000000005 0.36866666666666664
11 0.275 0.3606666666666667 0.25150000000000006 0.3606666666666667 0.25150000000000006 0.37733333333333335 0.275 0.37733333333333335
11 0.333 0.3426666666666667 0.31 0.3426666666666667 0.31 0.356 0.333 0.356
11 0.3295 0.3566666666666667 0.3075 0.3566666666666667 0.3075 0.36866666666666664 0.3295 0.36866666666666664
3 0.361 0.342 0.3415 0.342 0.3415 0.352 0.361 0.352
3 0.6895 0.3033333333333334 0.678 0.3033333333333334 0.678 0.31400000000000006 0.6895 0.31400000000000006
4 0.6635 0.2873333333333334 0.628 0.2873333333333334 0.628 0.3193333333333334 0.6635 0.3193333333333334
4 0.703 0.28533333333333344 0.6615 0.2853333333333334 0.6615 0.30133333333333345 0.703 0.3013333333333335