10 0.4835714285714286 0.6066666666666667 0.44785714285714284 0.6066666666666667 0.44785714285714284 0.6942857142857143 0.4835714285714286 0.6942857142857143
10 0.5835714285714285 0.2400000000000001 0.5621428571428572 0.2400000000000001 0.5621428571428572 0.2847619047619049 0.5835714285714285 0.2847619047619049
10 0.5871428571428572 0.07904761904761914 0.57 0.07904761904761913 0.57 0.12190476190476202 0.5871428571428572 0.12190476190476202
10 0.6407142857142857 0.3152380952380954 0.5942857142857143 0.3152380952380954 0.5942857142857143 0.3466666666666668 0.6407142857142857 0.3466666666666668
3 0.7778571428571428 0.8504761904761907 0.7378571428571429 0.8504761904761907 0.7378571428571429 0.9304761904761907 0.7778571428571428 0.9304761904761907
3 0.8707142857142857 0.864761904761905 0.8264285714285714 0.864761904761905 0.8264285714285714 0.9533333333333336 0.8707142857142857 0.9533333333333336
11 0.8264285714285714 0.8523809523809526 0.775 0.8523809523809526 0.775 0.9419047619047621 0.8264285714285714 0.9419047619047621
11 0.9078571428571428 0.8695238095238097 0.8707142857142857 0.8695238095238097 0.8707142857142857 0.9552380952380954 0.9078571428571428 0.9552380952380954
3 0.9871428571428571 0.883809523809524 0.9514285714285714 0.883809523809524 0.9514285714285714 0.9761904761904762 0.9871428571428571 0.9761904761904762
11 0.6607142857142857 0.6104761904761905 0.6378571428571429 0.6104761904761905 0.6378571428571429 0.6580952380952381 0.6607142857142857 0.6580952380952381
3 0.6842857142857143 0.6123809523809525 0.6621428571428571 0.6123809523809524 0.6621428571428571 0.6571428571428573 0.6842857142857143 0.6571428571428574
3 0.715 0.6209523809523811 0.6928571428571428 0.6209523809523811 0.6928571428571428 0.6695238095238097 0.715 0.6695238095238097
3 0.8171428571428572 0.6104761904761907 0.7871428571428571 0.6104761904761907 0.7871428571428571 0.6638095238095241 0.8171428571428572 0.6638095238095241
3 0.8585714285714285 0.6133333333333335 0.8271428571428572 0.6133333333333335 0.8271428571428572 0.6666666666666669 0.8585714285714285 0.6666666666666669
3 0.9264285714285714 0.6219047619047621 0.8928571428571429 0.6219047619047621 0.8928571428571429 0.6800000000000003 0.9264285714285714 0.6800000000000003
3 0.9514285714285714 0.6209523809523811 0.9157142857142857 0.6209523809523811 0.9157142857142857 0.6790476190476192 0.9514285714285714 0.6790476190476192
3 0.8792857142857143 0.504761904761905 0.8314285714285714 0.504761904761905 0.8314285714285714 0.5323809523809526 0.8792857142857143 0.5323809523809526
3 0.9407142857142857 0.5190476190476193 0.8907142857142857 0.5190476190476193 0.8907142857142857 0.5514285714285716 0.9407142857142857 0.5514285714285716
3 0.735 0.4342857142857144 0.6985714285714286 0.4342857142857144 0.6985714285714286 0.4704761904761906 0.735 0.4704761904761906
3 0.685 0.4323809523809525 0.6671428571428571 0.4323809523809525 0.6671428571428571 0.47714285714285726 0.685 0.47714285714285726
3 0.6664285714285715 0.44476190476190486 0.6292857142857143 0.44476190476190486 0.6292857142857143 0.47142857142857153 0.6664285714285715 0.47142857142857153
3 0.6678571428571428 0.42761904761904773 0.6328571428571429 0.42761904761904773 0.6328571428571429 0.4504761904761906 0.6678571428571428 0.4504761904761906
3 0.7292857142857143 0.38761904761904775 0.6914285714285714 0.38761904761904775 0.6914285714285714 0.4104761904761906 0.7292857142857143 0.4104761904761906
3 0.73 0.37047619047619057 0.6928571428571428 0.37047619047619057 0.6928571428571428 0.3933333333333334 0.73 0.3933333333333334
3 0.7264285714285714 0.3580952380952382 0.6907142857142857 0.3580952380952382 0.6907142857142857 0.3761904761904763 0.7264285714285714 0.3761904761904763
3 0.7142857142857143 0.32285714285714295 0.6842857142857143 0.32285714285714295 0.6842857142857143 0.341904761904762 0.7142857142857143 0.341904761904762
3 0.7207142857142858 0.34095238095238106 0.685 0.34095238095238106 0.685 0.362857142857143 0.7207142857142858 0.362857142857143
3 0.7114285714285714 0.31047619047619057 0.68 0.31047619047619057 0.68 0.3285714285714287 0.7114285714285714 0.3285714285714287
3 0.6992857142857143 0.2342857142857144 0.6707142857142857 0.2342857142857144 0.6707142857142857 0.2523809523809525 0.6992857142857143 0.2523809523809525
3 0.7492857142857143 0.2704761904761906 0.7314285714285714 0.2704761904761906 0.7314285714285714 0.29333333333333345 0.7492857142857143 0.29333333333333345
3 0.7242857142857143 0.19142857142857153 0.71 0.19142857142857153 0.71 0.21238095238095248 0.7242857142857143 0.21238095238095248
3 0.6942857142857143 0.21428571428571438 0.6664285714285715 0.21428571428571438 0.6664285714285715 0.23142857142857154 0.6942857142857143 0.23142857142857154
3 0.6842857142857143 0.1800000000000001 0.6592857142857143 0.1800000000000001 0.6592857142857143 0.1961904761904763 0.6842857142857143 0.1961904761904763
3 0.7114285714285714 0.14571428571428582 0.6992857142857143 0.14571428571428582 0.6992857142857143 0.16095238095238107 0.7114285714285714 0.16095238095238107
11 0.695 0.24571428571428583 0.6707142857142857 0.24571428571428583 0.6707142857142857 0.26476190476190486 0.695 0.26476190476190486
3 0.5571428571428572 0.22476190476190486 0.5435714285714286 0.22476190476190486 0.5435714285714286 0.24476190476190487 0.5571428571428572 0.24476190476190487
3 0.47285714285714286 0.47142857142857153 0.4514285714285714 0.47142857142857153 0.4514285714285714 0.5142857142857142 0.47285714285714286 0.5142857142857142
3 0.19428571428571428 0.19047619047619052 0.17642857142857143 0.19047619047619052 0.17642857142857143 0.2114285714285715 0.19428571428571428 0.2114285714285715
11 0.2342857142857143 0.2333333333333334 0.20785714285714285 0.2333333333333334 0.20785714285714285 0.2523809523809524 0.2342857142857143 0.2523809523809524
11 0.24142857142857144 0.180952380952381 0.22071428571428572 0.180952380952381 0.22071428571428572 0.20761904761904768 0.24142857142857144 0.20761904761904768
3 0.08928571428571433 0.4238095238095238 0.04714285714285718 0.4238095238095238 0.04714285714285718 0.4533333333333333 0.08928571428571433 0.4533333333333333
3 0.05071428571428575 0.36095238095238097 0.014285714285714322 0.36095238095238097 0.014285714285714322 0.39714285714285713 0.05071428571428575 0.39714285714285713
3 0.14 0.21142857142857144 0.11214285714285714 0.21142857142857144 0.11214285714285717 0.22857142857142856 0.14000000000000004 0.22857142857142856
3 0.10428571428571433 0.39904761904761904 0.07857142857142861 0.39904761904761904 0.07857142857142861 0.43238095238095237 0.10428571428571433 0.43238095238095237
3 0.2571428571428571 0.18571428571428578 0.23857142857142857 0.18571428571428578 0.23857142857142857 0.20571428571428577 0.2571428571428571 0.20571428571428577
3 0.6821428571428572 0.059047619047619154 0.6721428571428572 0.059047619047619154 0.6721428571428572 0.07333333333333344 0.6821428571428572 0.07333333333333344
3 0.6678571428571428 0.014285714285714395 0.66 0.014285714285714395 0.66 0.02476190476190487 0.6678571428571428 0.02476190476190487
3 0.65 0.0361904761904763 0.6371428571428571 0.0361904761904763 0.6371428571428571 0.04857142857142868 0.65 0.04857142857142868
3 0.6514285714285715 0.031428571428571535 0.6357142857142857 0.031428571428571535 0.6357142857142857 0.043809523809523916 0.6514285714285715 0.043809523809523916
3 0.6528571428571428 0.027619047619047724 0.635 0.02761904761904772 0.635 0.04095238095238106 0.6528571428571428 0.04095238095238106
3 0.6485714285714286 0.019047619047619153 0.6335714285714286 0.01904761904761915 0.6335714285714286 0.030476190476190584 0.6485714285714286 0.030476190476190584
3 0.6485714285714286 0.015238095238095342 0.6321428571428571 0.01523809523809534 0.6321428571428571 0.027619047619047724 0.6485714285714286 0.027619047619047727
3 0.645 0.0047619047619048656 0.63 0.004761904761904865 0.63 0.017142857142857248 0.645 0.01714285714285725
7 0.09714285714285718 0.2523809523809524 0.09000000000000002 0.2523809523809524 0.09000000000000002 0.26857142857142857 0.09714285714285718 0.26857142857142857
7 0.10214285714285719 0.25142857142857145 0.09428571428571432 0.25142857142857145 0.09428571428571432 0.26761904761904765 0.10214285714285719 0.26761904761904765
7 0.2507142857142857 0.2914285714285714 0.245 0.2914285714285714 0.245 0.30666666666666664 0.2507142857142857 0.30666666666666664
7 0.21928571428571428 0.4266666666666667 0.21 0.4266666666666667 0.21 0.4419047619047619 0.21928571428571428 0.4419047619047619
7 0.21071428571428574 0.42857142857142855 0.205 0.42857142857142855 0.20500000000000004 0.44285714285714284 0.2107142857142858 0.44285714285714284
7 0.20500000000000004 0.4276190476190476 0.19785714285714287 0.4276190476190476 0.1978571428571429 0.4438095238095238 0.20500000000000007 0.4438095238095238
7 0.20857142857142857 0.4228571428571429 0.2007142857142857 0.4228571428571429 0.2007142857142857 0.439047619047619 0.20857142857142857 0.439047619047619
7 0.03500000000000004 0.4380952380952381 0.024285714285714327 0.4380952380952381 0.024285714285714327 0.4561904761904762 0.03500000000000004 0.4561904761904762
7 0.7635714285714286 0.5933333333333336 0.7542857142857143 0.5933333333333336 0.7542857142857143 0.6095238095238097 0.7635714285714286 0.6095238095238097
7 0.745 0.6085714285714288 0.735 0.6085714285714288 0.735 0.624761904761905 0.745 0.624761904761905
7 0.7442857142857143 0.6019047619047622 0.7335714285714285 0.6019047619047622 0.7335714285714285 0.6180952380952384 0.7442857142857143 0.6180952380952384
7 0.5835714285714285 0.44666666666666677 0.5778571428571428 0.44666666666666677 0.5778571428571428 0.46000000000000013 0.5835714285714285 0.46000000000000013
7 0.5885714285714285 0.44095238095238104 0.5821428571428572 0.44095238095238104 0.5821428571428572 0.45523809523809533 0.5885714285714285 0.45523809523809533
7 0.625 0.44476190476190486 0.6207142857142857 0.44476190476190486 0.6207142857142857 0.45904761904761915 0.625 0.45904761904761915
8 0.6192857142857143 0.44666666666666677 0.6157142857142858 0.44666666666666677 0.6157142857142858 0.4533333333333334 0.6192857142857143 0.4533333333333334
7 0.7771428571428571 0.3476190476190477 0.7707142857142857 0.3476190476190477 0.7707142857142857 0.36476190476190484 0.7771428571428571 0.36476190476190484
7 0.7771428571428571 0.3561904761904763 0.7714285714285715 0.3561904761904763 0.7714285714285715 0.36857142857142866 0.7771428571428571 0.36857142857142866
9 0.8135714285714286 0.46190476190476204 0.79 0.46190476190476204 0.79 0.49904761904761924 0.8135714285714286 0.49904761904761924
5 0.795 0.44476190476190486 0.7864285714285715 0.44476190476190486 0.7864285714285715 0.46095238095238106 0.795 0.46095238095238106
5 0.7928571428571428 0.43142857142857155 0.7842857142857143 0.43142857142857155 0.7842857142857143 0.4485714285714287 0.7928571428571428 0.4485714285714287
5 0.8485714285714285 0.4666666666666668 0.8392857142857143 0.4666666666666668 0.8392857142857143 0.4857142857142858 0.8485714285714285 0.4857142857142858
5 0.8392857142857143 0.4638095238095239 0.8321428571428572 0.4638095238095239 0.8321428571428572 0.47904761904761917 0.8392857142857143 0.47904761904761917
5 0.6892857142857143 0.482857142857143 0.6678571428571428 0.482857142857143 0.6678571428571428 0.4961904761904764 0.6892857142857143 0.4961904761904764
5 0.5807142857142857 0.47333333333333344 0.5657142857142857 0.47333333333333344 0.5657142857142857 0.49047619047619045 0.5807142857142857 0.49047619047619045
5 0.46285714285714286 0.5704761904761905 0.4542857142857143 0.5704761904761905 0.4542857142857143 0.5914285714285714 0.46285714285714286 0.5914285714285714
5 0.6671428571428571 0.5952380952380953 0.6485714285714286 0.5952380952380952 0.6485714285714286 0.6095238095238096 0.6671428571428571 0.6095238095238097
7 0.5678571428571431 0.8914285714285715 0.5607142857142858 0.8914285714285715 0.5607142857142858 0.9085714285714286 0.5678571428571431 0.9085714285714286
8 0.6642857142857145 0.903809523809524 0.6557142857142859 0.9038095238095238 0.6557142857142859 0.9247619047619049 0.6642857142857145 0.924761904761905
5 0.19357142857142856 0.42952380952380953 0.18142857142857147 0.42952380952380953 0.18142857142857147 0.44 0.19357142857142856 0.44
5 0.2542857142857143 0.4276190476190476 0.23857142857142857 0.4276190476190476 0.23857142857142857 0.4380952380952381 0.2542857142857143 0.4380952380952381
5 0.25857142857142856 0.42095238095238097 0.24142857142857144 0.42095238095238097 0.24142857142857144 0.43142857142857144 0.25857142857142856 0.43142857142857144
8 0.19214285714285714 0.4266666666666667 0.18428571428571427 0.4266666666666667 0.18428571428571427 0.43714285714285717 0.19214285714285714 0.43714285714285717
8 0.24785714285714286 0.4238095238095238 0.24214285714285713 0.4238095238095238 0.24214285714285713 0.43714285714285717 0.24785714285714286 0.43714285714285717
8 0.25142857142857145 0.41714285714285715 0.24357142857142858 0.41714285714285715 0.24357142857142858 0.43047619047619046 0.25142857142857145 0.43047619047619046
8 0.5764285714285714 0.47142857142857153 0.57 0.47142857142857153 0.57 0.4847619047619049 0.5764285714285714 0.4847619047619049
8 0.6828571428571428 0.4800000000000001 0.675 0.4800000000000001 0.675 0.49333333333333357 0.6828571428571428 0.49333333333333357
8 0.7671428571428571 0.5485714285714288 0.76 0.5485714285714288 0.76 0.5628571428571431 0.7671428571428571 0.5628571428571431
5 0.7721428571428571 0.5504761904761907 0.7535714285714286 0.5504761904761907 0.7535714285714286 0.5676190476190478 0.7721428571428571 0.5676190476190478
7 0.695 0.06857142857142869 0.6907142857142857 0.06857142857142869 0.6907142857142857 0.08000000000000011 0.695 0.08000000000000011
7 0.6692857142857143 0.04666666666666677 0.6657142857142857 0.04666666666666677 0.6657142857142857 0.05809523809523821 0.6692857142857143 0.05809523809523821
7 0.5621428571428572 0.2104761904761906 0.5578571428571428 0.2104761904761906 0.5578571428571428 0.22380952380952393 0.5621428571428572 0.22380952380952393
7 0.5757142857142857 0.23333333333333345 0.5714285714285714 0.23333333333333345 0.5714285714285714 0.24380952380952392 0.5757142857142857 0.24380952380952392
2 0.615 0.40000000000000013 0.5871428571428572 0.40000000000000013 0.5871428571428572 0.44476190476190486 0.615 0.44476190476190486
4 0.7771428571428571 0.38285714285714295 0.7685714285714286 0.38285714285714295 0.7685714285714286 0.401904761904762 0.7771428571428571 0.401904761904762
4 0.7678571428571429 0.33904761904761915 0.755 0.33904761904761915 0.755 0.3742857142857144 0.7678571428571429 0.3742857142857144
3 0.3485714285714286 0.07428571428571434 0.3407142857142857 0.07428571428571434 0.3407142857142857 0.08857142857142862 0.3485714285714286 0.08857142857142862
3 0.34285714285714286 0.06095238095238101 0.3314285714285714 0.06095238095238101 0.3314285714285714 0.07238095238095243 0.34285714285714286 0.07238095238095243