3 0.5514285714285714 8.590022548305007e-17 0.5007142857142857 8.175975297164711e-17 0.5007142857142857 0.07809523809523818 0.5514285714285714 0.07809523809523818
2 0.6885714285714286 1.0555289078365283e-16 0.6042857142857143 9.86715421027296e-17 0.6042857142857143 0.26095238095238105 0.6885714285714286 0.26095238095238105
3 0.5171428571428571 0.32761904761904775 0.47285714285714286 0.32761904761904775 0.47285714285714286 0.47142857142857153 0.5171428571428571 0.47142857142857153
10 0.2014285714285715 0.8276190476190476 0.15285714285714294 0.8276190476190476 0.15285714285714294 0.9780952380952381 0.2014285714285715 0.9780952380952381
3 0.875 0.2066666666666668 0.8278571428571428 0.20666666666666678 0.8278571428571428 0.35142857142857153 0.875 0.35142857142857153
3 0.8621428571428571 0.41428571428571437 0.8107142857142857 0.41428571428571437 0.8107142857142857 0.5400000000000003 0.8621428571428571 0.5400000000000003
0 0.9657142857142857 0.10190476190476205 0.8814285714285715 0.10190476190476204 0.8814285714285715 0.15428571428571444 0.9657142857142857 0.15428571428571444
5 0.2342857142857143 0.08190476190476194 0.20214285714285715 0.08190476190476194 0.20214285714285715 0.14000000000000004 0.2342857142857143 0.14000000000000004
5 0.3457142857142857 0.029523809523809574 0.305 0.02952380952380957 0.305 0.06000000000000005 0.3457142857142857 0.06000000000000005
5 0.19857142857142857 0.025714285714285745 0.14714285714285713 0.02571428571428574 0.14714285714285713 0.061904761904761935 0.19857142857142857 0.061904761904761935
5 0.19714285714285715 0.06380952380952383 0.145 0.06380952380952383 0.145 0.0942857142857143 0.19714285714285715 0.0942857142857143
5 0.19 0.1723809523809524 0.14357142857142857 0.17238095238095238 0.14357142857142857 0.20285714285714287 0.19 0.2028571428571429
5 0.23785714285714285 0.18571428571428578 0.19428571428571428 0.18571428571428578 0.19428571428571428 0.2047619047619048 0.23785714285714285 0.2047619047619048
5 0.2392857142857143 0.22000000000000006 0.1992857142857143 0.22000000000000006 0.1992857142857143 0.24666666666666667 0.2392857142857143 0.24666666666666667
5 0.07428571428571429 0.04000000000000001 0.018571428571428576 0.04 0.018571428571428576 0.06666666666666667 0.07428571428571429 0.06666666666666667
5 0.06357142857142857 0.06666666666666667 0.022142857142857148 0.06666666666666667 0.02214285714285715 0.09142857142857143 0.06357142857142857 0.09142857142857143
5 0.06357142857142858 0.09238095238095238 0.02214285714285715 0.09238095238095238 0.02214285714285715 0.11714285714285715 0.0635714285714286 0.11714285714285715
5 0.06428571428571431 0.15523809523809523 0.022857142857142868 0.15523809523809523 0.02285714285714287 0.17809523809523808 0.06428571428571431 0.17809523809523808
5 0.0635714285714286 0.17809523809523808 0.02214285714285716 0.17809523809523808 0.022142857142857162 0.2038095238095238 0.0635714285714286 0.2038095238095238
5 0.12857142857142856 0.15047619047619049 0.0742857142857143 0.15047619047619049 0.0742857142857143 0.17714285714285713 0.12857142857142856 0.17714285714285713
5 0.12928571428571428 0.18857142857142858 0.0742857142857143 0.18857142857142858 0.0742857142857143 0.21523809523809523 0.12928571428571428 0.21523809523809523
5 0.18857142857142858 0.21238095238095242 0.1357142857142857 0.2123809523809524 0.13571428571428573 0.2380952380952381 0.18857142857142858 0.23809523809523814
5 0.18642857142857142 0.24571428571428572 0.13142857142857148 0.24571428571428572 0.13142857142857148 0.2704761904761905 0.18642857142857142 0.2704761904761905
5 0.09785714285714289 0.22476190476190477 0.07142857142857145 0.22476190476190477 0.07142857142857145 0.2780952380952381 0.09785714285714289 0.2780952380952381
5 0.12642857142857147 0.2866666666666667 0.07571428571428573 0.2866666666666667 0.07571428571428573 0.30857142857142855 0.12642857142857147 0.30857142857142855
5 0.12214285714285718 0.3180952380952381 0.0742857142857143 0.3180952380952381 0.07428571428571432 0.34 0.12214285714285718 0.34
5 0.12142857142857147 0.3438095238095238 0.0628571428571429 0.3438095238095238 0.0628571428571429 0.37047619047619046 0.12142857142857147 0.37047619047619046
5 0.056428571428571446 0.2819047619047619 0.013571428571428597 0.2819047619047619 0.013571428571428597 0.3028571428571429 0.056428571428571446 0.3028571428571429
5 0.05500000000000002 0.30857142857142855 0.01142857142857146 0.30857142857142855 0.01142857142857146 0.32571428571428573 0.05500000000000002 0.32571428571428573
5 0.05642857142857146 0.3295238095238095 0.012142857142857174 0.3295238095238095 0.012142857142857174 0.3466666666666667 0.05642857142857147 0.3466666666666667
5 0.05357142857142861 0.3495238095238095 0.00785714285714289 0.3495238095238095 0.00785714285714289 0.36857142857142855 0.05357142857142861 0.36857142857142855
5 0.18285714285714286 0.35619047619047617 0.1342857142857143 0.35619047619047617 0.1342857142857143 0.379047619047619 0.18285714285714286 0.379047619047619
5 0.22285714285714286 0.3504761904761905 0.18857142857142858 0.3504761904761905 0.18857142857142858 0.3942857142857143 0.22285714285714286 0.3942857142857143
5 0.18285714285714286 0.3342857142857143 0.13642857142857148 0.3342857142857143 0.13642857142857148 0.35619047619047617 0.18285714285714286 0.35619047619047617
5 0.185 0.31047619047619046 0.13714285714285718 0.31047619047619046 0.13714285714285718 0.3352380952380952 0.185 0.3352380952380952
5 0.21428571428571436 0.5561904761904762 0.17428571428571432 0.5561904761904762 0.17428571428571432 0.579047619047619 0.21428571428571436 0.579047619047619
5 0.16000000000000006 0.6476190476190476 0.10571428571428576 0.6476190476190476 0.10571428571428577 0.6752380952380952 0.1600000000000001 0.6752380952380952
5 0.15928571428571436 0.679047619047619 0.10642857142857151 0.679047619047619 0.10642857142857151 0.700952380952381 0.15928571428571436 0.700952380952381
5 0.16071428571428578 0.700952380952381 0.10428571428571437 0.700952380952381 0.10428571428571437 0.7247619047619047 0.16071428571428578 0.7247619047619047
5 0.15785714285714295 0.7257142857142858 0.10214285714285723 0.7257142857142858 0.10214285714285723 0.7466666666666667 0.15785714285714295 0.7466666666666667
5 0.20285714285714293 0.7533333333333333 0.15214285714285722 0.7533333333333333 0.15214285714285722 0.7876190476190477 0.20285714285714293 0.7876190476190477
5 0.08928571428571434 0.7028571428571428 0.035714285714285775 0.7028571428571428 0.03571428571428578 0.72 0.08928571428571434 0.72
5 0.08857142857142863 0.6771428571428572 0.03714285714285721 0.6771428571428572 0.03714285714285721 0.6961904761904761 0.08857142857142863 0.6961904761904761
5 0.08571428571428577 0.7238095238095238 0.03571428571428579 0.7238095238095238 0.03571428571428579 0.7428571428571429 0.08571428571428577 0.7428571428571429
5 0.027142857142857205 0.680952380952381 6.254446152788269e-17 0.680952380952381 6.324425969882403e-17 0.6961904761904761 0.027142857142857205 0.6961904761904761
5 0.026428571428571496 0.7076190476190476 6.499375512617739e-17 0.7076190476190476 6.573729068280257e-17 0.7238095238095238 0.0264285714285715 0.7238095238095238
5 0.02500000000000007 0.7323809523809524 6.726809918173676e-17 0.7323809523809524 6.788042258131044e-17 0.7457142857142857 0.02500000000000007 0.7457142857142857
5 0.1350000000000001 0.878095238095238 0.08500000000000008 0.878095238095238 0.08500000000000008 0.9047619047619048 0.1350000000000001 0.9047619047619048
5 0.13357142857142865 0.9419047619047619 0.08714285714285723 0.9419047619047619 0.08714285714285723 0.9666666666666667 0.13357142857142865 0.9666666666666667
5 0.13928571428571437 0.9723809523809523 0.0807142857142858 0.9723809523809523 0.08071428571428581 0.9961904761904762 0.13928571428571437 0.9961904761904762
7 0.23642857142857152 0.8571428571428571 0.2207142857142858 0.8571428571428571 0.2207142857142858 0.8866666666666667 0.23642857142857152 0.8866666666666667
5 0.4292857142857144 0.8723809523809524 0.4114285714285714 0.8723809523809524 0.41142857142857153 0.9361904761904762 0.42928571428571444 0.9361904761904762
5 0.415 0.7057142857142857 0.39785714285714285 0.7057142857142857 0.39785714285714285 0.7609523809523809 0.415 0.7609523809523809
5 0.5842857142857143 0.7476190476190476 0.5678571428571428 0.7476190476190476 0.5678571428571428 0.8104761904761905 0.5842857142857143 0.8104761904761905
5 0.875 0.8657142857142859 0.8392857142857143 0.8657142857142859 0.8392857142857143 0.8914285714285717 0.875 0.8914285714285717
5 0.8721428571428571 0.8952380952380955 0.84 0.8952380952380955 0.84 0.9142857142857145 0.8721428571428571 0.9142857142857145
5 0.8885714285714286 0.6942857142857145 0.8535714285714285 0.6942857142857145 0.8535714285714285 0.7171428571428573 0.8885714285714286 0.7171428571428573
5 0.8914285714285715 0.6771428571428574 0.8535714285714285 0.6771428571428574 0.8535714285714285 0.7009523809523812 0.8914285714285715 0.7009523809523812
5 0.8957142857142857 0.6619047619047621 0.8557142857142858 0.6619047619047621 0.8557142857142858 0.6819047619047621 0.8957142857142857 0.6819047619047621
5 0.8935714285714286 0.6304761904761907 0.8607142857142858 0.6304761904761907 0.8607142857142858 0.6571428571428574 0.8935714285714286 0.6571428571428574
5 0.8942857142857142 0.6076190476190478 0.8571428571428571 0.6076190476190478 0.8571428571428571 0.6295238095238097 0.8942857142857142 0.6295238095238097
5 0.9114285714285715 0.5114285714285717 0.8621428571428571 0.5114285714285717 0.8621428571428571 0.542857142857143 0.9114285714285715 0.542857142857143
8 0.9042857142857142 0.5104761904761906 0.8828571428571429 0.5104761904761906 0.8828571428571429 0.5361904761904764 0.9042857142857142 0.5361904761904764
5 0.9292857142857143 0.29523809523809535 0.8807142857142857 0.29523809523809535 0.8807142857142857 0.32285714285714295 0.9292857142857143 0.32285714285714295
5 0.9371428571428572 0.21809523809523826 0.8971428571428571 0.21809523809523826 0.8971428571428571 0.24952380952380962 0.9371428571428572 0.24952380952380962
5 0.8821428571428571 0.16000000000000017 0.8371428571428572 0.16000000000000017 0.8371428571428572 0.1914285714285716 0.8821428571428571 0.1914285714285716
8 0.435 0.38571428571428584 0.4228571428571429 0.38571428571428584 0.4228571428571429 0.41333333333333344 0.435 0.41333333333333344
5 0.43642857142857144 0.36952380952380964 0.4235714285714286 0.36952380952380964 0.4235714285714286 0.42952380952380964 0.43642857142857144 0.42952380952380964
8 0.4142857142857143 0.7219047619047619 0.39714285714285713 0.7219047619047619 0.39714285714285713 0.7476190476190476 0.4142857142857143 0.7476190476190476
8 0.585 0.7571428571428571 0.57 0.7571428571428571 0.57 0.7914285714285715 0.585 0.7914285714285715
8 0.4285714285714287 0.9019047619047619 0.4092857142857145 0.9019047619047619 0.4092857142857145 0.9257142857142857 0.4285714285714287 0.9257142857142857