2 0.5285714285714286 0.11421319796954325 0.5164285714285715 0.11421319796954325 0.5164285714285715 0.14720812182741128 0.5285714285714286 0.14720812182741128
2 0.5435714285714286 0.23477157360406106 0.5178571428571429 0.23477157360406106 0.5178571428571429 0.2893401015228428 0.5435714285714286 0.2893401015228428
10 0.4614285714285714 0.29568527918781734 0.4392857142857143 0.29568527918781734 0.4392857142857143 0.3388324873096448 0.4614285714285714 0.3388324873096448
11 0.4992857142857143 0.34644670050761434 0.4857142857142857 0.34644670050761434 0.4857142857142857 0.37182741116751283 0.4992857142857143 0.37182741116751283
3 0.28214285714285725 0.8121827411167513 0.2164285714285715 0.8121827411167513 0.2164285714285715 0.8794416243654822 0.28214285714285725 0.8794416243654822
3 0.4407142857142857 0.6459390862944164 0.4035714285714286 0.6459390862944164 0.4035714285714286 0.7220812182741116 0.4407142857142857 0.7220812182741116
11 0.5057142857142857 0.5482233502538072 0.46785714285714286 0.5482233502538072 0.46785714285714286 0.6104060913705586 0.5057142857142857 0.6104060913705586
3 0.4607142857142857 0.48223350253807123 0.4278571428571429 0.48223350253807123 0.4278571428571429 0.520304568527919 0.4607142857142857 0.520304568527919
3 0.5278571428571428 0.44796954314720827 0.49642857142857144 0.44796954314720827 0.49642857142857144 0.48350253807106613 0.5278571428571428 0.48350253807106613
11 0.6107142857142858 0.45812182741116764 0.58 0.45812182741116764 0.58 0.5088832487309646 0.6107142857142858 0.5088832487309646
10 0.7207142857142858 0.3337563451776651 0.6657142857142857 0.3337563451776651 0.6657142857142857 0.4124365482233504 0.7207142857142858 0.4124365482233504
10 0.8378571428571429 0.24492385786802048 0.8078571428571428 0.24492385786802046 0.8078571428571428 0.27538071065989866 0.8378571428571429 0.2753807106598987
3 0.8978571428571429 0.21319796954314743 0.8785714285714286 0.21319796954314743 0.8785714285714286 0.2322335025380713 0.8978571428571429 0.2322335025380713
3 0.9514285714285714 0.17258883248730986 0.9357142857142857 0.17258883248730986 0.9357142857142857 0.19289340101522864 0.9514285714285714 0.19289340101522864
3 0.9942857142857143 0.1586294416243657 0.9792857142857143 0.1586294416243657 0.9792857142857143 0.17766497461928957 0.9942857142857143 0.17766497461928957
3 0.6714285714285714 0.5253807106598987 0.6407142857142857 0.5253807106598987 0.6407142857142857 0.5583756345177666 0.6714285714285714 0.5583756345177666
3 0.6985714285714286 0.5038071065989849 0.6692857142857143 0.5038071065989849 0.6692857142857143 0.5368020304568529 0.6985714285714286 0.5368020304568529
3 0.7178571428571429 0.4771573604060915 0.7007142857142857 0.4771573604060915 0.7007142857142857 0.5126903553299493 0.7178571428571429 0.5126903553299493
3 0.7728571428571429 0.4873096446700509 0.7471428571428571 0.4873096446700509 0.7471428571428571 0.5126903553299493 0.7728571428571429 0.5126903553299493
3 0.74 0.46319796954314735 0.7207142857142858 0.46319796954314735 0.7207142857142858 0.5000000000000001 0.74 0.5000000000000001
3 0.7664285714285715 0.44796954314720827 0.7492857142857143 0.44796954314720827 0.7492857142857143 0.4720812182741118 0.7664285714285715 0.4720812182741118
3 0.785 0.4276649746192895 0.7678571428571429 0.4276649746192895 0.7678571428571429 0.4555837563451778 0.785 0.4555837563451778
3 0.7607142857142857 0.4289340101522844 0.7442857142857143 0.4289340101522844 0.7442857142857143 0.4555837563451778 0.7607142857142857 0.4555837563451778
3 0.9071428571428571 0.3401015228426397 0.8921428571428571 0.3401015228426397 0.8921428571428571 0.36421319796954327 0.9071428571428571 0.36421319796954327
11 0.6071428571428571 0.7271573604060914 0.58 0.7271573604060914 0.58 0.7817258883248731 0.6071428571428571 0.7817258883248731
3 0.5621428571428572 0.7271573604060914 0.5371428571428571 0.7271573604060914 0.5371428571428571 0.7766497461928934 0.5621428571428572 0.7766497461928934
3 0.5628571428571428 0.8540609137055838 0.5371428571428571 0.8540609137055838 0.5371428571428571 0.9175126903553299 0.5628571428571428 0.9175126903553299
3 0.7471428571428571 0.6395939086294418 0.7271428571428571 0.6395939086294418 0.7271428571428571 0.6789340101522846 0.7471428571428571 0.6789340101522846
3 0.79 0.671319796954315 0.7571428571428571 0.671319796954315 0.7571428571428571 0.7093908629441628 0.79 0.7093908629441628
3 0.8121428571428572 0.6142131979695433 0.7721428571428571 0.6142131979695433 0.7721428571428571 0.6637055837563455 0.8121428571428572 0.6637055837563455
3 0.8135714285714286 0.6040609137055839 0.7914285714285715 0.6040609137055839 0.7914285714285715 0.6307106598984773 0.8135714285714286 0.6307106598984773
3 0.8414285714285714 0.5393401015228427 0.8185714285714286 0.5393401015228427 0.8185714285714286 0.5786802030456855 0.8414285714285714 0.5786802030456855
3 0.8592857142857143 0.5558375634517768 0.8385714285714285 0.5558375634517768 0.8385714285714285 0.5939086294416245 0.8592857142857143 0.5939086294416245
3 0.8814285714285715 0.5621827411167514 0.8585714285714285 0.5621827411167514 0.8585714285714285 0.6002538071065991 0.8814285714285715 0.6002538071065991
3 0.8971428571428571 0.5761421319796955 0.8771428571428571 0.5761421319796955 0.8771428571428571 0.6129441624365484 0.8971428571428571 0.6129441624365484
3 0.9185714285714286 0.586294416243655 0.8978571428571429 0.586294416243655 0.8978571428571429 0.6256345177664976 0.9185714285714286 0.6256345177664976
3 0.94 0.6002538071065991 0.92 0.6002538071065991 0.92 0.6421319796954316 0.94 0.6421319796954316
3 0.9621428571428572 0.6104060913705586 0.9407142857142857 0.6104060913705586 0.9407142857142857 0.656091370558376 0.9621428571428572 0.656091370558376
3 0.9871428571428571 0.6142131979695433 0.9657142857142857 0.6142131979695433 0.9657142857142857 0.6662436548223353 0.9871428571428571 0.6662436548223353
11 0.94 0.6649746192893404 0.8914285714285715 0.6649746192893404 0.8914285714285715 0.7157360406091373 0.94 0.7157360406091373
3 0.9307142857142857 0.6928934010152287 0.8857142857142857 0.6928934010152287 0.8857142857142857 0.7411167512690359 0.9307142857142857 0.7411167512690359
10 0.8285714285714286 0.7144670050761425 0.7657142857142857 0.7144670050761425 0.7657142857142857 0.8185279187817261 0.8285714285714286 0.8185279187817261
10 0.8878571428571429 0.7449238578680206 0.8185714285714286 0.7449238578680206 0.8185714285714286 0.8629441624365485 0.8878571428571429 0.8629441624365485
10 0.915 0.7576142131979698 0.8542857142857143 0.7576142131979698 0.8542857142857143 0.8832487309644673 0.915 0.8832487309644673
10 1 0.8489847715736043 0.9435714285714286 0.8489847715736043 0.9435714285714286 0.9758883248730967 1 0.9758883248730967
11 0.9592857142857143 0.7994923857868024 0.93 0.7994923857868024 0.93 0.8527918781725892 0.9592857142857143 0.8527918781725892
3 0.9328571428571428 0.786802030456853 0.9042857142857142 0.786802030456853 0.9042857142857142 0.83756345177665 0.9328571428571428 0.83756345177665
10 0.7092857142857143 0.8058375634517768 0.655 0.8058375634517766 0.655 0.8807106598984773 0.7092857142857143 0.8807106598984774
10 0.725 0.8439086294416247 0.6707142857142857 0.8439086294416247 0.6707142857142857 0.9124365482233505 0.725 0.9124365482233505
10 0.7364285714285714 0.871827411167513 0.6928571428571428 0.871827411167513 0.6928571428571428 0.9479695431472084 0.7364285714285714 0.9479695431472084
10 0.77 0.8997461928934013 0.7285714285714285 0.8997461928934013 0.7285714285714285 0.9809644670050764 0.77 0.9809644670050764
10 0.8135714285714286 0.8997461928934013 0.7628571428571429 0.8997461928934013 0.7628571428571429 0.9949238578680206 0.8135714285714286 0.9949238578680206
10 0.8507142857142858 0.9428934010152287 0.7892857142857143 0.9428934010152287 0.7892857142857143 0.9987309644670054 0.8507142857142858 0.9987309644670054
4 0.86 0.3413705583756347 0.8278571428571428 0.3413705583756347 0.8278571428571428 0.385786802030457 0.86 0.385786802030457
10 0.9942857142857143 0.1104060913705586 0.9721428571428572 0.1104060913705586 0.9721428571428572 0.13959390862944185 0.9942857142857143 0.13959390862944185
3 0.9707142857142858 0.1269035532994926 0.9578571428571429 0.1269035532994926 0.9578571428571429 0.1434010152284266 0.9707142857142858 0.1434010152284266
11 0.9535714285714286 0.2715736040609139 0.9292857142857143 0.2715736040609139 0.9292857142857143 0.29568527918781745 0.9535714285714286 0.29568527918781745
11 0.7671428571428571 0.38832487309644687 0.7435714285714285 0.38832487309644687 0.7435714285714285 0.41497461928934026 0.7671428571428571 0.41497461928934026
11 0.745 0.3959390862944164 0.7271428571428571 0.3959390862944164 0.7271428571428571 0.42512690355329963 0.745 0.42512690355329963
3 0.6785714285714286 0.47461928934010167 0.66 0.47461928934010167 0.66 0.49619289340101536 0.6785714285714286 0.49619289340101536
3 0.8635714285714285 0.520304568527919 0.8478571428571429 0.520304568527919 0.8478571428571429 0.5583756345177666 0.8635714285714285 0.5583756345177666
3 0.8592857142857143 0.48223350253807123 0.835 0.48223350253807123 0.835 0.50253807106599 0.8592857142857143 0.50253807106599
3 0.8928571428571429 0.535532994923858 0.8728571428571429 0.535532994923858 0.8728571428571429 0.5774111675126905 0.8928571428571429 0.5774111675126905
3 0.9157142857142857 0.5494923857868022 0.895 0.5494923857868022 0.895 0.5901015228426397 0.9157142857142857 0.5901015228426397
3 0.94 0.5609137055837565 0.9207142857142857 0.5609137055837565 0.9207142857142857 0.6015228426395941 0.94 0.6015228426395941
3 0.9678571428571429 0.5824873096446702 0.9478571428571428 0.5824873096446702 0.9478571428571428 0.6243654822335026 0.9678571428571429 0.6243654822335026
3 0.6992857142857143 0.4327411167512692 0.6828571428571428 0.4327411167512692 0.6828571428571428 0.4593908629441626 0.6992857142857143 0.4593908629441626
3 0.515 0.09137055837563463 0.5085714285714286 0.09137055837563463 0.5085714285714286 0.10406091370558386 0.515 0.10406091370558386
3 0.5171428571428571 0.07106598984771584 0.51 0.07106598984771584 0.51 0.08756345177664986 0.5171428571428571 0.08756345177664986
2 0.47 0.21065989847715744 0.45 0.21065989847715744 0.45 0.26269035532994933 0.47 0.26269035532994933
3 0.5157142857142857 0.16624365482233516 0.5064285714285715 0.16624365482233516 0.5064285714285715 0.18654822335025395 0.5157142857142857 0.18654822335025395
7 0.49714285714285716 0.7563451776649747 0.4835714285714286 0.7563451776649747 0.4835714285714286 0.7931472081218274 0.49714285714285716 0.7931472081218274
7 0.495 0.8807106598984772 0.48142857142857143 0.8807106598984772 0.48142857142857143 0.9175126903553299 0.495 0.9175126903553299
3 0.9178571428571428 0.2766497461928936 0.8907142857142857 0.2766497461928936 0.8907142857142857 0.29441624365482255 0.9178571428571428 0.29441624365482255