3 0.24350000000000005 0.7826666666666666 0.19050000000000006 0.7826666666666666 0.19050000000000006 0.858 0.24350000000000005 0.858
10 0.26650000000000007 0.528 0.15800000000000006 0.528 0.15800000000000006 0.6873333333333334 0.2665000000000001 0.6873333333333334
10 0.3210000000000001 0.7246666666666667 0.22900000000000006 0.7246666666666667 0.22900000000000006 0.8993333333333333 0.3210000000000001 0.8993333333333333
3 0.3315 0.44 0.313 0.44 0.313 0.4593333333333333 0.3315 0.4593333333333333
3 0.348 0.41733333333333333 0.334 0.41733333333333333 0.334 0.43466666666666665 0.348 0.43466666666666665
11 0.3295 0.3913333333333333 0.3095 0.3913333333333333 0.3095 0.4053333333333333 0.3295 0.4053333333333333
3 0.394 0.4706666666666667 0.3805 0.4706666666666667 0.3805 0.49133333333333334 0.394 0.49133333333333334
10 0.4145 0.3326666666666667 0.4075 0.3326666666666667 0.4075 0.342 0.4145 0.342
3 0.405 0.31466666666666676 0.4005 0.31466666666666676 0.4005 0.32066666666666677 0.405 0.32066666666666677
3 0.385 0.2953333333333334 0.378 0.2953333333333334 0.378 0.29866666666666675 0.385 0.29866666666666675
3 0.3945 0.2973333333333334 0.3865 0.2973333333333334 0.3865 0.3013333333333334 0.3945 0.3013333333333334
11 0.4 0.29466666666666674 0.3935 0.29466666666666674 0.3935 0.2980000000000001 0.4 0.2980000000000001
11 0.348 0.2920000000000001 0.344 0.2920000000000001 0.344 0.2980000000000001 0.348 0.2980000000000001
11 0.3425 0.29266666666666674 0.3385 0.29266666666666674 0.3385 0.2980000000000001 0.3425 0.2980000000000001
3 0.337 0.29266666666666674 0.3325 0.29266666666666674 0.3325 0.2980000000000001 0.337 0.2980000000000001
11 0.332 0.2953333333333334 0.325 0.2953333333333334 0.325 0.3000000000000001 0.332 0.3000000000000001
10 0.16050000000000006 0.41533333333333333 0.12500000000000003 0.41533333333333333 0.12500000000000003 0.43733333333333335 0.16050000000000006 0.43733333333333335
3 0.4505 0.29666666666666675 0.44 0.29666666666666675 0.44 0.3013333333333334 0.4505 0.3013333333333334
3 0.799 0.9626666666666667 0.683 0.9626666666666667 0.683 1 0.799 1
3 0.7455 0.8386666666666667 0.653 0.8386666666666667 0.653 0.9073333333333333 0.7455 0.9073333333333333
3 0.9025 0.7726666666666666 0.8105 0.7726666666666666 0.8105 0.8313333333333334 0.9025 0.8313333333333334
3 0.8635 0.732 0.7845 0.732 0.7845 0.7793333333333333 0.8635 0.7793333333333333
7 0.8515 0.6820000000000002 0.8425 0.6820000000000002 0.8425 0.7133333333333334 0.8515 0.7133333333333334
7 0.84 0.6620000000000001 0.8295 0.6620000000000001 0.8295 0.6946666666666667 0.84 0.6946666666666667
7 0.856 0.6653333333333334 0.847 0.6653333333333334 0.847 0.6886666666666666 0.856 0.6886666666666666
5 0.8645 0.6726666666666669 0.836 0.6726666666666669 0.836 0.6986666666666667 0.8645 0.6986666666666667
3 0.6845 0.726 0.608 0.726 0.608 0.7733333333333333 0.6845 0.7733333333333333
3 0.7895 0.6386666666666668 0.7275 0.6386666666666668 0.7275 0.6753333333333335 0.7895 0.6753333333333335
3 0.6365 0.6240000000000001 0.579 0.6240000000000001 0.579 0.6566666666666668 0.6365 0.6566666666666668
11 0.736 0.5653333333333335 0.6805 0.5653333333333335 0.6805 0.5980000000000002 0.736 0.5980000000000002
3 0.6175 0.5713333333333335 0.564 0.5713333333333335 0.564 0.6000000000000002 0.6175 0.6000000000000002
7 0.7185 0.5266666666666668 0.713 0.5266666666666668 0.713 0.5466666666666669 0.7185 0.5466666666666669
7 0.7305 0.5306666666666668 0.726 0.5306666666666668 0.726 0.5480000000000002 0.7305 0.5480000000000002
3 0.6655 0.47800000000000015 0.628 0.47800000000000015 0.628 0.49800000000000016 0.6655 0.49800000000000016
3 0.648 0.45466666666666683 0.6135 0.45466666666666683 0.6135 0.47266666666666685 0.648 0.47266666666666685
3 0.63 0.43600000000000017 0.599 0.43600000000000017 0.599 0.4520000000000001 0.63 0.4520000000000001
3 0.617 0.41600000000000015 0.589 0.41600000000000015 0.589 0.4293333333333335 0.617 0.4293333333333335
3 0.615 0.4113333333333335 0.587 0.4113333333333335 0.587 0.4226666666666668 0.615 0.4226666666666668
3 0.609 0.4073333333333335 0.5855 0.4073333333333335 0.5855 0.41800000000000015 0.609 0.41800000000000015
3 0.606 0.40066666666666684 0.578 0.40066666666666684 0.578 0.4133333333333335 0.606 0.4133333333333335
3 0.539 0.4053333333333335 0.5195 0.4053333333333335 0.5195 0.4206666666666668 0.539 0.4206666666666668
3 0.559 0.37400000000000017 0.539 0.37400000000000017 0.539 0.3866666666666668 0.559 0.3866666666666668
3 0.5935 0.36600000000000016 0.579 0.36600000000000016 0.579 0.37800000000000017 0.5935 0.37800000000000017
3 0.633 0.37333333333333346 0.6145 0.37333333333333346 0.6145 0.38333333333333347 0.633 0.38333333333333347
3 0.5765 0.37333333333333346 0.557 0.37333333333333346 0.557 0.3826666666666668 0.5765 0.3826666666666668
3 0.572 0.36600000000000016 0.552 0.36600000000000016 0.552 0.37600000000000017 0.572 0.37600000000000017
3 0.571 0.36400000000000016 0.5545 0.36400000000000016 0.5545 0.37200000000000016 0.571 0.37200000000000016
3 0.5645 0.35800000000000015 0.543 0.35800000000000015 0.543 0.3666666666666668 0.5645 0.3666666666666668
3 0.5595 0.3546666666666668 0.5435 0.3546666666666668 0.5435 0.36200000000000015 0.5595 0.36200000000000015
3 0.553 0.34666666666666685 0.5375 0.34666666666666685 0.5375 0.35600000000000015 0.553 0.35600000000000015
3 0.5325 0.3526666666666668 0.5215 0.3526666666666668 0.5215 0.36200000000000015 0.5325 0.36200000000000015
3 0.5445 0.34266666666666684 0.528 0.34266666666666684 0.528 0.3506666666666668 0.5445 0.3506666666666668
3 0.5395 0.33933333333333343 0.527 0.33933333333333343 0.527 0.3453333333333335 0.5395 0.3453333333333335
3 0.537 0.3380000000000001 0.5235 0.3380000000000001 0.5235 0.34466666666666684 0.537 0.34466666666666684
11 0.5215 0.3606666666666668 0.5085 0.3606666666666668 0.5085 0.38000000000000017 0.5215 0.38000000000000017
11 0.5165 0.35400000000000015 0.5015 0.35400000000000015 0.5015 0.36600000000000016 0.5165 0.36600000000000016
3 0.5075 0.3413333333333335 0.4895 0.3413333333333335 0.4895 0.3506666666666668 0.5075 0.3506666666666668
3 0.492 0.3306666666666667 0.4775 0.3306666666666667 0.4775 0.3366666666666667 0.492 0.3366666666666667
3 0.476 0.3153333333333334 0.4615 0.3153333333333334 0.4615 0.32266666666666677 0.476 0.32266666666666677
3 0.47 0.31200000000000006 0.4565 0.31200000000000006 0.4565 0.3173333333333334 0.47 0.3173333333333334
3 0.5005 0.31266666666666676 0.4895 0.31266666666666676 0.4895 0.31800000000000006 0.5005 0.31800000000000006
3 0.511 0.32066666666666677 0.5015 0.32066666666666677 0.5015 0.32600000000000007 0.511 0.32600000000000007
3 0.512 0.3193333333333334 0.5005 0.3193333333333334 0.5005 0.32400000000000007 0.512 0.32400000000000007
3 0.4995 0.3113333333333334 0.4865 0.3113333333333334 0.4865 0.31666666666666676 0.4995 0.31666666666666676
11 0.529 0.31666666666666676 0.518 0.31666666666666676 0.518 0.3253333333333334 0.529 0.3253333333333334
11 0.4995 0.3093333333333334 0.4895 0.3093333333333334 0.4895 0.31600000000000006 0.4995 0.31600000000000006
10 0.37450000000000006 0.5926666666666667 0.325 0.5926666666666667 0.32500000000000007 0.656 0.3745000000000001 0.656