3 0.52 0.8616751269035533 0.48857142857142855 0.8616751269035533 0.48857142857142855 0.9860406091370558 0.52 0.9860406091370558
11 0.5235714285714286 0.6167512690355331 0.49714285714285716 0.6167512690355331 0.49714285714285716 0.7258883248730964 0.5235714285714286 0.7258883248730964
10 0.5692857142857143 0.602791878172589 0.5385714285714286 0.602791878172589 0.5385714285714286 0.748730964467005 0.5692857142857143 0.748730964467005
5 0.5214285714285715 0.5545685279187819 0.5121428571428571 0.5545685279187819 0.5121428571428571 0.6065989847715737 0.5214285714285715 0.6065989847715737
5 0.49785714285714283 0.5901015228426397 0.48857142857142855 0.5901015228426397 0.48857142857142855 0.6446700507614215 0.49785714285714283 0.6446700507614215
3 0.5585714285714286 0.47588832487309657 0.535 0.47588832487309657 0.535 0.5672588832487311 0.5585714285714286 0.5672588832487311
3 0.5271428571428571 0.44289340101522856 0.5042857142857143 0.44289340101522856 0.5042857142857143 0.520304568527919 0.5271428571428571 0.520304568527919
3 0.5542857142857143 0.3604060913705585 0.535 0.3604060913705585 0.535 0.4225888324873098 0.5542857142857143 0.4225888324873098
3 0.5221428571428571 0.33502538071066007 0.4992857142857143 0.33502538071066007 0.4992857142857143 0.4124365482233504 0.5221428571428571 0.4124365482233504
3 0.5585714285714286 0.26522842639593924 0.5385714285714286 0.26522842639593924 0.5385714285714286 0.33502538071066007 0.5585714285714286 0.33502538071066007
3 0.53 0.15736040609137067 0.5128571428571429 0.15736040609137067 0.5128571428571429 0.21319796954314735 0.53 0.21319796954314735
3 0.5264285714285715 0.0418781725888326 0.5092857142857142 0.0418781725888326 0.5092857142857142 0.10406091370558386 0.5264285714285715 0.10406091370558386
10 0.5578571428571428 0.01649746192893413 0.535 0.01649746192893413 0.535 0.11294416243654833 0.5578571428571428 0.11294416243654833
3 0.4642857142857143 0.019035532994923953 0.445 0.019035532994923953 0.445 0.06979695431472091 0.4642857142857143 0.06979695431472092
3 0.43 0.013959390862944255 0.4135714285714286 0.013959390862944253 0.4135714285714286 0.05964467005076151 0.43 0.05964467005076151
3 0.6528571428571428 0.2563451776649748 0.6242857142857143 0.2563451776649748 0.6242857142857143 0.35025380710659915 0.6528571428571428 0.35025380710659915
3 0.4614285714285714 0.44923857868020317 0.4392857142857143 0.44923857868020317 0.4392857142857143 0.5228426395939088 0.4614285714285714 0.5228426395939088
3 0.6914285714285714 0.5469543147208124 0.6571428571428571 0.5469543147208124 0.6571428571428571 0.652284263959391 0.6914285714285714 0.6522842639593911