7 0.6678571428571428 0.3657142857142858 0.6571428571428571 0.3657142857142858 0.6571428571428571 0.38476190476190486 0.6678571428571428 0.38476190476190486
8 0.635 0.282857142857143 0.6307142857142857 0.282857142857143 0.6307142857142857 0.2895238095238096 0.635 0.2895238095238096
7 0.5878571428571429 0.3000000000000001 0.5814285714285714 0.3000000000000001 0.5814285714285714 0.31142857142857155 0.5878571428571429 0.31142857142857155
3 0.9928571428571429 0.12857142857142873 0.9221428571428572 0.12857142857142873 0.9221428571428572 0.18095238095238111 0.9928571428571429 0.18095238095238111
3 0.9692857142857143 0.02285714285714301 0.9178571428571428 0.022857142857143006 0.9178571428571428 0.07904761904761921 0.9692857142857143 0.07904761904761921
3 0.9214285714285714 0.1352380952380954 0.8707142857142857 0.1352380952380954 0.8707142857142857 0.1857142857142859 0.9214285714285714 0.1857142857142859
10 0.8292857142857143 0.15619047619047632 0.7921428571428571 0.1561904761904763 0.7921428571428571 0.20190476190476203 0.8292857142857143 0.20190476190476206
3 0.7578571428571429 0.19523809523809535 0.7314285714285714 0.19523809523809535 0.7314285714285714 0.22666666666666677 0.7578571428571429 0.22666666666666677
3 0.7478571428571429 0.23904761904761915 0.7171428571428572 0.23904761904761915 0.7171428571428572 0.2695238095238096 0.7478571428571429 0.2695238095238096
3 0.76 0.2723809523809525 0.7278571428571429 0.2723809523809525 0.7278571428571429 0.3000000000000001 0.76 0.3000000000000001
3 0.6385714285714286 0.3314285714285715 0.6142857142857143 0.3314285714285715 0.6142857142857143 0.35142857142857153 0.6385714285714286 0.35142857142857153
3 0.7035714285714286 0.2580952380952382 0.6785714285714286 0.2580952380952382 0.6785714285714286 0.282857142857143 0.7035714285714286 0.282857142857143
3 0.6064285714285714 0.31142857142857155 0.5907142857142857 0.31142857142857155 0.5907142857142857 0.3314285714285715 0.6064285714285714 0.3314285714285715
3 0.5857142857142857 0.3161904761904763 0.5714285714285714 0.3161904761904763 0.5714285714285714 0.3323809523809525 0.5857142857142857 0.3323809523809525
3 0.5842857142857143 0.3333333333333334 0.57 0.3333333333333334 0.57 0.3504761904761906 0.5842857142857143 0.3504761904761906
3 0.5335714285714286 0.3761904761904763 0.5214285714285715 0.3761904761904763 0.5214285714285715 0.3885714285714287 0.5335714285714286 0.3885714285714287
3 0.5457142857142857 0.3476190476190477 0.5342857142857143 0.3476190476190477 0.5342857142857143 0.361904761904762 0.5457142857142857 0.361904761904762
3 0.5285714285714286 0.35523809523809535 0.5185714285714286 0.35523809523809535 0.5185714285714286 0.36761904761904773 0.5285714285714286 0.36761904761904773
3 0.5128571428571429 0.3638095238095239 0.5035714285714286 0.3638095238095239 0.5035714285714286 0.3761904761904763 0.5128571428571429 0.3761904761904763
3 0.48428571428571426 0.4180952380952382 0.47714285714285715 0.4180952380952382 0.47714285714285715 0.42761904761904773 0.48428571428571426 0.42761904761904773
3 0.47785714285714287 0.4076190476190477 0.4692857142857143 0.4076190476190477 0.4692857142857143 0.41714285714285726 0.47785714285714287 0.41714285714285726
3 0.48428571428571426 0.40000000000000013 0.47785714285714287 0.40000000000000013 0.47785714285714287 0.4066666666666668 0.48428571428571426 0.4066666666666668
3 0.4614285714285714 0.4323809523809525 0.45357142857142857 0.4323809523809525 0.45357142857142857 0.4400000000000001 0.4614285714285714 0.4400000000000001
3 0.45714285714285713 0.4238095238095239 0.45071428571428573 0.4238095238095239 0.45071428571428573 0.43142857142857155 0.45714285714285713 0.43142857142857155
3 0.4514285714285714 0.4247619047619049 0.445 0.4247619047619049 0.445 0.4323809523809525 0.4514285714285714 0.4323809523809525
3 0.4607142857142857 0.41142857142857153 0.4542857142857143 0.41142857142857153 0.4542857142857143 0.41904761904761917 0.4607142857142857 0.41904761904761917
3 0.4642857142857143 0.4038095238095239 0.4564285714285714 0.4038095238095239 0.4564285714285714 0.4104761904761906 0.4642857142857143 0.4104761904761906
3 0.4635714285714286 0.3961904761904763 0.45785714285714285 0.3961904761904763 0.45785714285714285 0.4038095238095239 0.4635714285714286 0.4038095238095239
3 0.43 0.43333333333333346 0.425 0.43333333333333346 0.425 0.4400000000000001 0.43 0.4400000000000001
3 0.42214285714285715 0.43333333333333346 0.41785714285714287 0.43333333333333346 0.41785714285714287 0.4371428571428573 0.42214285714285715 0.4371428571428573
3 0.41785714285714287 0.42952380952380964 0.415 0.42952380952380964 0.415 0.43333333333333346 0.41785714285714287 0.43333333333333346
3 0.41285714285714287 0.43142857142857155 0.4085714285714286 0.43142857142857155 0.4085714285714286 0.43523809523809537 0.41285714285714287 0.43523809523809537
3 0.3171428571428572 0.5857142857142857 0.3071428571428572 0.5857142857142857 0.3071428571428572 0.599047619047619 0.3171428571428572 0.599047619047619
3 0.4107142857142857 0.46285714285714297 0.40285714285714286 0.46285714285714297 0.40285714285714286 0.4742857142857144 0.4107142857142857 0.4742857142857144
3 0.40714285714285714 0.46190476190476204 0.3992857142857143 0.46190476190476204 0.3992857142857143 0.47333333333333344 0.40714285714285714 0.47333333333333344
3 0.405 0.46285714285714297 0.3964285714285714 0.46285714285714297 0.3964285714285714 0.4723809523809525 0.405 0.4723809523809525
4 0.39714285714285713 0.46380952380952384 0.3257142857142858 0.4638095238095238 0.3257142857142858 0.5704761904761905 0.39714285714285713 0.5704761904761905