7 0.5707142857142857 0.5161904761904762 0.5578571428571428 0.5161904761904762 0.5578571428571428 0.5847619047619048 0.5707142857142857 0.5847619047619048
7 0.6221428571428571 0.4542857142857144 0.6014285714285714 0.4542857142857144 0.6014285714285714 0.5161904761904762 0.6221428571428571 0.5161904761904762
7 0.55 0.341904761904762 0.5392857142857143 0.341904761904762 0.5392857142857143 0.381904761904762 0.55 0.381904761904762
7 0.5928571428571429 0.29238095238095246 0.5814285714285714 0.29238095238095246 0.5814285714285714 0.3295238095238096 0.5928571428571429 0.3295238095238096
7 0.49 0.3142857142857144 0.48214285714285715 0.3142857142857144 0.48214285714285715 0.3476190476190477 0.49 0.3476190476190477
7 0.48142857142857143 0.30857142857142866 0.4707142857142857 0.30857142857142866 0.4707142857142857 0.34095238095238106 0.48142857142857143 0.34095238095238106
7 0.48428571428571426 0.2866666666666668 0.4757142857142857 0.2866666666666668 0.4757142857142857 0.321904761904762 0.48428571428571426 0.321904761904762
7 0.44285714285714284 0.2942857142857144 0.4307142857142857 0.2942857142857144 0.4307142857142857 0.3304761904761906 0.44285714285714284 0.3304761904761906
7 0.4307142857142857 0.3009523809523811 0.42 0.3009523809523811 0.42 0.32571428571428584 0.4307142857142857 0.32571428571428584
7 0.37642857142857145 0.2980952380952382 0.36642857142857144 0.2980952380952382 0.36642857142857144 0.3333333333333334 0.37642857142857145 0.3333333333333334
7 0.38785714285714284 0.3009523809523811 0.3742857142857143 0.3009523809523811 0.3742857142857143 0.3333333333333334 0.38785714285714284 0.3333333333333334
7 0.4357142857142857 0.2561904761904763 0.42428571428571427 0.2561904761904763 0.42428571428571427 0.2876190476190477 0.4357142857142857 0.2876190476190477
7 0.26357142857142857 0.31333333333333335 0.2507142857142857 0.31333333333333335 0.2507142857142857 0.3495238095238095 0.26357142857142857 0.3495238095238095
1 0.33285714285714285 0.30380952380952386 0.30857142857142855 0.3038095238095238 0.30857142857142855 0.32952380952380955 0.33285714285714285 0.3295238095238096
7 0.33 0.26857142857142857 0.3171428571428571 0.26857142857142857 0.3171428571428571 0.30095238095238097 0.33 0.30095238095238097
7 0.3342857142857143 0.2676190476190477 0.32285714285714284 0.26761904761904765 0.32285714285714284 0.29809523809523814 0.3342857142857143 0.2980952380952382
7 0.24928571428571428 0.2857142857142857 0.2342857142857143 0.2857142857142857 0.2342857142857143 0.3219047619047619 0.24928571428571428 0.3219047619047619
7 0.21428571428571427 0.28095238095238095 0.2042857142857143 0.28095238095238095 0.2042857142857143 0.31142857142857144 0.21428571428571427 0.31142857142857144
7 0.22857142857142856 0.2752380952380952 0.21214285714285713 0.2752380952380952 0.21214285714285713 0.31047619047619046 0.22857142857142856 0.31047619047619046
7 0.23857142857142857 0.27904761904761904 0.22785714285714287 0.27904761904761904 0.22785714285714287 0.31047619047619046 0.23857142857142857 0.31047619047619046
7 0.25285714285714284 0.28 0.24214285714285713 0.28 0.24214285714285713 0.30952380952380953 0.25285714285714284 0.30952380952380953
7 0.24928571428571428 0.2761904761904762 0.24214285714285713 0.2761904761904762 0.24214285714285713 0.30857142857142855 0.24928571428571428 0.30857142857142855
7 0.46714285714285714 0.2190476190476191 0.4585714285714286 0.2190476190476191 0.4585714285714286 0.25333333333333347 0.46714285714285714 0.25333333333333347
7 0.44571428571428573 0.21619047619047624 0.43714285714285717 0.21619047619047624 0.43714285714285717 0.24952380952380962 0.44571428571428573 0.24952380952380962
7 0.49 0.22476190476190483 0.48142857142857143 0.22476190476190483 0.48142857142857143 0.2542857142857144 0.49 0.2542857142857144
7 0.4835714285714286 0.21523809523809528 0.47785714285714287 0.21523809523809528 0.47785714285714287 0.24380952380952392 0.4835714285714286 0.24380952380952392
7 0.425 0.21619047619047624 0.41785714285714287 0.21619047619047624 0.41785714285714287 0.24476190476190487 0.425 0.24476190476190487
8 0.275 0.32476190476190475 0.26357142857142857 0.32476190476190475 0.26357142857142857 0.35619047619047617 0.275 0.35619047619047617
8 0.2785714285714286 0.32095238095238093 0.26571428571428574 0.32095238095238093 0.26571428571428574 0.35428571428571426 0.2785714285714286 0.35428571428571426
8 0.3028571428571429 0.3342857142857143 0.2907142857142857 0.3342857142857143 0.2907142857142857 0.3638095238095238 0.3028571428571429 0.3638095238095238
8 0.31285714285714283 0.3304761904761905 0.2985714285714286 0.3304761904761905 0.2985714285714286 0.3619047619047619 0.31285714285714283 0.3619047619047619
8 0.31142857142857144 0.30666666666666664 0.2985714285714286 0.30666666666666664 0.2985714285714286 0.3380952380952381 0.31142857142857144 0.3380952380952381
7 0.29642857142857143 0.29904761904761906 0.285 0.29904761904761906 0.285 0.3352380952380952 0.29642857142857143 0.3352380952380952
8 0.35428571428571426 0.25714285714285723 0.34285714285714286 0.25714285714285723 0.34285714285714286 0.27809523809523823 0.35428571428571426 0.27809523809523823
8 0.41928571428571426 0.27523809523809534 0.4042857142857143 0.27523809523809534 0.4042857142857143 0.2980952380952382 0.41928571428571426 0.2980952380952382
8 0.4157142857142857 0.2904761904761906 0.4042857142857143 0.2904761904761906 0.4042857142857143 0.3152380952380954 0.4157142857142857 0.3152380952380954