3 0.4800000000000001 0.8426666666666667 0.4170000000000001 0.8426666666666667 0.4170000000000001 0.9553333333333334 0.4800000000000001 0.9553333333333334
3 0.531 0.6253333333333335 0.4930000000000001 0.6253333333333335 0.4930000000000001 0.6886666666666666 0.531 0.6886666666666666
3 0.5575 0.5153333333333335 0.5325 0.5153333333333335 0.5325 0.5520000000000002 0.5575 0.5520000000000002
3 0.6445 0.47600000000000015 0.624 0.47600000000000015 0.624 0.5013333333333335 0.6445 0.5013333333333335
7 0.6775 0.5866666666666668 0.6685 0.5866666666666668 0.6685 0.6120000000000001 0.6775 0.6120000000000001
7 0.696 0.5866666666666668 0.6885 0.5866666666666668 0.6885 0.6100000000000001 0.696 0.6100000000000001
1 0.6775 0.5973333333333335 0.671 0.5973333333333335 0.671 0.6160000000000001 0.6775 0.6160000000000001
1 0.696 0.5946666666666668 0.69 0.5946666666666668 0.69 0.6180000000000001 0.696 0.6180000000000001
11 0.8115 0.4093333333333335 0.78 0.4093333333333335 0.78 0.42800000000000016 0.8115 0.42800000000000016
11 0.631 0.2873333333333334 0.622 0.2873333333333334 0.622 0.3020000000000001 0.631 0.3020000000000001
3 0.6275 0.2980000000000001 0.6175 0.2980000000000001 0.6175 0.30866666666666676 0.6275 0.30866666666666676
10 0.624 0.3040000000000001 0.6125 0.3040000000000001 0.6125 0.31866666666666676 0.624 0.31866666666666676
10 0.621 0.31600000000000006 0.6075 0.31600000000000006 0.6075 0.3340000000000001 0.621 0.3340000000000001
10 0.614 0.33000000000000007 0.6045 0.33000000000000007 0.6045 0.34600000000000014 0.614 0.34600000000000014
11 0.622 0.3346666666666667 0.6145 0.3346666666666667 0.6145 0.35200000000000015 0.622 0.35200000000000015
3 0.6155 0.3453333333333335 0.6045 0.3453333333333335 0.6045 0.3546666666666668 0.6155 0.3546666666666668
3 0.6045 0.3453333333333335 0.592 0.3453333333333335 0.592 0.3686666666666668 0.6045 0.3686666666666668
10 0.611 0.36000000000000015 0.592 0.36000000000000015 0.592 0.3953333333333335 0.611 0.3953333333333335
3 0.5915 0.37000000000000016 0.5845 0.37000000000000016 0.5845 0.3846666666666668 0.5915 0.3846666666666668
10 0.5895 0.37333333333333346 0.5775 0.37333333333333346 0.5775 0.39866666666666684 0.5895 0.39866666666666684
3 0.6145 0.3873333333333335 0.6045 0.3873333333333335 0.6045 0.40066666666666684 0.6145 0.40066666666666684
3 0.6185 0.40000000000000013 0.606 0.40000000000000013 0.606 0.4126666666666668 0.6185 0.4126666666666668
3 0.6425 0.30666666666666675 0.6355 0.30666666666666675 0.6355 0.31800000000000006 0.6425 0.31800000000000006
3 0.6305 0.30800000000000005 0.6235 0.30800000000000005 0.6235 0.3173333333333334 0.6305 0.3173333333333334
3 0.6695 0.32000000000000006 0.655 0.32000000000000006 0.655 0.3286666666666667 0.6695 0.3286666666666667
3 0.685 0.3193333333333334 0.673 0.3193333333333334 0.673 0.3306666666666667 0.685 0.3306666666666667
2 0.6535 0.2973333333333334 0.6465 0.2973333333333334 0.6465 0.3113333333333334 0.6535 0.3113333333333334
3 0.647 0.2960000000000001 0.64 0.2960000000000001 0.64 0.3033333333333334 0.647 0.3033333333333334
0 0.698 0.39400000000000013 0.6825 0.39400000000000013 0.6825 0.40666666666666684 0.698 0.40666666666666684
6 0.696 0.3820000000000002 0.6825 0.3820000000000002 0.6825 0.39666666666666683 0.696 0.39666666666666683
6 0.696 0.3820000000000002 0.6825 0.3820000000000002 0.6825 0.39666666666666683 0.696 0.39666666666666683
6 0.63 0.4440000000000002 0.613 0.4440000000000002 0.613 0.47000000000000014 0.63 0.47000000000000014
4 0.6655 0.25200000000000006 0.6445 0.25200000000000006 0.6445 0.2873333333333334 0.6655 0.2873333333333334
2 0.6435 0.27866666666666673 0.634 0.27866666666666673 0.634 0.28866666666666674 0.6435 0.28866666666666674
3 0.637 0.2740000000000001 0.631 0.2740000000000001 0.631 0.27933333333333343 0.637 0.27933333333333343
3 0.688 0.29866666666666675 0.675 0.29866666666666675 0.675 0.3033333333333334 0.688 0.3033333333333334
7 0.5785 0.3613333333333335 0.573 0.3613333333333335 0.573 0.3726666666666668 0.5785 0.3726666666666668
3 0.08350000000000006 0.5933333333333334 0.025000000000000057 0.5933333333333334 0.025000000000000057 0.6253333333333333 0.08350000000000006 0.6253333333333333
3 0.16900000000000007 0.5473333333333333 0.13700000000000007 0.5473333333333333 0.13700000000000007 0.5773333333333334 0.16900000000000007 0.5773333333333334
1 0.10650000000000005 0.562 0.08550000000000006 0.562 0.08550000000000006 0.5846666666666667 0.10650000000000005 0.5846666666666667
1 0.13050000000000006 0.5506666666666666 0.10550000000000005 0.5506666666666666 0.10550000000000005 0.5793333333333334 0.13050000000000006 0.5793333333333334
3 0.06900000000000008 0.7333333333333333 0.005500000000000067 0.7333333333333333 0.00550000000000007 0.792 0.06900000000000009 0.792
3 0.10150000000000006 0.714 0.03850000000000007 0.714 0.03850000000000007 0.7646666666666667 0.10150000000000006 0.7646666666666667
3 0.14650000000000005 0.6913333333333334 0.06750000000000006 0.6913333333333334 0.06750000000000006 0.748 0.14650000000000005 0.748
3 0.16750000000000007 0.6673333333333333 0.09850000000000006 0.6673333333333333 0.09850000000000006 0.7226666666666667 0.16750000000000007 0.7226666666666667
3 0.22150000000000006 0.6266666666666667 0.15950000000000006 0.6266666666666667 0.15950000000000006 0.66 0.22150000000000006 0.66
7 0.12000000000000005 0.6546666666666666 0.10700000000000005 0.6546666666666666 0.10700000000000005 0.6726666666666666 0.12000000000000005 0.6726666666666666
3 0.05150000000000007 0.6386666666666667 0.0015000000000000586 0.6386666666666667 0.0015000000000000612 0.698 0.051500000000000073 0.698
3 0.2675 0.574 0.20850000000000005 0.574 0.20850000000000005 0.6106666666666667 0.2675 0.6106666666666667
3 0.2815 0.562 0.23300000000000007 0.562 0.23300000000000007 0.592 0.2815 0.592
3 0.3095 0.542 0.2715 0.542 0.2715 0.5706666666666667 0.3095 0.5706666666666667
7 0.19750000000000006 0.584 0.18300000000000005 0.584 0.18300000000000005 0.6146666666666667 0.19750000000000006 0.6146666666666667
3 0.3265 0.5266666666666666 0.2835 0.5266666666666666 0.2835 0.5546666666666666 0.3265 0.5546666666666666
3 0.3545 0.5033333333333333 0.313 0.5033333333333333 0.313 0.524 0.3545 0.524
3 0.343 0.5126666666666667 0.305 0.5126666666666667 0.305 0.536 0.343 0.536
3 0.369 0.4866666666666667 0.327 0.4866666666666667 0.327 0.51 0.369 0.51
3 0.3805 0.478 0.3415 0.478 0.3415 0.498 0.3805 0.498
3 0.386 0.4726666666666667 0.3505 0.4726666666666667 0.3505 0.492 0.386 0.492
5 0.264 0.48733333333333334 0.25400000000000006 0.48733333333333334 0.25400000000000006 0.502 0.264 0.502
5 0.28 0.48733333333333334 0.2695 0.48733333333333334 0.2695 0.5026666666666667 0.28 0.5026666666666667
6 0.2995 0.47333333333333333 0.2825 0.47333333333333333 0.2825 0.49733333333333335 0.2995 0.49733333333333335
1 0.2855 0.4786666666666667 0.276 0.4786666666666667 0.276 0.48933333333333334 0.2855 0.48933333333333334
1 0.3495 0.43466666666666665 0.3215 0.43466666666666665 0.3215 0.45266666666666666 0.3495 0.45266666666666666
3 0.3935 0.4573333333333333 0.362 0.4573333333333333 0.362 0.482 0.3935 0.482
1 0.3735 0.5586666666666666 0.355 0.5586666666666666 0.355 0.5726666666666667 0.3735 0.5726666666666667