7 0.3007142857142858 0.6428571428571429 0.27428571428571435 0.6428571428571429 0.27428571428571435 0.7085714285714285 0.3007142857142858 0.7085714285714285
7 0.10714285714285718 0.28095238095238095 0.08642857142857145 0.28095238095238095 0.08642857142857145 0.3304761904761905 0.10714285714285718 0.3304761904761905
1 0.1078571428571429 0.29619047619047617 0.07642857142857144 0.29619047619047617 0.07642857142857146 0.3380952380952381 0.1078571428571429 0.3380952380952381
7 0.15642857142857147 0.2219047619047619 0.13928571428571432 0.2219047619047619 0.13928571428571432 0.2542857142857143 0.15642857142857147 0.2542857142857143
7 0.26571428571428574 0.1171428571428572 0.25642857142857145 0.1171428571428572 0.25642857142857145 0.13809523809523816 0.26571428571428574 0.13809523809523816
7 0.27214285714285713 0.10571428571428577 0.26285714285714284 0.10571428571428577 0.26285714285714284 0.140952380952381 0.27214285714285713 0.140952380952381
7 0.26571428571428574 0.061904761904761955 0.24928571428571428 0.061904761904761955 0.24928571428571428 0.09619047619047624 0.26571428571428574 0.09619047619047624
7 0.2892857142857143 0.03428571428571433 0.28214285714285714 0.03428571428571433 0.28214285714285714 0.059047619047619085 0.2892857142857143 0.059047619047619085
7 0.24142857142857144 0.04380952380952385 0.23 0.04380952380952385 0.23 0.07619047619047621 0.24142857142857144 0.07619047619047621
3 0.6714285714285714 0.37904761904761913 0.5507142857142857 0.37904761904761913 0.5507142857142857 0.44952380952380966 0.6714285714285714 0.44952380952380966
3 0.5207142857142857 0.4723809523809525 0.4614285714285714 0.4723809523809525 0.4614285714285714 0.6038095238095238 0.5207142857142857 0.6038095238095238
3 0.3742857142857143 0.46952380952380957 0.2971428571428572 0.4695238095238095 0.2971428571428572 0.6047619047619047 0.3742857142857143 0.6047619047619047
5 0.86 0.38095238095238104 0.8064285714285714 0.38095238095238104 0.8064285714285714 0.41333333333333344 0.86 0.41333333333333344
3 0.8121428571428572 0.4580952380952382 0.7285714285714285 0.4580952380952382 0.7285714285714285 0.6009523809523811 0.8121428571428572 0.6009523809523811
11 0.9692857142857143 0.45904761904761915 0.875 0.45904761904761915 0.875 0.6085714285714288 0.9692857142857143 0.6085714285714288
3 0.17500000000000004 0.5333333333333333 0.014285714285714337 0.5333333333333333 0.014285714285714339 0.6171428571428571 0.17500000000000004 0.6171428571428571
11 0.3142857142857144 0.7742857142857142 0.16214285714285723 0.7742857142857142 0.16214285714285723 1 0.3142857142857144 1
3 0.6135714285714287 0.8038095238095239 0.5285714285714286 0.8038095238095239 0.5285714285714287 1 0.6135714285714288 1
3 0.7271428571428572 0.801904761904762 0.6257142857142857 0.8019047619047619 0.6257142857142858 1 0.7271428571428573 1
7 0.42214285714285715 0.1828571428571429 0.40214285714285714 0.1828571428571429 0.40214285714285714 0.22190476190476197 0.42214285714285715 0.22190476190476197
7 0.4907142857142857 0.2676190476190477 0.4807142857142857 0.2676190476190477 0.4807142857142857 0.30476190476190484 0.4907142857142857 0.30476190476190484
6 0.41928571428571426 0.3847619047619048 0.32285714285714284 0.38476190476190475 0.3228571428571429 0.47047619047619055 0.41928571428571426 0.4704761904761906