7 0.14285714285714293 0.8895238095238095 0.08428571428571437 0.8895238095238095 0.08428571428571437 0.9876190476190476 0.14285714285714293 0.9876190476190476
3 0.11928571428571437 0.7457142857142857 6.849274598088411e-17 0.7457142857142857 7.369749487726036e-17 0.8590476190476191 0.11928571428571437 0.8590476190476191
3 0.3214285714285715 0.6133333333333333 0.14214285714285718 0.6133333333333333 0.1421428571428572 0.7228571428571429 0.3214285714285715 0.7228571428571429
11 0.2071428571428572 0.5342857142857143 0.06857142857142862 0.5342857142857143 0.06857142857142862 0.6476190476190476 0.2071428571428572 0.6476190476190476
7 0.8807142857142857 0.8333333333333336 0.8492857142857143 0.8333333333333336 0.8492857142857143 0.9352380952380954 0.8807142857142857 0.9352380952380954
1 0.9021428571428571 0.8409523809523811 0.8335714285714285 0.8409523809523811 0.8335714285714285 0.9304761904761907 0.9021428571428571 0.9304761904761907
7 0.8221428571428572 0.4342857142857144 0.8092857142857143 0.4342857142857144 0.8092857142857143 0.47714285714285726 0.8221428571428572 0.47714285714285726
8 0.9892857142857143 0.2904761904761906 0.9828571428571429 0.2904761904761906 0.9828571428571429 0.30476190476190484 0.9892857142857143 0.30476190476190484
8 0.7435714285714285 0.3476190476190477 0.7357142857142858 0.3476190476190477 0.7357142857142858 0.3723809523809525 0.7435714285714285 0.3723809523809525
8 0.9707142857142858 0.27333333333333343 0.9614285714285714 0.27333333333333343 0.9614285714285714 0.29238095238095246 0.9707142857142858 0.29238095238095246
8 0.555 0.38476190476190486 0.5435714285714286 0.38476190476190486 0.5435714285714286 0.41428571428571437 0.555 0.41428571428571437
8 0.5271428571428571 0.37333333333333346 0.5164285714285715 0.37333333333333346 0.5164285714285715 0.40285714285714297 0.5271428571428571 0.40285714285714297
8 0.22142857142857142 0.4038095238095238 0.21 0.4038095238095238 0.21 0.42952380952380953 0.22142857142857142 0.42952380952380953
8 0.22071428571428572 0.40190476190476193 0.20714285714285716 0.40190476190476193 0.20714285714285716 0.42952380952380953 0.22071428571428572 0.42952380952380953
8 0.17142857142857146 0.38476190476190475 0.15928571428571434 0.38476190476190475 0.15928571428571434 0.4104761904761905 0.17142857142857146 0.4104761904761905
8 0.16500000000000004 0.3504761904761905 0.1571428571428572 0.3504761904761905 0.1571428571428572 0.37238095238095237 0.16500000000000004 0.37238095238095237
8 0.09714285714285718 0.44 0.08142857142857148 0.44 0.08142857142857148 0.48 0.09714285714285718 0.48
5 0.11285714285714289 0.4561904761904762 0.0678571428571429 0.4561904761904762 0.0678571428571429 0.4847619047619048 0.11285714285714289 0.4847619047619048
5 0.22857142857142856 0.4142857142857143 0.20642857142857143 0.4142857142857143 0.20642857142857143 0.439047619047619 0.22857142857142856 0.439047619047619
5 0.17071428571428576 0.35714285714285715 0.15571428571428575 0.35714285714285715 0.15571428571428575 0.3742857142857143 0.17071428571428576 0.3742857142857143
1 0.17500000000000004 0.3942857142857143 0.15928571428571434 0.3942857142857143 0.15928571428571434 0.4180952380952381 0.17500000000000004 0.4180952380952381
5 0.5321428571428571 0.3885714285714287 0.5121428571428571 0.3885714285714287 0.5121428571428571 0.4057142857142858 0.5321428571428571 0.4057142857142858
1 0.5614285714285714 0.3961904761904763 0.5357142857142857 0.3961904761904763 0.5357142857142857 0.41904761904761917 0.5614285714285714 0.41904761904761917
1 0.9221428571428572 0.3142857142857144 0.905 0.3142857142857144 0.905 0.32666666666666677 0.9221428571428572 0.32666666666666677
5 0.7492857142857143 0.3609523809523811 0.7292857142857143 0.3609523809523811 0.7292857142857143 0.3742857142857144 0.7492857142857143 0.3742857142857144
5 0.9914285714285714 0.29523809523809535 0.9757142857142858 0.29523809523809535 0.9757142857142858 0.30952380952380965 0.9914285714285714 0.30952380952380965
8 0.9185714285714286 0.30476190476190484 0.9114285714285715 0.30476190476190484 0.9114285714285715 0.32571428571428584 0.9185714285714286 0.32571428571428584
7 0.12928571428571434 0.43047619047619046 0.11428571428571432 0.43047619047619046 0.11428571428571432 0.4704761904761905 0.12928571428571434 0.4704761904761905
7 0.15285714285714289 0.3942857142857143 0.14000000000000004 0.3942857142857143 0.14000000000000004 0.4361904761904762 0.15285714285714289 0.4361904761904762
7 0.13857142857142862 0.3942857142857143 0.12642857142857147 0.3942857142857143 0.12642857142857147 0.4342857142857143 0.13857142857142862 0.4342857142857143
7 0.3028571428571429 0.3933333333333333 0.2907142857142857 0.3933333333333333 0.2907142857142857 0.43047619047619046 0.3028571428571429 0.43047619047619046
7 0.2764285714285714 0.3838095238095238 0.26357142857142857 0.3838095238095238 0.26357142857142857 0.42095238095238097 0.2764285714285714 0.42095238095238097
7 0.24428571428571427 0.37047619047619046 0.2342857142857143 0.37047619047619046 0.2342857142857143 0.40285714285714286 0.24428571428571427 0.40285714285714286
7 0.2357142857142857 0.36857142857142855 0.22357142857142856 0.36857142857142855 0.22357142857142856 0.4 0.2357142857142857 0.4
7 0.22428571428571428 0.36 0.21428571428571427 0.36 0.21428571428571427 0.3914285714285714 0.22428571428571428 0.3914285714285714
7 0.195 0.3504761904761905 0.18357142857142858 0.3504761904761905 0.18357142857142858 0.3838095238095238 0.195 0.3838095238095238
7 0.185 0.3485714285714286 0.17500000000000004 0.3485714285714286 0.17500000000000004 0.3742857142857143 0.185 0.3742857142857143
7 0.20714285714285716 0.35333333333333333 0.19857142857142857 0.35333333333333333 0.19857142857142857 0.3819047619047619 0.20714285714285716 0.3819047619047619
7 0.215 0.3580952380952381 0.205 0.3580952380952381 0.205 0.38761904761904764 0.215 0.38761904761904764
7 0.22071428571428572 0.35619047619047617 0.21285714285714286 0.35619047619047617 0.21285714285714286 0.38666666666666666 0.22071428571428572 0.38666666666666666
7 0.23142857142857143 0.36095238095238097 0.22357142857142856 0.36095238095238097 0.22357142857142856 0.38857142857142857 0.23142857142857143 0.38857142857142857
7 0.24071428571428571 0.3647619047619048 0.23142857142857143 0.3647619047619048 0.23142857142857143 0.4 0.24071428571428571 0.4
7 0.24 0.36 0.23 0.36 0.23 0.3961904761904762 0.24 0.3961904761904762
7 0.25 0.3647619047619048 0.23857142857142857 0.3647619047619048 0.23857142857142857 0.40190476190476193 0.25 0.40190476190476193
7 0.26 0.3780952380952381 0.24857142857142858 0.3780952380952381 0.24857142857142858 0.4114285714285714 0.26 0.4114285714285714
7 0.26857142857142857 0.3838095238095238 0.25642857142857145 0.3838095238095238 0.25642857142857145 0.41714285714285715 0.26857142857142857 0.41714285714285715
7 0.2642857142857143 0.37238095238095237 0.255 0.37238095238095237 0.255 0.4066666666666667 0.2642857142857143 0.4066666666666667
7 0.2764285714285714 0.379047619047619 0.265 0.379047619047619 0.265 0.42 0.2764285714285714 0.42
7 0.285 0.38476190476190475 0.27214285714285713 0.38476190476190475 0.27214285714285713 0.41714285714285715 0.285 0.41714285714285715
3 0.20214285714285715 0.36952380952380953 0.15500000000000005 0.36952380952380953 0.15500000000000005 0.4076190476190476 0.20214285714285715 0.4076190476190476
3 0.1378571428571429 0.3504761904761905 0.09071428571428576 0.3504761904761905 0.09071428571428576 0.379047619047619 0.1378571428571429 0.379047619047619
3 0.52 0.3476190476190477 0.5114285714285715 0.3476190476190477 0.5114285714285715 0.3780952380952382 0.52 0.3780952380952382
3 0.5592857142857143 0.3447619047619049 0.5492857142857143 0.3447619047619049 0.5492857142857143 0.3761904761904763 0.5592857142857143 0.3761904761904763
2 0.7364285714285714 0.33523809523809533 0.5807142857142857 0.33523809523809533 0.5807142857142857 0.421904761904762 0.7364285714285714 0.421904761904762
3 0.7471428571428571 0.37904761904761913 0.6842857142857143 0.37904761904761913 0.6842857142857143 0.42666666666666675 0.7471428571428571 0.42666666666666675
3 0.8157142857142857 0.3923809523809525 0.7471428571428571 0.3923809523809525 0.7471428571428571 0.4371428571428573 0.8157142857142857 0.4371428571428573
3 0.8364285714285714 0.3609523809523811 0.7792857142857142 0.3609523809523811 0.7792857142857142 0.39714285714285724 0.8364285714285714 0.39714285714285724
3 0.8192857142857143 0.3466666666666668 0.7635714285714286 0.3466666666666668 0.7635714285714286 0.38666666666666677 0.8192857142857143 0.38666666666666677
3 0.8864285714285715 0.36857142857142866 0.8228571428571428 0.36857142857142866 0.8228571428571428 0.4076190476190477 0.8864285714285715 0.4076190476190477
11 0.8814285714285715 0.32571428571428584 0.8235714285714286 0.32571428571428584 0.8235714285714286 0.3638095238095239 0.8814285714285715 0.3638095238095239
3 0.9014285714285715 0.3466666666666668 0.8485714285714285 0.3466666666666668 0.8485714285714285 0.38095238095238104 0.9014285714285715 0.38095238095238104
3 0.9492857142857143 0.35333333333333344 0.8907142857142857 0.35333333333333344 0.8907142857142857 0.3923809523809525 0.9492857142857143 0.3923809523809525
3 0.945 0.31333333333333346 0.8971428571428571 0.31333333333333346 0.8971428571428571 0.3466666666666668 0.945 0.3466666666666668
3 0.9471428571428572 0.3333333333333334 0.8971428571428571 0.3333333333333334 0.8971428571428571 0.3657142857142858 0.9471428571428572 0.3657142857142858
3 0.9885714285714285 0.3380952380952382 0.9407142857142857 0.3380952380952382 0.9407142857142857 0.37142857142857155 0.9885714285714285 0.37142857142857155
3 0.985 0.31904761904761914 0.9407142857142857 0.31904761904761914 0.9407142857142857 0.3476190476190477 0.985 0.3476190476190477
3 0.9764285714285714 0.30761904761904774 0.9478571428571428 0.30761904761904774 0.9478571428571428 0.3304761904761906 0.9764285714285714 0.3304761904761906
3 0.9907142857142858 0.31142857142857155 0.9642857142857143 0.31142857142857155 0.9642857142857143 0.3380952380952382 0.9907142857142858 0.3380952380952382
11 0.2307142857142857 0.3295238095238095 0.2 0.3295238095238095 0.2 0.379047619047619 0.2307142857142857 0.379047619047619
10 0.9471428571428572 0.26095238095238105 0.8842857142857142 0.26095238095238105 0.8842857142857142 0.3038095238095239 0.9471428571428572 0.3038095238095239