7 0.33214285714285713 0.004761904761904816 0.32857142857142857 0.004761904761904816 0.32857142857142857 0.020000000000000052 0.33214285714285713 0.020000000000000052
7 0.3442857142857143 0.06571428571428577 0.3392857142857143 0.06571428571428577 0.3392857142857143 0.08285714285714291 0.3442857142857143 0.08285714285714291
7 0.32571428571428573 5.295139493456175e-17 0.32285714285714284 5.27181288775813e-17 0.32285714285714284 0.009523809523809578 0.32571428571428573 0.009523809523809578
4 0.3442857142857143 0.2923809523809524 0.3314285714285714 0.2923809523809524 0.3314285714285714 0.320952380952381 0.3442857142857143 0.32095238095238104
4 0.3442857142857143 0.3371428571428572 0.30857142857142855 0.33714285714285713 0.30857142857142855 0.39619047619047626 0.3442857142857143 0.3961904761904763
4 0.29428571428571426 0.3304761904761905 0.2714285714285714 0.3304761904761905 0.2714285714285714 0.39714285714285713 0.29428571428571426 0.39714285714285713
7 0.315 0.40476190476190477 0.3107142857142857 0.40476190476190477 0.3107142857142857 0.4257142857142857 0.315 0.4257142857142857
7 0.3192857142857143 0.4 0.315 0.4 0.315 0.4219047619047619 0.3192857142857143 0.4219047619047619
11 0.30214285714285716 0.43333333333333335 0.27785714285714286 0.43333333333333335 0.2778571428571429 0.49523809523809526 0.3021428571428572 0.49523809523809526
3 0.34214285714285725 0.4590476190476191 0.3100000000000001 0.45904761904761904 0.3100000000000001 0.520952380952381 0.34214285714285725 0.520952380952381
3 0.32428571428571434 0.6038095238095238 0.2950000000000001 0.6038095238095238 0.2950000000000001 0.6828571428571428 0.32428571428571434 0.6828571428571428
3 0.32785714285714296 0.6980952380952381 0.2950000000000001 0.6980952380952381 0.2950000000000001 0.7847619047619048 0.32785714285714296 0.7847619047619048
7 0.3407142857142858 0.7771428571428571 0.3350000000000001 0.7771428571428571 0.3350000000000001 0.799047619047619 0.3407142857142858 0.799047619047619
7 0.3450000000000001 0.7790476190476191 0.34214285714285725 0.7790476190476191 0.34214285714285725 0.800952380952381 0.3450000000000001 0.800952380952381
7 0.35142857142857153 0.7628571428571429 0.34857142857142864 0.7628571428571429 0.34857142857142864 0.780952380952381 0.35142857142857153 0.780952380952381
7 0.3564285714285715 0.7685714285714286 0.35357142857142865 0.7685714285714286 0.35357142857142865 0.7914285714285715 0.3564285714285715 0.7914285714285715
7 0.3678571428571429 0.7657142857142857 0.3607142857142858 0.7657142857142857 0.3607142857142858 0.7923809523809524 0.3678571428571429 0.7923809523809524
7 0.3621428571428572 0.8266666666666667 0.35785714285714293 0.8266666666666667 0.35785714285714293 0.8542857142857143 0.3621428571428572 0.8542857142857143
7 0.3571428571428572 0.820952380952381 0.3521428571428572 0.820952380952381 0.3521428571428572 0.840952380952381 0.3571428571428572 0.840952380952381
7 0.4257142857142857 0.7609523809523809 0.4185714285714286 0.7609523809523809 0.4185714285714286 0.7923809523809524 0.4257142857142857 0.7923809523809524
7 0.4157142857142857 0.7695238095238095 0.4085714285714286 0.7695238095238095 0.4085714285714286 0.8 0.4157142857142857 0.8
11 0.5728571428571431 0.9419047619047619 0.4664285714285716 0.9419047619047619 0.4664285714285716 0.9990476190476191 0.5728571428571431 0.9990476190476191
3 0.5557142857142858 0.8828571428571429 0.4707142857142857 0.8828571428571429 0.4707142857142858 0.9580952380952381 0.5557142857142858 0.9580952380952381
3 0.5464285714285714 0.8238095238095238 0.465 0.8238095238095238 0.465 0.88 0.5464285714285714 0.88
3 0.5278571428571428 0.7704761904761904 0.45357142857142857 0.7704761904761904 0.45357142857142857 0.8276190476190476 0.5278571428571428 0.8276190476190476
3 0.5185714285714286 0.7104761904761905 0.4471428571428571 0.7104761904761905 0.4471428571428571 0.7723809523809524 0.5185714285714286 0.7723809523809524
3 0.5078571428571429 0.6666666666666666 0.43714285714285717 0.6666666666666666 0.43714285714285717 0.7257142857142858 0.5078571428571429 0.7257142857142858
3 0.4942857142857143 0.6352380952380953 0.43 0.6352380952380953 0.43 0.6885714285714286 0.4942857142857143 0.6885714285714286
3 0.4857142857142857 0.6066666666666667 0.4235714285714286 0.6066666666666667 0.4235714285714286 0.6523809523809524 0.4857142857142857 0.6523809523809524
3 0.4907142857142857 0.5685714285714286 0.42142857142857143 0.5685714285714286 0.42142857142857143 0.6180952380952381 0.4907142857142857 0.6180952380952381
3 0.4692857142857143 0.5361904761904762 0.4114285714285714 0.5361904761904762 0.4114285714285714 0.5752380952380952 0.4692857142857143 0.5752380952380952
11 0.4592857142857143 0.5019047619047619 0.4057142857142857 0.5019047619047619 0.4057142857142857 0.5485714285714286 0.4592857142857143 0.5485714285714286
7 0.4114285714285714 0.6114285714285714 0.40714285714285714 0.6114285714285714 0.40714285714285714 0.6342857142857142 0.4114285714285714 0.6342857142857142
7 0.4157142857142857 0.6142857142857143 0.4114285714285714 0.6142857142857143 0.4114285714285714 0.6371428571428571 0.4157142857142857 0.6371428571428571
7 0.4042857142857143 0.6114285714285714 0.3964285714285714 0.6114285714285714 0.3964285714285714 0.6428571428571429 0.4042857142857143 0.6428571428571429
3 0.5735714285714286 0.518095238095238 0.54 0.518095238095238 0.54 0.5866666666666667 0.5735714285714286 0.5866666666666667
3 0.6557142857142857 0.4657142857142858 0.62 0.4657142857142858 0.62 0.5219047619047619 0.6557142857142857 0.5219047619047619
3 0.5842857142857143 0.43904761904761913 0.5457142857142857 0.43904761904761913 0.5457142857142857 0.5009523809523809 0.5842857142857143 0.5009523809523809
11 0.5542857142857143 0.38095238095238104 0.5092857142857142 0.38095238095238104 0.5092857142857142 0.4323809523809525 0.5542857142857143 0.4323809523809525
3 0.45357142857142857 0.44380952380952393 0.3985714285714286 0.44380952380952393 0.3985714285714286 0.4838095238095239 0.45357142857142857 0.4838095238095239
3 0.6021428571428571 0.3600000000000001 0.5721428571428572 0.3600000000000001 0.5721428571428572 0.4066666666666668 0.6021428571428571 0.4066666666666668
3 0.6342857142857142 0.3323809523809525 0.605 0.3323809523809525 0.605 0.3761904761904763 0.6342857142857142 0.3761904761904763
3 0.6614285714285715 0.38666666666666677 0.6307142857142857 0.38666666666666677 0.6307142857142857 0.43523809523809537 0.6614285714285715 0.43523809523809537
3 0.43714285714285717 0.421904761904762 0.39071428571428574 0.421904761904762 0.39071428571428574 0.45714285714285724 0.43714285714285717 0.45714285714285724
3 0.44571428571428573 0.36761904761904773 0.3992857142857143 0.36761904761904773 0.3992857142857143 0.40095238095238106 0.44571428571428573 0.40095238095238106
11 0.43642857142857144 0.3923809523809525 0.38642857142857145 0.3923809523809525 0.38642857142857145 0.43523809523809537 0.43642857142857144 0.43523809523809537
3 0.43 0.3342857142857144 0.3921428571428571 0.3342857142857144 0.3921428571428571 0.362857142857143 0.43 0.362857142857143
3 0.56 0.281904761904762 0.5357142857142857 0.281904761904762 0.5357142857142857 0.31904761904761914 0.56 0.31904761904761914
3 0.6107142857142858 0.2857142857142858 0.5835714285714285 0.2857142857142858 0.5835714285714285 0.3285714285714287 0.6107142857142858 0.3285714285714287
3 0.5857142857142857 0.23904761904761915 0.565 0.23904761904761915 0.565 0.2695238095238096 0.5857142857142857 0.2695238095238096
3 0.5464285714285714 0.22476190476190486 0.5142857142857142 0.22476190476190486 0.5142857142857142 0.2600000000000001 0.5464285714285714 0.2600000000000001
3 0.5542857142857143 0.16857142857142868 0.5335714285714286 0.16857142857142868 0.5335714285714286 0.1980952380952382 0.5542857142857143 0.1980952380952382
3 0.43642857142857144 0.3161904761904763 0.38785714285714284 0.3161904761904763 0.38785714285714284 0.341904761904762 0.43642857142857144 0.341904761904762
3 0.43 0.2961904761904763 0.38785714285714284 0.2961904761904763 0.38785714285714284 0.31904761904761914 0.43 0.31904761904761914
3 0.4278571428571429 0.282857142857143 0.3842857142857143 0.282857142857143 0.3842857142857143 0.3009523809523811 0.4278571428571429 0.3009523809523811
3 0.41785714285714287 0.25904761904761914 0.37714285714285717 0.25904761904761914 0.37714285714285717 0.2866666666666668 0.41785714285714287 0.2866666666666668
3 0.42142857142857143 0.24476190476190487 0.3821428571428571 0.24476190476190487 0.3821428571428571 0.2685714285714287 0.42142857142857143 0.2685714285714287
3 0.4085714285714286 0.23047619047619053 0.36857142857142855 0.23047619047619053 0.36857142857142855 0.2561904761904763 0.4085714285714286 0.2561904761904763
3 0.39785714285714285 0.21523809523809528 0.3657142857142857 0.21523809523809528 0.3657142857142857 0.2390476190476191 0.39785714285714285 0.2390476190476191
3 0.4042857142857143 0.19238095238095243 0.36642857142857144 0.19238095238095243 0.36642857142857144 0.2171428571428572 0.4042857142857143 0.2171428571428572
3 0.4957142857142857 0.14666666666666672 0.47928571428571426 0.14666666666666672 0.47928571428571426 0.17428571428571435 0.4957142857142857 0.17428571428571435
3 0.5385714285714286 0.1400000000000001 0.5192857142857142 0.1400000000000001 0.5192857142857142 0.16476190476190486 0.5385714285714286 0.16476190476190486
3 0.4607142857142857 0.09428571428571436 0.445 0.09428571428571436 0.445 0.12190476190476196 0.4607142857142857 0.12190476190476196
3 0.4807142857142857 0.09809523809523818 0.4642857142857143 0.09809523809523818 0.4642857142857143 0.11904761904761912 0.4807142857142857 0.11904761904761912
3 0.5278571428571428 0.11238095238095246 0.5085714285714286 0.11238095238095246 0.5085714285714286 0.1400000000000001 0.5278571428571428 0.1400000000000001
3 0.5071428571428571 0.07428571428571437 0.49142857142857144 0.07428571428571437 0.49142857142857144 0.09523809523809532 0.5071428571428571 0.09523809523809532
3 0.47214285714285714 0.029523809523809598 0.4564285714285714 0.029523809523809598 0.4564285714285714 0.050476190476190556 0.47214285714285714 0.050476190476190556
3 0.4521428571428571 0.03238095238095245 0.43785714285714283 0.03238095238095245 0.43785714285714283 0.05047619047619054 0.4521428571428571 0.05047619047619054
3 0.42642857142857143 0.011428571428571498 0.4135714285714286 0.011428571428571496 0.4135714285714286 0.0333333333333334 0.42642857142857143 0.0333333333333334
3 0.44571428571428573 0.0038095238095238815 0.435 0.0038095238095238806 0.435 0.02000000000000007 0.44571428571428573 0.020000000000000073
10 0.48142857142857143 0.015238095238095316 0.4685714285714286 0.015238095238095313 0.4685714285714286 0.03714285714285723 0.48142857142857143 0.03714285714285723
3 0.39571428571428574 0.1828571428571429 0.36357142857142855 0.1828571428571429 0.36357142857142855 0.1990476190476191 0.39571428571428574 0.1990476190476191
11 0.3992857142857143 0.1666666666666667 0.37214285714285716 0.1666666666666667 0.37214285714285716 0.18666666666666673 0.3992857142857143 0.18666666666666673
11 0.3964285714285714 0.15047619047619054 0.36428571428571427 0.15047619047619054 0.36428571428571427 0.17238095238095244 0.3964285714285714 0.17238095238095244
3 0.38857142857142857 0.1371428571428572 0.3607142857142857 0.1371428571428572 0.3607142857142857 0.1514285714285715 0.38857142857142857 0.1514285714285715
3 0.39071428571428574 0.120952380952381 0.36 0.120952380952381 0.36 0.13904761904761911 0.39071428571428574 0.13904761904761911
3 0.385 0.11142857142857149 0.35714285714285715 0.11142857142857149 0.35714285714285715 0.12761904761904766 0.385 0.12761904761904766
3 0.38285714285714284 0.10000000000000006 0.3485714285714286 0.10000000000000006 0.3485714285714286 0.11619047619047625 0.38285714285714284 0.11619047619047625
3 0.37714285714285717 0.08285714285714291 0.3464285714285714 0.08285714285714291 0.3464285714285714 0.10285714285714291 0.37714285714285717 0.10285714285714291
3 0.37785714285714284 0.07238095238095243 0.3507142857142857 0.07238095238095243 0.3507142857142857 0.08761904761904768 0.37785714285714284 0.08761904761904768
3 0.3742857142857143 0.06000000000000006 0.3457142857142857 0.06000000000000005 0.3457142857142857 0.07809523809523815 0.3742857142857143 0.07809523809523815
3 0.38 0.05142857142857149 0.35 0.05142857142857148 0.35 0.06952380952380957 0.38 0.06952380952380957
3 0.37285714285714283 0.044761904761904815 0.3457142857142857 0.044761904761904815 0.3457142857142857 0.06000000000000005 0.37285714285714283 0.06000000000000005
3 0.37357142857142855 0.03619047619047625 0.34714285714285714 0.036190476190476245 0.34714285714285714 0.04857142857142863 0.37357142857142855 0.04857142857142864
3 0.3742857142857143 0.026666666666666724 0.3485714285714286 0.02666666666666672 0.3485714285714286 0.041904761904761965 0.3742857142857143 0.04190476190476197
3 0.37142857142857144 0.018095238095238154 0.34785714285714286 0.01809523809523815 0.34785714285714286 0.032380952380952434 0.37142857142857144 0.032380952380952434
3 0.36714285714285716 0.009523809523809582 0.3414285714285714 0.009523809523809578 0.3414285714285714 0.024761904761904818 0.36714285714285716 0.02476190476190482
3 0.35642857142857143 0.002857142857142914 0.3342857142857143 0.0028571428571429122 0.3342857142857143 0.0171428571428572 0.35642857142857143 0.017142857142857203
3 0.4735714285714286 0.007619047619047695 0.46 0.007619047619047694 0.46 0.027619047619047692 0.4735714285714286 0.027619047619047692
3 0.5028571428571429 0.057142857142857224 0.48214285714285715 0.057142857142857224 0.48214285714285715 0.07809523809523818 0.5028571428571429 0.07809523809523818
3 0.5178571428571429 0.09428571428571436 0.5014285714285714 0.09428571428571436 0.5014285714285714 0.11714285714285723 0.5178571428571429 0.11714285714285723
3 0.5571428571428572 0.20857142857142869 0.5321428571428571 0.20857142857142869 0.5321428571428571 0.2400000000000001 0.5571428571428572 0.2400000000000001
3 0.5707142857142857 0.1980952380952382 0.5485714285714286 0.1980952380952382 0.5485714285714286 0.22952380952380963 0.5707142857142857 0.22952380952380963
7 0.3492857142857143 0.06666666666666672 0.3464285714285714 0.06666666666666672 0.3464285714285714 0.0771428571428572 0.3492857142857143 0.0771428571428572
7 0.5192857142857142 0.020952380952381038 0.515 0.020952380952381035 0.515 0.034285714285714364 0.5192857142857142 0.034285714285714364
7 0.4992857142857143 0.03714285714285723 0.49642857142857144 0.03714285714285723 0.49642857142857144 0.0495238095238096 0.4992857142857143 0.0495238095238096
7 0.5907142857142857 0.06380952380952391 0.5878571428571429 0.06380952380952391 0.5878571428571429 0.07523809523809534 0.5907142857142857 0.07523809523809534
7 0.5785714285714286 0.11047619047619056 0.5742857142857143 0.11047619047619056 0.5742857142857143 0.12380952380952391 0.5785714285714286 0.12380952380952391
7 0.5721428571428572 0.11333333333333341 0.5692857142857143 0.11333333333333341 0.5692857142857143 0.12476190476190487 0.5721428571428572 0.12476190476190487
5 0.4057142857142857 0.12000000000000005 0.3942857142857143 0.12000000000000005 0.3942857142857143 0.13047619047619052 0.4057142857142857 0.13047619047619052
7 0.41214285714285714 0.16285714285714292 0.4085714285714286 0.16285714285714292 0.4085714285714286 0.17809523809523814 0.41214285714285714 0.17809523809523814
7 0.49142857142857144 0.21333333333333337 0.48428571428571426 0.21333333333333337 0.48428571428571426 0.23238095238095244 0.49142857142857144 0.23238095238095244
3 0.47214285714285714 0.22285714285714292 0.4521428571428571 0.22285714285714292 0.4521428571428571 0.2561904761904763 0.47214285714285714 0.2561904761904763
4 0.425 0.04476190476190483 0.38571428571428573 0.04476190476190483 0.38571428571428573 0.1152380952380953 0.425 0.11523809523809532
3 0.49857142857142855 0.30952380952380965 0.4692857142857143 0.30952380952380965 0.4692857142857143 0.3504761904761906 0.49857142857142855 0.3504761904761906
7 0.5057142857142857 0.12095238095238103 0.5014285714285714 0.12095238095238103 0.5014285714285714 0.1400000000000001 0.5057142857142857 0.1400000000000001
7 0.5107142857142857 0.12380952380952391 0.5071428571428571 0.12380952380952391 0.5071428571428571 0.13809523809523822 0.5107142857142857 0.13809523809523822
3 0.5492857142857143 0.01619047619047628 0.535 0.01619047619047628 0.535 0.03238095238095247 0.5492857142857143 0.032380952380952475
3 0.5685714285714286 0.013333333333333424 0.5535714285714286 0.013333333333333424 0.5535714285714286 0.03142857142857152 0.5685714285714286 0.03142857142857152
3 0.5578571428571428 0.03809523809523818 0.5285714285714286 0.038095238095238175 0.5285714285714286 0.054285714285714375 0.5578571428571428 0.05428571428571438
3 0.6028571428571429 0.010476190476190573 0.5885714285714285 0.010476190476190571 0.5885714285714285 0.02571428571428581 0.6028571428571429 0.025714285714285814
3 0.6185714285714285 0.009523809523809624 0.6057142857142858 0.009523809523809622 0.6057142857142858 0.023809523809523912 0.6185714285714285 0.023809523809523912
3 0.6292857142857143 0.05047619047619058 0.6121428571428571 0.05047619047619057 0.6121428571428571 0.07333333333333344 0.6292857142857143 0.07333333333333344
3 0.585 9.423948702010109e-17 0.5692857142857143 9.295652370670862e-17 0.5692857142857143 0.007619047619047712 0.585 0.007619047619047714
5 0.6157142857142858 0.14380952380952391 0.6042857142857143 0.14380952380952391 0.6042857142857143 0.1561904761904763 0.6157142857142858 0.1561904761904763
5 0.5921428571428572 0.0980952380952382 0.5785714285714286 0.09809523809523818 0.5785714285714286 0.10952380952380962 0.5921428571428572 0.10952380952380963
5 0.5785714285714286 0.08666666666666675 0.5685714285714286 0.08666666666666675 0.5685714285714286 0.09523809523809532 0.5785714285714286 0.09523809523809532
5 0.5735714285714286 0.07333333333333342 0.5628571428571428 0.07333333333333342 0.5628571428571428 0.08285714285714293 0.5735714285714286 0.08285714285714293
5 0.5164285714285715 0.32476190476190486 0.505 0.32476190476190486 0.505 0.3580952380952382 0.5164285714285715 0.3580952380952382
8 0.5128571428571429 0.32476190476190486 0.5057142857142857 0.32476190476190486 0.5057142857142857 0.341904761904762 0.5128571428571429 0.341904761904762
7 0.6828571428571428 0.22095238095238107 0.68 0.22095238095238107 0.68 0.23714285714285724 0.6828571428571428 0.23714285714285724
7 0.6892857142857143 0.2523809523809525 0.6864285714285714 0.2523809523809525 0.6864285714285714 0.2685714285714287 0.6892857142857143 0.2685714285714287
7 0.6614285714285715 0.2485714285714287 0.6571428571428571 0.2485714285714287 0.6571428571428571 0.26476190476190486 0.6614285714285715 0.26476190476190486
3 0.6821428571428572 0.1866666666666668 0.6342857142857142 0.1866666666666668 0.6342857142857142 0.24380952380952392 0.6821428571428572 0.24380952380952392
7 0.6721428571428572 0.14666666666666678 0.6692857142857143 0.14666666666666678 0.6692857142857143 0.16000000000000011 0.6721428571428572 0.16000000000000011
5 0.7050000000000002 0.9314285714285716 0.6921428571428573 0.9314285714285716 0.6921428571428573 0.9676190476190478 0.7050000000000002 0.9676190476190478
8 0.7007142857142858 0.9342857142857145 0.6942857142857144 0.9342857142857145 0.6942857142857144 0.9476190476190478 0.7007142857142858 0.9476190476190478
3 0.7192857142857143 0.764761904761905 0.665 0.764761904761905 0.665 0.8704761904761907 0.7192857142857143 0.8704761904761907
3 0.7492857142857143 0.6761904761904765 0.6992857142857143 0.6761904761904765 0.6992857142857143 0.7590476190476193 0.7492857142857143 0.7590476190476193
3 0.7828571428571428 0.6219047619047621 0.7371428571428571 0.6219047619047621 0.7371428571428571 0.7028571428571431 0.7828571428571428 0.7028571428571431
3 0.7507142857142857 0.5561904761904765 0.7057142857142857 0.5561904761904765 0.7057142857142857 0.6219047619047621 0.7507142857142857 0.6219047619047621
3 0.7114285714285714 0.4838095238095239 0.6714285714285714 0.4838095238095239 0.6714285714285714 0.5457142857142859 0.7114285714285714 0.5457142857142859
3 0.6842857142857143 0.43047619047619057 0.6485714285714286 0.43047619047619057 0.6485714285714286 0.481904761904762 0.6842857142857143 0.481904761904762
3 0.7428571428571429 0.32285714285714295 0.71 0.32285714285714295 0.71 0.35904761904761917 0.7428571428571429 0.35904761904761917
11 0.7164285714285714 0.2742857142857144 0.69 0.2742857142857144 0.69 0.3200000000000001 0.7164285714285714 0.3200000000000001
7 0.7328571428571429 0.27809523809523823 0.7278571428571429 0.27809523809523823 0.7278571428571429 0.29523809523809535 0.7328571428571429 0.29523809523809535
7 0.7057142857142857 0.21714285714285725 0.7007142857142857 0.21714285714285725 0.7007142857142857 0.23142857142857154 0.7057142857142857 0.23142857142857154
7 0.6992857142857143 0.2552380952380953 0.695 0.2552380952380953 0.695 0.2695238095238096 0.6992857142857143 0.2695238095238096
7 0.6992857142857143 0.20666666666666678 0.6935714285714286 0.20666666666666678 0.6935714285714286 0.22476190476190486 0.6992857142857143 0.22476190476190486
7 0.76 0.2714285714285715 0.7571428571428571 0.2714285714285715 0.7571428571428571 0.2876190476190477 0.76 0.2876190476190477
7 0.7528571428571429 0.2714285714285715 0.75 0.2714285714285715 0.75 0.28095238095238106 0.7528571428571429 0.28095238095238106
5 0.8207142857142857 0.29142857142857154 0.8135714285714286 0.29142857142857154 0.8135714285714286 0.30952380952380965 0.8207142857142857 0.30952380952380965
5 0.8292857142857143 0.29333333333333345 0.8221428571428572 0.29333333333333345 0.8221428571428572 0.31142857142857155 0.8292857142857143 0.31142857142857155
5 0.8421428571428572 0.2876190476190477 0.8328571428571429 0.2876190476190477 0.8328571428571429 0.30666666666666675 0.8421428571428572 0.30666666666666675
5 0.8528571428571429 0.2866666666666668 0.8478571428571429 0.2866666666666668 0.8478571428571429 0.30476190476190484 0.8528571428571429 0.30476190476190484
4 0.8664285714285714 0.2866666666666668 0.855 0.2866666666666668 0.855 0.32095238095238104 0.8664285714285714 0.32095238095238104
4 0.9185714285714286 0.2904761904761906 0.8928571428571429 0.2904761904761906 0.8928571428571429 0.3142857142857144 0.9185714285714286 0.3142857142857144
4 0.9957142857142857 0.2657142857142859 0.9178571428571428 0.26571428571428585 0.9178571428571428 0.31809523809523826 0.9957142857142857 0.3180952380952383
7 0.7542857142857143 0.29142857142857154 0.7471428571428571 0.29142857142857154 0.7471428571428571 0.31142857142857155 0.7542857142857143 0.31142857142857155
3 0.835 0.7209523809523811 0.7807142857142857 0.7209523809523811 0.7807142857142857 0.8142857142857145 0.835 0.8142857142857145
3 0.9178571428571428 0.8619047619047622 0.8442857142857143 0.8619047619047622 0.8442857142857143 0.979047619047619 0.9178571428571428 0.979047619047619
5 0.8378571428571429 0.8914285714285717 0.8264285714285714 0.8914285714285717 0.8264285714285714 0.9295238095238098 0.8378571428571429 0.9295238095238098
5 0.8192857142857143 0.8761904761904764 0.8092857142857143 0.8761904761904764 0.8092857142857143 0.9038095238095241 0.8192857142857143 0.9038095238095241
8 0.8178571428571428 0.8780952380952383 0.8114285714285714 0.8780952380952383 0.8114285714285714 0.8904761904761906 0.8178571428571428 0.8904761904761906
8 0.8357142857142857 0.8904761904761906 0.8292857142857143 0.8904761904761906 0.8292857142857143 0.9066666666666668 0.8357142857142857 0.9066666666666668