3 0.65 0.03714285714285724 0.5771428571428572 0.037142857142857234 0.5771428571428572 0.09619047619047628 0.65 0.0961904761904763
3 0.7278571428571429 0.2104761904761906 0.6457142857142857 0.2104761904761906 0.6457142857142857 0.3180952380952382 0.7278571428571429 0.3180952380952382
11 0.5771428571428572 0.08666666666666675 0.4878571428571429 0.08666666666666675 0.4878571428571429 0.18190476190476199 0.5771428571428572 0.181904761904762
11 0.48428571428571426 0.17428571428571435 0.37642857142857145 0.17428571428571435 0.37642857142857145 0.28095238095238106 0.48428571428571426 0.28095238095238106
11 0.37785714285714284 0.2657142857142858 0.27 0.26571428571428574 0.27 0.37809523809523815 0.37785714285714284 0.3780952380952382
11 0.5335714285714286 0.4209523809523811 0.4257142857142857 0.4209523809523811 0.4257142857142857 0.5514285714285714 0.5335714285714286 0.5514285714285714
3 0.6614285714285715 0.44476190476190486 0.5542857142857143 0.44476190476190486 0.5542857142857143 0.5742857142857143 0.6614285714285715 0.5742857142857143
3 0.16428571428571437 0.8438095238095238 7.750264743175392e-17 0.8438095238095238 8.46755786839027e-17 1 0.16428571428571437 1
3 0.2678571428571429 0.37238095238095237 0.1271428571428572 0.37238095238095237 0.1271428571428572 0.5085714285714286 0.26785714285714296 0.5085714285714286
3 0.12000000000000004 0.5028571428571429 0.001428571428571475 0.5028571428571429 0.0014285714285714821 0.660952380952381 0.12000000000000004 0.660952380952381
3 0.8457142857142858 0.5685714285714288 0.6707142857142857 0.5685714285714288 0.6707142857142857 0.8095238095238098 0.8457142857142858 0.8095238095238098