3 0.3107142857142858 0.40190476190476193 0.2557142857142857 0.40190476190476193 0.2557142857142857 0.54 0.3107142857142858 0.54
3 0.325 0.26 0.2764285714285714 0.26 0.2764285714285714 0.38285714285714284 0.325 0.38285714285714284
3 0.18714285714285714 0.2866666666666667 0.12642857142857147 0.2866666666666667 0.12642857142857147 0.41619047619047617 0.18714285714285714 0.41619047619047617
11 0.14142857142857146 0.4123809523809524 0.030714285714285756 0.4123809523809524 0.030714285714285756 0.48095238095238096 0.14142857142857146 0.48095238095238096
3 0.15071428571428575 0.47904761904761906 0.030714285714285756 0.47904761904761906 0.03071428571428576 0.5485714285714286 0.15071428571428575 0.5485714285714286
5 0.1028571428571429 0.3 0.08285714285714288 0.3 0.0828571428571429 0.35428571428571426 0.1028571428571429 0.35428571428571426
5 0.13357142857142862 0.27714285714285714 0.09785714285714289 0.27714285714285714 0.09785714285714289 0.3 0.13357142857142862 0.3
8 0.1178571428571429 0.2723809523809524 0.10214285714285719 0.2723809523809524 0.10214285714285719 0.29904761904761906 0.1178571428571429 0.29904761904761906
3 0.7214285714285714 0.46000000000000013 0.6721428571428572 0.46000000000000013 0.6721428571428572 0.5952380952380955 0.7214285714285714 0.5952380952380955
11 0.635 0.5638095238095238 0.5792857142857143 0.5638095238095238 0.5792857142857143 0.7304761904761905 0.635 0.7304761904761905
3 0.575 0.4057142857142858 0.5278571428571428 0.4057142857142858 0.5278571428571428 0.5342857142857143 0.575 0.5342857142857143
7 0.7664285714285715 0.481904761904762 0.745 0.481904761904762 0.745 0.5076190476190479 0.7664285714285715 0.5076190476190479
7 0.7585714285714286 0.4761904761904763 0.7457142857142857 0.4761904761904763 0.7457142857142857 0.4971428571428574 0.7585714285714286 0.4971428571428574
11 0.6128571428571429 0.3171428571428572 0.5742857142857143 0.3171428571428572 0.5742857142857143 0.41428571428571437 0.6128571428571429 0.41428571428571437
3 0.2878571428571429 0.7542857142857143 0.22214285714285723 0.7542857142857143 0.22214285714285723 0.9266666666666666 0.2878571428571429 0.9266666666666666
7 0.1364285714285715 0.6723809523809524 0.10714285714285722 0.6723809523809524 0.10714285714285722 0.6961904761904761 0.1364285714285715 0.6961904761904761
7 0.13928571428571437 0.7114285714285714 0.10714285714285722 0.7114285714285714 0.10714285714285722 0.7409523809523809 0.13928571428571437 0.7409523809523809
3 0.19000000000000009 0.8076190476190476 0.10928571428571436 0.8076190476190476 0.10928571428571436 1 0.19000000000000009 1
11 0.2642857142857143 3.959691317243109e-17 0.22071428571428572 3.603960580347925e-17 0.22071428571428572 0.06666666666666671 0.2642857142857143 0.06666666666666672
5 0.03714285714285722 0.819047619047619 7.522830337619455e-17 0.819047619047619 7.623426324692273e-17 0.840952380952381 0.03714285714285723 0.840952380952381
5 0.029285714285714366 0.878095238095238 8.065173920098998e-17 0.878095238095238 8.257618417107868e-17 0.92 0.029285714285714366 0.92
5 0.040000000000000084 0.92 8.450062914116738e-17 0.92 8.668749842535908e-17 0.9676190476190476 0.04000000000000009 0.9676190476190476