7 0.34428571428571436 0.916243654822335 0.3214285714285715 0.916243654822335 0.3214285714285715 0.9695431472081218 0.34428571428571436 0.9695431472081218
7 0.5028571428571429 0.9263959390862944 0.48928571428571427 0.9263959390862944 0.48928571428571427 0.9847715736040609 0.5028571428571429 0.9847715736040609
3 0.24571428571428572 0.05076142131979701 0.2307142857142857 0.05076142131979701 0.2307142857142857 0.06979695431472087 0.24571428571428572 0.06979695431472087
11 0.34 0.04187817258883256 0.3078571428571429 0.04187817258883256 0.3078571428571429 0.07233502538071074 0.34 0.07233502538071074
7 0.2714285714285714 0.005076142131979754 0.26785714285714285 0.005076142131979754 0.26785714285714285 0.021573604060913763 0.2714285714285714 0.02157360406091377
7 0.2671428571428571 5.773556927452306e-17 0.26357142857142857 5.734703919865144e-17 0.26357142857142857 0.012690355329949297 0.2671428571428571 0.012690355329949297
7 0.27714285714285714 0.0012690355329949838 0.2742857142857143 0.0012690355329949836 0.2742857142857143 0.020304568527918846 0.27714285714285714 0.020304568527918846
7 0.25285714285714284 0.03299492385786808 0.24857142857142858 0.03299492385786808 0.24857142857142858 0.04949238578680208 0.25285714285714284 0.04949238578680208
7 0.25285714285714284 0.03553299492385792 0.25 0.03553299492385792 0.25 0.05329949238578686 0.25285714285714284 0.05329949238578686
7 0.2864285714285714 0.030456852791878236 0.2835714285714286 0.030456852791878236 0.2835714285714286 0.05203045685279193 0.2864285714285714 0.05203045685279193
7 0.2892857142857143 0.032994923857868085 0.2857142857142857 0.032994923857868085 0.2857142857142857 0.05203045685279193 0.2892857142857143 0.05203045685279193
7 0.2892857142857143 0.03172588832487316 0.2857142857142857 0.03172588832487316 0.2857142857142857 0.04822335025380716 0.2892857142857143 0.04822335025380716
7 0.2957142857142857 0.04060913705583764 0.29214285714285715 0.04060913705583764 0.29214285714285715 0.05583756345177672 0.2957142857142857 0.05583756345177672
7 0.30357142857142855 0.03807106598984778 0.3007142857142857 0.03807106598984778 0.3007142857142857 0.0545685279187818 0.30357142857142855 0.0545685279187818
7 0.30714285714285716 0.043147208121827485 0.30357142857142855 0.043147208121827485 0.30357142857142855 0.059644670050761496 0.30714285714285716 0.059644670050761496
7 0.3057142857142857 0.06091370558375642 0.30142857142857143 0.06091370558375642 0.30142857142857143 0.07868020304568535 0.3057142857142857 0.07868020304568535
7 0.3092857142857143 0.059644670050761496 0.3057142857142857 0.059644670050761496 0.3057142857142857 0.07741116751269042 0.3092857142857143 0.07741116751269042
7 0.3342857142857143 0.06598984771573611 0.33 0.06598984771573611 0.33 0.08502538071065997 0.3342857142857143 0.08502538071065997
7 0.32357142857142857 0.07233502538071074 0.32 0.07233502538071074 0.32 0.09137055837563458 0.32357142857142857 0.09137055837563458
7 0.3271428571428571 0.07233502538071074 0.32285714285714284 0.07233502538071074 0.32285714285714284 0.09137055837563458 0.3271428571428571 0.09137055837563458
7 0.3442857142857143 0.09390862944162444 0.3414285714285714 0.09390862944162444 0.3414285714285714 0.11548223350253814 0.3442857142857143 0.11548223350253814
7 0.3492857142857143 0.10406091370558383 0.345 0.10406091370558383 0.345 0.12563451776649753 0.3492857142857143 0.12563451776649753
7 0.3535714285714286 0.13324873096446707 0.35 0.13324873096446707 0.35 0.15862944162436554 0.3535714285714286 0.15862944162436554
7 0.35928571428571426 0.12944162436548232 0.35428571428571426 0.12944162436548232 0.35428571428571426 0.1548223350253808 0.35928571428571426 0.1548223350253808
7 0.3871428571428571 0.12055837563451784 0.38142857142857145 0.12055837563451784 0.38142857142857145 0.14213197969543154 0.3871428571428571 0.14213197969543154
7 0.3892857142857143 0.17005076142131986 0.38285714285714284 0.17005076142131986 0.38285714285714284 0.19670050761421326 0.3892857142857143 0.19670050761421326
7 0.4392857142857143 0.19162436548223358 0.42928571428571427 0.19162436548223358 0.42928571428571427 0.22081218274111683 0.4392857142857143 0.22081218274111683
5 0.31285714285714283 0.08502538071065997 0.2985714285714286 0.08502538071065997 0.2985714285714286 0.1027918781725889 0.31285714285714283 0.1027918781725889
5 0.3157142857142857 0.08883248730964474 0.29928571428571427 0.08883248730964474 0.29928571428571427 0.10913705583756353 0.3157142857142857 0.10913705583756353
5 0.31857142857142856 0.09390862944162444 0.3028571428571429 0.09390862944162444 0.3028571428571429 0.11421319796954323 0.31857142857142856 0.11421319796954323
5 0.3242857142857143 0.1027918781725889 0.3057142857142857 0.1027918781725889 0.3057142857142857 0.12182741116751276 0.3242857142857143 0.12182741116751276
5 0.32571428571428573 0.10532994923857875 0.30714285714285716 0.10532994923857875 0.30714285714285716 0.1243654822335026 0.32571428571428573 0.1243654822335026
5 0.3292857142857143 0.10659898477157367 0.31 0.10659898477157367 0.31 0.12944162436548232 0.3292857142857143 0.12944162436548232
5 0.3314285714285714 0.10913705583756353 0.31214285714285717 0.10913705583756353 0.31214285714285717 0.13071065989847722 0.3314285714285714 0.13071065989847722
5 0.33714285714285713 0.11928934010152291 0.32 0.11928934010152291 0.32 0.14340101522842646 0.33714285714285713 0.14340101522842646
4 0.33285714285714285 0.1129441624365483 0.315 0.1129441624365483 0.315 0.12944162436548232 0.33285714285714285 0.12944162436548232
3 0.3442857142857143 0.12944162436548232 0.3292857142857143 0.12944162436548232 0.3292857142857143 0.15355329949238586 0.3442857142857143 0.15355329949238586
11 0.3535714285714286 0.13832487309644678 0.335 0.13832487309644678 0.335 0.1776649746192894 0.3535714285714286 0.1776649746192894
11 0.37142857142857144 0.1548223350253808 0.34714285714285714 0.1548223350253808 0.34714285714285714 0.20050761421319804 0.37142857142857144 0.20050761421319804
3 0.38642857142857145 0.17893401015228433 0.3578571428571429 0.17893401015228433 0.3578571428571429 0.22335025380710666 0.38642857142857145 0.22335025380710666
11 0.4057142857142857 0.20177664974619297 0.37857142857142856 0.20177664974619297 0.37857142857142856 0.2525380710659899 0.4057142857142857 0.2525380710659899
11 0.4307142857142857 0.23096446700507622 0.4 0.23096446700507622 0.4 0.2880710659898478 0.4307142857142857 0.2880710659898478
11 0.45285714285714285 0.26522842639593913 0.41928571428571426 0.26522842639593913 0.41928571428571426 0.32360406091370564 0.45285714285714285 0.32360406091370564
3 0.4757142857142857 0.3109137055837564 0.44 0.3109137055837564 0.44 0.3667512690355331 0.4757142857142857 0.3667512690355331
11 0.505 0.33629441624365497 0.465 0.33629441624365497 0.465 0.4137055837563453 0.505 0.4137055837563453
11 0.5814285714285714 0.45685279187817274 0.5307142857142857 0.45685279187817274 0.5307142857142857 0.5482233502538072 0.5814285714285714 0.5482233502538072
11 0.5414285714285715 0.3934010152284265 0.4907142857142857 0.3934010152284265 0.4907142857142857 0.47588832487309657 0.5414285714285715 0.47588832487309657
7 0.535 0.3680203045685281 0.5264285714285715 0.3680203045685281 0.5264285714285715 0.40482233502538084 0.535 0.40482233502538084
7 0.6678571428571428 0.5000000000000001 0.6471428571428571 0.5000000000000001 0.6471428571428571 0.535532994923858 0.6678571428571428 0.535532994923858
3 0.6314285714285715 0.535532994923858 0.5714285714285714 0.535532994923858 0.5714285714285714 0.6395939086294418 0.6314285714285715 0.6395939086294418
11 0.6907142857142857 0.5989847715736042 0.6164285714285714 0.5989847715736042 0.6164285714285714 0.7436548223350256 0.6907142857142857 0.7436548223350257
5 0.8678571428571429 0.9784263959390865 0.8435714285714285 0.9784263959390865 0.8435714285714285 0.9987309644670054 0.8678571428571429 0.9987309644670054
5 0.8521428571428571 0.954314720812183 0.8142857142857143 0.954314720812183 0.8142857142857143 0.9987309644670054 0.8521428571428571 0.9987309644670054
5 0.8392857142857143 0.9378172588832491 0.7921428571428571 0.9378172588832491 0.7921428571428571 0.9987309644670054 0.8392857142857143 0.9987309644670054
5 0.8242857142857143 0.9175126903553302 0.7785714285714286 0.9175126903553302 0.7785714285714286 0.9822335025380714 0.8242857142857143 0.9822335025380714
5 0.8192857142857143 0.8832487309644673 0.7685714285714286 0.8832487309644673 0.7685714285714286 0.9505076142131983 0.8192857142857143 0.9505076142131983
5 0.8028571428571428 0.8692893401015231 0.7592857142857142 0.8692893401015231 0.7592857142857142 0.9314720812182744 0.8028571428571428 0.9314720812182744
5 0.7164285714285714 0.7284263959390865 0.6721428571428572 0.7284263959390865 0.6721428571428572 0.7791878172588835 0.7164285714285714 0.7791878172588835
5 0.7335714285714285 0.7550761421319799 0.695 0.7550761421319799 0.695 0.8134517766497464 0.7335714285714285 0.8134517766497464
5 0.7335714285714285 0.7791878172588835 0.7028571428571428 0.7791878172588835 0.7028571428571428 0.8261421319796958 0.7335714285714285 0.8261421319796958
5 0.7571428571428571 0.7791878172588835 0.7121428571428572 0.7791878172588835 0.7121428571428572 0.8451776649746195 0.7571428571428571 0.8451776649746195
5 0.77 0.7982233502538074 0.725 0.7982233502538074 0.725 0.8654822335025384 0.77 0.8654822335025384
5 0.7678571428571429 0.8362944162436551 0.74 0.8362944162436551 0.74 0.8845177664974622 0.7678571428571429 0.8845177664974622
5 0.785 0.8616751269035536 0.7528571428571429 0.8616751269035536 0.7528571428571429 0.904822335025381 0.785 0.904822335025381
11 0.8464285714285714 0.38959390862944177 0.7771428571428571 0.38959390862944177 0.7771428571428571 0.47588832487309657 0.8464285714285714 0.47588832487309657
11 0.8821428571428571 0.33629441624365497 0.8164285714285714 0.33629441624365497 0.8164285714285714 0.40989847715736055 0.8821428571428571 0.40989847715736055
3 0.9257142857142857 0.3337563451776651 0.8764285714285714 0.3337563451776651 0.8764285714285714 0.38959390862944177 0.9257142857142857 0.38959390862944177
11 0.9607142857142857 0.3185279187817261 0.9171428571428571 0.3185279187817261 0.9171428571428571 0.3680203045685281 0.9607142857142857 0.3680203045685281
10 0.9385714285714286 0.26142131979695454 0.8928571428571429 0.26142131979695454 0.8928571428571429 0.33502538071066007 0.9385714285714286 0.33502538071066007
11 0.9585714285714285 0.2639593908629444 0.9107142857142857 0.2639593908629444 0.9107142857142857 0.3324873096446702 0.9585714285714285 0.3324873096446702
11 0.9771428571428571 0.2791878172588835 0.9342857142857143 0.2791878172588835 0.9342857142857143 0.3286802030456854 0.9771428571428571 0.3286802030456854
7 0.9985714285714286 0.31979695431472105 0.985 0.31979695431472105 0.985 0.35279187817258906 0.9985714285714286 0.3527918781725891