3 0.32571428571428573 0.1281725888324874 0.3028571428571429 0.1281725888324874 0.3028571428571429 0.19416243654822343 0.32571428571428573 0.19416243654822343
3 0.32857142857142857 0.20558375634517773 0.30857142857142855 0.20558375634517773 0.30857142857142855 0.26522842639593913 0.32857142857142857 0.26522842639593913
3 0.3414285714285714 0.2728426395939087 0.31785714285714284 0.2728426395939087 0.31785714285714284 0.32868020304568535 0.3414285714285714 0.3286802030456854
3 0.46214285714285713 0.4720812182741118 0.4185714285714286 0.4720812182741118 0.4185714285714286 0.5380710659898479 0.46214285714285713 0.5380710659898479
3 0.48214285714285715 0.44796954314720827 0.44357142857142856 0.44796954314720827 0.44357142857142856 0.5088832487309646 0.48214285714285715 0.5088832487309646
3 0.505 0.5431472081218276 0.4564285714285714 0.5431472081218276 0.4564285714285714 0.6078680203045687 0.505 0.6078680203045687
3 0.3592857142857144 0.6383248730964468 0.33000000000000007 0.6383248730964467 0.33000000000000007 0.7322335025380711 0.3592857142857144 0.7322335025380711
3 0.3892857142857143 0.6459390862944164 0.36357142857142866 0.6459390862944164 0.36357142857142866 0.7271573604060914 0.3892857142857143 0.7271573604060914
3 0.5328571428571428 0.44923857868020317 0.49 0.44923857868020317 0.49 0.5126903553299493 0.5328571428571428 0.5126903553299493
3 0.6335714285714286 0.6763959390862944 0.58 0.6763959390862944 0.58 0.7550761421319797 0.6335714285714286 0.7550761421319797
3 0.6935714285714286 0.7322335025380712 0.6392857142857142 0.7322335025380711 0.6392857142857142 0.818527918781726 0.6935714285714286 0.8185279187817261
3 0.7542857142857143 0.8121827411167516 0.6971428571428572 0.8121827411167516 0.6971428571428572 0.903553299492386 0.7542857142857143 0.903553299492386
3 0.9264285714285714 0.9200507614213201 0.86 0.9200507614213201 0.86 0.9987309644670054 0.9264285714285714 0.9987309644670054
3 0.885 0.8261421319796958 0.8271428571428572 0.8261421319796958 0.8271428571428572 0.9111675126903556 0.885 0.9111675126903556
3 0.9878571428571429 0.9454314720812186 0.9307142857142857 0.9454314720812186 0.9307142857142857 0.9987309644670054 0.9878571428571429 0.9987309644670054
3 0.19000000000000009 0.7093908629441624 0.1378571428571429 0.7093908629441624 0.1378571428571429 0.7436548223350253 0.19000000000000009 0.7436548223350253
3 0.1864285714285715 0.7461928934010152 0.1328571428571429 0.7461928934010152 0.1328571428571429 0.7817258883248731 0.1864285714285715 0.7817258883248731
3 0.18357142857142866 0.7753807106598984 0.13071428571428576 0.7753807106598984 0.13071428571428576 0.8248730964467005 0.18357142857142866 0.8248730964467005
3 0.17000000000000007 0.8477157360406091 0.13928571428571432 0.8477157360406091 0.13928571428571435 0.9302030456852792 0.17000000000000007 0.9302030456852792
3 0.15000000000000005 0.8147208121827412 0.08428571428571435 0.8147208121827412 0.08428571428571435 0.8642131979695431 0.15000000000000005 0.8642131979695431
3 0.14000000000000007 0.8642131979695431 0.07857142857142864 0.8642131979695431 0.07857142857142864 0.9086294416243654 0.14000000000000007 0.9086294416243654
3 0.1264285714285715 0.9086294416243654 0.06357142857142863 0.9086294416243654 0.06357142857142863 0.9555837563451777 0.1264285714285715 0.9555837563451777
3 0.11928571428571437 0.9555837563451777 0.05428571428571435 0.9555837563451777 0.05428571428571435 0.998730964467005 0.11928571428571437 0.998730964467005
3 0.1600000000000001 0.932741116751269 0.12357142857142865 0.932741116751269 0.12357142857142865 0.998730964467005 0.1600000000000001 0.998730964467005
11 0.44 0.37817258883248744 0.3985714285714286 0.37817258883248744 0.3985714285714286 0.4505076142131981 0.44 0.4505076142131981
11 0.5335714285714286 0.5088832487309646 0.49357142857142855 0.5088832487309646 0.49357142857142855 0.5723350253807108 0.5335714285714286 0.5723350253807108
11 0.5878571428571429 0.4974619289340103 0.54 0.4974619289340103 0.54 0.5774111675126905 0.5878571428571429 0.5774111675126905
11 0.57 0.5939086294416245 0.5214285714285715 0.5939086294416245 0.5214285714285715 0.6738578680203046 0.57 0.6738578680203046
11 0.66 0.6319796954314723 0.6114285714285714 0.6319796954314723 0.6114285714285714 0.7182741116751269 0.66 0.7182741116751269
11 0.7757142857142857 0.6941624365482236 0.7171428571428572 0.6941624365482236 0.7171428571428572 0.7842639593908632 0.7757142857142857 0.7842639593908632
11 0.7114285714285714 0.6256345177664976 0.6614285714285715 0.6256345177664976 0.6614285714285715 0.7131979695431474 0.7114285714285714 0.7131979695431475
11 0.7492857142857143 0.7322335025380714 0.6935714285714286 0.7322335025380714 0.6935714285714286 0.8185279187817261 0.7492857142857143 0.8185279187817261
11 0.8371428571428572 0.8236040609137059 0.7721428571428571 0.8236040609137059 0.7721428571428571 0.9187817258883252 0.8371428571428572 0.9187817258883252
10 0.84 0.8794416243654826 0.765 0.8794416243654826 0.765 0.9936548223350257 0.84 0.9936548223350257
11 0.5892857142857143 0.6814720812182741 0.5378571428571428 0.6814720812182741 0.5378571428571428 0.7677664974619289 0.5892857142857143 0.7677664974619289
2 0.6042857142857143 0.5558375634517768 0.5371428571428571 0.5558375634517768 0.5371428571428571 0.6535532994923858 0.6042857142857143 0.6535532994923858
2 0.4228571428571429 0.3197969543147209 0.33714285714285713 0.3197969543147209 0.33714285714285713 0.4784263959390864 0.4228571428571429 0.4784263959390864
7 0.42928571428571427 0.18147208121827418 0.4185714285714286 0.18147208121827418 0.4185714285714286 0.20431472081218283 0.42928571428571427 0.20431472081218283
7 0.44357142857142856 0.1713197969543148 0.435 0.1713197969543148 0.435 0.1878172588832488 0.44357142857142856 0.1878172588832488
7 0.4392857142857143 0.08629441624365493 0.4328571428571429 0.08629441624365493 0.4328571428571429 0.10913705583756356 0.4392857142857143 0.10913705583756356