7 0.1492857142857143 0.09619047619047622 0.1457142857142857 0.09619047619047622 0.1457142857142857 0.10571428571428575 0.1492857142857143 0.10571428571428575
7 0.1457142857142857 0.0942857142857143 0.14214285714285715 0.0942857142857143 0.14214285714285715 0.10666666666666669 0.1457142857142857 0.10666666666666669
7 0.20285714285714285 0.15523809523809529 0.2 0.15523809523809529 0.2 0.16857142857142862 0.20285714285714285 0.16857142857142862
3 0.21142857142857144 0.028571428571428605 0.20214285714285715 0.028571428571428605 0.20214285714285715 0.03904761904761908 0.21142857142857144 0.03904761904761909
3 0.24428571428571427 0.08476190476190479 0.23214285714285715 0.08476190476190479 0.23214285714285715 0.09619047619047622 0.24428571428571427 0.09619047619047622
3 0.22428571428571428 0.04000000000000004 0.21857142857142858 0.04000000000000004 0.21857142857142858 0.04761904761904766 0.22428571428571428 0.04761904761904766
3 0.18642857142857142 0.016190476190476217 0.18071428571428572 0.016190476190476217 0.18071428571428572 0.022857142857142885 0.18642857142857142 0.022857142857142885
3 0.21071428571428572 0.06380952380952383 0.19714285714285715 0.06380952380952383 0.19714285714285715 0.07523809523809527 0.21071428571428572 0.07523809523809527
3 0.30642857142857144 0.09047619047619053 0.2892857142857143 0.09047619047619053 0.2892857142857143 0.10000000000000006 0.30642857142857144 0.10000000000000006
3 0.2307142857142857 0.0447619047619048 0.22357142857142856 0.0447619047619048 0.22357142857142856 0.05142857142857147 0.2307142857142857 0.05142857142857147
3 0.2357142857142857 0.04761904761904766 0.22857142857142856 0.04761904761904766 0.22857142857142856 0.05523809523809528 0.2357142857142857 0.05523809523809528
3 0.2392857142857143 0.05142857142857147 0.23214285714285715 0.05142857142857147 0.23214285714285715 0.05809523809523814 0.2392857142857143 0.05809523809523814
3 0.2557142857142857 0.06190476190476195 0.24785714285714286 0.061904761904761935 0.24785714285714286 0.06857142857142862 0.2557142857142857 0.06857142857142863
5 0.2257142857142857 0.06095238095238098 0.22214285714285714 0.06095238095238098 0.22214285714285714 0.0666666666666667 0.2257142857142857 0.0666666666666667
3 0.26357142857142857 0.08666666666666673 0.25142857142857145 0.08666666666666673 0.25142857142857145 0.0971428571428572 0.26357142857142857 0.0971428571428572
8 0.225 0.059047619047619085 0.22285714285714286 0.059047619047619085 0.22285714285714286 0.06380952380952383 0.225 0.06380952380952383
3 0.2092857142857143 0.04190476190476194 0.2 0.04190476190476193 0.2 0.053333333333333365 0.2092857142857143 0.05333333333333337
3 0.3028571428571429 0.14380952380952386 0.2842857142857143 0.14380952380952386 0.2842857142857143 0.16190476190476197 0.3028571428571429 0.16190476190476197
3 0.3142857142857143 0.15619047619047624 0.2985714285714286 0.15619047619047624 0.2985714285714286 0.17238095238095244 0.3142857142857143 0.17238095238095244
3 0.43642857142857144 0.3942857142857144 0.4207142857142857 0.3942857142857144 0.4207142857142857 0.4104761904761906 0.43642857142857144 0.4104761904761906
3 0.415 0.3609523809523811 0.4014285714285714 0.3609523809523811 0.4014285714285714 0.3761904761904763 0.415 0.3761904761904763
5 0.33285714285714285 0.30000000000000004 0.31285714285714283 0.3 0.31285714285714283 0.31428571428571433 0.33285714285714285 0.3142857142857144
3 0.31857142857142856 0.10000000000000006 0.30714285714285716 0.10000000000000006 0.30714285714285716 0.10952380952380958 0.31857142857142856 0.10952380952380958
3 0.3271428571428571 0.10476190476190482 0.31785714285714284 0.10476190476190482 0.31785714285714284 0.11619047619047625 0.3271428571428571 0.11619047619047625
3 0.3364285714285714 0.11047619047619053 0.3271428571428571 0.11047619047619053 0.3271428571428571 0.120952380952381 0.3364285714285714 0.120952380952381
3 0.375 0.1190476190476191 0.36142857142857143 0.1190476190476191 0.36142857142857143 0.13142857142857148 0.375 0.13142857142857148
3 0.3921428571428571 0.14571428571428577 0.37857142857142856 0.14571428571428577 0.37857142857142856 0.1571428571428572 0.3921428571428571 0.1571428571428572
3 0.40285714285714286 0.15238095238095242 0.38785714285714284 0.15238095238095242 0.38785714285714284 0.16380952380952388 0.40285714285714286 0.16380952380952388
3 0.3492857142857143 0.13142857142857148 0.3271428571428571 0.13142857142857148 0.3271428571428571 0.14666666666666672 0.3492857142857143 0.14666666666666672
3 0.39071428571428574 0.1190476190476191 0.375 0.1190476190476191 0.375 0.13428571428571434 0.39071428571428574 0.13428571428571434
3 0.4135714285714286 0.11333333333333338 0.3985714285714286 0.11333333333333338 0.3985714285714286 0.12380952380952387 0.4135714285714286 0.12380952380952387
3 0.35428571428571426 0.16380952380952388 0.335 0.16380952380952388 0.335 0.1790476190476191 0.35428571428571426 0.1790476190476191
3 0.37142857142857144 0.16000000000000006 0.3535714285714286 0.16000000000000006 0.3535714285714286 0.1790476190476191 0.37142857142857144 0.1790476190476191
11 0.3264285714285714 0.1647619047619048 0.31142857142857144 0.1647619047619048 0.31142857142857144 0.18476190476190482 0.3264285714285714 0.18476190476190482
3 0.3414285714285714 0.17809523809523814 0.32285714285714284 0.17809523809523814 0.32285714285714284 0.19809523809523816 0.3414285714285714 0.19809523809523816
3 0.35642857142857143 0.18761904761904769 0.3357142857142857 0.18761904761904769 0.3357142857142857 0.20857142857142863 0.35642857142857143 0.20857142857142863
3 0.37285714285714283 0.20571428571428577 0.3514285714285714 0.20571428571428577 0.3514285714285714 0.22571428571428576 0.37285714285714283 0.22571428571428576
3 0.39071428571428574 0.21619047619047624 0.3678571428571429 0.21619047619047624 0.3678571428571429 0.240952380952381 0.39071428571428574 0.240952380952381
3 0.41285714285714287 0.2333333333333334 0.385 0.2333333333333334 0.385 0.2600000000000001 0.41285714285714287 0.2600000000000001
3 0.4392857142857143 0.16857142857142862 0.4207142857142857 0.16857142857142862 0.4207142857142857 0.1885714285714286 0.4392857142857143 0.1885714285714286
3 0.43357142857142855 0.2552380952380953 0.405 0.2552380952380953 0.405 0.28095238095238106 0.43357142857142855 0.28095238095238106
3 0.49642857142857144 0.302857142857143 0.4614285714285714 0.302857142857143 0.4614285714285714 0.3342857142857144 0.49642857142857144 0.3342857142857144
3 0.46214285714285713 0.2723809523809525 0.43214285714285716 0.2723809523809525 0.43214285714285716 0.302857142857143 0.46214285714285713 0.302857142857143
3 0.5392857142857143 0.3323809523809525 0.5 0.3323809523809525 0.5 0.36761904761904773 0.5392857142857143 0.36761904761904773
11 0.5814285714285714 0.35428571428571437 0.5421428571428571 0.35428571428571437 0.5421428571428571 0.40095238095238106 0.5814285714285714 0.40095238095238106
3 0.6435714285714286 0.41142857142857153 0.5928571428571429 0.41142857142857153 0.5928571428571429 0.45904761904761915 0.6435714285714286 0.45904761904761915
3 0.7057142857142857 0.3304761904761906 0.665 0.3304761904761906 0.665 0.361904761904762 0.7057142857142857 0.361904761904762
3 0.6985714285714286 0.4238095238095239 0.645 0.4238095238095239 0.645 0.4704761904761906 0.6985714285714286 0.4704761904761906
3 0.8157142857142857 0.4580952380952382 0.7457142857142857 0.4580952380952382 0.7457142857142857 0.503809523809524 0.8157142857142857 0.503809523809524
3 0.7621428571428571 0.504761904761905 0.6985714285714286 0.504761904761905 0.6985714285714286 0.5609523809523812 0.7621428571428571 0.5609523809523812
3 0.545 0.2380952380952382 0.52 0.2380952380952382 0.52 0.25714285714285723 0.545 0.25714285714285723
3 0.52 0.22285714285714295 0.495 0.22285714285714292 0.495 0.24285714285714294 0.52 0.24285714285714297
3 0.47 0.18952380952380957 0.44642857142857145 0.18952380952380957 0.44642857142857145 0.20857142857142863 0.47 0.20857142857142863
3 0.2978571428571429 0.07809523809523815 0.2892857142857143 0.07809523809523815 0.2892857142857143 0.08666666666666673 0.2978571428571429 0.08666666666666673
5 0.5171428571428571 0.4723809523809525 0.5064285714285715 0.4723809523809525 0.5064285714285715 0.49714285714285716 0.5171428571428571 0.49714285714285716
5 0.5392857142857143 0.47904761904761917 0.5271428571428571 0.47904761904761917 0.5271428571428571 0.5047619047619047 0.5392857142857143 0.5047619047619047
5 0.5571428571428572 0.482857142857143 0.5442857142857143 0.482857142857143 0.5442857142857143 0.5095238095238095 0.5571428571428572 0.5095238095238095
5 0.595 0.5447619047619048 0.58 0.5447619047619048 0.58 0.5733333333333334 0.595 0.5733333333333334
5 0.6342857142857142 0.5714285714285714 0.6114285714285714 0.5714285714285714 0.6114285714285714 0.6028571428571429 0.6342857142857142 0.6028571428571429
5 0.6371428571428571 0.5647619047619048 0.6214285714285714 0.5647619047619048 0.6214285714285714 0.5914285714285714 0.6371428571428571 0.5914285714285714
5 0.7235714285714285 0.6323809523809526 0.7057142857142857 0.6323809523809526 0.7057142857142857 0.6676190476190479 0.7235714285714285 0.6676190476190479
5 0.7935714285714286 0.7600000000000002 0.7542857142857143 0.7600000000000002 0.7542857142857143 0.8123809523809526 0.7935714285714286 0.8123809523809526
5 0.8121428571428572 0.7609523809523812 0.7835714285714286 0.7609523809523812 0.7835714285714286 0.804761904761905 0.8121428571428572 0.804761904761905
5 0.8307142857142857 0.7409523809523811 0.7985714285714286 0.7409523809523811 0.7985714285714286 0.7809523809523812 0.8307142857142857 0.7809523809523812
5 0.9114285714285715 0.8419047619047622 0.865 0.8419047619047622 0.865 0.8971428571428574 0.9114285714285715 0.8971428571428574
5 0.9007142857142857 0.5714285714285716 0.8735714285714286 0.5714285714285716 0.8735714285714286 0.6171428571428573 0.9007142857142857 0.6171428571428573
5 0.8428571428571429 0.3961904761904763 0.8242857142857143 0.3961904761904763 0.8242857142857143 0.4238095238095239 0.8428571428571429 0.4238095238095239
5 0.82 0.3895238095238096 0.8028571428571428 0.3895238095238096 0.8028571428571428 0.4038095238095239 0.82 0.4038095238095239
5 0.7885714285714286 0.3742857142857144 0.7707142857142857 0.3742857142857144 0.7707142857142857 0.38761904761904775 0.7885714285714286 0.38761904761904775
5 0.7778571428571428 0.36857142857142866 0.7592857142857142 0.36857142857142866 0.7592857142857142 0.38380952380952393 0.7778571428571428 0.38380952380952393
5 0.7371428571428571 0.34285714285714297 0.7185714285714285 0.34285714285714297 0.7185714285714285 0.3580952380952382 0.7371428571428571 0.3580952380952382
5 0.7535714285714286 0.35904761904761917 0.7342857142857143 0.35904761904761917 0.7342857142857143 0.37333333333333346 0.7535714285714286 0.37333333333333346
5 0.7707142857142857 0.3657142857142858 0.7521428571428571 0.3657142857142858 0.7521428571428571 0.37904761904761913 0.7707142857142857 0.37904761904761913
8 0.9 0.8352380952380954 0.8807142857142857 0.8352380952380954 0.8807142857142857 0.8752380952380955 0.9 0.8752380952380955
8 0.8242857142857143 0.7342857142857145 0.8121428571428572 0.7342857142857145 0.8121428571428572 0.7600000000000002 0.8242857142857143 0.7600000000000002
8 0.8064285714285714 0.7457142857142859 0.7935714285714286 0.7457142857142859 0.7935714285714286 0.7723809523809526 0.8064285714285714 0.7723809523809526
8 0.7807142857142857 0.7561904761904764 0.7635714285714286 0.7561904761904764 0.7635714285714286 0.784761904761905 0.7807142857142857 0.784761904761905
7 0.5678571428571428 0.7266666666666667 0.5564285714285714 0.7266666666666667 0.5564285714285714 0.7638095238095238 0.5678571428571428 0.7638095238095238
8 0.6321428571428571 0.56 0.6264285714285714 0.56 0.6264285714285714 0.5771428571428572 0.6321428571428571 0.5771428571428572
8 0.5907142857142857 0.5352380952380953 0.5821428571428572 0.5352380952380953 0.5821428571428572 0.5580952380952381 0.5907142857142857 0.5580952380952381
8 0.7214285714285714 0.623809523809524 0.7121428571428572 0.623809523809524 0.7121428571428572 0.6504761904761907 0.7214285714285714 0.6504761904761907
8 0.5535714285714286 0.47523809523809535 0.545 0.47523809523809535 0.545 0.49523809523809526 0.5535714285714286 0.49523809523809526
8 0.5371428571428571 0.4704761904761906 0.5271428571428571 0.4704761904761906 0.5271428571428571 0.49047619047619045 0.5371428571428571 0.49047619047619045
8 0.5142857142857142 0.4657142857142858 0.5064285714285715 0.4657142857142858 0.5064285714285715 0.4838095238095239 0.5142857142857142 0.4838095238095239
8 0.8978571428571429 0.5600000000000002 0.88 0.5600000000000002 0.88 0.5933333333333336 0.8978571428571429 0.5933333333333336