3 0.845 0.7942857142857145 0.7478571428571429 0.7942857142857145 0.7478571428571429 1 0.845 1
3 0.8035714285714286 0.5714285714285716 0.7228571428571429 0.5714285714285716 0.7228571428571429 0.763809523809524 0.8035714285714286 0.763809523809524
3 0.5335714285714287 0.8876190476190476 0.4600000000000002 0.8876190476190476 0.4600000000000002 1 0.5335714285714287 1
11 0.5235714285714286 0.4723809523809525 0.455 0.4723809523809525 0.455 0.6761904761904762 0.5235714285714286 0.6761904761904762
5 0.45 0.6085714285714285 0.39357142857142857 0.6085714285714285 0.39357142857142857 0.6485714285714286 0.45 0.6485714285714286
7 0.3942857142857143 0.36952380952380964 0.3707142857142857 0.36952380952380964 0.3707142857142857 0.4085714285714287 0.3942857142857143 0.4085714285714287
7 0.4714285714285714 0.5190476190476191 0.44142857142857145 0.5190476190476191 0.44142857142857145 0.5676190476190476 0.4714285714285714 0.5676190476190476
6 0.43857142857142856 0.47904761904761917 0.4207142857142857 0.47904761904761917 0.4207142857142857 0.518095238095238 0.43857142857142856 0.518095238095238
3 0.7807142857142857 0.37047619047619057 0.7071428571428572 0.37047619047619057 0.7071428571428572 0.5609523809523812 0.7807142857142857 0.5609523809523812
5 0.4392857142857143 0.2761904761904763 0.38357142857142856 0.2761904761904763 0.38357142857142856 0.3142857142857144 0.4392857142857143 0.3142857142857144
5 0.43214285714285716 0.21333333333333337 0.38642857142857145 0.21333333333333337 0.38642857142857145 0.27714285714285725 0.43214285714285716 0.27714285714285725
3 0.4235714285714286 0.12190476190476196 0.30714285714285716 0.12190476190476196 0.30714285714285716 0.1971428571428572 0.4235714285714286 0.1971428571428572
7 0.33071428571428574 0.09238095238095244 0.30857142857142855 0.09238095238095244 0.30857142857142855 0.13809523809523816 0.33071428571428574 0.13809523809523816
7 0.31214285714285717 0.0752380952380953 0.29285714285714287 0.0752380952380953 0.29285714285714287 0.12000000000000005 0.31214285714285717 0.12000000000000005
3 0.3842857142857143 5.27181288775813e-17 0.26142857142857145 4.2687688427422025e-17 0.26142857142857145 0.061904761904761955 0.3842857142857143 0.061904761904761955
5 0.23357142857142857 0.20857142857142863 0.2092857142857143 0.20857142857142863 0.2092857142857143 0.2780952380952381 0.23357142857142857 0.2780952380952381
5 0.2042857142857143 0.16571428571428576 0.16642857142857143 0.16571428571428576 0.16642857142857145 0.24571428571428572 0.2042857142857143 0.24571428571428572
5 0.24928571428571436 0.4828571428571429 0.1964285714285715 0.4828571428571429 0.1964285714285715 0.5257142857142857 0.24928571428571436 0.5257142857142857
5 0.24285714285714294 0.44857142857142857 0.1821428571428572 0.44857142857142857 0.1821428571428572 0.4866666666666667 0.24285714285714294 0.4866666666666667
7 0.2542857142857144 0.5838095238095238 0.21500000000000008 0.5838095238095238 0.21500000000000008 0.6161904761904762 0.2542857142857144 0.6161904761904762
7 0.2107142857142858 0.5438095238095239 0.17642857142857146 0.5438095238095239 0.17642857142857146 0.58 0.2107142857142858 0.58
7 0.16357142857142862 0.58 0.12571428571428575 0.58 0.12571428571428575 0.6209523809523809 0.16357142857142862 0.6209523809523809
5 0.20500000000000007 0.8828571428571429 0.1457142857142858 0.8828571428571429 0.1457142857142858 0.9285714285714286 0.20500000000000007 0.9285714285714286
5 0.20642857142857152 0.9352380952380952 0.13714285714285723 0.9352380952380952 0.13714285714285723 0.9847619047619047 0.20642857142857152 0.9847619047619047