3 0.13285714285714287 0.07868020304568532 0.12714285714285714 0.07868020304568532 0.12714285714285714 0.09010152284263963 0.13285714285714287 0.09010152284263963
3 0.14714285714285713 0.12817258883248733 0.13214285714285715 0.12817258883248733 0.13214285714285715 0.13959390862944165 0.14714285714285713 0.13959390862944165
10 0.06714285714285716 0.1865482233502538 0.035714285714285726 0.1865482233502538 0.035714285714285726 0.21446700507614214 0.06714285714285716 0.21446700507614214
2 0.03785714285714288 0.25253807106598986 1.740747950216595e-17 0.25253807106598986 1.9069500158151643e-17 0.30076142131979694 0.03785714285714288 0.30076142131979694
3 0.11857142857142858 0.2068527918781726 0.10142857142857142 0.2068527918781726 0.10142857142857142 0.21954314720812182 0.11857142857142858 0.21954314720812182
7 0.12214285714285714 0.17639593908629442 0.11857142857142858 0.17639593908629442 0.11857142857142858 0.18781725888324874 0.12214285714285714 0.18781725888324874
11 0.33071428571428574 0.08502538071065997 0.3157142857142857 0.08502538071065997 0.3157142857142857 0.09771573604060921 0.33071428571428574 0.09771573604060921
3 0.3457142857142857 0.10406091370558383 0.3364285714285714 0.10406091370558383 0.3364285714285714 0.11928934010152291 0.3457142857142857 0.11928934010152291
3 0.21357142857142858 0.24111675126903562 0.1992857142857143 0.24111675126903562 0.1992857142857143 0.25634517766497467 0.21357142857142858 0.25634517766497467
3 0.18214285714285713 0.22461928934010159 0.16642857142857143 0.22461928934010159 0.16642857142857143 0.23730964467005083 0.18214285714285713 0.23730964467005083
7 0.3192857142857143 0.03426395939086302 0.31785714285714284 0.03426395939086302 0.31785714285714284 0.03934010152284271 0.3192857142857143 0.03934010152284271
3 0.2557142857142857 0.25507614213197977 0.2392857142857143 0.25507614213197977 0.2392857142857143 0.27030456852791884 0.2557142857142857 0.27030456852791884
3 0.2885714285714286 0.2525380710659899 0.2714285714285714 0.2525380710659899 0.2714285714285714 0.2715736040609138 0.2885714285714286 0.2715736040609138
11 0.235 0.23350253807106605 0.21785714285714286 0.23350253807106605 0.21785714285714286 0.2525380710659899 0.235 0.2525380710659899
7 0.15928571428571428 0.25761421319796957 0.15642857142857142 0.25761421319796957 0.15642857142857142 0.26776649746192893 0.15928571428571428 0.26776649746192893
7 0.1657142857142857 0.2550761421319797 0.16285714285714287 0.2550761421319797 0.16285714285714287 0.2639593908629442 0.1657142857142857 0.2639593908629442
7 0.15071428571428572 0.27284263959390864 0.14714285714285713 0.27284263959390864 0.14714285714285713 0.282994923857868 0.15071428571428572 0.282994923857868
7 0.1407142857142857 0.27284263959390864 0.1357142857142857 0.27284263959390864 0.1357142857142857 0.28426395939086296 0.1407142857142857 0.28426395939086296
7 0.1457142857142857 0.27411167512690354 0.14214285714285715 0.27411167512690354 0.14214285714285715 0.282994923857868 0.1457142857142857 0.282994923857868
7 0.17 0.2588832487309645 0.16714285714285715 0.2588832487309645 0.16714285714285715 0.267766497461929 0.17 0.267766497461929
7 0.17142857142857143 0.25380710659898487 0.1692857142857143 0.25380710659898487 0.1692857142857143 0.26269035532994933 0.17142857142857143 0.26269035532994933
7 0.14785714285714285 0.28045685279187815 0.145 0.28045685279187815 0.145 0.2868020304568528 0.14785714285714285 0.2868020304568528
7 0.09714285714285718 0.3083756345177665 0.09214285714285718 0.3083756345177665 0.09214285714285718 0.3223350253807107 0.09714285714285718 0.3223350253807107
3 0.14071428571428576 0.35406091370558374 0.12428571428571433 0.35406091370558374 0.12428571428571433 0.3769035532994924 0.14071428571428576 0.3769035532994924
3 0.14428571428571432 0.3819796954314721 0.1271428571428572 0.3819796954314721 0.1271428571428572 0.4022842639593909 0.14428571428571432 0.4022842639593909
3 0.13642857142857148 0.5025380710659898 0.11214285714285718 0.5025380710659898 0.11214285714285718 0.5342639593908629 0.13642857142857148 0.5342639593908629
3 0.12500000000000003 0.4073604060913706 0.10500000000000004 0.4073604060913706 0.10500000000000004 0.4276649746192893 0.12500000000000003 0.4276649746192893
3 0.0835714285714286 0.42385786802030456 0.06571428571428574 0.42385786802030456 0.06571428571428574 0.44543147208121825 0.08357142857142862 0.44543147208121825
3 0.10500000000000004 0.4276649746192893 0.08571428571428573 0.4276649746192893 0.08571428571428574 0.4530456852791878 0.10500000000000004 0.4530456852791878
2 0.1185714285714286 0.3553299492385787 0.07285714285714288 0.3553299492385787 0.07285714285714288 0.4098984771573604 0.1185714285714286 0.4098984771573604
2 0.15928571428571434 0.3020304568527919 0.11500000000000005 0.3020304568527919 0.11500000000000005 0.3629441624365482 0.15928571428571434 0.3629441624365482
3 0.15500000000000005 0.3477157360406091 0.14000000000000004 0.3477157360406091 0.14000000000000004 0.3680203045685279 0.15500000000000005 0.3680203045685279
3 0.17214285714285718 0.3299492385786802 0.16000000000000003 0.3299492385786802 0.16000000000000003 0.3489847715736041 0.17214285714285718 0.3489847715736041
3 0.16500000000000004 0.3286802030456853 0.14928571428571433 0.3286802030456853 0.14928571428571433 0.3477157360406091 0.16500000000000004 0.3477157360406091
10 0.1735714285714286 0.35406091370558374 0.14428571428571432 0.35406091370558374 0.14428571428571432 0.3895939086294416 0.1735714285714286 0.3895939086294416
10 0.19642857142857142 0.30710659898477166 0.16928571428571432 0.30710659898477166 0.16928571428571432 0.3477157360406091 0.19642857142857142 0.3477157360406091
3 0.3242857142857143 0.2779187817258884 0.30642857142857144 0.2779187817258884 0.30642857142857144 0.2944162436548224 0.3242857142857143 0.2944162436548224
3 0.33285714285714285 0.2715736040609138 0.31642857142857145 0.2715736040609138 0.31642857142857145 0.2880710659898478 0.33285714285714285 0.2880710659898478
3 0.3335714285714286 0.3210659898477158 0.31785714285714284 0.3210659898477158 0.31785714285714284 0.33502538071065996 0.3335714285714286 0.33502538071066007
3 0.33285714285714285 0.3096446700507615 0.3157142857142857 0.3096446700507615 0.3157142857142857 0.3261421319796955 0.33285714285714285 0.32614213197969555
3 0.3457142857142857 0.351522842639594 0.32785714285714285 0.35152284263959394 0.32785714285714285 0.3692893401015229 0.3457142857142857 0.369289340101523
7 0.08428571428571435 0.7474619289340102 0.07928571428571435 0.7474619289340102 0.07928571428571435 0.7626903553299492 0.08428571428571435 0.7626903553299492
7 0.0821428571428572 0.748730964467005 0.07785714285714292 0.748730964467005 0.07785714285714292 0.7614213197969543 0.0821428571428572 0.7614213197969543
3 0.05357142857142861 0.5786802030456852 0.024285714285714327 0.5786802030456852 0.024285714285714327 0.6142131979695431 0.05357142857142861 0.6142131979695431
11 0.1435714285714286 0.5380710659898477 0.12000000000000004 0.5380710659898477 0.12000000000000004 0.5736040609137056 0.1435714285714286 0.5736040609137056
11 0.31642857142857145 0.3362944162436548 0.29928571428571427 0.3362944162436548 0.29928571428571427 0.3565989847715736 0.31642857142857145 0.3565989847715736
10 0.3271428571428571 0.3197969543147209 0.3007142857142857 0.3197969543147209 0.3007142857142857 0.3464467005076142 0.3271428571428571 0.3464467005076142
3 0.35714285714285715 0.32994923857868036 0.3385714285714286 0.32994923857868036 0.3385714285714286 0.3477157360406093 0.35714285714285715 0.3477157360406093
3 0.3535714285714286 0.3197969543147209 0.3364285714285714 0.3197969543147209 0.3364285714285714 0.33502538071066007 0.3535714285714286 0.33502538071066007
3 0.3692857142857143 0.30203045685279195 0.3514285714285714 0.30203045685279195 0.3514285714285714 0.3197969543147209 0.3692857142857143 0.3197969543147209
3 0.39 0.3324873096446702 0.37142857142857144 0.3324873096446702 0.37142857142857144 0.3489847715736042 0.39 0.3489847715736042
3 0.5014285714285714 0.402284263959391 0.48214285714285715 0.402284263959391 0.48214285714285715 0.4200507614213199 0.5014285714285714 0.4200507614213199
11 0.4307142857142857 0.35659898477157376 0.4107142857142857 0.35659898477157376 0.4107142857142857 0.3743654822335027 0.4307142857142857 0.3743654822335027
10 0.4692857142857143 0.37182741116751283 0.44 0.37182741116751283 0.44 0.402284263959391 0.4692857142857143 0.402284263959391
11 0.4142857142857143 0.29568527918781734 0.39571428571428574 0.29568527918781734 0.39571428571428574 0.318527918781726 0.4142857142857143 0.318527918781726
3 0.4664285714285714 0.36167512690355347 0.44857142857142857 0.36167512690355347 0.44857142857142857 0.37690355329949254 0.4664285714285714 0.37690355329949254
3 0.5307142857142857 0.3401015228426397 0.51 0.3401015228426397 0.51 0.3591370558375636 0.5307142857142857 0.3591370558375636
10 0.5514285714285714 0.3870558375634519 0.5185714285714286 0.3870558375634519 0.5185714285714286 0.4225888324873098 0.5514285714285714 0.4225888324873098
3 0.5657142857142857 0.4276649746192895 0.5428571428571428 0.4276649746192895 0.5428571428571428 0.4467005076142133 0.5657142857142857 0.4467005076142133
3 0.615 0.41624365482233516 0.5935714285714285 0.41624365482233516 0.5935714285714285 0.43527918781725905 0.615 0.43527918781725905
2 0.6435714285714286 0.44289340101522856 0.6128571428571429 0.44289340101522856 0.6128571428571429 0.47461928934010167 0.6435714285714286 0.47461928934010167
3 0.7007142857142857 0.4809644670050763 0.6807142857142857 0.4809644670050763 0.6807142857142857 0.4987309644670052 0.7007142857142857 0.4987309644670052
2 0.7907142857142857 0.5000000000000001 0.7542857142857143 0.5000000000000001 0.7542857142857143 0.5342639593908631 0.7907142857142857 0.5342639593908631
3 0.715 0.4175126903553301 0.6928571428571428 0.4175126903553301 0.6928571428571428 0.4390862944162438 0.715 0.4390862944162438
3 0.7235714285714285 0.47461928934010167 0.7035714285714286 0.47461928934010167 0.7035714285714286 0.4936548223350255 0.7235714285714285 0.4936548223350255
3 0.9078571428571428 0.5380710659898479 0.8821428571428571 0.5380710659898479 0.8821428571428571 0.5609137055837565 0.9078571428571428 0.5609137055837565
3 0.9492857142857143 0.5799492385786803 0.9214285714285714 0.5799492385786803 0.9214285714285714 0.602791878172589 0.9492857142857143 0.602791878172589
11 0.8042857142857143 0.486040609137056 0.7814285714285715 0.486040609137056 0.7814285714285715 0.5101522842639595 0.8042857142857143 0.5101522842639595
11 0.9921428571428571 0.5774111675126905 0.9628571428571429 0.5774111675126905 0.9628571428571429 0.6065989847715737 0.9921428571428571 0.6065989847715737
11 0.8771428571428571 0.5469543147208124 0.8492857142857143 0.5469543147208124 0.8492857142857143 0.5748730964467007 0.8771428571428571 0.5748730964467007
3 0.41714285714285715 0.9467005076142132 0.38357142857142856 0.9467005076142132 0.38357142857142856 0.9936548223350253 0.41714285714285715 0.9936548223350253
3 0.45714285714285713 0.8895939086294417 0.4278571428571429 0.8895939086294417 0.4278571428571429 0.9352791878172588 0.45714285714285713 0.9352791878172588
3 0.062142857142857166 0.30710659898477155 0.05071428571428573 0.30710659898477155 0.05071428571428573 0.3223350253807107 0.062142857142857166 0.3223350253807107
3 0.38142857142857145 0.01903553299492394 0.37 0.01903553299492394 0.37 0.02918781725888333 0.38142857142857145 0.02918781725888333
3 0.3871428571428571 0.011421319796954398 0.3757142857142857 0.011421319796954396 0.3757142857142857 0.021573604060913788 0.3871428571428571 0.021573604060913788
3 0.39071428571428574 0.0076142131979696276 0.38142857142857145 0.007614213197969627 0.38142857142857145 0.01522842639593917 0.39071428571428574 0.015228426395939172
3 0.39357142857142857 0.002538071065989932 0.38571428571428573 0.0025380710659899312 0.38571428571428573 0.011421319796954401 0.39357142857142857 0.011421319796954401
2 0.43357142857142855 0.07741116751269045 0.42 0.07741116751269045 0.42 0.09898477157360416 0.43357142857142855 0.09898477157360416
2 0.4807142857142857 1.0334900018185151e-16 0.4692857142857143 1.0210570393906232e-16 0.4692857142857143 0.013959390862944267 0.4807142857142857 0.013959390862944267
7 0.35642857142857143 0.21065989847715744 0.35428571428571426 0.21065989847715744 0.35428571428571426 0.22208121827411176 0.35642857142857143 0.22208121827411176
7 0.3464285714285714 0.22842639593908637 0.34285714285714286 0.22842639593908637 0.34285714285714286 0.23857868020304576 0.3464285714285714 0.23857868020304576
7 0.3414285714285714 0.24238578680203052 0.3385714285714286 0.24238578680203052 0.3385714285714286 0.25507614213197977 0.3414285714285714 0.25507614213197977
7 0.3364285714285714 0.24238578680203052 0.3335714285714286 0.24238578680203052 0.3335714285714286 0.25507614213197977 0.3364285714285714 0.25507614213197977
7 0.3914285714285714 0.27030456852791884 0.38642857142857145 0.27030456852791884 0.38642857142857145 0.2829949238578681 0.3914285714285714 0.2829949238578681
7 0.36428571428571427 0.2601522842639595 0.36142857142857143 0.2601522842639595 0.36142857142857143 0.2715736040609138 0.36428571428571427 0.2715736040609138
7 0.4235714285714286 0.2779187817258884 0.4207142857142857 0.2779187817258884 0.4207142857142857 0.29060913705583763 0.4235714285714286 0.29060913705583763
7 0.5214285714285715 0.3134517766497463 0.5185714285714286 0.3134517766497463 0.5185714285714286 0.32487309644670065 0.5214285714285715 0.32487309644670065
7 0.605 0.3388324873096448 0.6014285714285714 0.3388324873096448 0.6014285714285714 0.35025380710659915 0.605 0.35025380710659915
7 0.6578571428571428 0.35786802030456866 0.6542857142857142 0.35786802030456866 0.6542857142857142 0.369289340101523 0.6578571428571428 0.369289340101523
7 0.6621428571428571 0.3680203045685281 0.6585714285714286 0.3680203045685281 0.6585714285714286 0.3807106598984773 0.6621428571428571 0.3807106598984773
7 0.6942857142857143 0.37309644670050773 0.69 0.37309644670050773 0.69 0.385786802030457 0.6942857142857143 0.385786802030457
7 0.86 0.43147208121827424 0.8557142857142858 0.43147208121827424 0.8557142857142858 0.44162436548223366 0.86 0.44162436548223366
7 0.9271428571428572 0.46192893401015245 0.9228571428571428 0.46192893401015245 0.9228571428571428 0.47588832487309657 0.9271428571428572 0.47588832487309657