3 0.5621085594989561 1.2047661692910647e-16 0.5448851774530271 1.1860215754265647e-16 0.5448851774530271 0.05844155844155856 0.5621085594989561 0.05844155844155856
3 0.5866388308977035 1.2553197709256264e-16 0.5668058455114823 1.2337350870816563e-16 0.5668058455114823 0.0612244897959185 0.5866388308977035 0.0612244897959185
3 0.6116910229645094 1.3081454445437636e-16 0.5902922755741128 1.2848567067121118e-16 0.5902922755741128 0.05473098330241201 0.6116910229645094 0.05473098330241201
11 0.12473903966597083 0.6892393320964749 0.08246346555323597 0.6892393320964749 0.08246346555323597 0.7894248608534323 0.12473903966597083 0.7894248608534323
4 0.15970772442588732 0.7365491651205937 0.1273486430062631 0.7365491651205937 0.1273486430062631 0.7838589981447124 0.15970772442588732 0.7838589981447124
3 0.2708768267223382 0.4972170686456401 0.24217118997912324 0.4972170686456401 0.24217118997912324 0.5964749536178108 0.2708768267223382 0.5964749536178108
11 0.354384133611691 0.5 0.3288100208768267 0.5 0.3288100208768267 0.5918367346938775 0.354384133611691 0.5918367346938775
11 0.4222338204592902 0.48515769944341375 0.401356993736952 0.48515769944341375 0.401356993736952 0.5705009276437848 0.4222338204592902 0.5705009276437848
11 0.494258872651357 0.47680890538033405 0.4744258872651357 0.47680890538033394 0.4744258872651357 0.567717996289425 0.494258872651357 0.5677179962894251
11 0.5349686847599165 0.47217068645640087 0.5020876826722338 0.47217068645640087 0.5020876826722338 0.557513914656772 0.5349686847599165 0.557513914656772
3 0.5657620041753654 0.46567717996289437 0.5349686847599165 0.46567717996289437 0.5349686847599165 0.5602968460111319 0.5657620041753654 0.5602968460111319
3 0.5991649269311065 0.46289424860853445 0.569937369519833 0.46289424860853445 0.569937369519833 0.5584415584415586 0.5991649269311065 0.5584415584415586
3 0.6325678496868476 0.46567717996289437 0.605427974947808 0.46567717996289437 0.605427974947808 0.5667903525046384 0.6325678496868476 0.5667903525046384
3 0.6951983298538622 0.46753246753246763 0.6675365344467641 0.46753246753246763 0.6675365344467641 0.5630797773654919 0.6951983298538622 0.5630797773654919
7 0.7729645093945721 0.5556586270871987 0.761482254697286 0.5556586270871987 0.761482254697286 0.583487940630798 0.7729645093945721 0.583487940630798
7 0.7839248434237995 0.5732838589981449 0.7719206680584552 0.5732838589981449 0.7719206680584552 0.5983302411873842 0.7839248434237995 0.5983302411873842
3 0.8006263048016702 0.46753246753246774 0.7656576200417536 0.46753246753246774 0.7656576200417536 0.5630797773654919 0.8006263048016702 0.5630797773654919
9 0.8335073068893528 0.46753246753246774 0.8079331941544885 0.46753246753246774 0.8079331941544885 0.5408163265306124 0.8335073068893528 0.5408163265306124
3 0.8903966597077244 0.456400742115028 0.8512526096033403 0.456400742115028 0.8512526096033403 0.5556586270871987 0.8903966597077244 0.5556586270871987