4 1 0.14720812182741136 0.9057142857142857 0.14720812182741136 0.9057142857142857 0.2512690355329951 1 0.2512690355329951
3 0.44571428571428573 0.799492385786802 0.42 0.799492385786802 0.42 0.8705583756345178 0.44571428571428573 0.8705583756345178
3 0.4657142857142857 0.5926395939086296 0.44857142857142857 0.5926395939086296 0.44857142857142857 0.6383248730964468 0.4657142857142857 0.6383248730964468
3 0.30142857142857143 0.4403553299492386 0.27214285714285713 0.4403553299492386 0.27214285714285713 0.4873096446700508 0.30142857142857143 0.4873096446700508
3 0.41785714285714287 0.4784263959390864 0.3807142857142857 0.4784263959390864 0.3807142857142857 0.520304568527919 0.41785714285714287 0.520304568527919
3 0.4135714285714286 0.46827411167512706 0.37785714285714284 0.46827411167512706 0.37785714285714284 0.50253807106599 0.4135714285714286 0.50253807106599
3 0.4042857142857143 0.4543147208121829 0.37 0.4543147208121829 0.37 0.48477157360406103 0.4042857142857143 0.48477157360406103
3 0.425 0.5266497461928935 0.39071428571428574 0.5266497461928935 0.39071428571428574 0.5507614213197971 0.425 0.5507614213197971
11 0.4235714285714286 0.5431472081218276 0.38642857142857145 0.5431472081218276 0.38642857142857145 0.5786802030456855 0.4235714285714286 0.5786802030456855
10 0.4042857142857143 0.41116751269035545 0.35428571428571426 0.41116751269035545 0.35428571428571426 0.47335025380710677 0.4042857142857143 0.47335025380710677
3 0.38 0.4010152284263961 0.34785714285714286 0.4010152284263961 0.34785714285714286 0.44162436548223366 0.38 0.44162436548223366
3 0.37 0.39720812182741133 0.345 0.39720812182741133 0.345 0.4225888324873098 0.37 0.4225888324873098
3 0.21357142857142866 0.6053299492385786 0.17714285714285719 0.6053299492385786 0.17714285714285719 0.6598984771573604 0.21357142857142866 0.6598984771573604
3 0.3221428571428571 0.5088832487309645 0.28714285714285714 0.5088832487309645 0.28714285714285714 0.5406091370558376 0.3221428571428571 0.5406091370558376
3 0.2907142857142858 0.6789340101522843 0.24857142857142867 0.6789340101522843 0.24857142857142867 0.7220812182741116 0.2907142857142858 0.7220812182741116
3 0.2992857142857144 0.6573604060913706 0.26214285714285723 0.6573604060913706 0.26214285714285723 0.6941624365482234 0.2992857142857144 0.6941624365482234
3 0.48714285714285716 0.18654822335025387 0.4742857142857143 0.18654822335025387 0.4742857142857143 0.2093908629441625 0.48714285714285716 0.2093908629441625
3 0.49 0.12436548223350265 0.47928571428571426 0.12436548223350265 0.47928571428571426 0.1421319796954316 0.49 0.1421319796954316
3 0.48928571428571427 0.0418781725888326 0.47928571428571426 0.0418781725888326 0.47928571428571426 0.05710659898477168 0.48928571428571427 0.05710659898477168