3 0.16071428571428578 0.7047619047619048 0.05785714285714292 0.7047619047619048 0.05785714285714292 0.7676190476190476 0.16071428571428578 0.7676190476190476
3 0.14000000000000007 0.6685714285714286 0.01785714285714292 0.6685714285714286 0.017857142857142922 0.7333333333333333 0.14000000000000007 0.7333333333333333
3 0.13500000000000006 0.6371428571428571 0.015714285714285774 0.6371428571428571 0.015714285714285778 0.6914285714285714 0.1350000000000001 0.6914285714285714
3 0.27285714285714296 0.6619047619047619 0.18714285714285722 0.6619047619047619 0.18714285714285722 0.7123809523809523 0.27285714285714296 0.7123809523809523
3 0.2507142857142858 0.6285714285714286 0.17714285714285719 0.6285714285714286 0.1771428571428572 0.68 0.2507142857142858 0.68
3 0.25000000000000006 0.6057142857142858 0.17571428571428577 0.6057142857142858 0.17571428571428577 0.6438095238095238 0.25000000000000006 0.6438095238095238
3 0.2542857142857144 0.5761904761904761 0.18142857142857147 0.5761904761904761 0.18142857142857147 0.6152380952380953 0.2542857142857144 0.6152380952380953
3 0.8642857142857143 0.9123809523809526 0.7635714285714286 0.9123809523809526 0.7635714285714286 1 0.8642857142857143 1
3 0.8735714285714286 0.8123809523809526 0.7921428571428571 0.8123809523809526 0.7921428571428571 0.9000000000000002 0.8735714285714286 0.9000000000000002
7 0.5342857142857143 0.7552380952380953 0.52 0.7552380952380953 0.52 0.8 0.5342857142857143 0.8
7 0.5 0.7276190476190476 0.49142857142857144 0.7276190476190476 0.49142857142857144 0.7676190476190476 0.5 0.7676190476190476
7 0.5371428571428571 0.7219047619047619 0.5242857142857142 0.7219047619047619 0.5242857142857142 0.7619047619047619 0.5371428571428571 0.7619047619047619
1 0.5007142857142857 0.6828571428571428 0.48 0.6828571428571428 0.48 0.7285714285714285 0.5007142857142857 0.7285714285714285
5 0.5342857142857143 0.6628571428571428 0.5064285714285715 0.6628571428571428 0.5064285714285715 0.7028571428571428 0.5342857142857143 0.7028571428571428
5 0.5128571428571429 0.6390476190476191 0.48142857142857143 0.6390476190476191 0.48142857142857143 0.6742857142857143 0.5128571428571429 0.6742857142857143
7 0.36857142857142855 0.6780952380952381 0.35428571428571437 0.6780952380952381 0.35428571428571437 0.719047619047619 0.36857142857142855 0.719047619047619
7 0.3914285714285714 0.5733333333333334 0.38 0.5733333333333334 0.38 0.6066666666666667 0.3914285714285714 0.6066666666666667
7 0.4064285714285714 0.5714285714285714 0.39285714285714285 0.5714285714285714 0.39285714285714285 0.6038095238095238 0.4064285714285714 0.6038095238095238
7 0.4035714285714286 0.5266666666666666 0.39571428571428574 0.5266666666666666 0.39571428571428574 0.5552380952380952 0.4035714285714286 0.5552380952380952
7 0.38857142857142857 0.5161904761904762 0.38142857142857145 0.5161904761904762 0.38142857142857145 0.5428571428571428 0.38857142857142857 0.5428571428571428
7 0.38142857142857145 0.5161904761904762 0.37357142857142855 0.5161904761904762 0.37357142857142855 0.5438095238095239 0.38142857142857145 0.5438095238095239
7 0.38 0.5047619047619047 0.37357142857142855 0.5047619047619047 0.37357142857142855 0.5266666666666666 0.38 0.5266666666666666
7 0.37642857142857145 0.5028571428571429 0.3707142857142857 0.5028571428571429 0.3707142857142857 0.5247619047619048 0.37642857142857145 0.5247619047619048
3 0.6692857142857143 0.5676190476190477 0.5971428571428572 0.5676190476190476 0.5971428571428572 0.6304761904761906 0.6692857142857143 0.6304761904761907
11 0.5014285714285714 0.4809523809523811 0.4614285714285714 0.4809523809523811 0.4614285714285714 0.5342857142857143 0.5014285714285714 0.5342857142857143
5 0.5364285714285715 0.45523809523809533 0.5164285714285715 0.45523809523809533 0.5164285714285715 0.47904761904761917 0.5364285714285715 0.47904761904761917
11 0.8685714285714285 0.9104761904761907 0.7678571428571429 0.9104761904761907 0.7678571428571429 1 0.8685714285714285 1
3 1 0.46190476190476204 0.9728571428571429 0.46190476190476204 0.9728571428571429 0.48857142857142877 1 0.48857142857142877
1 0.5857142857142857 0.6961904761904761 0.5528571428571428 0.6961904761904761 0.5528571428571428 0.7380952380952381 0.5857142857142857 0.7380952380952381
3 0.4714285714285714 0.4323809523809525 0.44571428571428573 0.4323809523809525 0.44571428571428573 0.4533333333333334 0.4714285714285714 0.4533333333333334
3 0.6528571428571428 0.4361904761904763 0.6114285714285714 0.4361904761904763 0.6114285714285714 0.46095238095238106 0.6528571428571428 0.46095238095238106
4 0.3457142857142857 0.30000000000000004 0.32071428571428573 0.3 0.32071428571428573 0.320952380952381 0.3457142857142857 0.32095238095238104
4 0.31214285714285717 0.28476190476190477 0.2914285714285714 0.28476190476190477 0.2914285714285714 0.3038095238095238 0.31214285714285717 0.3038095238095238
4 0.2835714285714286 0.28 0.26857142857142857 0.28 0.26857142857142857 0.29619047619047617 0.2835714285714286 0.29619047619047617
4 0.235 0.2542857142857143 0.21714285714285714 0.2542857142857143 0.21714285714285714 0.2742857142857143 0.235 0.2742857142857143
4 0.7671428571428571 0.3438095238095239 0.7514285714285714 0.3438095238095239 0.7514285714285714 0.3638095238095239 0.7671428571428571 0.3638095238095239
4 0.6914285714285714 0.3580952380952382 0.6671428571428571 0.3580952380952382 0.6671428571428571 0.3771428571428572 0.6914285714285714 0.3771428571428572
3 0.060714285714285755 0.3466666666666667 0.038571428571428604 0.3466666666666667 0.038571428571428604 0.35714285714285715 0.060714285714285755 0.35714285714285715
3 0.042142857142857176 0.35904761904761906 0.024285714285714317 0.35904761904761906 0.024285714285714317 0.37238095238095237 0.042142857142857176 0.37238095238095237
3 0.09357142857142861 0.3657142857142857 0.06500000000000004 0.3657142857142857 0.06500000000000004 0.3780952380952381 0.09357142857142861 0.3780952380952381
4 0.06714285714285718 0.3361904761904762 0.04428571428571432 0.3361904761904762 0.04428571428571432 0.3485714285714286 0.06714285714285718 0.3485714285714286
7 0.9585714285714285 0.43904761904761913 0.9514285714285714 0.43904761904761913 0.9514285714285714 0.4676190476190477 0.9585714285714285 0.4676190476190477
7 0.9692857142857143 0.4485714285714287 0.9628571428571429 0.4485714285714287 0.9628571428571429 0.4666666666666668 0.9692857142857143 0.4666666666666668
7 0.9885714285714285 0.43523809523809537 0.9821428571428571 0.43523809523809537 0.9821428571428571 0.46095238095238106 0.9885714285714285 0.46095238095238106
7 0.9992857142857143 0.4390476190476192 0.9907142857142858 0.43904761904761913 0.9907142857142858 0.46476190476190493 0.9992857142857143 0.464761904761905
3 0.9885714285714285 0.3561904761904763 0.9578571428571429 0.3561904761904763 0.9578571428571429 0.37333333333333346 0.9885714285714285 0.37333333333333346
8 0.5335714285714286 0.4561904761904763 0.5228571428571429 0.4561904761904763 0.5228571428571429 0.47523809523809535 0.5335714285714286 0.47523809523809535
7 0.4992857142857143 0.6847619047619048 0.4878571428571429 0.6847619047619048 0.4878571428571429 0.7209523809523809 0.4992857142857143 0.7209523809523809
8 0.5778571428571428 0.6980952380952381 0.5592857142857143 0.6980952380952381 0.5592857142857143 0.7352380952380952 0.5778571428571428 0.7352380952380952
8 0.5271428571428571 0.6619047619047619 0.5114285714285715 0.6619047619047619 0.5114285714285715 0.7028571428571428 0.5271428571428571 0.7028571428571428
8 0.5042857142857143 0.6390476190476191 0.49 0.6390476190476191 0.49 0.6742857142857143 0.5042857142857143 0.6742857142857143