6 0.205 0.1928934010152285 0.17642857142857143 0.1928934010152285 0.17642857142857143 0.22208121827411176 0.205 0.22208121827411176
6 0.2007142857142857 0.1928934010152285 0.17785714285714285 0.1928934010152285 0.17785714285714285 0.22461928934010159 0.2007142857142857 0.22461928934010159
6 0.21857142857142858 0.19670050761421326 0.20857142857142857 0.19670050761421326 0.20857142857142857 0.2144670050761422 0.21857142857142858 0.2144670050761422
6 0.23357142857142857 0.1979695431472082 0.21714285714285714 0.1979695431472082 0.21714285714285714 0.22081218274111683 0.23357142857142857 0.22081218274111683
3 0.17500000000000004 0.5050761421319797 0.14428571428571432 0.5050761421319797 0.14428571428571432 0.5253807106598984 0.17500000000000004 0.5253807106598984
7 0.3257142857142858 0.6941624365482234 0.32000000000000006 0.6941624365482234 0.32000000000000006 0.7208121827411168 0.3257142857142858 0.7208121827411168
7 0.33357142857142863 0.6218274111675127 0.32928571428571435 0.6218274111675127 0.32928571428571435 0.6446700507614214 0.33357142857142863 0.6446700507614215
11 0.30571428571428577 0.6789340101522843 0.27214285714285724 0.6789340101522843 0.27214285714285724 0.7347715736040609 0.30571428571428577 0.7347715736040609
11 0.3107142857142858 0.666243654822335 0.2807142857142858 0.666243654822335 0.2807142857142858 0.7055837563451777 0.3107142857142858 0.7055837563451777
3 0.32214285714285723 0.6281725888324873 0.2878571428571429 0.6281725888324873 0.2878571428571429 0.6637055837563451 0.32214285714285723 0.6637055837563451
7 0.35 0.48477157360406103 0.345 0.48477157360406103 0.345 0.5038071065989849 0.35 0.5038071065989849
7 0.37142857142857144 0.4060913705583758 0.3678571428571429 0.4060913705583758 0.3678571428571429 0.4225888324873098 0.37142857142857144 0.4225888324873098
7 0.37357142857142855 0.42512690355329963 0.37 0.42512690355329963 0.37 0.4403553299492387 0.37357142857142855 0.4403553299492387
7 0.375 0.3959390862944164 0.37214285714285716 0.3959390862944164 0.37214285714285716 0.41116751269035545 0.375 0.41116751269035545
7 0.37642857142857145 0.39847715736040623 0.3742857142857143 0.39847715736040623 0.3742857142857143 0.4124365482233504 0.37642857142857145 0.4124365482233504
3 0.38285714285714284 0.517766497461929 0.36714285714285716 0.517766497461929 0.36714285714285716 0.5456852791878174 0.38285714285714284 0.5456852791878174
3 0.4007142857142857 0.3946700507614215 0.3892857142857143 0.3946700507614215 0.3892857142857143 0.41624365482233516 0.4007142857142857 0.41624365482233516
11 0.4207142857142857 0.352791878172589 0.4092857142857143 0.352791878172589 0.4092857142857143 0.37690355329949254 0.4207142857142857 0.37690355329949254
11 0.41785714285714287 0.24873096446700516 0.4085714285714286 0.24873096446700516 0.4085714285714286 0.2664974619289341 0.41785714285714287 0.2664974619289341
2 0.4357142857142857 0.10532994923857879 0.4307142857142857 0.10532994923857879 0.4307142857142857 0.12055837563451788 0.4357142857142857 0.12055837563451788
3 0.4442857142857143 0.09771573604060925 0.43857142857142856 0.09771573604060925 0.43857142857142856 0.10532994923857879 0.4442857142857143 0.10532994923857879
2 0.4514285714285714 0.006345177664974717 0.445 0.006345177664974716 0.445 0.017766497461929032 0.4514285714285714 0.017766497461929032
3 0.46714285714285714 0.0038071065989848723 0.4635714285714286 0.003807106598984872 0.4635714285714286 0.010152284263959492 0.46714285714285714 0.010152284263959494
3 0.4614285714285714 0.050761421319797065 0.45714285714285713 0.050761421319797065 0.45714285714285713 0.0583756345177666 0.4614285714285714 0.0583756345177666
11 0.46214285714285713 0.07233502538071077 0.4564285714285714 0.07233502538071077 0.4564285714285714 0.08248730964467016 0.46214285714285713 0.08248730964467016
3 0.4614285714285714 0.09137055837563463 0.4564285714285714 0.09137055837563463 0.4564285714285714 0.09898477157360416 0.4614285714285714 0.09898477157360416
11 0.4614285714285714 0.10279187817258895 0.455 0.10279187817258895 0.455 0.11421319796954325 0.4614285714285714 0.11421319796954325
11 0.46 0.15228426395939096 0.4521428571428571 0.15228426395939096 0.4521428571428571 0.16751269035533004 0.46 0.16751269035533004
11 0.48714285714285716 0.12055837563451788 0.48 0.12055837563451788 0.48 0.13451776649746203 0.48714285714285716 0.13451776649746203
3 0.47785714285714287 0.12944162436548234 0.4707142857142857 0.12944162436548234 0.4707142857142857 0.14086294416243667 0.47785714285714287 0.14086294416243667
3 0.4764285714285714 0.11675126903553311 0.47 0.11675126903553311 0.47 0.12817258883248742 0.4764285714285714 0.12817258883248742
2 0.4492857142857143 0.20431472081218283 0.43642857142857144 0.20431472081218283 0.43642857142857144 0.24492385786802037 0.4492857142857143 0.24492385786802037
11 0.4807142857142857 0.20050761421319804 0.4714285714285714 0.20050761421319804 0.4714285714285714 0.22335025380710666 0.4807142857142857 0.22335025380710666
3 0.48 0.17893401015228433 0.47214285714285714 0.17893401015228433 0.47214285714285714 0.19162436548223358 0.48 0.19162436548223358
3 0.4585714285714286 0.5558375634517768 0.44357142857142856 0.5558375634517768 0.44357142857142856 0.5926395939086296 0.4585714285714286 0.5926395939086296
3 0.5 0.5444162436548224 0.4835714285714286 0.5444162436548224 0.4835714285714286 0.586294416243655 0.5 0.586294416243655
3 0.5121428571428571 0.44162436548223366 0.49785714285714283 0.44162436548223366 0.49785714285714283 0.47461928934010167 0.5121428571428571 0.47461928934010167
3 0.48928571428571427 0.36294416243654837 0.47785714285714287 0.36294416243654837 0.47785714285714287 0.38959390862944177 0.48928571428571427 0.38959390862944177
11 0.4592857142857143 0.4403553299492387 0.445 0.4403553299492387 0.445 0.4771573604060915 0.4592857142857143 0.4771573604060915
11 0.46 0.3807106598984773 0.44857142857142857 0.3807106598984773 0.44857142857142857 0.41116751269035545 0.46 0.41116751269035545
11 0.5585714285714286 0.44796954314720827 0.5442857142857143 0.44796954314720827 0.5442857142857143 0.486040609137056 0.5585714285714286 0.486040609137056
11 0.46 0.32994923857868036 0.4492857142857143 0.32994923857868036 0.4492857142857143 0.3540609137055839 0.46 0.3540609137055839
3 0.5164285714285715 0.26522842639593924 0.5078571428571429 0.26522842639593924 0.5078571428571429 0.2829949238578682 0.5164285714285715 0.2829949238578682
3 0.5171428571428571 0.21827411167512706 0.5107142857142857 0.21827411167512706 0.5107142857142857 0.23477157360406106 0.5171428571428571 0.23477157360406106
11 0.5178571428571429 0.19543147208121842 0.51 0.19543147208121842 0.51 0.21192893401015242 0.5178571428571429 0.21192893401015242
7 0.5007142857142857 0.17131979695431487 0.4992857142857143 0.17131979695431487 0.4992857142857143 0.18274111675126917 0.5007142857142857 0.18274111675126917
7 0.505 0.16878172588832502 0.5028571428571429 0.16878172588832502 0.5028571428571429 0.18020304568527934 0.505 0.18020304568527934
7 0.5857142857142857 0.14593908629441638 0.5828571428571429 0.14593908629441638 0.5828571428571429 0.15609137055837577 0.5857142857142857 0.15609137055837577
3 0.645 0.12309644670050776 0.6385714285714286 0.12309644670050776 0.6385714285714286 0.135786802030457 0.645 0.135786802030457
3 0.6378571428571429 0.1370558375634519 0.6307142857142857 0.1370558375634519 0.6307142857142857 0.1472081218274113 0.6378571428571429 0.1472081218274113
7 0.6585714285714286 0.12944162436548237 0.6564285714285715 0.12944162436548237 0.6564285714285715 0.1408629441624367 0.6585714285714286 0.1408629441624367
2 0.5728571428571428 0.15736040609137067 0.5542857142857143 0.15736040609137067 0.5542857142857143 0.1738578680203047 0.5728571428571428 0.1738578680203047
11 0.5492857142857143 0.16370558375634534 0.5328571428571428 0.16370558375634534 0.5328571428571428 0.17639593908629456 0.5492857142857143 0.17639593908629456
3 0.5435714285714286 0.16116751269035542 0.5307142857142857 0.16116751269035542 0.5307142857142857 0.1738578680203047 0.5435714285714286 0.1738578680203047
7 0.5385714285714286 0.15736040609137067 0.5371428571428571 0.15736040609137067 0.5371428571428571 0.16878172588832502 0.5385714285714286 0.16878172588832502
7 0.5364285714285715 0.1586294416243656 0.5342857142857143 0.1586294416243656 0.5342857142857143 0.1675126903553301 0.5364285714285715 0.1675126903553301
3 0.5307142857142857 0.15482233502538081 0.5142857142857142 0.15482233502538081 0.5142857142857142 0.16497461928934024 0.5307142857142857 0.16497461928934024
11 0.5192857142857142 0.13071065989847727 0.5135714285714286 0.13071065989847727 0.5135714285714286 0.1434010152284265 0.5192857142857142 0.1434010152284265
3 0.5157142857142857 0.11928934010152295 0.5114285714285715 0.11928934010152295 0.5114285714285715 0.12817258883248742 0.5157142857142857 0.12817258883248742
11 0.49714285714285716 0.10786802030456863 0.4928571428571429 0.10786802030456863 0.4928571428571429 0.12309644670050772 0.49714285714285716 0.12309644670050772
3 0.495 0.0951776649746194 0.4907142857142857 0.0951776649746194 0.4907142857142857 0.10406091370558386 0.495 0.10406091370558386
3 0.495 0.08375634517766509 0.49 0.08375634517766509 0.49 0.09137055837563463 0.495 0.09137055837563463
11 0.4228571428571429 0.8781725888324873 0.3992857142857143 0.8781725888324873 0.3992857142857143 0.9606598984771574 0.4228571428571429 0.9606598984771574
11 0.4585714285714286 0.9187817258883249 0.43214285714285716 0.9187817258883249 0.43214285714285716 0.998730964467005 0.4585714285714286 0.998730964467005