11 0.06642857142857145 0.2761904761904762 0.05142857142857145 0.2761904761904762 0.05142857142857145 0.29714285714285715 0.06642857142857145 0.29714285714285715
11 0.09571428571428575 0.3019047619047619 0.08571428571428573 0.3019047619047619 0.08571428571428573 0.31523809523809526 0.09571428571428575 0.31523809523809526
3 0.11928571428571433 0.3057142857142857 0.10571428571428576 0.3057142857142857 0.10571428571428576 0.3219047619047619 0.11928571428571433 0.3219047619047619
3 0.1485714285714286 0.3057142857142857 0.1328571428571429 0.3057142857142857 0.1328571428571429 0.3238095238095238 0.1485714285714286 0.3238095238095238
11 0.39714285714285713 0.31333333333333346 0.38642857142857145 0.31333333333333346 0.38642857142857145 0.33904761904761915 0.39714285714285713 0.33904761904761915
10 0.4092857142857143 0.31333333333333346 0.39571428571428574 0.31333333333333346 0.39571428571428574 0.3447619047619049 0.4092857142857143 0.3447619047619049
3 0.4407142857142857 0.3504761904761906 0.4278571428571429 0.3504761904761906 0.4278571428571429 0.361904761904762 0.4407142857142857 0.361904761904762
3 0.4492857142857143 0.26095238095238105 0.44285714285714284 0.26095238095238105 0.44285714285714284 0.27714285714285725 0.4492857142857143 0.27714285714285725
3 0.445 0.2847619047619049 0.43714285714285717 0.2847619047619049 0.43714285714285717 0.3000000000000001 0.445 0.3000000000000001
4 0.43785714285714283 0.35904761904761917 0.43 0.35904761904761917 0.43 0.36952380952380964 0.43785714285714283 0.36952380952380964
3 0.4328571428571429 0.2352380952380953 0.42214285714285715 0.2352380952380953 0.42214285714285715 0.24666666666666678 0.4328571428571429 0.24666666666666678
4 0.4307142857142857 0.24952380952380962 0.4228571428571429 0.24952380952380962 0.4228571428571429 0.2580952380952382 0.4307142857142857 0.2580952380952382
3 0.435 0.21238095238095245 0.42142857142857143 0.21238095238095245 0.42142857142857143 0.22571428571428576 0.435 0.22571428571428576
3 0.43785714285714283 0.20761904761904768 0.42142857142857143 0.20761904761904768 0.42142857142857143 0.2190476190476191 0.43785714285714283 0.2190476190476191
3 0.3892857142857143 0.1790476190476191 0.37357142857142855 0.1790476190476191 0.37357142857142855 0.18952380952380957 0.3892857142857143 0.18952380952380957
3 0.3914285714285714 0.1733333333333334 0.37642857142857145 0.1733333333333334 0.37642857142857145 0.18380952380952387 0.3914285714285714 0.18380952380952387
3 0.3914285714285714 0.16857142857142862 0.37642857142857145 0.16857142857142862 0.37642857142857145 0.1790476190476191 0.3914285714285714 0.1790476190476191
11 0.3964285714285714 0.160952380952381 0.37714285714285717 0.160952380952381 0.37714285714285717 0.17238095238095244 0.3964285714285714 0.17238095238095244
11 0.42928571428571427 0.16761904761904767 0.41928571428571426 0.16761904761904767 0.41928571428571426 0.1752380952380953 0.42928571428571427 0.1752380952380953
11 0.42714285714285716 0.17142857142857149 0.4157142857142857 0.17142857142857149 0.4157142857142857 0.18476190476190482 0.42714285714285716 0.18476190476190482
3 0.41928571428571426 0.15809523809523815 0.4092857142857143 0.15809523809523815 0.4092857142857143 0.16952380952380958 0.41928571428571426 0.16952380952380958
3 0.4228571428571429 0.18666666666666673 0.415 0.18666666666666673 0.415 0.19428571428571434 0.4228571428571429 0.19428571428571434
3 0.43857142857142856 0.2028571428571429 0.42214285714285715 0.2028571428571429 0.42214285714285715 0.21238095238095245 0.43857142857142856 0.21238095238095245
3 0.44 0.19619047619047625 0.4257142857142857 0.19619047619047625 0.4257142857142857 0.20571428571428577 0.44 0.20571428571428577
3 0.44142857142857145 0.18952380952380957 0.425 0.18952380952380957 0.425 0.1990476190476191 0.44142857142857145 0.1990476190476191
3 0.44142857142857145 0.18571428571428578 0.42642857142857143 0.18571428571428578 0.42642857142857143 0.19428571428571434 0.44142857142857145 0.19428571428571434
3 0.4442857142857143 0.1790476190476191 0.42857142857142855 0.1790476190476191 0.42857142857142855 0.19047619047619052 0.4442857142857143 0.19047619047619052
3 0.5664285714285714 0.12285714285714297 0.5607142857142857 0.12285714285714297 0.5607142857142857 0.13523809523809535 0.5664285714285714 0.13523809523809535
3 0.5357142857142857 0.20095238095238105 0.5285714285714286 0.20095238095238105 0.5285714285714286 0.21714285714285725 0.5357142857142857 0.21714285714285725
3 0.5607142857142857 0.2380952380952382 0.5442857142857143 0.2380952380952382 0.5442857142857143 0.24761904761904774 0.5607142857142857 0.24761904761904774
11 0.58 0.3523809523809525 0.5592857142857143 0.3523809523809525 0.5592857142857143 0.36476190476190484 0.58 0.36476190476190484
3 0.5814285714285714 0.341904761904762 0.5614285714285714 0.341904761904762 0.5614285714285714 0.35333333333333344 0.5814285714285714 0.35333333333333344
3 0.5814285714285714 0.3323809523809525 0.5621428571428572 0.3323809523809525 0.5621428571428572 0.3447619047619049 0.5814285714285714 0.3447619047619049
3 0.5785714285714286 0.23904761904761915 0.565 0.23904761904761915 0.565 0.2485714285714287 0.5785714285714286 0.2485714285714287
3 0.5792857142857143 0.29238095238095246 0.5664285714285714 0.29238095238095246 0.5664285714285714 0.302857142857143 0.5792857142857143 0.302857142857143
3 0.58 0.2980952380952382 0.565 0.2980952380952382 0.565 0.30952380952380965 0.58 0.30952380952380965
3 0.5778571428571428 0.30761904761904774 0.5664285714285714 0.30761904761904774 0.5664285714285714 0.3171428571428572 0.5778571428571428 0.3171428571428572
3 0.58 0.3142857142857144 0.5635714285714286 0.3142857142857144 0.5635714285714286 0.32571428571428584 0.58 0.32571428571428584
11 0.5828571428571429 0.32285714285714295 0.5664285714285714 0.32285714285714295 0.5664285714285714 0.33523809523809533 0.5828571428571429 0.33523809523809533
11 0.6257142857142857 0.25714285714285723 0.6178571428571429 0.25714285714285723 0.6178571428571429 0.27904761904761916 0.6257142857142857 0.27904761904761916
10 0.6114285714285714 0.35142857142857153 0.6021428571428571 0.35142857142857153 0.6021428571428571 0.381904761904762 0.6114285714285714 0.381904761904762
10 0.6135714285714285 0.31904761904761914 0.6 0.31904761904761914 0.6 0.3485714285714287 0.6135714285714285 0.3485714285714287
11 0.6242857142857143 0.21142857142857155 0.6192857142857143 0.21142857142857155 0.6192857142857143 0.22666666666666677 0.6242857142857143 0.22666666666666677
3 0.6321428571428571 0.20476190476190487 0.6242857142857143 0.20476190476190487 0.6242857142857143 0.21714285714285725 0.6321428571428571 0.21714285714285725
3 0.5385714285714286 0.18952380952380962 0.5307142857142857 0.18952380952380962 0.5307142857142857 0.20095238095238105 0.5385714285714286 0.20095238095238105
3 0.6007142857142858 0.18571428571428583 0.595 0.18571428571428583 0.595 0.20000000000000012 0.6007142857142858 0.20000000000000012
11 0.5828571428571429 0.03904761904761914 0.5778571428571428 0.03904761904761914 0.5778571428571428 0.049523809523809616 0.5828571428571429 0.049523809523809616
2 0.5971428571428572 0.03333333333333343 0.5864285714285714 0.03333333333333343 0.5864285714285714 0.060000000000000095 0.5971428571428572 0.060000000000000095
2 0.6078571428571429 0.03619047619047629 0.5964285714285714 0.03619047619047629 0.5964285714285714 0.05333333333333343 0.6078571428571429 0.05333333333333343
2 0.6007142857142858 0.01809523809523819 0.59 0.01809523809523819 0.59 0.03904761904761914 0.6007142857142858 0.03904761904761914
2 0.67 0.03714285714285725 0.6614285714285715 0.03714285714285725 0.6614285714285715 0.06571428571428582 0.67 0.06571428571428582
2 0.6621428571428571 0.006666666666666774 0.6542857142857142 0.006666666666666773 0.6542857142857142 0.027619047619047727 0.6621428571428571 0.027619047619047727
2 0.6678571428571428 0.06190476190476201 0.6578571428571428 0.06190476190476201 0.6578571428571428 0.08761904761904772 0.6678571428571428 0.08761904761904772
2 0.6385714285714286 0.018095238095238195 0.6292857142857143 0.018095238095238195 0.6292857142857143 0.052380952380952486 0.6385714285714286 0.052380952380952486
4 0.6007142857142858 0.1200000000000001 0.5907142857142857 0.1200000000000001 0.5907142857142857 0.13142857142857153 0.6007142857142858 0.13142857142857153
4 0.5964285714285714 0.10380952380952392 0.5885714285714285 0.10380952380952392 0.5885714285714285 0.11142857142857154 0.5964285714285714 0.11142857142857154
7 0.5585714285714286 0.35142857142857153 0.5557142857142857 0.35142857142857153 0.5557142857142857 0.35714285714285726 0.5585714285714286 0.35714285714285726
7 0.6378571428571429 0.1638095238095239 0.6342857142857142 0.1638095238095239 0.6342857142857142 0.17142857142857154 0.6378571428571429 0.17142857142857154
3 0.6978571428571428 0.12571428571428583 0.6907142857142857 0.12571428571428583 0.6907142857142857 0.13523809523809535 0.6978571428571428 0.13523809523809535
3 0.7278571428571429 0.10952380952380963 0.7164285714285714 0.10952380952380963 0.7164285714285714 0.11714285714285726 0.7278571428571429 0.11714285714285726
11 0.7371428571428571 0.21523809523809534 0.7192857142857143 0.21523809523809534 0.7192857142857143 0.22952380952380963 0.7371428571428571 0.22952380952380963
11 0.7935714285714286 0.22666666666666677 0.7864285714285715 0.22666666666666677 0.7864285714285715 0.24666666666666678 0.7935714285714286 0.24666666666666678
3 0.6671428571428571 0.018095238095238202 0.6628571428571428 0.018095238095238202 0.6628571428571428 0.02571428571428582 0.6671428571428571 0.02571428571428582
3 0.8071428571428572 0.02476190476190489 0.7935714285714286 0.02476190476190489 0.7935714285714286 0.04571428571428585 0.8071428571428572 0.04571428571428585
3 0.78 0.03142857142857155 0.7721428571428571 0.03142857142857155 0.7721428571428571 0.03714285714285726 0.78 0.03714285714285726
10 0.7964285714285714 0.023809523809523937 0.7857142857142857 0.023809523809523937 0.7857142857142857 0.04761904761904775 0.7964285714285714 0.047619047619047755
11 0.7464285714285714 0.11142857142857156 0.7328571428571429 0.11142857142857154 0.7328571428571429 0.11809523809523821 0.7464285714285714 0.11809523809523823
11 0.7657142857142857 0.1066666666666668 0.755 0.1066666666666668 0.755 0.11523809523809538 0.7657142857142857 0.11523809523809538
3 0.7678571428571429 0.11238095238095251 0.7578571428571429 0.11238095238095251 0.7578571428571429 0.12190476190476202 0.7678571428571429 0.12190476190476202
2 0.8078571428571428 0.10571428571428584 0.775 0.10571428571428584 0.775 0.12476190476190487 0.8078571428571428 0.12476190476190487
11 0.7742857142857142 0.14761904761904773 0.7671428571428571 0.14761904761904773 0.7671428571428571 0.16285714285714298 0.7742857142857142 0.16285714285714298
7 0.7685714285714286 0.14095238095238105 0.7664285714285715 0.14095238095238105 0.7664285714285715 0.14380952380952391 0.7685714285714286 0.14380952380952391
3 0.7914285714285715 0.16476190476190486 0.7842857142857143 0.16476190476190486 0.7842857142857143 0.1761904761904763 0.7914285714285715 0.1761904761904763
3 0.7957142857142857 0.17523809523809536 0.7864285714285715 0.17523809523809536 0.7864285714285715 0.19047619047619058 0.7957142857142857 0.19047619047619058
3 0.7821428571428571 0.18476190476190488 0.7764285714285715 0.18476190476190488 0.7764285714285715 0.1980952380952382 0.7821428571428571 0.1980952380952382
11 0.8107142857142857 0.22761904761904772 0.8 0.22761904761904772 0.8 0.2485714285714287 0.8107142857142857 0.2485714285714287
3 0.8085714285714286 0.2904761904761906 0.8 0.2904761904761906 0.8 0.30666666666666675 0.8085714285714286 0.30666666666666675
3 0.8171428571428572 0.26285714285714296 0.8078571428571428 0.26285714285714296 0.8078571428571428 0.28095238095238106 0.8171428571428572 0.28095238095238106
3 0.8121428571428572 0.30857142857142866 0.8035714285714286 0.30857142857142866 0.8035714285714286 0.3295238095238096 0.8121428571428572 0.3295238095238096
3 0.7964285714285714 0.241904761904762 0.7892857142857143 0.241904761904762 0.7892857142857143 0.26285714285714296 0.7964285714285714 0.26285714285714296
3 0.8178571428571428 0.12380952380952391 0.8 0.12380952380952391 0.8 0.14285714285714296 0.8178571428571428 0.14285714285714296
11 0.7785714285714286 0.16952380952380963 0.7714285714285715 0.16952380952380963 0.7714285714285715 0.18476190476190488 0.7785714285714286 0.18476190476190488
3 0.7171428571428572 0.40095238095238106 0.7078571428571429 0.40095238095238106 0.7078571428571429 0.4209523809523811 0.7171428571428572 0.4209523809523811
8 0.7064285714285714 0.33714285714285724 0.7035714285714286 0.33714285714285724 0.7035714285714286 0.34285714285714297 0.7064285714285714 0.34285714285714297
5 0.7064285714285714 0.3380952380952382 0.7028571428571428 0.3380952380952382 0.7028571428571428 0.3457142857142858 0.7064285714285714 0.3457142857142858
5 0.8264285714285714 0.38761904761904775 0.8192857142857143 0.38761904761904775 0.8192857142857143 0.39523809523809533 0.8264285714285714 0.39523809523809533
11 0.8307142857142857 0.3923809523809525 0.8207142857142857 0.3923809523809525 0.8207142857142857 0.41333333333333344 0.8307142857142857 0.41333333333333344
3 0.8342857142857143 0.4095238095238096 0.8242857142857143 0.4095238095238096 0.8242857142857143 0.43333333333333346 0.8342857142857143 0.43333333333333346
10 0.845 0.4342857142857144 0.8321428571428572 0.4342857142857144 0.8321428571428572 0.4638095238095239 0.845 0.4638095238095239
3 0.8385714285714285 0.4657142857142858 0.8264285714285714 0.4657142857142858 0.8264285714285714 0.48761904761904784 0.8385714285714285 0.48761904761904784
3 0.8507142857142858 0.48952380952380975 0.8385714285714285 0.48952380952380975 0.8385714285714285 0.5104761904761906 0.8507142857142858 0.5104761904761906
3 0.8264285714285714 0.4857142857142858 0.8078571428571428 0.4857142857142858 0.8078571428571428 0.5000000000000002 0.8264285714285714 0.5000000000000002
3 0.835 0.4961904761904764 0.8135714285714286 0.4961904761904764 0.8135714285714286 0.5114285714285717 0.835 0.5114285714285717
3 0.8435714285714285 0.5066666666666669 0.82 0.5066666666666669 0.82 0.522857142857143 0.8435714285714285 0.522857142857143
3 0.7707142857142857 0.5266666666666668 0.7464285714285714 0.5266666666666668 0.7464285714285714 0.5409523809523812 0.7707142857142857 0.5409523809523812
3 0.8392857142857143 0.5571428571428574 0.8264285714285714 0.5571428571428574 0.8264285714285714 0.5819047619047621 0.8392857142857143 0.5819047619047621
3 0.7814285714285715 0.5819047619047621 0.7564285714285715 0.5819047619047621 0.7564285714285715 0.6019047619047622 0.7814285714285715 0.6019047619047622
3 0.8821428571428571 0.4485714285714287 0.8621428571428571 0.4485714285714287 0.8621428571428571 0.46000000000000013 0.8821428571428571 0.46000000000000013
3 0.8964285714285715 0.4742857142857144 0.8714285714285714 0.4742857142857144 0.8714285714285714 0.48857142857142877 0.8964285714285715 0.48857142857142877
3 0.8907142857142857 0.46285714285714297 0.8671428571428571 0.46285714285714297 0.8671428571428571 0.4723809523809525 0.8907142857142857 0.4723809523809525
3 0.9021428571428571 0.504761904761905 0.8778571428571429 0.504761904761905 0.8778571428571429 0.5276190476190479 0.9021428571428571 0.5276190476190479
3 0.8964285714285715 0.5295238095238097 0.8764285714285714 0.5295238095238097 0.8764285714285714 0.5533333333333336 0.8964285714285715 0.5533333333333336
3 0.8642857142857143 0.585714285714286 0.8392857142857143 0.585714285714286 0.8392857142857143 0.6028571428571431 0.8642857142857143 0.6028571428571431
3 0.8971428571428571 0.4857142857142858 0.875 0.4857142857142858 0.875 0.49904761904761924 0.8971428571428571 0.49904761904761924
3 0.89 0.5352380952380954 0.8692857142857143 0.5352380952380954 0.8692857142857143 0.5580952380952383 0.89 0.5580952380952383
3 0.8057142857142857 0.4942857142857145 0.7914285714285715 0.4942857142857145 0.7914285714285715 0.5171428571428573 0.8057142857142857 0.5171428571428573
3 0.8114285714285714 0.5866666666666669 0.7857142857142857 0.5866666666666669 0.7857142857142857 0.603809523809524 0.8114285714285714 0.603809523809524
3 0.8071428571428572 0.5733333333333336 0.7864285714285715 0.5733333333333336 0.7864285714285715 0.5895238095238098 0.8071428571428572 0.5895238095238098
3 0.7814285714285715 0.5704761904761907 0.7557142857142857 0.5704761904761907 0.7557142857142857 0.5866666666666669 0.7814285714285715 0.5866666666666669
3 0.7771428571428571 0.5580952380952383 0.7535714285714286 0.5580952380952383 0.7535714285714286 0.5733333333333336 0.7771428571428571 0.5733333333333336
3 0.7771428571428571 0.5457142857142859 0.7535714285714286 0.5457142857142859 0.7535714285714286 0.5619047619047621 0.7771428571428571 0.5619047619047621
3 0.765 0.5133333333333335 0.745 0.5133333333333335 0.745 0.5285714285714288 0.765 0.5285714285714288
3 0.7678571428571429 0.49904761904761924 0.7428571428571429 0.49904761904761924 0.7428571428571429 0.5142857142857145 0.7678571428571429 0.5142857142857145
3 0.7971428571428572 0.5285714285714288 0.775 0.5285714285714288 0.775 0.5457142857142859 0.7971428571428572 0.5457142857142859
3 0.8035714285714286 0.5561904761904765 0.7785714285714286 0.5561904761904765 0.7785714285714286 0.5723809523809525 0.8035714285714286 0.5723809523809525
3 0.8 0.542857142857143 0.7764285714285715 0.542857142857143 0.7764285714285715 0.5552380952380954 0.8 0.5552380952380954
3 0.7971428571428572 0.5152380952380955 0.7692857142857142 0.5152380952380955 0.7692857142857142 0.5285714285714288 0.7971428571428572 0.5285714285714288
3 0.8485714285714285 0.5380952380952383 0.83 0.5380952380952383 0.83 0.5542857142857145 0.8485714285714285 0.5542857142857145
11 0.795 0.5028571428571431 0.7735714285714286 0.5028571428571431 0.7735714285714286 0.5152380952380955 0.795 0.5152380952380955
3 0.8442857142857143 0.5257142857142859 0.8242857142857143 0.5257142857142859 0.8242857142857143 0.5409523809523812 0.8442857142857143 0.5409523809523812
3 0.8685714285714285 0.6009523809523811 0.8428571428571429 0.6009523809523811 0.8428571428571429 0.6161904761904764 0.8685714285714285 0.6161904761904764
3 0.8735714285714286 0.6285714285714288 0.85 0.6285714285714288 0.85 0.644761904761905 0.8735714285714286 0.644761904761905
3 0.8721428571428571 0.6142857142857145 0.8485714285714285 0.6142857142857145 0.8485714285714285 0.6304761904761907 0.8721428571428571 0.6304761904761907
3 0.9242857142857143 0.624761904761905 0.8992857142857142 0.624761904761905 0.8992857142857142 0.6390476190476193 0.9242857142857143 0.6390476190476193
3 0.9321428571428572 0.6409523809523812 0.905 0.6409523809523812 0.905 0.6580952380952383 0.9321428571428572 0.6580952380952383
3 0.9157142857142857 0.6009523809523811 0.8921428571428571 0.6009523809523811 0.8921428571428571 0.6266666666666669 0.9157142857142857 0.6266666666666669
3 0.8978571428571429 0.5914285714285716 0.8792857142857143 0.5914285714285716 0.8792857142857143 0.6133333333333335 0.8978571428571429 0.6133333333333335
3 0.8807142857142857 0.644761904761905 0.8542857142857143 0.644761904761905 0.8542857142857143 0.6580952380952383 0.8807142857142857 0.6580952380952383
11 0.8114285714285714 0.5990476190476193 0.7907142857142857 0.5990476190476193 0.7907142857142857 0.6180952380952384 0.8114285714285714 0.6180952380952384
3 0.7392857142857143 0.623809523809524 0.7235714285714285 0.623809523809524 0.7235714285714285 0.6580952380952383 0.7392857142857143 0.6580952380952383
3 0.94 0.6600000000000003 0.9135714285714286 0.6600000000000003 0.9135714285714286 0.6752380952380954 0.94 0.6752380952380954
3 0.9621428571428572 0.7009523809523812 0.9285714285714286 0.7009523809523812 0.9285714285714286 0.7209523809523811 0.9621428571428572 0.7209523809523811
3 0.9157142857142857 0.7552380952380955 0.8964285714285715 0.7552380952380955 0.8964285714285715 0.7923809523809526 0.9157142857142857 0.7923809523809526
3 0.9535714285714286 0.6800000000000003 0.9242857142857143 0.6800000000000003 0.9242857142857143 0.6980952380952383 0.9535714285714286 0.6980952380952383
3 0.7464285714285714 0.7104761904761907 0.7321428571428571 0.7104761904761907 0.7321428571428571 0.7428571428571431 0.7464285714285714 0.7428571428571431
3 0.75 0.7619047619047621 0.7335714285714285 0.7619047619047621 0.7335714285714285 0.7980952380952383 0.75 0.7980952380952383
3 0.755 0.8076190476190478 0.7392857142857143 0.8076190476190478 0.7392857142857143 0.8476190476190478 0.755 0.8476190476190478
3 0.7664285714285715 0.8533333333333335 0.7407142857142858 0.8533333333333335 0.7407142857142858 0.8857142857142859 0.7664285714285715 0.8857142857142859
3 0.8957142857142857 0.6809523809523812 0.87 0.6809523809523812 0.87 0.7123809523809526 0.8957142857142857 0.7123809523809526
11 0.9057142857142857 0.7142857142857145 0.89 0.7142857142857145 0.89 0.7495238095238097 0.9057142857142857 0.7495238095238097
3 0.9307142857142857 0.802857142857143 0.9085714285714286 0.802857142857143 0.9085714285714286 0.8504761904761907 0.9307142857142857 0.8504761904761907
3 0.9635714285714285 0.8676190476190478 0.9407142857142857 0.8676190476190478 0.9407142857142857 0.9114285714285717 0.9635714285714285 0.9114285714285717
3 0.9457142857142857 0.8600000000000002 0.9242857142857143 0.8600000000000002 0.9242857142857143 0.9019047619047621 0.9457142857142857 0.9019047619047621
5 0.9678571428571429 0.8866666666666669 0.9607142857142857 0.8866666666666669 0.9607142857142857 0.904761904761905 0.9678571428571429 0.904761904761905
4 0.8971428571428571 0.863809523809524 0.8921428571428571 0.863809523809524 0.8921428571428571 0.8790476190476193 0.8971428571428571 0.8790476190476193
5 0.895 0.8476190476190478 0.8892857142857142 0.8476190476190478 0.8892857142857142 0.8657142857142859 0.895 0.8657142857142859
7 0.9428571428571428 0.924761904761905 0.935 0.924761904761905 0.935 0.9314285714285716 0.9428571428571428 0.9314285714285716
7 0.9521428571428572 0.9314285714285716 0.9442857142857143 0.9314285714285716 0.9442857142857143 0.9400000000000002 0.9521428571428572 0.9400000000000002
7 0.9628571428571429 0.9742857142857145 0.9585714285714285 0.9742857142857145 0.9585714285714285 0.981904761904762 0.9628571428571429 0.981904761904762
7 0.9435714285714286 0.944761904761905 0.9364285714285714 0.944761904761905 0.9364285714285714 0.9533333333333336 0.9435714285714286 0.9533333333333336
7 0.7471428571428571 0.9504761904761907 0.7428571428571429 0.9504761904761907 0.7428571428571429 0.9552380952380954 0.7471428571428571 0.9552380952380954
10 0.7792857142857142 0.9619047619047622 0.7457142857142857 0.9619047619047622 0.7457142857142857 0.9980952380952381 0.7792857142857142 0.9980952380952381
4 0.7578571428571429 0.12476190476190487 0.755 0.12476190476190487 0.755 0.1323809523809525 0.7578571428571429 0.1323809523809525
10 0.5392857142857143 0.39714285714285724 0.5207142857142857 0.39714285714285724 0.5207142857142857 0.4104761904761906 0.5392857142857143 0.4104761904761906
11 0.5592857142857143 0.5238095238095238 0.5335714285714286 0.5238095238095238 0.5335714285714286 0.5428571428571428 0.5592857142857143 0.5428571428571428
10 0.5435714285714286 0.3723809523809525 0.5242857142857142 0.3723809523809525 0.5242857142857142 0.38761904761904775 0.5435714285714286 0.38761904761904775
10 0.54 0.38571428571428584 0.5207142857142857 0.38571428571428584 0.5207142857142857 0.3980952380952382 0.54 0.3980952380952382
11 0.5628571428571428 0.4047619047619049 0.555 0.4047619047619049 0.555 0.42857142857142866 0.5628571428571428 0.42857142857142866
11 0.5521428571428572 0.41333333333333344 0.5428571428571428 0.41333333333333344 0.5428571428571428 0.43047619047619057 0.5521428571428572 0.43047619047619057
3 0.6064285714285714 0.47333333333333344 0.5978571428571429 0.47333333333333344 0.5978571428571429 0.4990476190476191 0.6064285714285714 0.4990476190476191
7 0.5785714285714286 0.5323809523809524 0.5757142857142857 0.5323809523809524 0.5757142857142857 0.54 0.5785714285714286 0.54
7 0.5221428571428571 0.5533333333333333 0.5185714285714286 0.5533333333333333 0.5185714285714286 0.56 0.5221428571428571 0.56
3 0.5392857142857143 0.6476190476190476 0.5135714285714286 0.6476190476190476 0.5135714285714286 0.6619047619047619 0.5392857142857143 0.6619047619047619
3 0.5728571428571428 0.6476190476190476 0.5435714285714286 0.6476190476190476 0.5435714285714286 0.6685714285714286 0.5728571428571428 0.6685714285714286
3 0.59 0.6171428571428571 0.5771428571428572 0.6171428571428571 0.5771428571428572 0.6438095238095238 0.59 0.6438095238095238
3 0.5614285714285714 0.5942857142857143 0.5514285714285714 0.5942857142857143 0.5514285714285714 0.6209523809523809 0.5614285714285714 0.6209523809523809
3 0.58 0.5647619047619048 0.5685714285714286 0.5647619047619048 0.5685714285714286 0.5923809523809523 0.58 0.5923809523809523
3 0.5271428571428571 0.5647619047619048 0.5164285714285715 0.5647619047619048 0.5164285714285715 0.5904761904761905 0.5271428571428571 0.5904761904761905
3 0.5542857142857143 0.5685714285714286 0.5428571428571428 0.5685714285714286 0.5428571428571428 0.5971428571428572 0.5542857142857143 0.5971428571428572
3 0.565 0.5685714285714286 0.5557142857142857 0.5685714285714286 0.5557142857142857 0.5923809523809523 0.565 0.5923809523809523
11 0.6164285714285714 0.5904761904761905 0.6064285714285714 0.5904761904761905 0.6064285714285714 0.6333333333333333 0.6164285714285714 0.6333333333333333
3 0.6042857142857143 0.58 0.585 0.58 0.585 0.5971428571428572 0.6042857142857143 0.5971428571428572
3 0.5692857142857143 0.5466666666666666 0.5428571428571428 0.5466666666666666 0.5428571428571428 0.56 0.5692857142857143 0.56
7 0.5785714285714286 0.8142857142857143 0.5757142857142857 0.8142857142857143 0.5757142857142857 0.8247619047619048 0.5785714285714286 0.8247619047619048
3 0.6128571428571429 0.7933333333333333 0.6021428571428571 0.7933333333333333 0.6021428571428571 0.8323809523809523 0.6128571428571429 0.8323809523809523
3 0.5964285714285714 0.7514285714285714 0.5842857142857143 0.7514285714285714 0.5842857142857143 0.7885714285714286 0.5964285714285714 0.7885714285714286
3 0.5685714285714286 0.7228571428571429 0.5564285714285714 0.7228571428571429 0.5564285714285714 0.758095238095238 0.5685714285714286 0.758095238095238
3 0.5635714285714286 0.7780952380952381 0.5507142857142857 0.7780952380952381 0.5507142857142857 0.8152380952380952 0.5635714285714286 0.8152380952380952
3 0.5471428571428572 0.7752380952380953 0.5328571428571428 0.7752380952380953 0.5328571428571428 0.8133333333333334 0.5471428571428572 0.8133333333333334
3 0.5392857142857143 0.8171428571428572 0.5085714285714286 0.8171428571428572 0.5085714285714286 0.8380952380952381 0.5392857142857143 0.8380952380952381
3 0.5271428571428571 0.780952380952381 0.5064285714285715 0.780952380952381 0.5064285714285715 0.8142857142857143 0.5271428571428571 0.8142857142857143
3 0.5364285714285715 0.6752380952380952 0.5107142857142857 0.6752380952380952 0.5107142857142857 0.6933333333333334 0.5364285714285715 0.6933333333333334
3 0.5257142857142857 0.7228571428571429 0.49857142857142855 0.7228571428571429 0.49857142857142855 0.74 0.5257142857142857 0.74
5 0.495 0.7409523809523809 0.49142857142857144 0.7409523809523809 0.49142857142857144 0.7542857142857143 0.495 0.7542857142857143
3 0.5614285714285716 0.9104761904761904 0.5457142857142859 0.9104761904761904 0.5457142857142859 0.9542857142857143 0.5614285714285716 0.9542857142857143
5 0.515 0.6076190476190476 0.5057142857142857 0.6076190476190476 0.5057142857142857 0.6152380952380953 0.515 0.6152380952380953
3 0.32785714285714296 0.6342857142857142 0.3100000000000001 0.6342857142857142 0.3100000000000001 0.6657142857142857 0.32785714285714296 0.6657142857142857
3 0.34214285714285725 0.6714285714285714 0.32785714285714296 0.6714285714285714 0.32785714285714296 0.7076190476190476 0.34214285714285725 0.7076190476190476
3 0.34928571428571437 0.7428571428571429 0.3350000000000001 0.7428571428571429 0.3350000000000001 0.7723809523809524 0.34928571428571437 0.7723809523809524
11 0.33714285714285724 0.7323809523809524 0.31928571428571434 0.7323809523809524 0.31928571428571434 0.7742857142857142 0.33714285714285724 0.7742857142857142
3 0.37142857142857144 0.5752380952380952 0.3571428571428572 0.5752380952380952 0.3571428571428572 0.6019047619047619 0.37142857142857144 0.6019047619047619
3 0.3364285714285715 0.5304761904761904 0.32214285714285723 0.5304761904761904 0.32214285714285723 0.56 0.3364285714285715 0.56
3 0.3607142857142858 0.5361904761904762 0.34857142857142864 0.5361904761904762 0.34857142857142864 0.5619047619047619 0.3607142857142858 0.5619047619047619
11 0.34928571428571437 0.5304761904761904 0.3364285714285715 0.5304761904761904 0.3364285714285715 0.5580952380952381 0.34928571428571437 0.5580952380952381
11 0.2857142857142858 0.6942857142857143 0.25357142857142867 0.6942857142857143 0.25357142857142867 0.7142857142857143 0.2857142857142858 0.7142857142857143
11 0.18857142857142864 0.5095238095238095 0.1728571428571429 0.5095238095238095 0.1728571428571429 0.5342857142857143 0.18857142857142864 0.5342857142857143
3 0.22785714285714292 0.5190476190476191 0.21214285714285722 0.5190476190476191 0.21214285714285722 0.5419047619047619 0.22785714285714292 0.5419047619047619
3 0.28142857142857153 0.520952380952381 0.26500000000000007 0.520952380952381 0.26500000000000007 0.5495238095238095 0.28142857142857153 0.5495238095238095
3 0.29357142857142865 0.5247619047619048 0.27857142857142864 0.5247619047619048 0.27857142857142864 0.5523809523809524 0.29357142857142865 0.5523809523809524
3 0.1478571428571429 0.520952380952381 0.1271428571428572 0.520952380952381 0.1271428571428572 0.5333333333333333 0.1478571428571429 0.5333333333333333
7 0.05571428571428576 0.5028571428571429 0.05000000000000004 0.5028571428571429 0.05000000000000004 0.5133333333333333 0.05571428571428576 0.5133333333333333
10 0.26928571428571435 0.7304761904761905 0.2307142857142858 0.7304761904761905 0.2307142857142858 0.7561904761904762 0.26928571428571435 0.7561904761904762
10 0.05500000000000006 0.6933333333333334 0.03000000000000006 0.6933333333333334 0.030000000000000065 0.7371428571428571 0.05500000000000006 0.7371428571428571
10 0.17642857142857152 0.7161904761904762 0.14857142857142866 0.7161904761904762 0.14857142857142866 0.758095238095238 0.17642857142857152 0.758095238095238
3 0.19285714285714295 0.7247619047619047 0.1757142857142858 0.7247619047619047 0.1757142857142858 0.7523809523809524 0.19285714285714295 0.7523809523809524
3 0.2107142857142858 0.7304761904761905 0.19000000000000009 0.7304761904761905 0.19000000000000009 0.7609523809523809 0.2107142857142858 0.7609523809523809
3 0.15214285714285722 0.7266666666666667 0.13785714285714293 0.7266666666666667 0.13785714285714293 0.7504761904761905 0.15214285714285722 0.7504761904761905
3 0.1407142857142858 0.7180952380952381 0.12428571428571436 0.7180952380952381 0.12428571428571436 0.7476190476190476 0.1407142857142858 0.7476190476190476
3 0.12500000000000008 0.7171428571428572 0.10357142857142865 0.7171428571428572 0.10357142857142865 0.7504761904761905 0.12500000000000008 0.7504761904761905
3 0.08928571428571434 0.7104761904761905 0.06857142857142863 0.7104761904761905 0.06857142857142863 0.741904761904762 0.08928571428571434 0.741904761904762
3 0.07071428571428577 0.700952380952381 0.05142857142857149 0.700952380952381 0.05142857142857149 0.7361904761904762 0.07071428571428577 0.7361904761904762