11 0.8408141962421712 0.5278293135435995 0.8037578288100209 0.5278293135435995 0.8037578288100209 0.5649350649350652 0.8408141962421712 0.5649350649350652
3 0.8559498956158664 0.3209647495361783 0.8241127348643006 0.3209647495361783 0.8241127348643006 0.3469387755102043 0.8559498956158664 0.3469387755102043
3 0.8042797494780793 0.31910946196660506 0.7719206680584552 0.31910946196660506 0.7719206680584552 0.34230055658627107 0.8042797494780793 0.34230055658627107
3 0.9947807933194155 0.3385899814471245 0.9603340292275574 0.3385899814471245 0.9603340292275574 0.3599257884972173 0.9947807933194155 0.3599257884972173
3 0.9994780793319415 0.8061224489795921 0.9478079331941545 0.8061224489795921 0.9478079331941545 0.8589981447124306 0.9994780793319415 0.8589981447124306
3 0.8152400835073069 0.23933209647495382 0.8021920668058455 0.23933209647495382 0.8021920668058455 0.2569573283859 0.8152400835073069 0.2569573283859
3 0.831419624217119 0.230983302411874 0.8152400835073069 0.230983302411874 0.8152400835073069 0.2606679035250466 0.831419624217119 0.2606679035250466
3 0.8329853862212944 0.21428571428571444 0.8168058455114823 0.21428571428571444 0.8168058455114823 0.2384044526901672 0.8329853862212944 0.2384044526901672
3 0.8037578288100209 0.21428571428571444 0.7875782881002088 0.21428571428571444 0.7875782881002088 0.2411873840445271 0.8037578288100209 0.2411873840445271
3 0.7907098121085595 0.20037105751391482 0.7792275574112735 0.20037105751391482 0.7792275574112735 0.21706864564007436 0.7907098121085595 0.21706864564007436
3 0.8053235908141962 0.1975881261595549 0.7927974947807933 0.1975881261595549 0.7927974947807933 0.21706864564007436 0.8053235908141962 0.21706864564007436
3 0.7907098121085595 0.17161410018552892 0.7792275574112735 0.17161410018552892 0.7792275574112735 0.19666048237476824 0.7907098121085595 0.19666048237476824
3 0.7792275574112735 0.15677179962894264 0.7646137787056367 0.15677179962894264 0.7646137787056367 0.17439703153988884 0.7792275574112735 0.17439703153988884
3 0.7651356993736952 0.1354359925788499 0.7552192066805845 0.1354359925788499 0.7552192066805845 0.15398886827458272 0.7651356993736952 0.15398886827458272
3 0.738517745302714 0.10575139146567734 0.7291231732776617 0.10575139146567734 0.7291231732776617 0.12152133580705025 0.738517745302714 0.12152133580705025
3 0.8173277661795407 0.21243042671614115 0.8058455114822547 0.21243042671614115 0.8058455114822547 0.23376623376623393 0.8173277661795407 0.23376623376623393
3 0.6508350730688935 0.3116883116883118 0.6195198329853863 0.3116883116883118 0.6195198329853863 0.33951762523191104 0.6508350730688935 0.33951762523191104
5 0.3538622129436326 0.8320964749536178 0.32254697286012524 0.8320964749536178 0.32254697286012535 0.8701298701298701 0.3538622129436327 0.8701298701298701
5 0.4144050104384134 0.6641929499072357 0.3883089770354906 0.6641929499072357 0.3883089770354906 0.6910946196660482 0.4144050104384134 0.6910946196660482
5 0.40866388308977036 0.6938775510204082 0.3893528183716075 0.6938775510204082 0.3893528183716075 0.7217068645640075 0.40866388308977036 0.7217068645640075
5 0.9159707724425887 0.269944341372913 0.9107515657620042 0.269944341372913 0.9107515657620042 0.2857142857142859 0.9159707724425887 0.2857142857142859
8 0.9154488517745303 0.26623376623376643 0.9112734864300627 0.26623376623376643 0.9112734864300627 0.2792207792207794 0.9154488517745303 0.2792207792207794
8 0.7494780793319415 0.23283858998144727 0.7447807933194155 0.23283858998144727 0.7447807933194155 0.2411873840445271 0.7494780793319415 0.2411873840445271
5 0.7505219206680585 0.23283858998144727 0.7447807933194155 0.23283858998144727 0.7447807933194155 0.24675324675324697 0.7505219206680585 0.24675324675324697
5 0.8470772442588727 0.46382189239332117 0.8329853862212944 0.46382189239332117 0.8329853862212944 0.4851576994434139 0.8470772442588727 0.4851576994434139
8 0.843945720250522 0.46103896103896125 0.8366388308977035 0.46103896103896125 0.8366388308977035 0.4795918367346941 0.843945720250522 0.4795918367346941