3 0.6171428571428571 0.9543147208121827 0.5714285714285714 0.9543147208121827 0.5714285714285714 0.998730964467005 0.6171428571428571 0.998730964467005
3 0.3964285714285714 0.8845177664974619 0.3592857142857144 0.8845177664974619 0.3592857142857144 0.9390862944162437 0.3964285714285714 0.9390862944162437
3 0.4742857142857143 0.7538071065989848 0.4407142857142857 0.7538071065989848 0.4407142857142857 0.8312182741116751 0.4742857142857143 0.8312182741116751
3 0.3050000000000001 0.8134517766497462 0.26714285714285724 0.8134517766497462 0.26714285714285724 0.8515228426395939 0.3050000000000001 0.8515228426395939
3 0.3264285714285715 0.7766497461928934 0.28357142857142864 0.7766497461928934 0.28357142857142864 0.8121827411167513 0.3264285714285715 0.8121827411167513
3 0.27214285714285724 0.7639593908629442 0.2300000000000001 0.7639593908629442 0.2300000000000001 0.8020304568527918 0.27214285714285724 0.8020304568527918
3 0.20214285714285724 0.7944162436548223 0.1535714285714286 0.7944162436548223 0.1535714285714286 0.8299492385786802 0.20214285714285724 0.8299492385786802
3 0.2107142857142858 0.7474619289340102 0.16642857142857148 0.7474619289340102 0.16642857142857148 0.7842639593908629 0.2107142857142858 0.7842639593908629
11 0.2107142857142858 0.6535532994923858 0.16142857142857148 0.6535532994923858 0.16142857142857148 0.6928934010152284 0.2107142857142858 0.6928934010152284
11 0.16500000000000004 0.6865482233502538 0.11428571428571432 0.6865482233502538 0.11428571428571432 0.7258883248730964 0.16500000000000004 0.7258883248730964
2 0.33214285714285724 0.7093908629441624 0.2214285714285715 0.7093908629441624 0.2214285714285715 0.7741116751269036 0.33214285714285724 0.7741116751269036
2 0.33428571428571435 0.6560913705583756 0.22285714285714295 0.6560913705583756 0.22285714285714295 0.7233502538071066 0.33428571428571435 0.7233502538071066
3 0.44357142857142856 0.520304568527919 0.4207142857142857 0.520304568527919 0.4207142857142857 0.5875634517766499 0.44357142857142856 0.5875634517766499
7 0.32 0.4885786802030457 0.31357142857142856 0.4885786802030457 0.31357142857142856 0.5025380710659898 0.32 0.5025380710659898
7 0.3271428571428571 0.434010152284264 0.32071428571428573 0.434010152284264 0.32071428571428573 0.4517766497461929 0.3271428571428571 0.4517766497461929
7 0.33285714285714285 0.4378172588832488 0.32571428571428573 0.43781725888324874 0.32571428571428573 0.450507614213198 0.33285714285714285 0.4505076142131981
7 0.3385714285714286 0.450507614213198 0.3314285714285714 0.45050761421319796 0.3314285714285714 0.46573604060913715 0.3385714285714286 0.4657360406091372
7 0.37714285714285717 0.41116751269035545 0.36714285714285716 0.41116751269035545 0.36714285714285716 0.43020304568527934 0.37714285714285717 0.43020304568527934
3 0.5071428571428571 0.5520304568527921 0.485 0.5520304568527921 0.485 0.6243654822335026 0.5071428571428571 0.6243654822335026
10 0.5478571428571428 0.4505076142131981 0.5192857142857142 0.4505076142131981 0.5192857142857142 0.5431472081218276 0.5478571428571428 0.5431472081218276
3 0.47928571428571426 0.284263959390863 0.4542857142857143 0.284263959390863 0.4542857142857143 0.34517766497461944 0.47928571428571426 0.34517766497461944
3 0.5907142857142857 0.22335025380710674 0.5742857142857143 0.22335025380710674 0.5742857142857143 0.2906091370558377 0.5907142857142857 0.2906091370558377
7 0.6114285714285714 0.29949238578680215 0.6057142857142858 0.29949238578680215 0.6057142857142858 0.3172588832487311 0.6114285714285714 0.3172588832487311
7 0.6164285714285714 0.29949238578680215 0.6107142857142858 0.29949238578680215 0.6107142857142858 0.3134517766497463 0.6164285714285714 0.3134517766497463
7 0.6142857142857143 0.25126903553299507 0.6078571428571429 0.25126903553299507 0.6078571428571429 0.27157360406091385 0.6142857142857143 0.27157360406091385
7 0.61 0.24365482233502553 0.6035714285714285 0.24365482233502553 0.6035714285714285 0.2626903553299494 0.61 0.2626903553299494
7 0.6164285714285714 0.21446700507614228 0.6107142857142858 0.21446700507614228 0.6107142857142858 0.2322335025380712 0.6164285714285714 0.2322335025380712
7 0.6128571428571429 0.21446700507614228 0.6078571428571429 0.21446700507614228 0.6078571428571429 0.23096446700507628 0.6128571428571429 0.23096446700507628
7 0.6242857142857143 0.13959390862944177 0.6178571428571429 0.13959390862944177 0.6178571428571429 0.1573604060913707 0.6242857142857143 0.1573604060913707
2 0.61 1.2922510323490154e-16 0.5778571428571428 1.2572833255205693e-16 0.5778571428571428 0.11167512690355343 0.61 0.11167512690355344