3 0.15142857142857152 0.8647619047619047 0.09500000000000008 0.8647619047619047 0.09500000000000008 0.900952380952381 0.15142857142857152 0.900952380952381
3 0.1857142857142858 0.8247619047619048 0.1207142857142858 0.8247619047619048 0.1207142857142858 0.8647619047619047 0.1857142857142858 0.8647619047619047
3 0.38357142857142856 0.8485714285714285 0.3285714285714286 0.8485714285714285 0.3285714285714286 0.8819047619047619 0.38357142857142856 0.8819047619047619
3 0.84 0.7923809523809526 0.7807142857142857 0.7923809523809526 0.7807142857142857 0.8295238095238098 0.84 0.8295238095238098
3 0.9121428571428571 0.8000000000000003 0.8571428571428571 0.8000000000000003 0.8571428571428571 0.8371428571428574 0.9121428571428571 0.8371428571428574
3 0.9971428571428571 0.8009523809523812 0.9371428571428572 0.8009523809523812 0.9371428571428572 0.8390476190476193 0.9971428571428571 0.8390476190476193
3 0.525 0.49142857142857144 0.5 0.49142857142857144 0.5 0.5542857142857143 0.525 0.5542857142857143
11 0.57 0.3361904761904763 0.5471428571428572 0.3361904761904763 0.5471428571428572 0.3933333333333334 0.57 0.3933333333333334
5 0.5071428571428573 0.920952380952381 0.4964285714285716 0.920952380952381 0.4964285714285716 0.9514285714285714 0.5071428571428573 0.9514285714285714
5 0.5492857142857145 0.9457142857142857 0.5335714285714287 0.9457142857142857 0.5335714285714287 0.9742857142857143 0.5492857142857145 0.9742857142857143
5 0.5800000000000002 0.8847619047619047 0.5621428571428573 0.8847619047619047 0.5621428571428573 0.9066666666666666 0.5800000000000002 0.9066666666666666
5 0.5992857142857143 0.8438095238095238 0.58 0.8438095238095238 0.58 0.8609523809523809 0.5992857142857143 0.8609523809523809
1 0.47785714285714287 0.2838095238095239 0.4685714285714286 0.2838095238095239 0.4685714285714286 0.31142857142857155 0.47785714285714287 0.31142857142857155
5 0.7421428571428571 0.24952380952380962 0.7142857142857143 0.24952380952380962 0.7142857142857143 0.27333333333333343 0.7421428571428571 0.27333333333333343
5 0.5278571428571428 0.7247619047619047 0.5085714285714286 0.7247619047619047 0.5085714285714286 0.7476190476190476 0.5278571428571428 0.7476190476190476
5 0.6307142857142857 0.7933333333333333 0.6064285714285714 0.7933333333333333 0.6064285714285714 0.8142857142857143 0.6307142857142857 0.8142857142857143
5 0.6142857142857143 0.78 0.5928571428571429 0.78 0.5928571428571429 0.7971428571428572 0.6142857142857143 0.7971428571428572
5 0.6821428571428572 0.7371428571428572 0.6564285714285715 0.7371428571428571 0.6564285714285715 0.7590476190476192 0.6821428571428572 0.7590476190476193
5 0.8057142857142857 0.8590476190476193 0.7814285714285715 0.8590476190476193 0.7814285714285715 0.8828571428571431 0.8057142857142857 0.8828571428571431
5 0.9235714285714286 0.864761904761905 0.9 0.864761904761905 0.9 0.8857142857142859 0.9235714285714286 0.8857142857142859
5 0.975 0.8409523809523811 0.9492857142857143 0.8409523809523811 0.9492857142857143 0.8619047619047622 0.975 0.8619047619047622
7 0.4571428571428573 0.9714285714285714 0.4507142857142859 0.9714285714285714 0.4507142857142859 0.9952380952380953 0.4571428571428573 0.9952380952380953
7 0.4721428571428573 0.9733333333333334 0.46428571428571447 0.9733333333333334 0.46428571428571447 0.9971428571428571 0.4721428571428573 0.9971428571428571
7 0.73 0.12095238095238106 0.7192857142857143 0.12095238095238106 0.7192857142857143 0.13809523809523822 0.73 0.13809523809523822
7 0.7721428571428571 0.23523809523809536 0.7628571428571429 0.23523809523809536 0.7628571428571429 0.2485714285714287 0.7721428571428571 0.2485714285714287
8 0.47714285714285715 0.2857142857142858 0.4685714285714286 0.2857142857142858 0.4685714285714286 0.3038095238095239 0.47714285714285715 0.3038095238095239
8 0.5214285714285715 0.7266666666666667 0.5135714285714286 0.7266666666666667 0.5135714285714286 0.7447619047619047 0.5214285714285715 0.7447619047619047