2 0.2557142857142857 0.5697969543147208 0.21357142857142858 0.5697969543147208 0.2135714285714286 0.6446700507614214 0.2557142857142858 0.6446700507614214
11 0.10928571428571429 0.15355329949238583 0.09857142857142857 0.15355329949238583 0.09857142857142857 0.1700507614213198 0.10928571428571429 0.1700507614213198
7 0.19857142857142865 0.6459390862944162 0.1950000000000001 0.6459390862944162 0.1950000000000001 0.6560913705583756 0.19857142857142865 0.6560913705583756
7 0.25642857142857145 0.549492385786802 0.25357142857142856 0.549492385786802 0.25357142857142856 0.5634517766497462 0.25642857142857145 0.5634517766497462
7 0.275 0.5291878172588832 0.27285714285714285 0.5291878172588832 0.27285714285714285 0.5355329949238579 0.275 0.5355329949238579
7 0.27785714285714286 0.5203045685279187 0.275 0.5203045685279187 0.275 0.5304568527918782 0.27785714285714286 0.5304568527918782
3 0.24071428571428571 0.49746192893401014 0.22428571428571428 0.49746192893401014 0.22428571428571428 0.516497461928934 0.24071428571428571 0.516497461928934
11 0.295 0.44289340101522845 0.2807142857142857 0.44289340101522845 0.2807142857142857 0.4606598984771574 0.295 0.4606598984771574
11 0.30714285714285716 0.41751269035532995 0.29285714285714287 0.41751269035532995 0.29285714285714287 0.43274111675126903 0.30714285714285716 0.43274111675126903
11 0.36142857142857143 0.352791878172589 0.3485714285714286 0.352791878172589 0.3485714285714286 0.37182741116751283 0.36142857142857143 0.37182741116751283
11 0.3742857142857143 0.3540609137055839 0.36357142857142855 0.3540609137055839 0.36357142857142855 0.3667512690355331 0.3742857142857143 0.3667512690355331
3 0.35285714285714287 0.3743654822335027 0.3385714285714286 0.3743654822335027 0.3385714285714286 0.38832487309644687 0.35285714285714287 0.38832487309644687
4 0.3142857142857143 0.45685279187817257 0.31214285714285717 0.45685279187817257 0.31214285714285717 0.46446700507614214 0.3142857142857143 0.46446700507614214
4 0.30142857142857143 0.48350253807106597 0.29714285714285715 0.48350253807106597 0.29714285714285715 0.4936548223350254 0.30142857142857143 0.4936548223350254
4 0.3107142857142857 0.4631979695431472 0.3078571428571429 0.4631979695431472 0.3078571428571429 0.4682741116751269 0.3107142857142857 0.4682741116751269
2 0.3792857142857143 0.38832487309644687 0.34214285714285714 0.38832487309644687 0.34214285714285714 0.4454314720812184 0.3792857142857143 0.4454314720812184
7 0.38142857142857145 0.3743654822335027 0.3792857142857143 0.3743654822335027 0.3792857142857143 0.38451776649746205 0.38142857142857145 0.38451776649746205
3 0.37714285714285717 0.5621827411167514 0.36428571428571427 0.5621827411167514 0.36428571428571427 0.5824873096446702 0.37714285714285717 0.5824873096446702
11 0.395 0.6256345177664976 0.3807142857142857 0.6256345177664976 0.3807142857142857 0.6586294416243654 0.395 0.6586294416243654
2 0.4835714285714286 0.5799492385786803 0.4635714285714286 0.5799492385786803 0.4635714285714286 0.666243654822335 0.4835714285714286 0.666243654822335
10 0.6964285714285714 0.9327411167512694 0.6771428571428572 0.9327411167512694 0.6771428571428572 0.9961928934010155 0.6964285714285714 0.9961928934010155
11 0.7321428571428571 0.9340101522842642 0.715 0.9340101522842642 0.715 0.9822335025380714 0.7321428571428571 0.9822335025380714
11 0.8164285714285714 0.7956852791878175 0.7871428571428571 0.7956852791878175 0.7871428571428571 0.8210659898477161 0.8164285714285714 0.8210659898477161
11 0.8114285714285714 0.7766497461928937 0.7807142857142857 0.7766497461928937 0.7807142857142857 0.8007614213197972 0.8114285714285714 0.8007614213197972
11 0.8092857142857143 0.7550761421319799 0.7814285714285715 0.7550761421319799 0.7814285714285715 0.7804568527918785 0.8092857142857143 0.7804568527918785
11 0.7978571428571428 0.7093908629441628 0.7707142857142857 0.7093908629441628 0.7707142857142857 0.7347715736040612 0.7978571428571428 0.7347715736040612
3 0.725 0.7030456852791881 0.7135714285714285 0.7030456852791881 0.7135714285714285 0.738578680203046 0.725 0.738578680203046
3 0.7078571428571429 0.6078680203045687 0.6964285714285714 0.6078680203045687 0.6964285714285714 0.637055837563452 0.7078571428571429 0.637055837563452
3 0.71 0.5532994923857869 0.6978571428571428 0.5532994923857869 0.6978571428571428 0.5799492385786803 0.71 0.5799492385786803
3 0.6935714285714286 0.4911167512690357 0.6821428571428572 0.4911167512690357 0.6821428571428572 0.5152284263959392 0.6935714285714286 0.5152284263959392
11 0.7692857142857142 0.5786802030456855 0.7442857142857143 0.5786802030456855 0.7442857142857143 0.6002538071065991 0.7692857142857142 0.6002538071065991
11 0.7635714285714286 0.5558375634517768 0.7407142857142858 0.5558375634517768 0.7407142857142858 0.5774111675126905 0.7635714285714286 0.5774111675126905
3 0.7578571428571429 0.5418781725888326 0.7371428571428571 0.5418781725888326 0.7371428571428571 0.5596446700507616 0.7578571428571429 0.5596446700507616
3 0.755 0.520304568527919 0.7342857142857143 0.520304568527919 0.7342857142857143 0.5368020304568529 0.755 0.5368020304568529
11 0.7521428571428571 0.49492385786802046 0.7292857142857143 0.49492385786802046 0.7292857142857143 0.5139593908629443 0.7521428571428571 0.5139593908629443
11 0.75 0.48477157360406103 0.7271428571428571 0.48477157360406103 0.7271428571428571 0.50253807106599 0.75 0.50253807106599
11 0.7442857142857143 0.4543147208121829 0.7228571428571429 0.4543147208121829 0.7228571428571429 0.4720812182741118 0.7442857142857143 0.4720812182741118
3 0.745 0.47461928934010167 0.725 0.47461928934010167 0.725 0.48984771573604075 0.745 0.48984771573604075
3 0.7407142857142858 0.4454314720812184 0.7207142857142858 0.4454314720812184 0.7207142857142858 0.4593908629441626 0.7407142857142858 0.4593908629441626
3 0.7371428571428571 0.43654822335025395 0.7178571428571429 0.43654822335025395 0.7178571428571429 0.44923857868020317 0.7371428571428571 0.44923857868020317
11 0.7364285714285714 0.4225888324873098 0.7157142857142857 0.4225888324873098 0.7157142857142857 0.4403553299492387 0.7364285714285714 0.4403553299492387
11 0.7342857142857143 0.402284263959391 0.7128571428571429 0.402284263959391 0.7128571428571429 0.4213197969543149 0.7342857142857143 0.4213197969543149
11 0.7164285714285714 0.37690355329949254 0.7057142857142857 0.37690355329949254 0.7057142857142857 0.3997461928934012 0.7164285714285714 0.3997461928934012
11 0.7114285714285714 0.352791878172589 0.7014285714285714 0.352791878172589 0.7014285714285714 0.3743654822335027 0.7114285714285714 0.3743654822335027
3 0.7064285714285714 0.33502538071066007 0.6985714285714286 0.33502538071066007 0.6985714285714286 0.352791878172589 0.7064285714285714 0.352791878172589
11 0.7028571428571428 0.3096446700507616 0.6935714285714286 0.3096446700507616 0.6935714285714286 0.3324873096446702 0.7028571428571428 0.3324873096446702
11 0.6992857142857143 0.2906091370558377 0.6892857142857143 0.2906091370558377 0.6892857142857143 0.3109137055837565 0.6992857142857143 0.3109137055837565
2 0.6814285714285714 0.3654822335025382 0.6635714285714286 0.3654822335025382 0.6635714285714286 0.43147208121827424 0.6814285714285714 0.43147208121827424
3 0.6821428571428572 0.3604060913705585 0.6728571428571428 0.3604060913705585 0.6728571428571428 0.3807106598984773 0.6821428571428572 0.3807106598984773
3 0.6778571428571428 0.33502538071066007 0.6692857142857143 0.33502538071066007 0.6692857142857143 0.3553299492385788 0.6778571428571428 0.3553299492385788
3 0.6735714285714286 0.3096446700507616 0.6671428571428571 0.3096446700507616 0.6671428571428571 0.3274111675126905 0.6735714285714286 0.3274111675126905
3 0.6678571428571428 0.28680203045685293 0.6607142857142857 0.28680203045685293 0.6607142857142857 0.302030456852792 0.6678571428571428 0.302030456852792
3 0.6657142857142857 0.26649746192893414 0.66 0.26649746192893414 0.66 0.2842639593908631 0.6657142857142857 0.2842639593908631
2 0.6585714285714286 0.2423857868020306 0.6457142857142857 0.2423857868020306 0.6457142857142857 0.2956852791878174 0.6585714285714286 0.2956852791878174
11 0.6014285714285714 0.4073604060913707 0.5942857142857143 0.4073604060913707 0.5942857142857143 0.4289340101522844 0.6014285714285714 0.4289340101522844
11 0.4878571428571429 0.39086294416243667 0.47785714285714287 0.39086294416243667 0.47785714285714287 0.4124365482233504 0.4878571428571429 0.4124365482233504
11 0.44285714285714284 0.3934010152284265 0.43142857142857144 0.3934010152284265 0.43142857142857144 0.4137055837563453 0.44285714285714284 0.4137055837563453
11 0.42714285714285716 0.3794416243654824 0.4142857142857143 0.3794416243654824 0.4142857142857143 0.3946700507614215 0.42714285714285716 0.3946700507614215
11 0.4235714285714286 0.352791878172589 0.41285714285714287 0.352791878172589 0.41285714285714287 0.37309644670050773 0.4235714285714286 0.37309644670050773
11 0.41285714285714287 0.38324873096446715 0.4014285714285714 0.38324873096446715 0.4014285714285714 0.40355329949238594 0.41285714285714287 0.40355329949238594
3 0.42714285714285716 0.402284263959391 0.4157142857142857 0.402284263959391 0.4157142857142857 0.4213197969543149 0.42714285714285716 0.4213197969543149
3 0.435 0.352791878172589 0.425 0.352791878172589 0.425 0.369289340101523 0.435 0.369289340101523
2 0.465 0.33121827411167526 0.45 0.33121827411167526 0.45 0.36294416243654837 0.465 0.36294416243654837
3 0.45571428571428574 0.3210659898477158 0.4471428571428571 0.3210659898477158 0.4471428571428571 0.33629441624365497 0.45571428571428574 0.33629441624365497
11 0.4492857142857143 0.31472081218274117 0.4407142857142857 0.31472081218274117 0.4407142857142857 0.3286802030456854 0.4492857142857143 0.3286802030456854
11 0.43357142857142855 0.3324873096446702 0.4235714285714286 0.3324873096446702 0.4235714285714286 0.3489847715736042 0.43357142857142855 0.3489847715736042
11 0.44285714285714284 0.33121827411167526 0.4328571428571429 0.33121827411167526 0.4328571428571429 0.3489847715736042 0.44285714285714284 0.3489847715736042
3 0.43785714285714283 0.3159898477157361 0.4307142857142857 0.3159898477157361 0.4307142857142857 0.3274111675126905 0.43785714285714283 0.3274111675126905
2 0.46214285714285713 0.2461928934010153 0.43357142857142855 0.2461928934010153 0.43357142857142855 0.28045685279187826 0.46214285714285713 0.28045685279187826
11 0.49642857142857144 0.24746192893401023 0.4878571428571429 0.24746192893401023 0.4878571428571429 0.26269035532994933 0.49642857142857144 0.26269035532994933
3 0.5285714285714286 0.25000000000000017 0.5214285714285715 0.25000000000000017 0.5214285714285715 0.2639593908629443 0.5285714285714286 0.2639593908629443
3 0.46285714285714286 0.22461928934010159 0.45571428571428574 0.22461928934010159 0.45571428571428574 0.23857868020304576 0.46285714285714286 0.23857868020304576
4 0.4757142857142857 0.14974619289340113 0.47214285714285714 0.14974619289340113 0.47214285714285714 0.15736040609137067 0.4757142857142857 0.15736040609137067
4 0.4692857142857143 0.1662436548223351 0.46714285714285714 0.1662436548223351 0.46714285714285714 0.17258883248730972 0.4692857142857143 0.17258883248730972
3 0.485 0.20431472081218283 0.4757142857142857 0.20431472081218283 0.4757142857142857 0.21573604060913712 0.485 0.21573604060913712
3 0.495 0.2195431472081219 0.4857142857142857 0.2195431472081219 0.4857142857142857 0.23350253807106605 0.495 0.23350253807106605
3 0.5085714285714286 0.1840101522842641 0.5007142857142857 0.1840101522842641 0.5007142857142857 0.19796954314720827 0.5085714285714286 0.19796954314720827
11 0.5071428571428571 0.15736040609137067 0.5 0.15736040609137067 0.5 0.1725888324873098 0.5071428571428571 0.1725888324873098
3 0.5085714285714286 0.1383248730964468 0.5028571428571429 0.1383248730964468 0.5028571428571429 0.1484771573604062 0.5085714285714286 0.1484771573604062
3 0.5307142857142857 0.1484771573604062 0.5242857142857142 0.1484771573604062 0.5242857142857142 0.15989847715736052 0.5307142857142857 0.15989847715736052
11 0.5321428571428571 0.09898477157360416 0.5257142857142857 0.09898477157360416 0.5257142857142857 0.11040609137055848 0.5321428571428571 0.11040609137055848
11 0.5414285714285715 0.11167512690355341 0.5342857142857143 0.11167512690355341 0.5342857142857143 0.12055837563451788 0.5414285714285715 0.12055837563451788
11 0.5742857142857143 0.11040609137055848 0.5671428571428572 0.11040609137055848 0.5671428571428572 0.12309644670050772 0.5742857142857143 0.12309644670050772
11 0.565 0.10913705583756356 0.5592857142857143 0.10913705583756356 0.5592857142857143 0.12182741116751279 0.565 0.12182741116751279
3 0.5871428571428572 0.09263959390862958 0.5821428571428572 0.09263959390862958 0.5821428571428572 0.10532994923857883 0.5871428571428572 0.10532994923857883
2 0.7042857142857143 0.07994923857868035 0.6828571428571428 0.07994923857868035 0.6828571428571428 0.11802030456852806 0.7042857142857143 0.11802030456852806
3 0.6192857142857143 0.12817258883248744 0.6128571428571429 0.12817258883248744 0.6128571428571429 0.1408629441624367 0.6192857142857143 0.1408629441624367
3 0.6121428571428571 0.10025380710659913 0.6064285714285714 0.10025380710659913 0.6064285714285714 0.11167512690355344 0.6121428571428571 0.11167512690355344
3 0.5907142857142857 0.059644670050761545 0.5857142857142857 0.059644670050761545 0.5857142857142857 0.07233502538071078 0.5907142857142857 0.07233502538071078
2 0.5757142857142857 0.021573604060913833 0.5678571428571428 0.021573604060913833 0.5678571428571428 0.038071065989847844 0.5757142857142857 0.038071065989847844
3 0.5614285714285714 0.04441624365482246 0.555 0.04441624365482246 0.555 0.054568527918781855 0.5614285714285714 0.054568527918781855
11 0.5385714285714286 0.0583756345177666 0.5321428571428571 0.0583756345177666 0.5321428571428571 0.068527918781726 0.5385714285714286 0.068527918781726
11 0.5492857142857143 0.06472081218274124 0.5435714285714286 0.06472081218274124 0.5435714285714286 0.07487309644670063 0.5492857142857143 0.07487309644670063
4 0.5514285714285714 0.07741116751269048 0.5464285714285714 0.07741116751269048 0.5464285714285714 0.08883248730964478 0.5514285714285714 0.08883248730964478
4 0.5592857142857143 0.07614213197969556 0.5542857142857143 0.07614213197969556 0.5542857142857143 0.08502538071066 0.5592857142857143 0.08502538071066
2 0.5642857142857143 0.0571065989847717 0.5585714285714286 0.0571065989847717 0.5585714285714286 0.06979695431472094 0.5642857142857143 0.06979695431472094
3 0.5514285714285714 0.02411167512690367 0.5464285714285714 0.02411167512690367 0.5464285714285714 0.03299492385786814 0.5514285714285714 0.03299492385786814
3 0.5614285714285714 0.0253807106598986 0.5557142857142857 0.025380710659898595 0.5557142857142857 0.03426395939086307 0.5614285714285714 0.03426395939086307
3 0.5678571428571428 0.005076142131979818 0.5628571428571428 0.005076142131979817 0.5628571428571428 0.01269035532994936 0.5678571428571428 0.01269035532994936
3 0.6478571428571429 0.17639593908629456 0.6414285714285715 0.17639593908629456 0.6414285714285715 0.18654822335025395 0.6478571428571429 0.18654822335025395
4 0.6528571428571428 0.06852791878172604 0.645 0.06852791878172604 0.645 0.07614213197969558 0.6528571428571428 0.07614213197969558
4 0.6628571428571428 0.06725888324873111 0.6535714285714286 0.06725888324873111 0.6535714285714286 0.07614213197969558 0.6628571428571428 0.07614213197969558
7 0.5678571428571428 0.5837563451776652 0.565 0.5837563451776652 0.565 0.5939086294416245 0.5678571428571428 0.5939086294416245
7 0.5721428571428572 0.5634517766497463 0.5692857142857143 0.5634517766497463 0.5692857142857143 0.5723350253807108 0.5721428571428572 0.5723350253807108
7 0.5678571428571428 0.5520304568527921 0.5657142857142857 0.5520304568527921 0.5657142857142857 0.5634517766497463 0.5678571428571428 0.5634517766497463
7 0.5757142857142857 0.5621827411167514 0.5735714285714286 0.5621827411167514 0.5735714285714286 0.5710659898477158 0.5757142857142857 0.5710659898477158
7 0.58 0.4936548223350255 0.5764285714285714 0.4936548223350255 0.5764285714285714 0.50253807106599 0.58 0.50253807106599
7 0.5707142857142857 0.5000000000000001 0.5685714285714286 0.5000000000000001 0.5685714285714286 0.5076142131979697 0.5707142857142857 0.5076142131979697
7 0.5742857142857143 0.45812182741116764 0.5714285714285714 0.45812182741116764 0.5714285714285714 0.4657360406091372 0.5742857142857143 0.4657360406091372
3 0.7835714285714286 0.23477157360406106 0.7735714285714286 0.23477157360406106 0.7735714285714286 0.2550761421319798 0.7835714285714286 0.2550761421319798
11 0.8192857142857143 0.2258883248730966 0.805 0.2258883248730966 0.805 0.25253807106598997 0.8192857142857143 0.25253807106598997
11 0.8414285714285714 0.2284263959390865 0.8292857142857143 0.2284263959390865 0.8292857142857143 0.2500000000000002 0.8414285714285714 0.2500000000000002
3 0.8507142857142858 0.2284263959390865 0.84 0.2284263959390865 0.84 0.2500000000000002 0.8507142857142858 0.2500000000000002
11 0.8742857142857143 0.2220812182741119 0.8592857142857143 0.2220812182741119 0.8592857142857143 0.2487309644670053 0.8742857142857143 0.2487309644670053
11 0.8864285714285715 0.2220812182741119 0.8707142857142857 0.2220812182741119 0.8707142857142857 0.24619289340101544 0.8864285714285715 0.24619289340101544
11 0.9328571428571428 0.21954314720812204 0.915 0.21954314720812204 0.915 0.24111675126903576 0.9328571428571428 0.24111675126903576
11 0.9535714285714286 0.21446700507614236 0.9392857142857143 0.21446700507614236 0.9392857142857143 0.23604060913705605 0.9535714285714286 0.23604060913705605
3 0.965 0.21446700507614236 0.9507142857142857 0.21446700507614236 0.9507142857142857 0.2385786802030459 0.965 0.2385786802030459
4 0.7228571428571429 0.28553299492385803 0.7207142857142858 0.28553299492385803 0.7207142857142858 0.29314720812182754 0.7228571428571429 0.29314720812182754
4 0.7257142857142858 0.29314720812182754 0.7214285714285714 0.29314720812182754 0.7214285714285714 0.3058375634517768 0.7257142857142858 0.3058375634517768
4 0.73 0.30456852791878186 0.7242857142857143 0.30456852791878186 0.7242857142857143 0.31979695431472094 0.73 0.31979695431472094
4 0.7314285714285714 0.3172588832487311 0.7271428571428571 0.3172588832487311 0.7271428571428571 0.32994923857868036 0.7314285714285714 0.32994923857868036
4 0.7357142857142858 0.3286802030456854 0.73 0.3286802030456854 0.73 0.3388324873096448 0.7357142857142858 0.3388324873096448
3 0.7521428571428571 0.3489847715736042 0.7335714285714285 0.3489847715736042 0.7335714285714285 0.3654822335025382 0.7521428571428571 0.3654822335025382
11 0.7578571428571429 0.3654822335025382 0.7385714285714285 0.3654822335025382 0.7385714285714285 0.38324873096446715 0.7578571428571429 0.38324873096446715
3 0.7821428571428571 0.26142131979695443 0.7714285714285715 0.26142131979695443 0.7714285714285715 0.2829949238578682 0.7821428571428571 0.2829949238578682
3 0.7942857142857143 0.26142131979695443 0.7821428571428571 0.26142131979695443 0.7821428571428571 0.2791878172588834 0.7942857142857143 0.2791878172588834
11 0.8385714285714285 0.25253807106599 0.825 0.25253807106598997 0.825 0.2741116751269037 0.8385714285714285 0.27411167512690376
11 0.9035714285714286 0.2449238578680205 0.8907142857142857 0.2449238578680205 0.8907142857142857 0.26903553299492405 0.9035714285714286 0.26903553299492405
3 0.9257142857142857 0.2449238578680205 0.9128571428571428 0.2449238578680205 0.9128571428571428 0.2639593908629444 0.9257142857142857 0.2639593908629444
11 0.9492857142857143 0.24111675126903576 0.9357142857142857 0.24111675126903576 0.9357142857142857 0.26142131979695454 0.9492857142857143 0.26142131979695454
3 0.9378571428571428 0.24365482233502558 0.925 0.24365482233502558 0.925 0.26269035532994944 0.9378571428571428 0.26269035532994944
11 0.9578571428571429 0.24365482233502558 0.9457142857142857 0.24365482233502558 0.9457142857142857 0.26269035532994944 0.9578571428571429 0.26269035532994944
3 0.9721428571428572 0.2385786802030459 0.9571428571428572 0.2385786802030459 0.9571428571428572 0.26269035532994944 0.9721428571428572 0.26269035532994944
3 0.9514285714285714 0.26142131979695454 0.9371428571428572 0.26142131979695454 0.9371428571428572 0.2842639593908632 0.9514285714285714 0.2842639593908632
11 0.8792857142857143 0.2715736040609139 0.8657142857142858 0.2715736040609139 0.8657142857142858 0.2906091370558378 0.8792857142857143 0.2906091370558378
11 0.7657142857142857 0.302030456852792 0.7528571428571429 0.302030456852792 0.7528571428571429 0.32487309644670065 0.7657142857142857 0.32487309644670065
11 0.7642857142857142 0.32360406091370575 0.7521428571428571 0.32360406091370575 0.7521428571428571 0.34517766497461944 0.7642857142857142 0.34517766497461944
11 0.775 0.3223350253807108 0.7607142857142857 0.3223350253807108 0.7607142857142857 0.34517766497461944 0.775 0.34517766497461944
3 0.785 0.3274111675126905 0.7742857142857142 0.3274111675126905 0.7742857142857142 0.34517766497461944 0.785 0.34517766497461944
11 0.7964285714285714 0.3223350253807108 0.785 0.3223350253807108 0.785 0.3426395939086296 0.7964285714285714 0.3426395939086296
11 0.7978571428571428 0.3007614213197971 0.785 0.3007614213197971 0.785 0.3210659898477159 0.7978571428571428 0.3210659898477159
11 0.8092857142857143 0.29949238578680215 0.7978571428571428 0.29949238578680215 0.7978571428571428 0.3223350253807108 0.8092857142857143 0.3223350253807108
3 0.7785714285714286 0.302030456852792 0.7685714285714286 0.302030456852792 0.7685714285714286 0.3223350253807108 0.7785714285714286 0.3223350253807108
3 0.7878571428571428 0.30329949238578696 0.7771428571428571 0.30329949238578696 0.7771428571428571 0.3223350253807108 0.7878571428571428 0.3223350253807108
11 0.8321428571428572 0.30203045685279206 0.8192857142857143 0.302030456852792 0.8192857142857143 0.319796954314721 0.8321428571428572 0.31979695431472105
3 0.84 0.30076142131979716 0.8285714285714286 0.3007614213197971 0.8285714285714286 0.3185279187817261 0.84 0.3185279187817261
11 0.8521428571428571 0.2982233502538073 0.84 0.2982233502538073 0.84 0.31598984771573624 0.8521428571428571 0.31598984771573624
4 0.8614285714285714 0.3045685279187819 0.8542857142857143 0.3045685279187819 0.8542857142857143 0.3109137055837566 0.8614285714285714 0.3109137055837566
4 0.8742857142857143 0.303299492385787 0.8664285714285714 0.303299492385787 0.8664285714285714 0.3109137055837566 0.8742857142857143 0.3109137055837566
4 0.9057142857142857 0.30076142131979716 0.8785714285714286 0.30076142131979716 0.8785714285714286 0.3071065989847718 0.9057142857142857 0.3071065989847718
11 0.92 0.2855329949238581 0.905 0.2855329949238581 0.905 0.30837563451776673 0.92 0.30837563451776673
4 0.9728571428571429 0.29441624365482255 0.9214285714285714 0.29441624365482255 0.9214285714285714 0.303299492385787 0.9728571428571429 0.303299492385787
4 0.9685714285714285 0.3172588832487312 0.925 0.3172588832487312 0.925 0.32487309644670065 0.9685714285714285 0.32487309644670065
4 0.9235714285714286 0.32106598984771595 0.8921428571428571 0.32106598984771595 0.8921428571428571 0.32614213197969555 0.9235714285714286 0.32614213197969555
4 0.8942857142857142 0.32233502538071085 0.8642857142857143 0.32233502538071085 0.8642857142857143 0.32994923857868036 0.8942857142857142 0.32994923857868036
4 0.8592857142857143 0.32487309644670065 0.8407142857142857 0.32487309644670065 0.8407142857142857 0.3337563451776651 0.8592857142857143 0.3337563451776651
4 0.8371428571428572 0.3286802030456854 0.8214285714285714 0.3286802030456854 0.8214285714285714 0.33756345177664987 0.8371428571428572 0.33756345177664987
4 0.8142857142857143 0.3286802030456854 0.8071428571428572 0.3286802030456854 0.8071428571428572 0.3388324873096448 0.8142857142857143 0.3388324873096448
4 0.8028571428571428 0.33121827411167526 0.7985714285714286 0.33121827411167526 0.7985714285714286 0.33756345177664987 0.8028571428571428 0.33756345177664987
4 0.9307142857142857 0.3401015228426397 0.8685714285714285 0.3401015228426397 0.8685714285714285 0.352791878172589 0.9307142857142857 0.352791878172589
11 0.9521428571428572 0.32994923857868036 0.9392857142857143 0.32994923857868036 0.9392857142857143 0.35025380710659915 0.9521428571428572 0.35025380710659915
11 0.8457142857142858 0.3401015228426397 0.8328571428571429 0.3401015228426397 0.8328571428571429 0.3591370558375636 0.8457142857142858 0.3591370558375636
11 0.855 0.3413705583756347 0.8442857142857143 0.3413705583756347 0.8442857142857143 0.3591370558375636 0.855 0.3591370558375636
11 0.825 0.3426395939086296 0.8121428571428572 0.3426395939086296 0.8121428571428572 0.36167512690355347 0.825 0.36167512690355347
11 0.8035714285714286 0.34644670050761434 0.7885714285714286 0.34644670050761434 0.7885714285714286 0.36294416243654837 0.8035714285714286 0.36294416243654837
3 0.8128571428571428 0.34517766497461944 0.7985714285714286 0.34517766497461944 0.7985714285714286 0.36167512690355347 0.8128571428571428 0.36167512690355347
11 0.025714285714285766 0.7703045685279187 0.005000000000000053 0.7703045685279187 0.005000000000000054 0.7982233502538071 0.025714285714285766 0.7982233502538071