5 0.18428571428571436 0.5742857142857143 0.1585714285714286 0.5742857142857143 0.1585714285714286 0.6180952380952381 0.18428571428571436 0.6180952380952381
5 0.21500000000000008 0.5761904761904761 0.2014285714285715 0.5761904761904761 0.2014285714285715 0.6190476190476191 0.21500000000000008 0.6190476190476191
5 0.22285714285714295 0.54 0.20500000000000007 0.54 0.20500000000000007 0.5828571428571429 0.22285714285714295 0.5828571428571429
5 0.26500000000000007 0.6133333333333333 0.24428571428571436 0.6133333333333333 0.24428571428571436 0.660952380952381 0.26500000000000007 0.660952380952381
5 0.30785714285714294 0.5552380952380952 0.2907142857142858 0.5552380952380952 0.2907142857142858 0.5980952380952381 0.30785714285714294 0.5980952380952381
5 0.3550000000000001 0.5876190476190476 0.33214285714285724 0.5876190476190476 0.33214285714285724 0.6238095238095238 0.3550000000000001 0.6238095238095238
5 0.3650000000000001 0.5761904761904761 0.3414285714285715 0.5761904761904761 0.3414285714285715 0.6114285714285714 0.3650000000000001 0.6114285714285714
5 0.3064285714285715 0.6076190476190476 0.28428571428571436 0.6076190476190476 0.28428571428571436 0.6533333333333333 0.3064285714285715 0.6533333333333333
5 0.31785714285714295 0.6066666666666667 0.2964285714285715 0.6066666666666667 0.2964285714285715 0.6476190476190476 0.31785714285714295 0.6476190476190476
1 0.28142857142857153 0.5571428571428572 0.2635714285714287 0.5571428571428572 0.2635714285714287 0.5952380952380952 0.28142857142857153 0.5952380952380952
1 0.2685714285714286 0.5761904761904761 0.2557142857142858 0.5761904761904761 0.2557142857142858 0.6133333333333333 0.2685714285714286 0.6133333333333333
4 0.2314285714285715 0.6257142857142857 0.1435714285714286 0.6257142857142857 0.14357142857142863 0.6847619047619048 0.2314285714285715 0.6847619047619048
4 0.3207142857142858 0.6771428571428572 0.2164285714285715 0.6771428571428572 0.2164285714285715 0.7628571428571429 0.3207142857142858 0.7628571428571429
5 0.34642857142857153 0.6857142857142857 0.3257142857142858 0.6857142857142857 0.3257142857142858 0.7285714285714285 0.34642857142857153 0.7285714285714285
5 0.3692857142857143 0.6819047619047619 0.3471428571428572 0.6819047619047619 0.3471428571428572 0.7180952380952381 0.3692857142857143 0.7180952380952381
5 0.4328571428571429 0.638095238095238 0.4014285714285714 0.638095238095238 0.4014285714285714 0.6657142857142857 0.4328571428571429 0.6657142857142857
7 0.4 0.6304761904761905 0.38 0.6304761904761905 0.38 0.6666666666666666 0.4 0.6666666666666666
7 0.42857142857142855 0.680952380952381 0.4107142857142857 0.680952380952381 0.4107142857142857 0.7057142857142857 0.42857142857142855 0.7057142857142857
5 0.42928571428571427 0.7819047619047619 0.40285714285714286 0.7819047619047619 0.40285714285714286 0.8247619047619048 0.42928571428571427 0.8247619047619048
8 0.425 0.7876190476190477 0.4114285714285714 0.7876190476190477 0.4114285714285714 0.8104761904761905 0.425 0.8104761904761905
5 0.5000000000000001 0.9114285714285715 0.45428571428571446 0.9114285714285715 0.45428571428571446 0.9371428571428572 0.5000000000000001 0.9371428571428572
8 0.49000000000000016 0.9114285714285715 0.467857142857143 0.9114285714285715 0.467857142857143 0.9333333333333333 0.49000000000000016 0.9333333333333333
5 0.5457142857142857 0.8371428571428572 0.5085714285714286 0.8371428571428572 0.5085714285714286 0.8695238095238095 0.5457142857142857 0.8695238095238095
5 0.5307142857142857 0.8123809523809524 0.49785714285714283 0.8123809523809524 0.49785714285714283 0.8523809523809524 0.5307142857142857 0.8523809523809524
5 0.5142857142857142 0.7847619047619048 0.47285714285714286 0.7847619047619048 0.47285714285714286 0.8180952380952381 0.5142857142857142 0.8180952380952381
5 0.4928571428571429 0.7476190476190476 0.4585714285714286 0.7476190476190476 0.4585714285714286 0.7914285714285715 0.4928571428571429 0.7914285714285715
5 0.4764285714285714 0.72 0.4442857142857143 0.72 0.4442857142857143 0.7590476190476191 0.4764285714285714 0.7590476190476191
7 0.57 0.7876190476190477 0.5557142857142857 0.7876190476190477 0.5557142857142857 0.8123809523809524 0.57 0.8123809523809524
7 0.6171428571428571 0.5780952380952381 0.6014285714285714 0.5780952380952381 0.6014285714285714 0.6019047619047619 0.6171428571428571 0.6019047619047619
7 0.73 0.8323809523809526 0.7092857142857143 0.8323809523809526 0.7092857142857143 0.8571428571428573 0.73 0.8571428571428573
7 0.735 0.8161904761904764 0.7171428571428572 0.8161904761904764 0.7171428571428572 0.8361904761904764 0.735 0.8361904761904764
7 0.66 0.6695238095238095 0.6464285714285715 0.6695238095238095 0.6464285714285715 0.7076190476190476 0.66 0.7076190476190476
3 0.7335714285714285 0.6371428571428573 0.6735714285714286 0.6371428571428573 0.6735714285714286 0.7380952380952384 0.7335714285714285 0.7380952380952384
1 0.6778571428571428 0.5571428571428573 0.645 0.5571428571428572 0.645 0.5895238095238097 0.6778571428571428 0.5895238095238098
8 0.675 0.5542857142857144 0.6514285714285715 0.5542857142857143 0.6514285714285715 0.581904761904762 0.675 0.5819047619047621
11 0.7821428571428571 0.5571428571428574 0.7092857142857143 0.5571428571428574 0.7092857142857143 0.6323809523809526 0.7821428571428571 0.6323809523809526
7 0.3757142857142857 0.4400000000000001 0.35928571428571426 0.4400000000000001 0.3592857142857143 0.4580952380952382 0.3757142857142857 0.4580952380952382
7 0.3742857142857143 0.4257142857142858 0.3585714285714286 0.4257142857142858 0.3585714285714286 0.44571428571428584 0.3742857142857143 0.44571428571428584
7 0.42 0.42761904761904773 0.40714285714285714 0.42761904761904773 0.40714285714285714 0.4485714285714287 0.42 0.4485714285714287
7 0.57 0.4371428571428573 0.5535714285714286 0.4371428571428573 0.5535714285714286 0.46190476190476204 0.57 0.46190476190476204
5 0.19785714285714293 0.46 0.17571428571428577 0.46 0.17571428571428577 0.49333333333333335 0.19785714285714293 0.49333333333333335
5 0.22214285714285717 0.43238095238095237 0.18928571428571428 0.43238095238095237 0.18928571428571433 0.4742857142857143 0.22214285714285723 0.4742857142857143
5 0.23928571428571432 0.4257142857142857 0.205 0.4257142857142857 0.20500000000000004 0.45904761904761904 0.23928571428571438 0.45904761904761904
5 0.6071428571428571 0.44476190476190486 0.58 0.44476190476190486 0.58 0.4723809523809525 0.6071428571428571 0.4723809523809525
8 0.6035714285714285 0.44476190476190486 0.5892857142857143 0.44476190476190486 0.5892857142857143 0.4657142857142858 0.6035714285714285 0.4657142857142858
7 0.6278571428571429 0.5361904761904762 0.6157142857142858 0.5361904761904762 0.6157142857142858 0.5542857142857143 0.6278571428571429 0.5542857142857143
5 0.6692857142857143 0.4961904761904763 0.65 0.4961904761904762 0.65 0.5314285714285716 0.6692857142857143 0.5314285714285717
5 0.6564285714285715 0.4676190476190477 0.6385714285714286 0.4676190476190477 0.6385714285714286 0.5095238095238095 0.6564285714285715 0.5095238095238095
5 0.6757142857142857 0.4638095238095239 0.655 0.4638095238095239 0.655 0.4942857142857144 0.6757142857142857 0.4942857142857145
7 0.68 0.4095238095238096 0.6621428571428571 0.4095238095238096 0.6621428571428571 0.4342857142857144 0.68 0.4342857142857144
5 0.7621428571428571 0.42857142857142866 0.7292857142857143 0.42857142857142866 0.7292857142857143 0.4638095238095239 0.7621428571428571 0.4638095238095239
8 0.7585714285714286 0.43047619047619057 0.7407142857142858 0.43047619047619057 0.7407142857142858 0.45523809523809533 0.7585714285714286 0.45523809523809533
11 0.8764285714285714 0.47142857142857153 0.8042857142857143 0.47142857142857153 0.8042857142857143 0.5476190476190478 0.8764285714285714 0.5476190476190478
11 0.8578571428571429 0.41904761904761917 0.785 0.41904761904761917 0.785 0.4980952380952383 0.8578571428571429 0.4980952380952383
3 0.9421428571428572 0.4104761904761906 0.8707142857142857 0.4104761904761906 0.8707142857142857 0.48952380952380975 0.9421428571428572 0.48952380952380975
9 0.9164285714285715 0.3723809523809525 0.8707142857142857 0.3723809523809525 0.8707142857142857 0.422857142857143 0.9164285714285715 0.422857142857143
5 0.945 0.3657142857142858 0.9228571428571428 0.3657142857142858 0.9228571428571428 0.39904761904761915 0.945 0.39904761904761915
11 1 0.3495238095238097 0.9264285714285714 0.3495238095238096 0.9264285714285714 0.4276190476190478 1 0.42761904761904784
5 1 0.31619047619047636 0.9714285714285714 0.3161904761904763 0.9714285714285714 0.34857142857142875 1 0.3485714285714288
7 0.8414285714285714 0.281904761904762 0.825 0.281904761904762 0.825 0.30666666666666675 0.8414285714285714 0.30666666666666675
7 0.8592857142857143 0.22571428571428587 0.8392857142857143 0.22571428571428587 0.8392857142857143 0.2504761904761906 0.8592857142857143 0.2504761904761906
5 0.8764285714285714 0.22571428571428587 0.8585714285714285 0.22571428571428587 0.8585714285714285 0.2685714285714287 0.8764285714285714 0.2685714285714287
8 0.9642857142857143 0.19904761904761922 0.9535714285714286 0.19904761904761922 0.9535714285714286 0.21428571428571444 0.9642857142857143 0.21428571428571444
8 0.9521428571428572 0.1914285714285716 0.9392857142857143 0.1914285714285716 0.9392857142857143 0.20666666666666683 0.9521428571428572 0.20666666666666683
8 0.9464285714285714 0.1571428571428573 0.9321428571428572 0.1571428571428573 0.9321428571428572 0.17428571428571446 0.9464285714285714 0.17428571428571446
7 0.435 0.22190476190476197 0.425 0.22190476190476197 0.425 0.2523809523809525 0.435 0.2523809523809525
3 0.5107142857142857 0.14000000000000007 0.44142857142857145 0.14000000000000004 0.44142857142857145 0.19809523809523819 0.5107142857142857 0.1980952380952382
3 0.5771428571428572 0.11333333333333341 0.5307142857142857 0.11333333333333341 0.5307142857142857 0.19714285714285726 0.5771428571428572 0.19714285714285726
3 0.5321428571428571 0.09428571428571436 0.46214285714285713 0.09428571428571436 0.46214285714285713 0.1476190476190477 0.5321428571428571 0.14761904761904773
3 0.5492857142857143 0.05333333333333342 0.4785714285714286 0.05333333333333341 0.4785714285714286 0.1095238095238096 0.5492857142857143 0.1095238095238096
3 0.6135714285714285 0.02857142857142867 0.5621428571428572 0.028571428571428668 0.5621428571428572 0.12000000000000009 0.6135714285714285 0.1200000000000001
3 0.63 1.0001282193036717e-16 0.595 9.715531273235668e-17 0.595 0.03714285714285724 0.63 0.03714285714285725
3 0.5578571428571428 0.020952380952381038 0.48928571428571427 0.020952380952381035 0.48928571428571427 0.07333333333333342 0.5578571428571428 0.07333333333333342
3 0.5721428571428572 8.770803742464853e-17 0.5021428571428571 8.199301902862756e-17 0.5021428571428571 0.04476190476190485 0.5721428571428572 0.04476190476190486
7 0.46285714285714286 7.452850520525321e-17 0.45 7.34788079488412e-17 0.45 0.0314285714285715 0.46285714285714286 0.03142857142857151
7 0.37785714285714284 0.07047619047619053 0.36642857142857144 0.07047619047619053 0.36642857142857144 0.09809523809523815 0.37785714285714284 0.09809523809523815