11 0.6042857142857143 0.8819047619047619 0.5742857142857143 0.8819047619047619 0.5742857142857144 0.9619047619047619 0.6042857142857144 0.9619047619047619
11 0.53 0.3323809523809525 0.5071428571428571 0.3323809523809525 0.5071428571428571 0.40000000000000013 0.53 0.40000000000000013
11 0.5178571428571429 0.24380952380952392 0.4942857142857143 0.24380952380952392 0.4942857142857143 0.30952380952380965 0.5178571428571429 0.30952380952380965
11 0.48 0.13809523809523816 0.4542857142857143 0.13809523809523816 0.4542857142857143 0.20000000000000007 0.48 0.20000000000000007
11 0.1857142857142858 0.6285714285714286 0.13142857142857148 0.6285714285714286 0.13142857142857148 0.6561904761904762 0.1857142857142858 0.6561904761904762
3 0.4892857142857144 0.8266666666666667 0.4614285714285714 0.8266666666666667 0.4614285714285715 0.900952380952381 0.48928571428571443 0.900952380952381
3 0.5878571428571429 0.7847619047619048 0.5607142857142857 0.7847619047619048 0.5607142857142857 0.8561904761904762 0.5878571428571429 0.8561904761904762
3 0.5757142857142857 0.7095238095238096 0.55 0.7095238095238096 0.55 0.7780952380952381 0.5757142857142857 0.7780952380952381
3 0.5735714285714286 0.6323809523809524 0.5478571428571428 0.6323809523809524 0.5478571428571428 0.7038095238095238 0.5735714285714286 0.7038095238095238
3 0.8692857142857143 0.48952380952380975 0.8135714285714286 0.48952380952380975 0.8135714285714286 0.5314285714285717 0.8692857142857143 0.5314285714285717
3 0.47714285714285715 0.7371428571428571 0.44857142857142857 0.7371428571428571 0.44857142857142857 0.8123809523809524 0.47714285714285715 0.8123809523809524
3 0.4642857142857143 0.66 0.4342857142857143 0.66 0.4342857142857143 0.7333333333333333 0.4642857142857143 0.7333333333333333
3 0.5414285714285715 0.422857142857143 0.5157142857142857 0.422857142857143 0.5157142857142857 0.4895238095238095 0.5414285714285715 0.4895238095238095
3 0.43214285714285716 0.08095238095238103 0.4035714285714286 0.08095238095238101 0.4035714285714286 0.15333333333333338 0.43214285714285716 0.15333333333333338
3 0.44857142857142857 0.5009523809523809 0.40285714285714286 0.5009523809523809 0.40285714285714286 0.56 0.44857142857142857 0.56
3 0.33857142857142863 0.5714285714285714 0.2850000000000001 0.5714285714285714 0.2850000000000001 0.6066666666666667 0.33857142857142863 0.6066666666666667
3 0.28142857142857153 0.6466666666666666 0.23285714285714293 0.6466666666666666 0.23285714285714293 0.6828571428571428 0.28142857142857153 0.6828571428571428
3 0.19857142857142865 0.6676190476190477 0.14857142857142866 0.6676190476190477 0.14857142857142866 0.7076190476190476 0.19857142857142865 0.7076190476190476
3 0.26714285714285724 0.6133333333333333 0.21000000000000008 0.6133333333333333 0.21000000000000008 0.6466666666666666 0.26714285714285724 0.6466666666666666
3 0.08785714285714291 0.5923809523809523 0.03142857142857148 0.5923809523809523 0.031428571428571486 0.6304761904761905 0.08785714285714291 0.6304761904761905
11 0.27357142857142863 0.5504761904761905 0.21714285714285722 0.5504761904761905 0.21714285714285722 0.5847619047619048 0.27357142857142863 0.5847619047619048
10 0.12500000000000006 0.6571428571428571 0.059285714285714344 0.6571428571428571 0.059285714285714344 0.7 0.12500000000000008 0.7
10 0.39785714285714285 0.6209523809523809 0.3407142857142858 0.6209523809523809 0.3407142857142858 0.660952380952381 0.39785714285714285 0.660952380952381
10 0.5607142857142857 0.5142857142857142 0.5307142857142857 0.5142857142857142 0.5307142857142857 0.5980952380952381 0.5607142857142857 0.5980952380952381
9 0.3285714285714286 0.6409523809523809 0.2950000000000001 0.6409523809523809 0.2950000000000001 0.6666666666666666 0.3285714285714286 0.6666666666666666
9 0.42857142857142855 0.4361904761904763 0.4085714285714286 0.4361904761904763 0.4085714285714286 0.49238095238095236 0.42857142857142855 0.49238095238095236
9 0.4907142857142857 0.07523809523809533 0.46714285714285714 0.07523809523809533 0.46714285714285714 0.1352380952380953 0.4907142857142857 0.1352380952380953
9 0.4857142857142857 0.007619047619047695 0.46285714285714286 0.007619047619047694 0.46285714285714286 0.06380952380952389 0.4857142857142857 0.06380952380952389
5 0.04500000000000006 0.6466666666666666 0.02000000000000006 0.6466666666666666 0.02000000000000006 0.660952380952381 0.04500000000000006 0.660952380952381
5 0.09714285714285718 0.6323809523809524 0.07428571428571434 0.6323809523809524 0.07428571428571434 0.6466666666666666 0.09714285714285718 0.6466666666666666
5 0.14428571428571432 0.6152380952380953 0.12142857142857147 0.6152380952380953 0.12142857142857147 0.6285714285714286 0.14428571428571432 0.6285714285714286
5 0.1914285714285715 0.659047619047619 0.16642857142857148 0.659047619047619 0.16642857142857148 0.6714285714285714 0.1914285714285715 0.6714285714285714
5 0.22214285714285723 0.6514285714285715 0.19357142857142864 0.6514285714285715 0.19357142857142864 0.6657142857142857 0.22214285714285723 0.6657142857142857
5 0.09857142857142862 0.5914285714285714 0.08928571428571434 0.5914285714285714 0.08928571428571434 0.6257142857142857 0.09857142857142862 0.6257142857142857
5 0.10642857142857147 0.5828571428571429 0.09642857142857147 0.5828571428571429 0.09642857142857147 0.6171428571428571 0.10642857142857147 0.6171428571428571
5 0.18500000000000008 0.5676190476190476 0.17571428571428577 0.5676190476190476 0.17571428571428577 0.5980952380952381 0.18500000000000008 0.5980952380952381
5 0.1950000000000001 0.5704761904761905 0.18500000000000008 0.5704761904761905 0.18500000000000008 0.5961904761904762 0.1950000000000001 0.5961904761904762
5 0.21857142857142867 0.5628571428571428 0.20785714285714293 0.5628571428571428 0.20785714285714293 0.5895238095238096 0.21857142857142867 0.5895238095238096
5 0.16000000000000003 0.5714285714285714 0.14500000000000005 0.5714285714285714 0.14500000000000005 0.6019047619047619 0.16000000000000003 0.6019047619047619
5 0.1228571428571429 0.5904761904761905 0.11214285714285718 0.5904761904761905 0.11214285714285718 0.6133333333333333 0.1228571428571429 0.6133333333333333
5 0.1342857142857143 0.5752380952380952 0.12357142857142861 0.5752380952380952 0.12357142857142861 0.6047619047619047 0.1342857142857143 0.6047619047619047
1 0.17428571428571432 0.5695238095238095 0.1628571428571429 0.5695238095238095 0.1628571428571429 0.5942857142857143 0.17428571428571432 0.5942857142857143
5 0.33000000000000007 0.5333333333333333 0.31857142857142867 0.5333333333333333 0.31857142857142867 0.56 0.33000000000000007 0.56
5 0.34642857142857153 0.5304761904761904 0.3357142857142858 0.5304761904761904 0.3357142857142858 0.56 0.34642857142857153 0.56
5 0.30357142857142866 0.539047619047619 0.2907142857142858 0.539047619047619 0.2907142857142858 0.5723809523809524 0.30357142857142866 0.5723809523809524
5 0.2828571428571429 0.5447619047619048 0.27285714285714296 0.5447619047619048 0.27285714285714296 0.5733333333333334 0.2828571428571429 0.5733333333333334
5 0.31500000000000006 0.540952380952381 0.3007142857142858 0.540952380952381 0.3007142857142858 0.5638095238095238 0.31500000000000006 0.5638095238095238
5 0.28357142857142864 0.6009523809523809 0.2657142857142858 0.6009523809523809 0.2657142857142858 0.6190476190476191 0.28357142857142864 0.6190476190476191
5 0.22214285714285723 0.5876190476190476 0.2014285714285715 0.5876190476190476 0.2014285714285715 0.6009523809523809 0.22214285714285723 0.6009523809523809
5 0.2464285714285715 0.5952380952380952 0.22357142857142864 0.5952380952380952 0.22357142857142864 0.6095238095238096 0.2464285714285715 0.6095238095238096
5 0.0321428571428572 0.6047619047619047 0.020714285714285772 0.6047619047619047 0.020714285714285772 0.6361904761904762 0.0321428571428572 0.6361904761904762
5 0.010714285714285782 0.7066666666666667 6.490628035480972e-17 0.7066666666666667 6.634961408237625e-17 0.7380952380952381 0.010714285714285782 0.7380952380952381
5 0.04285714285714292 0.7066666666666667 0.02642857142857149 0.7066666666666667 0.026428571428571496 0.7352380952380952 0.04285714285714293 0.7352380952380952
5 0.059285714285714344 0.7019047619047619 0.044285714285714345 0.7019047619047619 0.04428571428571435 0.7304761904761905 0.059285714285714344 0.7304761904761905
5 0.09285714285714294 0.6952380952380952 0.08071428571428578 0.6952380952380952 0.08071428571428578 0.7228571428571429 0.09285714285714294 0.7228571428571429
5 0.10642857142857151 0.6923809523809524 0.09142857142857151 0.6923809523809524 0.09142857142857151 0.7161904761904762 0.10642857142857151 0.7161904761904762
5 0.1207142857142858 0.6876190476190476 0.10714285714285722 0.6876190476190476 0.10714285714285722 0.7133333333333334 0.1207142857142858 0.7133333333333334
5 0.1350000000000001 0.6857142857142857 0.12428571428571436 0.6857142857142857 0.12428571428571436 0.7133333333333334 0.1350000000000001 0.7133333333333334
5 0.2164285714285715 0.6676190476190477 0.20285714285714293 0.6676190476190477 0.20285714285714293 0.6923809523809524 0.2164285714285715 0.6923809523809524
5 0.06785714285714292 0.758095238095238 0.05785714285714292 0.758095238095238 0.057857142857142926 0.7847619047619048 0.06785714285714294 0.7847619047619048
5 0.3457142857142858 0.699047619047619 0.3314285714285715 0.699047619047619 0.3314285714285715 0.7295238095238096 0.3457142857142858 0.7295238095238096
5 0.45714285714285713 0.5419047619047619 0.445 0.5419047619047619 0.445 0.5685714285714286 0.45714285714285713 0.5685714285714286
5 0.455 0.44666666666666677 0.44285714285714284 0.44666666666666677 0.44285714285714284 0.4723809523809525 0.455 0.4723809523809525
5 0.4685714285714286 0.4533333333333334 0.45714285714285713 0.4533333333333334 0.45714285714285713 0.4847619047619049 0.4685714285714286 0.4847619047619049
5 0.455 0.4800000000000001 0.44142857142857145 0.4800000000000001 0.44142857142857145 0.5076190476190476 0.455 0.5076190476190476
5 0.45571428571428574 0.3923809523809525 0.44571428571428573 0.3923809523809525 0.44571428571428573 0.4247619047619049 0.45571428571428574 0.4247619047619049
5 0.41928571428571426 0.38666666666666677 0.4014285714285714 0.38666666666666677 0.4014285714285714 0.40000000000000013 0.41928571428571426 0.40000000000000013
5 0.41714285714285715 0.361904761904762 0.3985714285714286 0.361904761904762 0.3985714285714286 0.38380952380952393 0.41714285714285715 0.38380952380952393
5 0.4135714285714286 0.3342857142857144 0.39785714285714285 0.3342857142857144 0.39785714285714285 0.3580952380952382 0.4135714285714286 0.3580952380952382
5 0.4085714285714286 0.30761904761904774 0.3914285714285714 0.30761904761904774 0.3914285714285714 0.32476190476190486 0.4085714285714286 0.32476190476190486
5 0.4407142857142857 0.35142857142857153 0.43214285714285716 0.35142857142857153 0.43214285714285716 0.38380952380952393 0.4407142857142857 0.38380952380952393
5 0.4014285714285714 0.23428571428571435 0.3914285714285714 0.23428571428571435 0.3914285714285714 0.2714285714285715 0.4014285714285714 0.2714285714285715
5 0.4157142857142857 0.18000000000000005 0.40714285714285714 0.18000000000000005 0.40714285714285714 0.21047619047619054 0.4157142857142857 0.21047619047619054
5 0.4057142857142857 0.28095238095238106 0.38285714285714284 0.28095238095238106 0.38285714285714284 0.301904761904762 0.4057142857142857 0.301904761904762
5 0.07642857142857148 0.7 0.05428571428571435 0.7 0.05428571428571435 0.7314285714285714 0.07642857142857148 0.7314285714285714
7 0.10785714285714294 0.7485714285714286 0.09071428571428578 0.7485714285714286 0.09071428571428578 0.7609523809523809 0.10785714285714294 0.7609523809523809
7 0.37357142857142855 0.6904761904761905 0.3607142857142858 0.6904761904761905 0.3607142857142858 0.7057142857142857 0.37357142857142855 0.7057142857142857
7 0.45500000000000007 0.8695238095238095 0.445 0.8695238095238095 0.44500000000000006 0.8895238095238095 0.4550000000000002 0.8895238095238095
7 0.3492857142857143 0.160952380952381 0.34 0.160952380952381 0.34 0.17714285714285719 0.3492857142857143 0.17714285714285719
7 0.3692857142857143 0.22761904761904767 0.36 0.22761904761904767 0.36 0.2428571428571429 0.3692857142857143 0.2428571428571429
7 0.35928571428571426 0.22190476190476197 0.3507142857142857 0.22190476190476197 0.3507142857142857 0.23619047619047626 0.35928571428571426 0.23619047619047626
7 0.3871428571428571 0.3933333333333334 0.3807142857142857 0.3933333333333334 0.3807142857142857 0.4038095238095239 0.3871428571428571 0.4038095238095239
7 0.3914285714285714 0.4676190476190477 0.38357142857142856 0.4676190476190477 0.38357142857142856 0.4761904761904763 0.3914285714285714 0.4761904761904763
7 0.24857142857142867 0.5152380952380953 0.23642857142857152 0.5152380952380953 0.23642857142857152 0.5257142857142857 0.24857142857142867 0.5257142857142857
7 0.19357142857142864 0.5295238095238095 0.18000000000000005 0.5295238095238095 0.18000000000000005 0.5380952380952381 0.19357142857142864 0.5380952380952381
7 0.10428571428571433 0.5495238095238095 0.08428571428571432 0.5495238095238095 0.08428571428571434 0.56 0.10428571428571433 0.56
7 0.0864285714285715 0.5666666666666667 0.06571428571428578 0.5666666666666667 0.06571428571428578 0.5742857142857143 0.0864285714285715 0.5742857142857143
1 0.40785714285714286 0.7028571428571428 0.38857142857142857 0.7028571428571428 0.38857142857142857 0.7142857142857143 0.40785714285714286 0.7142857142857143
1 0.49142857142857144 0.6542857142857142 0.48142857142857143 0.6542857142857142 0.48142857142857143 0.6847619047619048 0.49142857142857144 0.6847619047619048
1 0.12428571428571436 0.7285714285714285 0.10214285714285723 0.7285714285714285 0.10214285714285723 0.741904761904762 0.12428571428571436 0.741904761904762
1 0.3871428571428571 0.16761904761904767 0.37857142857142856 0.16761904761904767 0.37857142857142856 0.19428571428571434 0.3871428571428571 0.19428571428571434
9 0.4942857142857143 0.34095238095238106 0.4807142857142857 0.34095238095238106 0.4807142857142857 0.38285714285714295 0.4942857142857143 0.38285714285714295
1 0.19428571428571437 0.6047619047619047 0.1735714285714286 0.6047619047619047 0.1735714285714286 0.6190476190476191 0.19428571428571437 0.6190476190476191
7 0.08142857142857149 0.6580952380952381 0.06285714285714292 0.6580952380952381 0.06285714285714292 0.6676190476190477 0.08142857142857149 0.6676190476190477
7 0.09785714285714289 0.6495238095238095 0.08071428571428578 0.6495238095238095 0.08071428571428578 0.660952380952381 0.09785714285714289 0.660952380952381
1 0.31357142857142867 0.6076190476190476 0.29357142857142865 0.6076190476190476 0.29357142857142865 0.62 0.31357142857142867 0.62
7 0.4614285714285714 0.003809523809523885 0.45285714285714285 0.003809523809523884 0.45285714285714285 0.028571428571428647 0.4614285714285714 0.028571428571428647
5 0.20785714285714293 0.64 0.18857142857142864 0.64 0.18857142857142864 0.6533333333333333 0.20785714285714293 0.6533333333333333