3 0.184 0.27466666666666667 0.158 0.27466666666666667 0.158 0.2853333333333333 0.184 0.2853333333333333
3 0.219 0.27466666666666667 0.1935 0.27466666666666667 0.1935 0.2846666666666667 0.219 0.2846666666666667
3 0.253 0.2740000000000001 0.2325 0.2740000000000001 0.2325 0.2853333333333334 0.253 0.2853333333333334
11 0.2125 0.26 0.196 0.26 0.196 0.2713333333333333 0.2125 0.2713333333333333
3 0.311 0.2713333333333334 0.2895 0.2713333333333334 0.2895 0.2833333333333334 0.311 0.2833333333333334
3 0.437 0.2700000000000001 0.4155 0.2700000000000001 0.4155 0.2820000000000001 0.437 0.2820000000000001
3 0.4665 0.2706666666666667 0.444 0.2706666666666667 0.444 0.28266666666666673 0.4665 0.28266666666666673
3 0.4955 0.2700000000000001 0.4735 0.2700000000000001 0.4735 0.28066666666666673 0.4955 0.28066666666666673
3 0.521 0.27333333333333343 0.4995 0.27333333333333343 0.4995 0.2853333333333334 0.521 0.2853333333333334
3 0.53 0.2686666666666667 0.5085 0.2686666666666667 0.5085 0.2800000000000001 0.53 0.2800000000000001
3 0.5535 0.2693333333333334 0.532 0.2693333333333334 0.532 0.28066666666666673 0.5535 0.28066666666666673
11 0.499 0.25200000000000006 0.4785 0.25200000000000006 0.4785 0.2626666666666667 0.499 0.2626666666666667
8 0.533 0.2893333333333334 0.527 0.2893333333333334 0.527 0.3013333333333334 0.533 0.3013333333333334
1 0.5365 0.29466666666666674 0.5255 0.29466666666666674 0.5255 0.30466666666666675 0.5365 0.30466666666666675
7 0.5225 0.3053333333333334 0.517 0.3053333333333334 0.517 0.32066666666666677 0.5225 0.32066666666666677
8 0.5075 0.3053333333333334 0.503 0.3053333333333334 0.503 0.3133333333333334 0.5075 0.3133333333333334
5 0.507 0.3113333333333334 0.503 0.3113333333333334 0.503 0.32266666666666677 0.507 0.32266666666666677
7 0.5115 0.3266666666666667 0.5045 0.3266666666666667 0.5045 0.34600000000000014 0.5115 0.34600000000000014
7 0.4955 0.3313333333333334 0.4905 0.3313333333333334 0.4905 0.3486666666666668 0.4955 0.3486666666666668
7 0.5155 0.3586666666666668 0.5115 0.3586666666666668 0.5115 0.3746666666666668 0.5155 0.3746666666666668
7 0.5175 0.3586666666666668 0.5135 0.3586666666666668 0.5135 0.3786666666666668 0.5175 0.3786666666666668
7 0.575 0.35000000000000014 0.5695 0.35000000000000014 0.5695 0.3673333333333335 0.575 0.3673333333333335
7 0.5725 0.34466666666666684 0.5665 0.34466666666666684 0.5665 0.36400000000000016 0.5725 0.36400000000000016
1 0.5685 0.37000000000000016 0.555 0.37000000000000016 0.555 0.3840000000000002 0.5685 0.3840000000000002
7 0.461 0.35333333333333333 0.4535 0.35333333333333333 0.4535 0.37 0.461 0.37
7 0.394 0.35 0.388 0.35 0.388 0.37 0.394 0.37
5 0.616 0.39066666666666683 0.6005 0.39066666666666683 0.6005 0.40600000000000014 0.616 0.40600000000000014
5 0.595 0.4053333333333335 0.578 0.4053333333333335 0.578 0.4213333333333335 0.595 0.4213333333333335
3 0.61 0.3900000000000001 0.5615 0.3900000000000001 0.5615 0.41400000000000015 0.61 0.41400000000000015
3 0.605 0.37533333333333346 0.5605 0.37533333333333346 0.5605 0.39600000000000013 0.605 0.39600000000000013
11 0.4875 0.3660000000000001 0.454 0.366 0.454 0.3886666666666667 0.4875 0.3886666666666668
11 0.503 0.3746666666666668 0.4715 0.3746666666666668 0.4715 0.40000000000000013 0.503 0.40000000000000013
11 0.493 0.3906666666666667 0.463 0.39066666666666666 0.463 0.4173333333333334 0.493 0.4173333333333335
11 0.507 0.40200000000000014 0.485 0.40200000000000014 0.485 0.4406666666666668 0.507 0.4406666666666668
11 0.4895 0.42066666666666674 0.445 0.4206666666666667 0.445 0.4553333333333334 0.4895 0.4553333333333335
11 0.4785 0.4120000000000001 0.4245 0.412 0.4245 0.44000000000000006 0.4785 0.44000000000000017
11 0.4675 0.39933333333333343 0.41 0.3993333333333333 0.41 0.43466666666666676 0.4675 0.4346666666666668
3 0.457 0.38533333333333336 0.41 0.38533333333333336 0.41 0.408 0.457 0.408
3 0.4735 0.37866666666666676 0.4275 0.37866666666666665 0.4275 0.3986666666666667 0.4735 0.39866666666666684
3 0.5215 0.4533333333333335 0.492 0.4533333333333335 0.492 0.4926666666666668 0.5215 0.4926666666666668
11 0.57 0.4366666666666668 0.5445 0.4366666666666668 0.5445 0.47800000000000015 0.57 0.47800000000000015
11 0.474 0.4526666666666667 0.4115 0.45266666666666666 0.4115 0.48866666666666675 0.474 0.4886666666666668
3 0.4695 0.4753333333333334 0.3995 0.47533333333333333 0.3995 0.5140000000000001 0.4695 0.5140000000000001
3 0.503 0.49400000000000005 0.4385 0.494 0.4385 0.5313333333333334 0.503 0.5313333333333334
11 0.461 0.5006666666666667 0.4055 0.5006666666666667 0.4055 0.5353333333333333 0.461 0.5353333333333333
3 0.4695 0.524 0.393 0.524 0.393 0.5680000000000001 0.4695 0.5680000000000002
3 0.481 0.5433333333333334 0.3995 0.5433333333333333 0.3995 0.5846666666666668 0.481 0.5846666666666668
3 0.4835 0.5700000000000001 0.3995 0.57 0.3995 0.6153333333333334 0.4835 0.6153333333333335
3 0.48750000000000004 0.6013333333333334 0.4015 0.6013333333333334 0.4015000000000001 0.6426666666666667 0.4875000000000001 0.6426666666666668
3 0.47100000000000014 0.6306666666666667 0.40750000000000014 0.6306666666666667 0.40750000000000014 0.6706666666666667 0.47100000000000014 0.6706666666666669
11 0.5155 0.6380000000000001 0.39500000000000013 0.638 0.39500000000000013 0.7193333333333334 0.5155 0.7193333333333334
3 0.5050000000000001 0.7133333333333334 0.3845000000000001 0.7133333333333334 0.3845000000000001 0.774 0.5050000000000001 0.774
3 0.5080000000000001 0.7626666666666667 0.3720000000000001 0.7626666666666667 0.3720000000000001 0.8313333333333334 0.5080000000000001 0.8313333333333334
11 0.5040000000000001 0.8126666666666666 0.3820000000000001 0.8126666666666666 0.3820000000000001 0.912 0.5040000000000001 0.912
10 0.5365 0.888 0.3715000000000001 0.888 0.3715000000000001 0.998 0.5365 0.998
3 0.619 0.8326666666666667 0.5435 0.8326666666666667 0.5435 0.9993333333333333 0.619 0.9993333333333333
3 0.6315 0.49800000000000016 0.5875 0.49800000000000016 0.5875 0.5506666666666669 0.6315 0.5506666666666669
3 0.6465 0.44533333333333347 0.6005 0.44533333333333347 0.6005 0.47800000000000015 0.6465 0.47800000000000015
3 0.683 0.4773333333333335 0.6185 0.4773333333333335 0.6185 0.5080000000000001 0.683 0.5080000000000001
3 0.6935 0.49400000000000016 0.6195 0.49400000000000016 0.6195 0.5300000000000001 0.6935 0.5300000000000001
11 0.6685 0.4553333333333335 0.609 0.4553333333333335 0.609 0.4933333333333335 0.6685 0.4933333333333335
5 0.7045 0.5133333333333335 0.6825 0.5133333333333335 0.6825 0.5340000000000001 0.7045 0.5340000000000001
5 0.7115 0.5200000000000001 0.6845 0.5200000000000001 0.6845 0.5440000000000002 0.7115 0.5440000000000002
1 0.682 0.5180000000000001 0.6585 0.5180000000000001 0.6585 0.5413333333333334 0.682 0.5413333333333334
1 0.7005 0.5360000000000001 0.675 0.5360000000000001 0.675 0.5573333333333335 0.7005 0.5573333333333335
11 0.759 0.5566666666666669 0.6635 0.5566666666666669 0.6635 0.6160000000000001 0.759 0.6160000000000001
11 0.7665 0.5966666666666668 0.677 0.5966666666666668 0.677 0.6566666666666668 0.7665 0.6566666666666668
5 0.7855 0.6120000000000001 0.7705 0.6120000000000001 0.7705 0.6540000000000001 0.7855 0.6540000000000001
9 0.8215 0.6526666666666668 0.751 0.6526666666666668 0.751 0.7 0.8215 0.7
3 0.8235 0.6740000000000002 0.709 0.6740000000000002 0.709 0.736 0.8235 0.736
3 0.877 0.716 0.7505 0.716 0.7505 0.7866666666666666 0.877 0.7866666666666666
7 0.6935 0.6793333333333335 0.676 0.6793333333333335 0.676 0.738 0.6935 0.738
3 0.972 0.8266666666666668 0.811 0.8266666666666667 0.811 0.9166666666666669 0.972 0.916666666666667
3 0.9985 0.9193333333333334 0.82 0.9193333333333333 0.82 1.0000000000000002 0.9985 1.0000000000000002