3 0.5114285714285715 0.07487309644670062 0.4928571428571429 0.07487309644670062 0.4928571428571429 0.13959390862944174 0.5114285714285715 0.13959390862944174
3 0.4807142857142857 0.23350253807106605 0.46214285714285713 0.23350253807106605 0.46214285714285713 0.2982233502538072 0.4807142857142857 0.2982233502538072
3 0.38785714285714284 0.3388324873096448 0.36357142857142855 0.3388324873096448 0.36357142857142855 0.4200507614213199 0.38785714285714284 0.4200507614213199
3 0.33285714285714296 0.5901015228426396 0.30571428571428577 0.5901015228426396 0.30571428571428577 0.6713197969543148 0.33285714285714296 0.6713197969543148
3 0.3557142857142858 0.7195431472081218 0.32928571428571435 0.7195431472081218 0.32928571428571435 0.8210659898477157 0.3557142857142858 0.8210659898477157
3 0.37285714285714283 0.5279187817258885 0.35214285714285715 0.5279187817258885 0.3521428571428572 0.5977157360406092 0.37285714285714283 0.5977157360406092
3 0.41928571428571426 0.1763959390862945 0.4014285714285714 0.1763959390862945 0.4014285714285714 0.23857868020304576 0.41928571428571426 0.23857868020304576
3 0.37785714285714284 0.19543147208121833 0.3585714285714286 0.19543147208121833 0.3585714285714286 0.25634517766497467 0.37785714285714284 0.25634517766497467
3 0.41285714285714287 0.32233502538071074 0.3914285714285714 0.32233502538071074 0.3914285714285714 0.3921319796954316 0.41285714285714287 0.3921319796954316
11 0.4157142857142857 0.4555837563451778 0.39 0.4555837563451778 0.39 0.5393401015228427 0.4157142857142857 0.5393401015228427
11 0.39571428571428574 0.6154822335025382 0.37357142857142855 0.6154822335025382 0.37357142857142855 0.6928934010152284 0.39571428571428574 0.6928934010152284
11 0.4757142857142857 0.5507614213197971 0.45285714285714285 0.5507614213197971 0.45285714285714285 0.6446700507614215 0.4757142857142857 0.6446700507614215
11 0.40214285714285714 0.07614213197969552 0.38285714285714284 0.07614213197969552 0.38285714285714284 0.13705583756345185 0.40214285714285714 0.13705583756345185
11 0.25785714285714284 0.49111675126903553 0.2 0.49111675126903553 0.2 0.5393401015228426 0.25785714285714284 0.5393401015228426
3 0.2078571428571429 0.5850253807106599 0.15500000000000005 0.5850253807106599 0.15500000000000005 0.6230964467005076 0.20785714285714293 0.6230964467005076
3 0.13642857142857148 0.5774111675126904 0.09071428571428576 0.5774111675126904 0.09071428571428576 0.618020304568528 0.13642857142857148 0.618020304568528
2 0.19857142857142857 0.5038071065989848 0.05071428571428575 0.5038071065989848 0.05071428571428575 0.5862944162436549 0.19857142857142857 0.5862944162436549
3 0.18000000000000005 0.4873096446700508 0.13000000000000003 0.4873096446700508 0.13000000000000003 0.5241116751269036 0.18000000000000005 0.5241116751269036
3 0.054285714285714326 0.4847715736040609 3.341536266244921e-17 0.4847715736040609 3.477122161864806e-17 0.5241116751269036 0.054285714285714326 0.5241116751269036
11 0.027142857142857177 0.5114213197969543 3.525233286117024e-17 0.5114213197969543 3.7220515216942774e-17 0.5685279187817259 0.027142857142857184 0.5685279187817259
11 0.38357142857142856 8.166902194821499e-17 0.36714285714285716 7.988178359920553e-17 0.36714285714285716 0.04441624365482242 0.38357142857142856 0.04441624365482243
3 0.4114285714285714 8.77300911318123e-17 0.395 8.594285278280284e-17 0.395 0.015228426395939174 0.4114285714285714 0.015228426395939177
11 0.3807142857142857 0.9251269035532995 0.3500000000000001 0.9251269035532995 0.3500000000000001 0.998730964467005 0.3807142857142857 0.998730964467005