4 0.16700000000000007 0.7126666666666667 0.11150000000000006 0.7126666666666667 0.11150000000000006 0.74 0.16700000000000007 0.74
7 0.07950000000000006 0.722 0.07400000000000005 0.722 0.07400000000000005 0.738 0.07950000000000006 0.738
3 0.2980000000000001 0.7406666666666667 0.27400000000000013 0.7406666666666667 0.27400000000000013 0.758 0.2980000000000001 0.758
3 0.3260000000000001 0.75 0.3010000000000001 0.75 0.3010000000000001 0.768 0.3260000000000001 0.768
3 0.3555000000000001 0.7553333333333333 0.3275000000000001 0.7553333333333333 0.3275000000000001 0.774 0.3555000000000001 0.774
3 0.4380000000000001 0.766 0.4115000000000001 0.766 0.4115000000000001 0.7833333333333333 0.4380000000000001 0.7833333333333333
3 0.4470000000000001 0.7806666666666666 0.4140000000000001 0.7806666666666666 0.4140000000000001 0.8 0.4470000000000001 0.8
7 0.581 0.794 0.5755 0.794 0.5755 0.8093333333333333 0.581 0.8093333333333333
9 0.589 0.802 0.5725 0.802 0.5725 0.8193333333333334 0.589 0.8193333333333334
7 0.672 0.846 0.6655 0.846 0.6655 0.8633333333333333 0.672 0.8633333333333333
4 0.7205 0.768 0.6105 0.768 0.6105 0.844 0.7205 0.844
3 0.7655 0.8593333333333333 0.7135 0.8593333333333333 0.7135 0.894 0.7655 0.894
3 0.837 0.8706666666666667 0.8075 0.8706666666666667 0.8075 0.8993333333333333 0.837 0.8993333333333333
4 0.3595000000000001 0.7233333333333334 0.2560000000000001 0.7233333333333334 0.2560000000000001 0.7353333333333333 0.3595000000000001 0.7353333333333333