3 0.5621428571428573 0.8352380952380952 0.53 0.8352380952380952 0.53 0.9238095238095239 0.5621428571428573 0.9238095238095239
3 0.10214285714285719 0.6076190476190476 0.0621428571428572 0.6076190476190476 0.0621428571428572 0.6628571428571428 0.10214285714285719 0.6628571428571428
3 0.03357142857142863 0.5676190476190476 5.213496373513018e-17 0.5676190476190476 5.4715469490476394e-17 0.6238095238095238 0.033571428571428634 0.6238095238095238
11 0.19357142857142856 0.32761904761904764 0.16000000000000003 0.32761904761904764 0.16000000000000003 0.3495238095238095 0.19357142857142856 0.3495238095238095
11 0.1957142857142857 0.31523809523809526 0.16500000000000004 0.31523809523809526 0.16500000000000004 0.3333333333333333 0.1957142857142857 0.3333333333333333
3 0.1992857142857143 0.3047619047619048 0.16571428571428576 0.3047619047619048 0.16571428571428576 0.3219047619047619 0.1992857142857143 0.3219047619047619
3 0.20285714285714285 0.29428571428571426 0.16571428571428576 0.29428571428571426 0.16571428571428576 0.30952380952380953 0.20285714285714285 0.30952380952380953
3 0.21 0.28095238095238095 0.1778571428571429 0.28095238095238095 0.1778571428571429 0.29904761904761906 0.21 0.29904761904761906
3 0.22857142857142856 0.2390476190476191 0.19785714285714287 0.2390476190476191 0.19785714285714287 0.25523809523809526 0.22857142857142856 0.25523809523809526
3 0.23214285714285715 0.2266666666666667 0.20142857142857143 0.2266666666666667 0.20142857142857143 0.2438095238095238 0.23214285714285715 0.2438095238095238
3 0.25214285714285717 0.24857142857142858 0.235 0.24857142857142858 0.235 0.2695238095238095 0.25214285714285717 0.2695238095238095
3 0.26 0.29333333333333333 0.24214285714285713 0.29333333333333333 0.24214285714285713 0.32095238095238093 0.26 0.32095238095238093
3 0.2842857142857143 0.2695238095238095 0.2642857142857143 0.2695238095238095 0.2642857142857143 0.29523809523809524 0.2842857142857143 0.29523809523809524
3 0.295 0.24571428571428572 0.2764285714285714 0.24571428571428572 0.2764285714285714 0.26857142857142857 0.295 0.26857142857142857
3 0.29928571428571427 0.19238095238095243 0.2757142857142857 0.19238095238095243 0.2757142857142857 0.2114285714285715 0.29928571428571427 0.2114285714285715
10 0.31357142857142856 0.1733333333333334 0.2807142857142857 0.1733333333333334 0.2807142857142857 0.20380952380952386 0.31357142857142856 0.20380952380952386
3 0.3535714285714286 0.07333333333333339 0.3335714285714286 0.07333333333333339 0.3335714285714286 0.08571428571428577 0.3535714285714286 0.08571428571428577
3 0.35428571428571426 0.06571428571428577 0.3335714285714286 0.06571428571428577 0.3335714285714286 0.07619047619047624 0.35428571428571426 0.07619047619047624
3 0.3757142857142857 0.006666666666666727 0.36214285714285716 0.006666666666666726 0.36214285714285716 0.01619047619047625 0.3757142857142857 0.01619047619047625
3 0.5428571428571428 0.0257142857142858 0.5271428571428571 0.0257142857142858 0.5271428571428571 0.03714285714285723 0.5428571428571428 0.037142857142857234
3 0.54 0.03238095238095247 0.5257142857142857 0.03238095238095246 0.5257142857142857 0.04095238095238104 0.54 0.040952380952381046
3 0.5707142857142857 0.06190476190476198 0.5528571428571428 0.06190476190476198 0.5528571428571428 0.07333333333333342 0.5707142857142857 0.07333333333333342
3 0.59 0.041904761904762 0.5714285714285714 0.041904761904762 0.5714285714285714 0.055238095238095336 0.59 0.055238095238095336
3 0.6714285714285714 0.16666666666666677 0.6578571428571428 0.16666666666666677 0.6578571428571428 0.18952380952380962 0.6714285714285714 0.18952380952380962
3 0.6778571428571428 0.28095238095238106 0.6478571428571429 0.28095238095238106 0.6478571428571429 0.3000000000000001 0.6778571428571428 0.3000000000000001
3 0.7114285714285714 0.2666666666666668 0.6935714285714286 0.2666666666666668 0.6935714285714286 0.2895238095238096 0.7114285714285714 0.2895238095238096
3 0.6821428571428572 0.29238095238095246 0.6514285714285715 0.29238095238095246 0.6514285714285715 0.3123809523809525 0.6821428571428572 0.3123809523809525
3 0.6928571428571428 0.32476190476190486 0.6592857142857143 0.32476190476190486 0.6592857142857143 0.3466666666666668 0.6928571428571428 0.3466666666666668
11 0.6971428571428572 0.3447619047619049 0.6671428571428571 0.3447619047619049 0.6671428571428571 0.3657142857142858 0.6971428571428572 0.3657142857142858
3 0.7064285714285714 0.3600000000000001 0.6707142857142857 0.3600000000000001 0.6707142857142857 0.38285714285714295 0.7064285714285714 0.38285714285714295
3 0.7171428571428572 0.3933333333333334 0.6792857142857143 0.3933333333333334 0.6792857142857143 0.41523809523809535 0.7171428571428572 0.41523809523809535
3 0.7257142857142858 0.41523809523809535 0.6871428571428572 0.41523809523809535 0.6871428571428572 0.4400000000000001 0.7257142857142858 0.4400000000000001
3 0.7935714285714286 0.44761904761904775 0.7657142857142857 0.44761904761904775 0.7657142857142857 0.4847619047619049 0.7935714285714286 0.4847619047619049
11 0.7421428571428571 0.3961904761904763 0.7192857142857143 0.3961904761904763 0.7192857142857143 0.42666666666666675 0.7421428571428571 0.42666666666666675
10 0.6314285714285715 0.6580952380952381 0.5785714285714286 0.6580952380952381 0.5785714285714286 0.8466666666666667 0.6314285714285715 0.8466666666666667
3 0.4635714285714286 0.4666666666666668 0.44285714285714284 0.4666666666666668 0.44285714285714284 0.5085714285714286 0.4635714285714286 0.5085714285714286
7 0.2864285714285714 0.22000000000000006 0.2814285714285714 0.22000000000000006 0.2814285714285714 0.23428571428571435 0.2864285714285714 0.23428571428571435
7 0.29714285714285715 0.21619047619047624 0.29214285714285715 0.21619047619047624 0.29214285714285715 0.22952380952380957 0.29714285714285715 0.22952380952380957
7 0.1578571428571429 0.4266666666666667 0.1471428571428572 0.4266666666666667 0.1471428571428572 0.44476190476190475 0.1578571428571429 0.44476190476190475
7 0.8342857142857143 0.503809523809524 0.8257142857142857 0.503809523809524 0.8257142857142857 0.5190476190476193 0.8342857142857143 0.5190476190476193
7 0.7457142857142857 0.3980952380952382 0.7414285714285714 0.3980952380952382 0.7414285714285714 0.4123809523809525 0.7457142857142857 0.4123809523809525
7 0.7407142857142858 0.39714285714285724 0.7371428571428571 0.39714285714285724 0.7371428571428571 0.4104761904761906 0.7407142857142858 0.4104761904761906
5 0.7928571428571428 0.41428571428571437 0.7857142857142857 0.41428571428571437 0.7857142857142857 0.4323809523809525 0.7928571428571428 0.4323809523809525
5 0.785 0.38761904761904775 0.7778571428571428 0.38761904761904775 0.7778571428571428 0.4047619047619049 0.785 0.4047619047619049
5 0.48714285714285716 0.5104761904761905 0.47714285714285715 0.5104761904761905 0.47714285714285715 0.5304761904761904 0.48714285714285716 0.5304761904761904
5 0.49142857142857144 0.1952380952380953 0.4857142857142857 0.1952380952380953 0.4857142857142857 0.20761904761904768 0.49142857142857144 0.20761904761904768
5 0.4857142857142857 0.0895238095238096 0.48142857142857143 0.0895238095238096 0.48142857142857143 0.10285714285714294 0.4857142857142857 0.10285714285714294
5 0.4828571428571429 0.05809523809523818 0.47714285714285715 0.05809523809523818 0.47714285714285715 0.07142857142857151 0.4828571428571429 0.07142857142857151
8 0.48642857142857143 0.5114285714285715 0.4785714285714286 0.5114285714285715 0.4785714285714286 0.5247619047619048 0.48642857142857143 0.5247619047619048