3 0.27 0.40609137055837563 0.24785714285714286 0.40609137055837563 0.24785714285714286 0.45558375634517767 0.27 0.45558375634517767
10 0.4642857142857143 0.011421319796954411 0.4407142857142857 0.01142131979695441 0.4407142857142857 0.11294416243654833 0.4642857142857143 0.11294416243654833
10 0.4878571428571429 1.0428147236394339e-16 0.4707142857142857 1.0241652799975961e-16 0.4707142857142857 0.04695431472081229 0.4878571428571429 0.04695431472081229
10 0.4835714285714286 0.04060913705583767 0.4585714285714286 0.04060913705583767 0.4585714285714286 0.12309644670050772 0.4835714285714286 0.12309644670050772
10 0.49714285714285716 0.05710659898477168 0.48214285714285715 0.05710659898477168 0.48214285714285715 0.12944162436548234 0.49714285714285716 0.12944162436548234
3 0.5235714285714286 0.04314720812182752 0.5142857142857142 0.04314720812182752 0.5142857142857142 0.07233502538071077 0.5235714285714286 0.07233502538071077
3 0.5414285714285715 0.07487309644670062 0.5307142857142857 0.07487309644670062 0.5307142857142857 0.11167512690355341 0.5414285714285715 0.11167512690355341
11 0.5464285714285714 0.1434010152284265 0.5342857142857143 0.1434010152284265 0.5342857142857143 0.1840101522842641 0.5464285714285714 0.1840101522842641
2 0.5292857142857142 0.1421319796954316 0.5142857142857142 0.1421319796954316 0.5142857142857142 0.2626903553299494 0.5292857142857142 0.2626903553299494
3 0.5464285714285714 0.2423857868020306 0.5335714285714286 0.2423857868020306 0.5335714285714286 0.27030456852791895 0.5464285714285714 0.27030456852791895
11 0.5514285714285714 0.36421319796954327 0.5392857142857143 0.36421319796954327 0.5392857142857143 0.4073604060913707 0.5514285714285714 0.4073604060913707
3 0.53 0.4010152284263961 0.5171428571428571 0.4010152284263961 0.5171428571428571 0.4467005076142133 0.53 0.4467005076142133
3 0.5592857142857143 0.4505076142131981 0.5428571428571428 0.4505076142131981 0.5428571428571428 0.5012690355329951 0.5592857142857143 0.5012690355329951
10 0.5342857142857143 0.5038071065989849 0.5142857142857142 0.5038071065989849 0.5142857142857142 0.637055837563452 0.5342857142857143 0.637055837563452
7 0.8092857142857143 0.04441624365482252 0.8042857142857143 0.04441624365482252 0.8042857142857143 0.06218274111675145 0.8092857142857143 0.06218274111675145
2 0.6307142857142857 0.09517766497461944 0.6064285714285714 0.09517766497461944 0.6064285714285714 0.21700507614213213 0.6307142857142857 0.21700507614213213
3 0.6035714285714285 0.1370558375634519 0.5928571428571429 0.1370558375634519 0.5928571428571429 0.17639593908629456 0.6035714285714285 0.17639593908629456
3 0.6535714285714286 0.4403553299492387 0.6371428571428571 0.4403553299492387 0.6371428571428571 0.4923857868020306 0.6535714285714286 0.4923857868020306
11 0.7607142857142857 0.9289340101522846 0.7335714285714285 0.9289340101522846 0.7335714285714285 0.9987309644670054 0.7607142857142857 0.9987309644670054
2 0.6392857142857142 0.9200507614213198 0.6164285714285714 0.9200507614213198 0.6164285714285714 0.998730964467005 0.6392857142857142 0.998730964467005
11 0.53 0.8921319796954315 0.5128571428571429 0.8921319796954315 0.5128571428571429 0.9657360406091371 0.53 0.9657360406091371
3 0.5828571428571429 0.6954314720812182 0.5664285714285714 0.6954314720812182 0.5664285714285714 0.7601522842639594 0.5828571428571429 0.7601522842639594
3 0.5521428571428572 0.7855329949238579 0.5364285714285715 0.7855329949238579 0.5364285714285715 0.8426395939086294 0.5521428571428572 0.8426395939086294
3 0.5557142857142857 0.6928934010152284 0.5364285714285715 0.6928934010152284 0.5364285714285715 0.7626903553299492 0.5557142857142857 0.7626903553299492
3 0.5185714285714286 0.7081218274111675 0.5035714285714286 0.7081218274111675 0.5035714285714286 0.7715736040609137 0.5185714285714286 0.7715736040609137
3 0.3357142857142858 0.8604060913705583 0.3121428571428572 0.8604060913705583 0.3121428571428572 0.932741116751269 0.3357142857142858 0.932741116751269
11 0.3614285714285715 0.881979695431472 0.3314285714285715 0.881979695431472 0.3314285714285715 0.9543147208121827 0.3614285714285715 0.9543147208121827
11 0.38142857142857145 0.8946700507614214 0.3550000000000001 0.8946700507614214 0.3550000000000001 0.9708121827411168 0.38142857142857145 0.9708121827411168
10 0.37857142857142856 0.5926395939086295 0.32928571428571435 0.5926395939086294 0.32928571428571435 0.7538071065989848 0.37857142857142856 0.7538071065989848
10 0.405 0.4670050761421321 0.3678571428571429 0.4670050761421321 0.3678571428571429 0.5710659898477158 0.405 0.5710659898477158
6 0.4207142857142857 0.37817258883248744 0.395 0.37817258883248744 0.395 0.4644670050761423 0.4207142857142857 0.4644670050761423
6 0.44571428571428573 0.17512690355329957 0.43357142857142855 0.17512690355329957 0.43357142857142855 0.20685279187817265 0.44571428571428573 0.20685279187817265
6 0.4357142857142857 0.21827411167512697 0.42214285714285715 0.21827411167512697 0.42214285714285715 0.25507614213197977 0.4357142857142857 0.25507614213197977
6 0.415 0.7626903553299492 0.3914285714285714 0.7626903553299492 0.3914285714285714 0.8109137055837563 0.415 0.8109137055837563
11 0.42642857142857143 0.7030456852791879 0.39714285714285713 0.7030456852791879 0.39714285714285713 0.7690355329949239 0.42642857142857143 0.7690355329949239
11 0.4342857142857143 0.6611675126903553 0.40714285714285714 0.6611675126903553 0.40714285714285714 0.7233502538071066 0.4342857142857143 0.7233502538071066
11 0.4407142857142857 0.6091370558375636 0.41214285714285714 0.6091370558375636 0.41214285714285714 0.6738578680203046 0.4407142857142857 0.6738578680203046
11 0.44357142857142856 0.5710659898477158 0.42142857142857143 0.5710659898477158 0.42142857142857143 0.6269035532994925 0.44357142857142856 0.6269035532994925
11 0.4614285714285714 0.48984771573604075 0.4342857142857143 0.48984771573604075 0.4342857142857143 0.5482233502538072 0.4614285714285714 0.5482233502538072
3 0.4521428571428571 0.535532994923858 0.4278571428571429 0.535532994923858 0.4278571428571429 0.5888324873096448 0.4521428571428571 0.5888324873096448
5 0.46214285714285713 0.4923857868020306 0.45285714285714285 0.4923857868020306 0.45285714285714285 0.5228426395939088 0.46214285714285713 0.5228426395939088
5 0.4664285714285714 0.47335025380710677 0.4514285714285714 0.47335025380710677 0.4514285714285714 0.4873096446700509 0.4664285714285714 0.4873096446700509
3 0.49 0.3819796954314722 0.46 0.3819796954314722 0.46 0.4060913705583758 0.49 0.4060913705583758
3 0.4928571428571429 0.35786802030456866 0.46285714285714286 0.35786802030456866 0.46285714285714286 0.38324873096446715 0.4928571428571429 0.38324873096446715
11 0.495 0.3286802030456854 0.46285714285714286 0.3286802030456854 0.46285714285714286 0.35786802030456866 0.495 0.35786802030456866
3 0.49714285714285716 0.2880710659898478 0.4757142857142857 0.2880710659898478 0.4757142857142857 0.3109137055837564 0.49714285714285716 0.3109137055837564
3 0.49714285714285716 0.2614213197969544 0.46785714285714286 0.2614213197969544 0.46785714285714286 0.2868020304568529 0.49714285714285716 0.2868020304568529
3 0.49714285714285716 0.21700507614213205 0.46785714285714286 0.21700507614213205 0.46785714285714286 0.24238578680203052 0.49714285714285716 0.24238578680203052
11 0.49714285714285716 0.17258883248730972 0.47285714285714286 0.17258883248730972 0.47285714285714286 0.1979695431472082 0.49714285714285716 0.1979695431472082
11 0.49785714285714283 0.1954314720812184 0.4707142857142857 0.19543147208121833 0.4707142857142857 0.21954314720812193 0.49785714285714283 0.21954314720812196