3 0.51 0.5704761904761905 0.465 0.5704761904761905 0.465 0.6276190476190476 0.51 0.6276190476190476
3 0.44857142857142857 0.4085714285714287 0.42142857142857143 0.4085714285714287 0.42142857142857143 0.43047619047619057 0.44857142857142857 0.43047619047619057
3 0.29714285714285715 0.35904761904761906 0.27785714285714286 0.35904761904761906 0.27785714285714286 0.3904761904761905 0.29714285714285715 0.3904761904761905
3 0.3364285714285714 0.3428571428571429 0.3192857142857143 0.34285714285714286 0.3192857142857143 0.360952380952381 0.3364285714285714 0.3609523809523811
3 0.2842857142857143 0.31238095238095237 0.2671428571428571 0.31238095238095237 0.2671428571428571 0.3333333333333333 0.2842857142857143 0.3333333333333333
3 0.2571428571428571 0.2866666666666667 0.245 0.2866666666666667 0.245 0.29904761904761906 0.2571428571428571 0.29904761904761906
3 0.21714285714285714 0.1990476190476191 0.2092857142857143 0.1990476190476191 0.2092857142857143 0.21047619047619054 0.21714285714285714 0.21047619047619054
3 0.20857142857142857 0.19333333333333338 0.2 0.19333333333333338 0.2 0.2028571428571429 0.20857142857142857 0.2028571428571429
3 0.26285714285714284 0.31523809523809526 0.245 0.31523809523809526 0.245 0.3380952380952381 0.26285714285714284 0.3380952380952381
4 0.20642857142857143 0.13047619047619052 0.175 0.13047619047619052 0.175 0.16571428571428576 0.20642857142857143 0.16571428571428576
3 0.13071428571428576 0.4361904761904762 0.07714285714285718 0.4361904761904762 0.07714285714285718 0.48 0.13071428571428576 0.48