7 0.43500000000000016 0.9628571428571429 0.4264285714285716 0.9628571428571429 0.4264285714285716 0.9904761904761905 0.43500000000000016 0.9904761904761905
7 0.4421428571428573 0.9580952380952381 0.43500000000000016 0.9580952380952381 0.43500000000000016 0.9847619047619047 0.4421428571428573 0.9847619047619047
3 0.6492857142857145 0.9095238095238095 0.6157142857142859 0.9095238095238095 0.6157142857142859 0.9428571428571428 0.6492857142857145 0.9428571428571428
3 0.6921428571428573 0.8923809523809525 0.657857142857143 0.8923809523809524 0.657857142857143 0.9200000000000002 0.6921428571428573 0.9200000000000003
3 0.7057142857142858 0.8790476190476193 0.6735714285714286 0.8790476190476193 0.6735714285714286 0.9114285714285717 0.7057142857142858 0.9114285714285717
7 0.6607142857142859 0.9666666666666667 0.6521428571428574 0.9666666666666667 0.6521428571428574 0.9933333333333333 0.6607142857142859 0.9933333333333333
7 0.6607142857142857 0.8495238095238096 0.6535714285714286 0.8495238095238096 0.6535714285714286 0.8676190476190476 0.6607142857142857 0.8676190476190476
3 0.7264285714285714 0.7209523809523811 0.7057142857142857 0.7209523809523811 0.7057142857142857 0.7380952380952384 0.7264285714285714 0.7380952380952384
3 0.7857142857142857 0.6723809523809526 0.77 0.6723809523809526 0.77 0.684761904761905 0.7857142857142857 0.684761904761905
3 0.5207142857142857 0.7323809523809524 0.5 0.7323809523809524 0.5 0.7504761904761905 0.5207142857142857 0.7504761904761905
2 0.45428571428571435 0.839047619047619 0.37714285714285717 0.839047619047619 0.3771428571428572 0.8971428571428571 0.45428571428571446 0.8971428571428571
4 0.4407142857142857 0.5523809523809524 0.34857142857142864 0.5523809523809524 0.34857142857142864 0.5838095238095238 0.4407142857142857 0.5838095238095238
4 0.09357142857142861 0.5580952380952381 5.1260216021453497e-17 0.5580952380952381 5.300971144880686e-17 0.5961904761904762 0.09357142857142861 0.5961904761904762
3 0.03000000000000005 0.5971428571428572 0.016428571428571483 0.5971428571428572 0.016428571428571483 0.6047619047619047 0.03000000000000005 0.6047619047619047