3 0.6605 0.8026666666666666 0.594 0.8026666666666666 0.594 0.914 0.6605 0.914
3 0.6085 0.6986666666666667 0.5525 0.6986666666666667 0.5525 0.798 0.6085 0.798
3 0.7805 0.7533333333333333 0.705 0.7533333333333333 0.705 0.8506666666666667 0.7805 0.8506666666666667
3 0.7225 0.6706666666666669 0.66 0.6706666666666669 0.66 0.746 0.7225 0.746
3 0.928 0.5920000000000002 0.861 0.5920000000000002 0.861 0.6853333333333333 0.928 0.6853333333333333
9 0.969 0.6960000000000003 0.933 0.6960000000000003 0.933 0.7300000000000003 0.969 0.7300000000000003
3 1 0.5853333333333335 0.954 0.5853333333333335 0.954 0.6266666666666668 1 0.6266666666666668
3 0.5145 0.5453333333333334 0.4575 0.5453333333333333 0.4575 0.6000000000000001 0.5145 0.6000000000000002
3 0.4905 0.4853333333333334 0.4405 0.48533333333333334 0.4405 0.536 0.4905 0.5360000000000001
3 0.4745 0.4240000000000001 0.4405 0.424 0.4405 0.4740000000000001 0.4745 0.47400000000000014
3 0.533 0.40666666666666684 0.5 0.40666666666666684 0.5 0.4440000000000002 0.533 0.4440000000000002
3 0.517 0.37600000000000017 0.482 0.37600000000000017 0.482 0.4113333333333335 0.517 0.4113333333333335
3 0.448 0.39 0.4195 0.39 0.4195 0.43066666666666664 0.448 0.43066666666666664
3 0.3585 0.4093333333333333 0.33 0.4093333333333333 0.33 0.44733333333333336 0.3585 0.44733333333333336
3 0.4175 0.3366666666666667 0.3935 0.3366666666666667 0.3935 0.37 0.4175 0.37
3 0.402 0.31066666666666676 0.38 0.31066666666666676 0.38 0.34066666666666673 0.402 0.34066666666666673
3 0.387 0.2953333333333334 0.3655 0.2953333333333334 0.3655 0.32266666666666677 0.387 0.32266666666666677
3 0.373 0.27733333333333343 0.3525 0.27733333333333343 0.3525 0.3020000000000001 0.373 0.3020000000000001
3 0.4575 0.3053333333333334 0.432 0.3053333333333334 0.432 0.3313333333333334 0.4575 0.3313333333333334
3 0.441 0.2853333333333334 0.416 0.2853333333333334 0.416 0.31000000000000005 0.441 0.31000000000000005
7 0.20500000000000004 0.4026666666666667 0.19700000000000006 0.4026666666666667 0.19700000000000006 0.42533333333333334 0.20500000000000004 0.42533333333333334
3 0.403 0.22666666666666674 0.379 0.22666666666666674 0.379 0.24600000000000008 0.403 0.24600000000000008
11 0.4215 0.15066666666666675 0.3935 0.15066666666666675 0.3935 0.16733333333333342 0.4215 0.16733333333333342
3 0.3805 0.15000000000000008 0.358 0.15000000000000008 0.358 0.16400000000000006 0.3805 0.16400000000000006
3 0.3615 0.15466666666666673 0.337 0.1546666666666667 0.337 0.16866666666666671 0.3615 0.16866666666666674
11 0.342 0.14200000000000004 0.3155 0.14200000000000004 0.3155 0.15933333333333338 0.342 0.15933333333333338
11 0.31 0.14066666666666672 0.2855 0.14066666666666672 0.2855 0.1566666666666667 0.31 0.1566666666666667
7 0.2645 0.14000000000000004 0.262 0.14000000000000004 0.262 0.15200000000000005 0.2645 0.15200000000000005
3 0.203 0.10066666666666671 0.1935 0.10066666666666671 0.1935 0.11200000000000004 0.203 0.11200000000000004
3 0.184 0.13000000000000003 0.17 0.13000000000000003 0.17 0.1466666666666667 0.184 0.1466666666666667
3 0.1655 0.15133333333333338 0.142 0.15133333333333338 0.142 0.16600000000000004 0.1655 0.16600000000000004
3 0.12500000000000003 0.15933333333333335 0.10100000000000003 0.15933333333333333 0.10100000000000003 0.178 0.12500000000000003 0.178
3 0.956 0.2213333333333335 0.9365 0.2213333333333335 0.9365 0.24000000000000016 0.956 0.24000000000000016
3 1 0.27666666666666684 0.975 0.27666666666666684 0.975 0.3026666666666668 1 0.3026666666666668
3 0.1975 0.0906666666666667 0.189 0.0906666666666667 0.189 0.10066666666666671 0.1975 0.10066666666666671
3 0.1995 0.0966666666666667 0.1915 0.0966666666666667 0.1915 0.1066666666666667 0.1995 0.1066666666666667