3 0.5128571428571429 0.6205583756345179 0.4878571428571429 0.6205583756345179 0.4878571428571429 0.7157360406091371 0.5128571428571429 0.7157360406091371
3 0.4135714285714286 0.6814720812182741 0.3650000000000001 0.6814720812182741 0.3650000000000001 0.7233502538071066 0.4135714285714286 0.7233502538071066
3 0.43 0.6154822335025382 0.37357142857142855 0.6154822335025382 0.37357142857142855 0.6598984771573604 0.43 0.6598984771573604
3 0.4257142857142857 0.5634517766497463 0.3807142857142857 0.5634517766497463 0.3807142857142857 0.6053299492385789 0.4257142857142857 0.6053299492385789
3 0.68 0.8477157360406092 0.6171428571428571 0.8477157360406091 0.6171428571428571 0.901015228426396 0.68 0.9010152284263963
3 0.6692857142857143 0.7538071065989849 0.6157142857142858 0.7538071065989848 0.6157142857142858 0.7944162436548224 0.6692857142857143 0.7944162436548227
3 0.67 0.7043147208121829 0.615 0.7043147208121827 0.615 0.7474619289340103 0.67 0.7474619289340104
3 0.6614285714285715 0.6548223350253807 0.6114285714285714 0.6548223350253807 0.6114285714285714 0.6928934010152284 0.6614285714285715 0.6928934010152284
3 0.6571428571428571 0.6116751269035534 0.6157142857142858 0.6116751269035534 0.6157142857142858 0.6510152284263959 0.6571428571428571 0.6510152284263959
3 0.6621428571428571 0.568527918781726 0.61 0.568527918781726 0.61 0.6053299492385789 0.6621428571428571 0.6053299492385789
3 0.6542857142857142 0.5253807106598987 0.61 0.5253807106598987 0.61 0.5672588832487311 0.6542857142857142 0.5672588832487311
11 0.6542857142857142 0.48477157360406103 0.6121428571428571 0.48477157360406103 0.6121428571428571 0.5241116751269037 0.6542857142857142 0.5241116751269037
3 0.6514285714285715 0.4543147208121829 0.605 0.4543147208121829 0.605 0.4923857868020306 0.6514285714285715 0.4923857868020306
3 0.6464285714285715 0.33502538071066007 0.61 0.33502538071066007 0.61 0.3667512690355331 0.6464285714285715 0.3667512690355331
3 0.6407142857142857 0.1624365482233504 0.6007142857142858 0.1624365482233504 0.6007142857142858 0.19670050761421334 0.6407142857142857 0.19670050761421334
3 0.465 0.2576142131979696 0.425 0.2576142131979696 0.425 0.29060913705583763 0.465 0.29060913705583763
3 0.4185714285714286 0.3756345177664976 0.3792857142857143 0.3756345177664976 0.3792857142857143 0.40989847715736055 0.4185714285714286 0.40989847715736055
3 0.39285714285714285 0.23096446700507622 0.37 0.23096446700507622 0.37 0.28045685279187826 0.39285714285714285 0.28045685279187826
3 0.37142857142857144 0.2360406091370559 0.3442857142857143 0.2360406091370559 0.3442857142857143 0.2918781725888326 0.37142857142857144 0.2918781725888326
3 0.32 0.24365482233502544 0.28714285714285714 0.24365482233502544 0.28714285714285714 0.2931472081218275 0.32 0.2931472081218275
3 0.25785714285714284 0.4302030456852792 0.21714285714285714 0.4302030456852792 0.21714285714285714 0.467005076142132 0.25785714285714284 0.467005076142132
3 0.32071428571428573 0.41878172588832485 0.27714285714285714 0.41878172588832485 0.27714285714285714 0.4530456852791878 0.32071428571428573 0.4530456852791878
3 0.34428571428571436 0.7258883248730964 0.2907142857142858 0.7258883248730964 0.2907142857142858 0.7918781725888325 0.34428571428571436 0.7918781725888325
3 0.4692857142857143 0.22461928934010159 0.42928571428571427 0.22461928934010159 0.42928571428571427 0.25634517766497467 0.4692857142857143 0.25634517766497467
3 0.4692857142857143 0.16751269035533004 0.43214285714285716 0.16751269035533004 0.43214285714285716 0.2030456852791879 0.4692857142857143 0.2030456852791879
3 0.4707142857142857 0.11802030456852802 0.4357142857142857 0.11802030456852802 0.4357142857142857 0.15228426395939096 0.4707142857142857 0.15228426395939096
3 0.46785714285714286 0.20431472081218283 0.4307142857142857 0.20431472081218283 0.4307142857142857 0.23350253807106605 0.46785714285714286 0.23350253807106605
3 0.4714285714285714 0.10025380710659909 0.43857142857142856 0.10025380710659909 0.43857142857142856 0.12944162436548234 0.4714285714285714 0.12944162436548234
3 0.6357142857142857 0.05583756345177678 0.6035714285714285 0.055837563451776775 0.6035714285714285 0.08121827411167527 0.6357142857142857 0.08121827411167527
3 0.6407142857142857 0.21827411167512706 0.6035714285714285 0.21827411167512706 0.6035714285714285 0.2487309644670052 0.6407142857142857 0.2487309644670052
3 0.6442857142857142 0.24365482233502553 0.6078571428571429 0.24365482233502553 0.6078571428571429 0.2741116751269037 0.6442857142857142 0.2741116751269037
3 0.6421428571428571 0.2677664974619291 0.61 0.2677664974619291 0.61 0.3007614213197971 0.6421428571428571 0.3007614213197971
10 0.38 0.3921319796954316 0.3342857142857143 0.3921319796954316 0.3342857142857143 0.4441624365482235 0.38 0.4441624365482235
10 0.3985714285714286 0.8451776649746193 0.3350000000000001 0.8451776649746193 0.3350000000000001 0.8908629441624365 0.3985714285714286 0.8908629441624365
3 0.6385714285714286 0.016497461928934146 0.6007142857142858 0.01649746192893414 0.6007142857142858 0.04314720812182755 0.6385714285714286 0.043147208121827554
7 0.22 0.35913705583756345 0.21214285714285713 0.35913705583756345 0.21214285714285713 0.383248730964467 0.22 0.383248730964467
7 0.20857142857142857 0.37055837563451777 0.20142857142857143 0.37055837563451777 0.20142857142857143 0.3883248730964467 0.20857142857142857 0.3883248730964467
11 0.17000000000000004 0.3616751269035533 0.12142857142857147 0.3616751269035533 0.12142857142857147 0.4035532994923858 0.17000000000000004 0.4035532994923858
11 0.09642857142857147 0.3756345177664975 0.06000000000000002 0.3756345177664975 0.06000000000000002 0.4098984771573604 0.09642857142857147 0.4098984771573604
9 0.5057142857142857 0.0583756345177666 0.4957142857142857 0.0583756345177666 0.4957142857142857 0.09390862944162448 0.5057142857142857 0.09390862944162448
7 0.6292857142857143 0.08502538071066004 0.6242857142857143 0.08502538071066004 0.6242857142857143 0.10659898477157374 0.6292857142857143 0.10659898477157374
3 0.43714285714285717 0.5114213197969545 0.38 0.5114213197969545 0.38 0.5596446700507616 0.43714285714285717 0.5596446700507616
7 0.38142857142857145 0.5342639593908631 0.37285714285714283 0.5342639593908631 0.37285714285714283 0.5634517766497463 0.38142857142857145 0.5634517766497463
7 0.425 0.5317258883248732 0.4164285714285714 0.5317258883248732 0.4164285714285714 0.5659898477157362 0.425 0.5659898477157362