2 0.16357142857142856 3.014993388763789e-17 0.11357142857142857 2.4710512825435173e-17 0.11357142857142857 0.09517766497461932 0.16357142857142856 0.09517766497461932
10 0.18142857142857144 3.5433942919491943e-17 0.1442857142857143 3.1393230130427077e-17 0.1442857142857143 0.08121827411167516 0.18142857142857144 0.08121827411167516
3 0.09642857142857143 0.06091370558375636 0.06857142857142857 0.06091370558375636 0.06857142857142857 0.10152284263959392 0.09642857142857143 0.10152284263959395
3 0.12642857142857142 0.10025380710659902 0.105 0.10025380710659902 0.105 0.1370558375634518 0.12642857142857142 0.1370558375634518
3 0.15285714285714286 0.09771573604060917 0.12714285714285714 0.09771573604060917 0.12714285714285714 0.14086294416243658 0.15285714285714286 0.14086294416243658
3 0.02500000000000002 0.25 0.0007142857142857314 0.25 0.0007142857142857335 0.30710659898477155 0.02500000000000002 0.30710659898477155
3 0.1521428571428572 0.39086294416243655 0.10000000000000005 0.39086294416243655 0.10000000000000005 0.4416243654822335 0.1521428571428572 0.4416243654822335
3 0.42 0.37690355329949254 0.37214285714285716 0.37690355329949254 0.37214285714285716 0.4225888324873098 0.42 0.4225888324873098
3 0.29428571428571426 0.46446700507614214 0.24357142857142858 0.46446700507614214 0.24357142857142858 0.5038071065989848 0.29428571428571426 0.5038071065989848
3 0.2728571428571429 0.5697969543147208 0.22142857142857142 0.5697969543147208 0.22142857142857147 0.616751269035533 0.27285714285714296 0.616751269035533
3 0.3528571428571429 0.5774111675126904 0.3 0.5774111675126904 0.30000000000000004 0.6218274111675127 0.3528571428571429 0.6218274111675128
3 0.42214285714285715 0.5888324873096448 0.36857142857142855 0.5888324873096448 0.36857142857142855 0.634517766497462 0.42214285714285715 0.634517766497462
3 0.46714285714285714 0.5152284263959392 0.41714285714285715 0.5152284263959392 0.41714285714285715 0.5583756345177666 0.46714285714285714 0.5583756345177666
3 0.39285714285714285 0.4606598984771575 0.34 0.4606598984771575 0.34 0.5050761421319798 0.39285714285714285 0.5050761421319798
3 0.46214285714285713 0.4670050761421321 0.4114285714285714 0.4670050761421321 0.4114285714285714 0.5088832487309646 0.46214285714285713 0.5088832487309646
3 0.5135714285714286 0.5926395939086296 0.4657142857142857 0.5926395939086296 0.4657142857142857 0.6434010152284265 0.5135714285714286 0.6434010152284265
3 0.63 0.46827411167512706 0.5821428571428572 0.46827411167512706 0.5821428571428572 0.5126903553299493 0.63 0.5126903553299493
3 0.5535714285714286 0.46192893401015245 0.5028571428571429 0.46192893401015245 0.5028571428571429 0.5076142131979697 0.5535714285714286 0.5076142131979697
3 0.71 0.46192893401015245 0.6557142857142857 0.46192893401015245 0.6557142857142857 0.5126903553299493 0.71 0.5126903553299493
3 0.7192857142857143 0.5253807106598987 0.6714285714285714 0.5253807106598987 0.6714285714285714 0.569796954314721 0.7192857142857143 0.569796954314721
3 0.7921428571428571 0.4708121827411169 0.735 0.4708121827411169 0.735 0.5215736040609138 0.7921428571428571 0.5215736040609138
3 0.865 0.4771573604060915 0.8114285714285714 0.4771573604060915 0.8114285714285714 0.5215736040609138 0.865 0.5215736040609138
3 0.9771428571428571 0.4225888324873098 0.9178571428571428 0.4225888324873098 0.9178571428571428 0.47588832487309657 0.9771428571428571 0.47588832487309657
11 0.8628571428571429 0.5228426395939088 0.8014285714285714 0.5228426395939088 0.8014285714285714 0.5748730964467007 0.8628571428571429 0.5748730964467007
11 0.27071428571428574 0.5076142131979695 0.21857142857142858 0.5076142131979695 0.21857142857142858 0.5571065989847716 0.27071428571428574 0.5571065989847716
10 0.3921428571428571 0.4974619289340102 0.3142857142857143 0.49746192893401014 0.3142857142857143 0.5659898477157361 0.3921428571428571 0.5659898477157362
7 0.2764285714285715 0.6446700507614214 0.26214285714285723 0.6446700507614214 0.26214285714285723 0.6751269035532995 0.2764285714285715 0.6751269035532995
3 0.31785714285714295 0.8794416243654822 0.25500000000000006 0.8794416243654822 0.25500000000000006 0.9352791878172588 0.31785714285714295 0.9352791878172588
3 0.3600000000000001 0.7893401015228426 0.32714285714285724 0.7893401015228426 0.32714285714285724 0.8934010152284264 0.3600000000000001 0.8934010152284264
3 0.33357142857142863 0.7766497461928934 0.3021428571428572 0.7766497461928934 0.3021428571428572 0.8769035532994924 0.33357142857142863 0.8769035532994924
3 0.31285714285714294 0.7715736040609137 0.28142857142857153 0.7715736040609137 0.28142857142857153 0.866751269035533 0.31285714285714294 0.866751269035533
3 0.27857142857142864 0.7576142131979695 0.24785714285714294 0.7576142131979695 0.24785714285714294 0.8705583756345178 0.27857142857142864 0.8705583756345178
3 0.2557142857142858 0.7741116751269036 0.2214285714285715 0.7741116751269036 0.2214285714285715 0.8730964467005076 0.2557142857142858 0.8730964467005076
3 0.23214285714285723 0.7753807106598984 0.19357142857142864 0.7753807106598984 0.19357142857142864 0.8769035532994924 0.23214285714285723 0.8769035532994924
3 0.2057142857142858 0.7715736040609137 0.16142857142857148 0.7715736040609137 0.16142857142857148 0.8730964467005076 0.2057142857142858 0.8730964467005076
3 0.0721428571428572 0.8756345177664975 0.0021428571428572032 0.8756345177664975 0.002142857142857205 0.9289340101522843 0.0721428571428572 0.9289340101522843
3 0.1485714285714286 0.7791878172588832 0.10500000000000004 0.7791878172588832 0.10500000000000004 0.881979695431472 0.1485714285714286 0.881979695431472
3 0.1857142857142858 0.7474619289340102 0.14000000000000004 0.7474619289340102 0.14000000000000004 0.8591370558375635 0.1857142857142858 0.8591370558375635
3 0.16928571428571432 0.682741116751269 0.13357142857142862 0.682741116751269 0.13357142857142862 0.766497461928934 0.16928571428571432 0.766497461928934
3 0.19571428571428579 0.6637055837563451 0.16571428571428576 0.6637055837563451 0.16571428571428576 0.7449238578680203 0.19571428571428579 0.7449238578680203
3 0.22214285714285723 0.6713197969543148 0.18785714285714294 0.6713197969543148 0.18785714285714294 0.7715736040609137 0.22214285714285723 0.7715736040609137
3 0.24785714285714294 0.6713197969543148 0.2157142857142858 0.6713197969543148 0.2157142857142858 0.7766497461928934 0.24785714285714294 0.7766497461928934
3 0.27428571428571435 0.6802030456852792 0.2457142857142858 0.6802030456852792 0.2457142857142858 0.7715736040609137 0.27428571428571435 0.7715736040609137
3 0.2971428571428572 0.6802030456852792 0.2664285714285715 0.6802030456852792 0.2664285714285715 0.7690355329949239 0.2971428571428572 0.7690355329949239
3 0.32500000000000007 0.6789340101522843 0.2971428571428572 0.6789340101522843 0.2971428571428572 0.7715736040609137 0.32500000000000007 0.7715736040609137
3 0.34928571428571437 0.6878172588832487 0.32000000000000006 0.6878172588832487 0.32000000000000006 0.7779187817258884 0.34928571428571437 0.7779187817258884
3 0.37357142857142855 0.6890862944162437 0.3457142857142858 0.6890862944162437 0.3457142857142858 0.7868020304568528 0.37357142857142855 0.7868020304568528
3 0.39785714285714285 0.700507614213198 0.37214285714285716 0.700507614213198 0.37214285714285716 0.7893401015228426 0.39785714285714285 0.7893401015228426
3 0.44642857142857145 0.7157360406091371 0.4007142857142857 0.7157360406091371 0.4007142857142857 0.7753807106598984 0.44642857142857145 0.7753807106598984
11 0.1478571428571429 0.6738578680203046 0.10428571428571433 0.6738578680203046 0.10428571428571433 0.7753807106598984 0.1478571428571429 0.7753807106598984
10 0.12142857142857147 0.6687817258883249 0.0578571428571429 0.6687817258883249 0.057857142857142906 0.8223350253807107 0.12142857142857147 0.8223350253807107