7 0.15428571428571436 0.8276190476190476 0.12785714285714295 0.8276190476190476 0.12785714285714295 0.8495238095238096 0.15428571428571436 0.8495238095238096
3 0.18500000000000008 0.680952380952381 0.1300000000000001 0.680952380952381 0.1300000000000001 0.8085714285714286 0.18500000000000008 0.8085714285714286
3 0.16 0.04476190476190478 0.10785714285714286 0.044761904761904774 0.10785714285714286 0.13047619047619047 0.16 0.13047619047619047
3 0.25214285714285717 0.046666666666666703 0.2 0.0466666666666667 0.2 0.12476190476190481 0.25214285714285717 0.12476190476190481
11 0.10571428571428572 0.04190476190476192 0.054285714285714284 0.04190476190476192 0.0542857142857143 0.11904761904761905 0.10571428571428572 0.11904761904761907
11 0.2885714285714286 0.03619047619047623 0.24785714285714286 0.03619047619047623 0.24785714285714286 0.12285714285714291 0.2885714285714286 0.12285714285714291
3 0.03928571428571429 0.012380952380952385 1.1371720277796852e-18 0.012380952380952381 5.817072295949929e-18 0.11428571428571428 0.0392857142857143 0.11428571428571428
3 0.11214285714285718 0.24952380952380954 0.03571428571428573 0.24952380952380954 0.03571428571428574 0.3419047619047619 0.11214285714285718 0.3419047619047619
3 0.15500000000000005 0.26 0.0792857142857143 0.26 0.07928571428571432 0.3647619047619048 0.15500000000000005 0.3647619047619048
3 0.4471428571428571 0.08666666666666674 0.4035714285714286 0.08666666666666673 0.4035714285714286 0.18476190476190482 0.4471428571428571 0.18476190476190482
7 0.4207142857142857 0.2552380952380953 0.40785714285714286 0.2552380952380953 0.40785714285714286 0.2866666666666668 0.4207142857142857 0.2866666666666668
7 0.32071428571428573 0.23238095238095244 0.30428571428571427 0.23238095238095244 0.30428571428571427 0.26 0.32071428571428573 0.26
7 0.3192857142857143 0.2542857142857143 0.30714285714285716 0.2542857142857143 0.30714285714285716 0.28285714285714286 0.3192857142857143 0.28285714285714286
7 0.3221428571428571 0.26666666666666666 0.30642857142857144 0.26666666666666666 0.30642857142857144 0.2895238095238095 0.3221428571428571 0.2895238095238095
7 0.3392857142857143 0.11142857142857149 0.3242857142857143 0.11142857142857149 0.3242857142857143 0.13809523809523816 0.3392857142857143 0.13809523809523816
7 0.3221428571428571 0.1352380952380953 0.30642857142857144 0.1352380952380953 0.30642857142857144 0.16761904761904767 0.3221428571428571 0.16761904761904767
7 0.325 0.11809523809523816 0.3092857142857143 0.11809523809523816 0.3092857142857143 0.15047619047619054 0.325 0.15047619047619054
7 0.33214285714285713 0.0790476190476191 0.31857142857142856 0.0790476190476191 0.31857142857142856 0.11047619047619053 0.33214285714285713 0.11047619047619053
7 0.3492857142857143 0.03142857142857148 0.3392857142857143 0.03142857142857148 0.3392857142857143 0.06476190476190481 0.3492857142857143 0.06476190476190481
7 0.37357142857142855 0.09238095238095244 0.3628571428571429 0.09238095238095244 0.3628571428571429 0.12285714285714291 0.37357142857142855 0.12285714285714291
7 0.29 0.15523809523809529 0.2735714285714286 0.15523809523809529 0.2735714285714286 0.1828571428571429 0.29 0.1828571428571429
7 0.2892857142857143 0.13238095238095243 0.2735714285714286 0.13238095238095243 0.2735714285714286 0.1590476190476191 0.2892857142857143 0.1590476190476191
7 0.3078571428571429 0.12000000000000005 0.29428571428571426 0.12000000000000005 0.29428571428571426 0.15238095238095242 0.3078571428571429 0.15238095238095242
7 0.36714285714285716 0.08857142857142862 0.3557142857142857 0.08857142857142862 0.3557142857142857 0.120952380952381 0.36714285714285716 0.120952380952381
8 0.3942857142857143 0.05523809523809531 0.3842857142857143 0.05523809523809531 0.3842857142857143 0.0752380952380953 0.3942857142857143 0.0752380952380953
7 0.32357142857142857 0.08380952380952386 0.3092857142857143 0.08380952380952386 0.3092857142857143 0.1190476190476191 0.32357142857142857 0.1190476190476191
7 0.3264285714285714 0.04285714285714291 0.3142857142857143 0.04285714285714291 0.3142857142857143 0.07619047619047624 0.3264285714285714 0.07619047619047624
7 0.5292857142857142 0.44380952380952393 0.5185714285714286 0.44380952380952393 0.5185714285714286 0.47333333333333344 0.5292857142857142 0.47333333333333344
8 0.5242857142857142 0.3580952380952382 0.51 0.3580952380952382 0.51 0.3780952380952382 0.5242857142857142 0.3780952380952382
8 0.38785714285714284 0.3580952380952382 0.3742857142857143 0.3580952380952382 0.3742857142857143 0.3761904761904763 0.38785714285714284 0.3761904761904763
1 0.5285714285714286 0.35523809523809535 0.5057142857142857 0.35523809523809535 0.5057142857142857 0.3914285714285715 0.5285714285714286 0.3914285714285715
7 0.6442857142857142 0.2257142857142858 0.6307142857142857 0.2257142857142858 0.6307142857142857 0.2523809523809525 0.6442857142857142 0.2523809523809525
7 0.6278571428571429 0.2380952380952382 0.6128571428571429 0.2380952380952382 0.6128571428571429 0.26285714285714296 0.6278571428571429 0.26285714285714296
7 0.6257142857142857 0.22285714285714298 0.6121428571428571 0.22285714285714298 0.6121428571428571 0.25142857142857156 0.6257142857142857 0.25142857142857156
7 0.6864285714285714 0.36666666666666675 0.6721428571428572 0.36666666666666675 0.6721428571428572 0.3923809523809525 0.6864285714285714 0.3923809523809525
3 0.7242857142857143 0.32285714285714295 0.6842857142857143 0.32285714285714295 0.6842857142857143 0.4238095238095239 0.7242857142857143 0.4238095238095239
3 0.7214285714285714 0.19904761904761917 0.6857142857142857 0.19904761904761917 0.6857142857142857 0.29333333333333345 0.7214285714285714 0.29333333333333345
3 0.72 0.0923809523809525 0.685 0.0923809523809525 0.685 0.17714285714285724 0.72 0.17714285714285724
7 0.73 0.015238095238095356 0.7178571428571429 0.015238095238095353 0.7178571428571429 0.05142857142857155 0.73 0.05142857142857155
3 0.72 1.1470858352013543e-16 0.685 1.1185107432212493e-16 0.685 0.0761904761904763 0.72 0.0761904761904763
5 0.835 0.25333333333333347 0.8085714285714286 0.25333333333333347 0.8085714285714286 0.2742857142857144 0.835 0.2742857142857144
1 0.8471428571428572 0.5019047619047621 0.8185714285714286 0.5019047619047621 0.8185714285714286 0.5314285714285717 0.8471428571428572 0.5314285714285717
3 0.8978571428571429 0.7733333333333335 0.7928571428571428 0.7733333333333335 0.7928571428571428 0.8361904761904764 0.8978571428571429 0.8361904761904764
7 0.9178571428571428 0.7800000000000002 0.8957142857142857 0.7800000000000002 0.8957142857142857 0.802857142857143 0.9178571428571428 0.802857142857143
7 0.78 0.8133333333333336 0.7621428571428571 0.8133333333333336 0.7621428571428571 0.8304761904761907 0.78 0.8304761904761907
7 0.7285714285714285 0.8057142857142859 0.7107142857142857 0.8057142857142859 0.7107142857142857 0.823809523809524 0.7285714285714285 0.823809523809524
7 0.6757142857142857 0.6342857142857143 0.6592857142857143 0.6342857142857142 0.6592857142857143 0.6600000000000001 0.6757142857142857 0.6600000000000003
8 0.7007142857142857 0.8495238095238098 0.685 0.8495238095238098 0.685 0.8742857142857146 0.7007142857142857 0.8742857142857146
8 0.6835714285714286 0.784761904761905 0.6635714285714286 0.784761904761905 0.6635714285714286 0.8095238095238098 0.6835714285714286 0.8095238095238098
1 0.675 0.7695238095238097 0.6635714285714286 0.7695238095238097 0.6635714285714286 0.8180952380952383 0.675 0.8180952380952383
1 0.6992857142857143 0.8390476190476193 0.6864285714285714 0.8390476190476193 0.6864285714285714 0.883809523809524 0.6992857142857143 0.883809523809524
1 0.7507142857142857 0.49333333333333357 0.74 0.49333333333333357 0.74 0.5352380952380954 0.7507142857142857 0.5352380952380954
1 0.6442857142857142 0.5523809523809524 0.6335714285714286 0.5523809523809524 0.6335714285714286 0.599047619047619 0.6442857142857142 0.599047619047619
8 0.6471428571428571 0.560952380952381 0.6328571428571429 0.560952380952381 0.6328571428571429 0.5828571428571429 0.6471428571428571 0.5828571428571429
8 0.7614285714285715 0.4971428571428574 0.7421428571428571 0.4971428571428574 0.7421428571428571 0.5180952380952383 0.7614285714285715 0.5180952380952383
7 0.8342857142857143 0.5561904761904765 0.815 0.5561904761904765 0.815 0.5742857142857145 0.8342857142857143 0.5742857142857145
1 0.85 0.7104761904761907 0.8157142857142857 0.7104761904761907 0.8157142857142857 0.7276190476190478 0.85 0.7276190476190478
5 0.8378571428571429 0.6780952380952383 0.8042857142857143 0.6780952380952383 0.8042857142857143 0.6980952380952383 0.8378571428571429 0.6980952380952383
5 0.8485714285714285 0.6419047619047621 0.8142857142857143 0.6419047619047621 0.8142857142857143 0.6657142857142859 0.8485714285714285 0.6657142857142859
1 0.8471428571428572 0.5961904761904764 0.8142857142857143 0.5961904761904764 0.8142857142857143 0.6228571428571431 0.8471428571428572 0.6228571428571431
7 0.9421428571428572 0.9209523809523812 0.9085714285714286 0.9209523809523812 0.9085714285714286 0.944761904761905 0.9421428571428572 0.944761904761905
7 0.5571428571428572 0.7438095238095238 0.54 0.7438095238095238 0.54 0.7638095238095238 0.5571428571428572 0.7638095238095238
3 0.7257142857142858 0.5714285714285716 0.6792857142857143 0.5714285714285716 0.6792857142857143 0.6923809523809527 0.7257142857142858 0.6923809523809527
11 0.7264285714285714 0.44761904761904775 0.6885714285714286 0.44761904761904775 0.6885714285714286 0.5371428571428574 0.7264285714285714 0.5371428571428574
1 0.8664285714285714 0.644761904761905 0.8485714285714285 0.644761904761905 0.8485714285714285 0.6780952380952383 0.8664285714285714 0.6780952380952383
1 0.8864285714285715 0.6314285714285717 0.8678571428571429 0.6314285714285717 0.8678571428571429 0.6742857142857145 0.8864285714285715 0.6742857142857145
7 0.8228571428571428 0.6295238095238097 0.8078571428571428 0.6295238095238097 0.8078571428571428 0.6457142857142859 0.8228571428571428 0.6457142857142859
1 0.8364285714285714 0.5704761904761907 0.8078571428571428 0.5704761904761907 0.8078571428571428 0.5904761904761907 0.8364285714285714 0.5904761904761907
4 0.905 0.6361904761904764 0.8871428571428571 0.6361904761904764 0.8871428571428571 0.6876190476190478 0.905 0.6876190476190478
1 0.9114285714285715 0.863809523809524 0.895 0.863809523809524 0.895 0.9066666666666668 0.9114285714285715 0.9066666666666668
10 0.6107142857142859 0.8923809523809524 0.47571428571428587 0.8923809523809524 0.47571428571428587 1 0.6107142857142859 1
8 0.1857142857142858 0.9085714285714286 0.1664285714285715 0.9085714285714286 0.1664285714285715 0.9428571428571428 0.1857142857142858 0.9428571428571428
5 0.2071428571428572 0.9047619047619048 0.1600000000000001 0.9047619047619048 0.1600000000000001 0.9371428571428572 0.2071428571428572 0.9371428571428572
7 0.2357142857142857 0.1447619047619048 0.22 0.1447619047619048 0.22 0.17619047619047626 0.2357142857142857 0.17619047619047626
7 0.26 0.12666666666666673 0.24285714285714285 0.12666666666666673 0.24285714285714285 0.15619047619047624 0.26 0.15619047619047624
7 0.24357142857142858 0.12476190476190481 0.23214285714285715 0.12476190476190481 0.23214285714285715 0.15333333333333338 0.24357142857142858 0.15333333333333338