0 0.5145 0.7366666666666667 0.46250000000000013 0.7366666666666667 0.46250000000000013 0.876 0.5145 0.876
7 0.5265 0.79 0.512 0.79 0.512 0.8313333333333334 0.5265 0.8313333333333334
11 0.616 0.5766666666666668 0.5485 0.5766666666666668 0.5485 0.7626666666666667 0.616 0.7626666666666667
7 0.46150000000000013 0.73 0.4470000000000001 0.73 0.4470000000000001 0.772 0.46150000000000013 0.772
7 0.4435000000000001 0.7226666666666667 0.4275000000000001 0.7226666666666667 0.4275000000000001 0.7673333333333333 0.4435000000000001 0.7673333333333333
7 0.4235000000000001 0.6766666666666666 0.40100000000000013 0.6766666666666666 0.40100000000000013 0.726 0.4235000000000001 0.726
1 0.4210000000000001 0.626 0.40250000000000014 0.626 0.40250000000000014 0.682 0.4210000000000001 0.682
8 0.4210000000000001 0.626 0.40250000000000014 0.626 0.40250000000000014 0.6626666666666666 0.4210000000000001 0.6626666666666666
7 0.533 0.4873333333333335 0.52 0.4873333333333335 0.52 0.5306666666666668 0.533 0.5306666666666668
10 0.7305 0.4673333333333335 0.57 0.4673333333333335 0.57 0.6353333333333335 0.7305 0.6353333333333335
3 0.672 0.44533333333333347 0.587 0.44533333333333347 0.587 0.4933333333333335 0.672 0.4933333333333335
9 0.6695 0.41200000000000014 0.6225 0.41200000000000014 0.6225 0.44733333333333347 0.6695 0.44733333333333347
8 0.6605 0.4073333333333335 0.6455 0.4073333333333335 0.6455 0.4366666666666668 0.6605 0.4366666666666668
3 0.807 0.4193333333333335 0.696 0.4193333333333335 0.696 0.4806666666666668 0.807 0.4806666666666668
3 0.823 0.3626666666666668 0.73 0.3626666666666668 0.73 0.41400000000000015 0.823 0.41400000000000015
3 0.7575 0.3293333333333334 0.674 0.3293333333333334 0.674 0.3860000000000002 0.7575 0.3860000000000002
11 0.9885 0.1546666666666668 0.9365 0.1546666666666668 0.9365 0.19666666666666682 0.9885 0.19666666666666682
3 0.876 0.14800000000000016 0.816 0.14800000000000016 0.816 0.18133333333333349 0.876 0.18133333333333349
3 0.858 0.13466666666666682 0.813 0.13466666666666682 0.813 0.1593333333333335 0.858 0.1593333333333335
9 0.915 0.09200000000000015 0.8885 0.09200000000000015 0.8885 0.10866666666666681 0.915 0.10866666666666681
9 0.8875 0.09466666666666682 0.8655 0.09466666666666682 0.8655 0.10933333333333349 0.8875 0.10933333333333349
9 0.8615 0.09200000000000015 0.839 0.09200000000000015 0.839 0.10866666666666681 0.8615 0.10866666666666681
3 0.6165 0.3553333333333335 0.5325 0.3553333333333335 0.5325 0.40400000000000014 0.6165 0.40400000000000014
3 0.4915 0.3293333333333334 0.432 0.3293333333333334 0.432 0.38400000000000006 0.4915 0.3840000000000002
7 0.4155 0.28666666666666674 0.406 0.28666666666666674 0.406 0.32066666666666677 0.4155 0.32066666666666677
7 0.3715 0.2653333333333334 0.362 0.2653333333333334 0.362 0.2973333333333334 0.3715 0.2973333333333334
7 0.361 0.28266666666666673 0.3505 0.28266666666666673 0.3505 0.31800000000000006 0.361 0.31800000000000006
7 0.335 0.3953333333333333 0.3175 0.3953333333333333 0.3175 0.432 0.335 0.432
1 0.337 0.4033333333333333 0.327 0.4033333333333333 0.327 0.44 0.337 0.44
3 0.3135 0.4073333333333333 0.267 0.4073333333333333 0.267 0.49733333333333335 0.3135 0.49733333333333335
3 0.3275 0.3326666666666667 0.291 0.3326666666666667 0.291 0.398 0.3275 0.398
3 0.3315 0.26066666666666677 0.3 0.26066666666666677 0.3 0.31800000000000006 0.3315 0.31800000000000006
3 0.3385 0.19533333333333341 0.3095 0.19533333333333341 0.3095 0.24266666666666675 0.3385 0.24266666666666675
7 0.3885 0.23133333333333342 0.3805 0.23133333333333342 0.3805 0.26200000000000007 0.3885 0.26200000000000007
5 0.403 0.2373333333333334 0.3905 0.2373333333333334 0.3905 0.2626666666666667 0.403 0.2626666666666667
7 0.4225 0.22466666666666674 0.4135 0.22466666666666674 0.4135 0.24266666666666675 0.4225 0.24266666666666675
7 0.4125 0.21266666666666675 0.405 0.21266666666666675 0.405 0.2393333333333334 0.4125 0.2393333333333334
8 0.449 0.2720000000000001 0.44 0.2720000000000001 0.44 0.29666666666666675 0.449 0.29666666666666675
8 0.467 0.27533333333333343 0.4495 0.27533333333333343 0.4495 0.30266666666666675 0.467 0.30266666666666675
8 0.46 0.2706666666666667 0.4475 0.2706666666666667 0.4475 0.2920000000000001 0.46 0.2920000000000001
11 0.6585 0.2960000000000001 0.5825 0.2960000000000001 0.5825 0.34466666666666684 0.6585 0.34466666666666684
11 0.6315 0.21266666666666675 0.5705 0.21266666666666675 0.5705 0.2626666666666667 0.6315 0.2626666666666667
3 0.917 0.21133333333333348 0.852 0.21133333333333348 0.852 0.24600000000000016 0.917 0.24600000000000016
3 0.708 0.23333333333333345 0.645 0.23333333333333342 0.645 0.2633333333333335 0.708 0.2633333333333335
1 0.6645 0.1853333333333334 0.651 0.1853333333333334 0.651 0.2113333333333334 0.6645 0.2113333333333334
9 0.6215 0.17000000000000012 0.6035 0.17000000000000012 0.6035 0.19733333333333342 0.6215 0.19733333333333342
1 0.615 0.14333333333333345 0.5965 0.14333333333333345 0.5965 0.16133333333333344 0.615 0.16133333333333344
5 0.5875 0.14866666666666675 0.569 0.14866666666666675 0.569 0.16933333333333342 0.5875 0.16933333333333345
3 0.582 0.13333333333333341 0.533 0.13333333333333341 0.533 0.16133333333333344 0.582 0.16133333333333344
3 0.5685 0.1253333333333334 0.5435 0.1253333333333334 0.5435 0.14600000000000007 0.5685 0.14600000000000007
5 0.552 0.10133333333333341 0.537 0.10133333333333341 0.537 0.11733333333333341 0.552 0.11733333333333341
1 0.5595 0.09200000000000008 0.5525 0.09200000000000008 0.5525 0.11200000000000007 0.5595 0.11200000000000007
1 0.555 0.08666666666666674 0.545 0.08666666666666674 0.545 0.10266666666666674 0.555 0.10266666666666674
11 0.543 0.07533333333333342 0.5095 0.0753333333333334 0.5095 0.10866666666666674 0.543 0.10866666666666674
3 0.6025 0.0540000000000001 0.57 0.0540000000000001 0.57 0.07533333333333343 0.6025 0.07533333333333343
7 0.5175 0.18600000000000008 0.51 0.18600000000000008 0.51 0.21266666666666675 0.5175 0.21266666666666675
7 0.5245 0.1933333333333334 0.518 0.1933333333333334 0.518 0.2133333333333334 0.5245 0.2133333333333334
3 0.5075 0.16933333333333342 0.4775 0.16933333333333342 0.4775 0.21466666666666676 0.5075 0.21466666666666676
3 0.5235 0.12466666666666675 0.4945 0.12466666666666675 0.4945 0.1593333333333334 0.5235 0.1593333333333334
7 0.528 0.1300000000000001 0.5205 0.1300000000000001 0.5205 0.15800000000000008 0.528 0.15800000000000008
5 0.5905 0.12266666666666676 0.5745 0.12266666666666674 0.5745 0.13733333333333342 0.5905 0.13733333333333345
9 0.485 0.11200000000000007 0.4705 0.11200000000000007 0.4705 0.13400000000000006 0.485 0.13400000000000006
7 0.4805 0.07933333333333341 0.4745 0.07933333333333341 0.4745 0.1053333333333334 0.4805 0.1053333333333334
3 0.527 0.06333333333333342 0.485 0.06333333333333341 0.485 0.08666666666666674 0.527 0.08666666666666674
11 0.47 0.06800000000000007 0.454 0.06800000000000007 0.454 0.09800000000000007 0.47 0.09800000000000007
3 0.478 0.03066666666666674 0.4615 0.03066666666666674 0.4615 0.05133333333333341 0.478 0.05133333333333341
1 0.501 0.03066666666666675 0.4955 0.03066666666666675 0.4955 0.046000000000000076 0.501 0.046000000000000076
8 0.52 0.03533333333333342 0.516 0.03533333333333342 0.516 0.04866666666666674 0.52 0.04866666666666674
8 0.525 0.03533333333333342 0.5205 0.03533333333333342 0.5205 0.048000000000000084 0.525 0.0480000000000001
8 0.5295 0.044000000000000095 0.5245 0.044000000000000095 0.5245 0.05866666666666676 0.5295 0.05866666666666676
1 0.5345 0.04533333333333343 0.5305 0.04533333333333343 0.5305 0.05866666666666676 0.5345 0.05866666666666676
11 0.3625 0.0026666666666667247 0.35 0.0026666666666667234 0.35 0.028000000000000056 0.3625 0.028000000000000056
7 0.3995 0.0333333333333334 0.3965 0.0333333333333334 0.3965 0.04466666666666672 0.3995 0.04466666666666672
7 0.399 0.026000000000000065 0.395 0.026000000000000065 0.395 0.042000000000000065 0.399 0.042000000000000065
7 0.4225 0.2073333333333334 0.416 0.2073333333333334 0.416 0.23266666666666674 0.4225 0.23266666666666674
7 0.386 0.22066666666666673 0.3765 0.22066666666666673 0.3765 0.25066666666666676 0.386 0.25066666666666676
8 0.39 0.1913333333333334 0.38 0.1913333333333334 0.38 0.2173333333333334 0.39 0.2173333333333334
5 0.389 0.19666666666666674 0.3805 0.19666666666666674 0.3805 0.22000000000000008 0.389 0.22000000000000008
7 0.3605 0.18066666666666675 0.3495 0.18066666666666675 0.3495 0.2073333333333334 0.3605 0.2073333333333334
7 0.3615 0.17400000000000007 0.3525 0.17400000000000007 0.3525 0.20133333333333342 0.3615 0.20133333333333342
8 0.3825 0.17133333333333342 0.3755 0.17133333333333342 0.3755 0.1853333333333334 0.3825 0.1853333333333334
8 0.3805 0.16266666666666674 0.3735 0.16266666666666674 0.3735 0.18066666666666675 0.3805 0.18066666666666675
5 0.382 0.16933333333333342 0.3745 0.16933333333333342 0.3745 0.18866666666666673 0.382 0.18866666666666673
7 0.3945 0.1473333333333334 0.387 0.1473333333333334 0.387 0.17333333333333342 0.3945 0.17333333333333342
7 0.405 0.14666666666666675 0.3975 0.14666666666666675 0.3975 0.17466666666666675 0.405 0.17466666666666675
8 0.3325 0.16733333333333336 0.3235 0.16733333333333336 0.3235 0.18466666666666673 0.3325 0.18466666666666673
7 0.353 0.12000000000000005 0.346 0.12000000000000004 0.346 0.14466666666666672 0.353 0.14466666666666675
8 0.3785 0.09666666666666675 0.3715 0.09666666666666675 0.3715 0.11666666666666674 0.3785 0.11666666666666674
1 0.378 0.10400000000000008 0.3715 0.10400000000000008 0.3715 0.12200000000000008 0.378 0.12200000000000008
8 0.3945 0.11733333333333341 0.385 0.11733333333333341 0.385 0.14266666666666675 0.3945 0.14266666666666675
1 0.392 0.12466666666666675 0.3845 0.12466666666666675 0.3845 0.14400000000000007 0.392 0.14400000000000007
7 0.4 0.11533333333333341 0.3935 0.11533333333333341 0.3935 0.13800000000000007 0.4 0.13800000000000007
7 0.397 0.1233333333333334 0.3925 0.1233333333333334 0.3925 0.14066666666666675 0.397 0.14066666666666675
7 0.399 0.0913333333333334 0.393 0.0913333333333334 0.393 0.11133333333333341 0.399 0.11133333333333341
9 0.339 0.1346666666666667 0.326 0.1346666666666667 0.326 0.16000000000000003 0.339 0.16000000000000003
8 0.3355 0.1306666666666667 0.328 0.1306666666666667 0.328 0.1466666666666667 0.3355 0.1466666666666667
7 0.341 0.10000000000000003 0.3335 0.10000000000000003 0.3335 0.1246666666666667 0.341 0.1246666666666667
7 0.35 0.10200000000000006 0.341 0.10200000000000004 0.341 0.12400000000000005 0.35 0.12400000000000008
9 0.3615 0.09733333333333341 0.3515 0.09733333333333341 0.3515 0.11866666666666674 0.3615 0.11866666666666674
8 0.3595 0.09666666666666675 0.351 0.09666666666666675 0.351 0.11133333333333341 0.3595 0.11133333333333341
1 0.354 0.08666666666666673 0.3395 0.08666666666666671 0.3395 0.10266666666666673 0.354 0.10266666666666674
7 0.3495 0.08200000000000006 0.345 0.08200000000000006 0.345 0.09600000000000006 0.3495 0.09600000000000007
7 0.3755 0.05933333333333339 0.369 0.05933333333333339 0.369 0.08200000000000006 0.3755 0.08200000000000006
7 0.3975 0.06266666666666672 0.3925 0.06266666666666672 0.3925 0.08266666666666672 0.3975 0.08266666666666672
7 0.393 0.0633333333333334 0.388 0.0633333333333334 0.388 0.08333333333333338 0.393 0.08333333333333338
7 0.3975 0.10400000000000008 0.393 0.10400000000000008 0.393 0.12266666666666674 0.3975 0.12266666666666674
7 0.3475 0.04533333333333339 0.342 0.04533333333333339 0.342 0.06666666666666672 0.3475 0.06666666666666672
7 0.3595 0.03333333333333339 0.3535 0.03333333333333339 0.3535 0.05266666666666672 0.3595 0.05266666666666672
7 0.365 0.031333333333333394 0.3595 0.031333333333333394 0.3595 0.05200000000000006 0.365 0.05200000000000006
7 0.3595 0.01933333333333339 0.3535 0.01933333333333339 0.3535 0.038000000000000055 0.3595 0.038000000000000055
5 0.3695 0.028000000000000056 0.3645 0.028000000000000056 0.3645 0.040000000000000056 0.3695 0.040000000000000056
8 0.3695 0.02133333333333339 0.364 0.02133333333333339 0.364 0.038000000000000055 0.3695 0.038000000000000055
4 0.394 0.0333333333333334 0.386 0.0333333333333334 0.386 0.06133333333333339 0.394 0.06133333333333339
7 0.4005 0.05066666666666672 0.396 0.05066666666666672 0.396 0.07266666666666673 0.4005 0.07266666666666673
7 0.406 0.054666666666666724 0.4005 0.054666666666666724 0.4005 0.07333333333333339 0.406 0.07333333333333339
7 0.21250000000000005 0.4513333333333333 0.19250000000000006 0.4513333333333333 0.19250000000000006 0.494 0.21250000000000005 0.494
7 0.23650000000000004 0.4746666666666667 0.21800000000000005 0.4746666666666667 0.21800000000000005 0.5186666666666667 0.23650000000000004 0.5186666666666667