3 0.3171428571428571 0.06285714285714292 0.26071428571428573 0.06285714285714292 0.26071428571428573 0.12571428571428578 0.3171428571428571 0.12571428571428578
7 0.33214285714285713 0.10476190476190482 0.32285714285714284 0.10476190476190482 0.32285714285714284 0.12190476190476196 0.33214285714285713 0.12190476190476196
7 0.3385714285714286 0.10571428571428577 0.32785714285714285 0.10571428571428577 0.32785714285714285 0.12476190476190481 0.3385714285714286 0.12476190476190481
7 0.32071428571428573 0.3761904761904762 0.31 0.3761904761904762 0.31 0.3914285714285714 0.32071428571428573 0.3914285714285714
7 0.3385714285714286 0.36571428571428577 0.3242857142857143 0.3657142857142857 0.3242857142857143 0.3828571428571429 0.3385714285714286 0.38285714285714295
7 0.3385714285714286 0.34571428571428575 0.32785714285714285 0.3457142857142857 0.32785714285714285 0.35809523809523813 0.3385714285714286 0.3580952380952382
11 0.2957142857142858 0.47904761904761906 0.24142857142857152 0.47904761904761906 0.24142857142857152 0.5523809523809524 0.2957142857142858 0.5523809523809524
9 0.32285714285714295 0.7552380952380953 0.28428571428571436 0.7552380952380953 0.28428571428571436 0.8180952380952381 0.32285714285714295 0.8180952380952381
8 0.32000000000000006 0.7904761904761904 0.31285714285714294 0.7904761904761904 0.31285714285714294 0.8038095238095239 0.32000000000000006 0.8038095238095239
7 0.35785714285714293 0.8514285714285714 0.34928571428571437 0.8514285714285714 0.34928571428571437 0.8704761904761905 0.35785714285714293 0.8704761904761905
7 0.24214285714285722 0.8485714285714285 0.22714285714285723 0.8485714285714285 0.22714285714285723 0.8628571428571429 0.24214285714285722 0.8628571428571429
3 0.2964285714285715 0.8695238095238095 0.22214285714285723 0.8695238095238095 0.22214285714285723 0.9371428571428572 0.2964285714285715 0.9371428571428572
7 0.10285714285714294 0.8352380952380952 0.08714285714285723 0.8352380952380952 0.08714285714285723 0.8542857142857143 0.10285714285714294 0.8542857142857143
5 0.1964285714285715 0.660952380952381 0.18142857142857147 0.660952380952381 0.1814285714285715 0.6895238095238095 0.1964285714285715 0.6895238095238095
3 0.6221428571428573 0.940952380952381 0.5457142857142859 0.940952380952381 0.5457142857142859 1 0.6221428571428573 1
3 0.7385714285714285 0.9590476190476193 0.6642857142857145 0.9590476190476193 0.6642857142857145 1 0.7385714285714285 1
11 0.8907142857142857 0.8752380952380955 0.815 0.8752380952380955 0.815 0.922857142857143 0.8907142857142857 0.922857142857143
11 1 0.8885714285714288 0.9364285714285714 0.8885714285714288 0.9364285714285714 0.9371428571428574 1 0.9371428571428574
0 0.5757142857142857 0.7819047619047619 0.5457142857142857 0.7819047619047619 0.5457142857142857 0.8638095238095238 0.5757142857142857 0.8638095238095238
8 0.5685714285714286 0.7961904761904762 0.5578571428571428 0.7961904761904762 0.5578571428571428 0.819047619047619 0.5685714285714286 0.819047619047619
7 0.6221428571428571 0.840952380952381 0.6078571428571429 0.840952380952381 0.6078571428571429 0.8571428571428571 0.6221428571428571 0.8571428571428571
7 0.6092857142857143 0.6780952380952381 0.6014285714285714 0.6780952380952381 0.6014285714285714 0.6961904761904761 0.6092857142857143 0.6961904761904761
7 0.6164285714285714 0.49333333333333335 0.6078571428571429 0.49333333333333335 0.6078571428571429 0.5104761904761905 0.6164285714285714 0.5104761904761905
3 0.5485714285714286 0.3885714285714287 0.5171428571428571 0.3885714285714287 0.5171428571428571 0.49142857142857144 0.5485714285714286 0.49142857142857144
3 0.5521428571428572 0.26095238095238105 0.5257142857142857 0.26095238095238105 0.5257142857142857 0.3438095238095239 0.5521428571428572 0.3438095238095239
11 0.5407142857142857 8.642507411125607e-17 0.5178571428571429 8.455894565541248e-17 0.5178571428571429 0.04952380952380961 0.5407142857142857 0.049523809523809616
7 0.11000000000000008 0.8838095238095238 0.09857142857142866 0.8838095238095238 0.09857142857142866 0.8942857142857142 0.11000000000000008 0.8942857142857142