11 0.6278571428571429 0.4238095238095239 0.5464285714285714 0.4238095238095239 0.5464285714285714 0.5019047619047619 0.6278571428571429 0.5019047619047619
11 0.40285714285714286 0.1952380952380953 0.35 0.1952380952380953 0.35 0.24571428571428583 0.40285714285714286 0.24571428571428583
11 0.14142857142857143 0.15047619047619049 0.09642857142857143 0.15047619047619049 0.09642857142857143 0.2019047619047619 0.14142857142857143 0.2019047619047619
3 0.46214285714285713 0.3038095238095239 0.3914285714285714 0.3038095238095239 0.3914285714285714 0.36476190476190484 0.46214285714285713 0.36476190476190484
3 0.38571428571428573 0.2628571428571429 0.32785714285714285 0.26285714285714284 0.32785714285714285 0.31619047619047624 0.38571428571428573 0.3161904761904763
3 0.3264285714285714 0.22000000000000006 0.2692857142857143 0.22000000000000006 0.2692857142857143 0.2733333333333333 0.3264285714285714 0.2733333333333333
3 0.2664285714285714 0.18190476190476196 0.20714285714285716 0.18190476190476196 0.20714285714285716 0.22857142857142862 0.2664285714285714 0.22857142857142862
3 0.21428571428571427 0.14761904761904768 0.16714285714285715 0.14761904761904768 0.16714285714285715 0.18761904761904769 0.21428571428571427 0.18761904761904769
3 0.5364285714285715 0.3580952380952382 0.46714285714285714 0.3580952380952382 0.46714285714285714 0.42952380952380964 0.5364285714285715 0.42952380952380964
3 0.74 0.4942857142857144 0.6464285714285715 0.4942857142857143 0.6464285714285715 0.5866666666666668 0.74 0.5866666666666669
3 0.8771428571428571 0.5685714285714288 0.7578571428571429 0.5685714285714288 0.7578571428571429 0.6685714285714288 0.8771428571428571 0.6685714285714288
3 0.88 0.47904761904761917 0.8164285714285714 0.47904761904761917 0.8164285714285714 0.5923809523809526 0.88 0.5923809523809526
3 0.7442857142857143 0.3980952380952382 0.6935714285714286 0.3980952380952382 0.6935714285714286 0.5095238095238097 0.7442857142857143 0.5095238095238097
3 0.6671428571428571 0.3657142857142858 0.6185714285714285 0.3657142857142858 0.6185714285714285 0.4666666666666668 0.6671428571428571 0.4666666666666668
3 0.5885714285714285 0.32380952380952394 0.5485714285714286 0.32380952380952394 0.5485714285714286 0.4047619047619049 0.5885714285714285 0.4047619047619049
3 0.9892857142857143 0.36857142857142866 0.9385714285714286 0.36857142857142866 0.9385714285714286 0.44380952380952393 0.9892857142857143 0.44380952380952393
11 0.95 0.3323809523809525 0.9 0.3323809523809525 0.9 0.4104761904761906 0.95 0.4104761904761906
3 0.2764285714285715 0.7333333333333333 0.1707142857142858 0.7333333333333333 0.1707142857142858 0.8761904761904762 0.2764285714285715 0.8761904761904762
3 0.18500000000000008 0.6276190476190476 0.09714285714285718 0.6276190476190476 0.0971428571428572 0.7447619047619047 0.18500000000000008 0.7447619047619047
3 0.10642857142857147 0.5238095238095238 0.020000000000000046 0.5238095238095238 0.020000000000000052 0.6352380952380953 0.10642857142857147 0.6352380952380953
3 0.1657142857142858 0.7761904761904762 0.017142857142857213 0.7761904761904762 0.01714285714285722 0.8838095238095238 0.1657142857142858 0.8838095238095238
3 0.5271428571428571 0.2847619047619049 0.485 0.2847619047619049 0.485 0.3638095238095239 0.5271428571428571 0.3638095238095239
3 0.15357142857142858 0.06285714285714289 0.11 0.06285714285714289 0.11 0.1104761904761905 0.15357142857142858 0.1104761904761905
3 0.10571428571428572 0.07523809523809526 0.06785714285714285 0.07523809523809524 0.06785714285714287 0.11142857142857145 0.10571428571428572 0.11142857142857146
3 0.07214285714285715 0.08571428571428572 0.03000000000000001 0.08571428571428572 0.03000000000000001 0.1180952380952381 0.07214285714285716 0.1180952380952381
3 0.24142857142857144 0.12380952380952387 0.195 0.12380952380952387 0.195 0.16761904761904767 0.24142857142857144 0.16761904761904767
3 0.17714285714285713 0.056190476190476214 0.13714285714285715 0.056190476190476214 0.13714285714285715 0.09619047619047622 0.17714285714285713 0.09619047619047622
3 0.20285714285714285 0.0504761904761905 0.17642857142857143 0.0504761904761905 0.17642857142857143 0.08761904761904765 0.20285714285714285 0.08761904761904765
3 0.24642857142857144 0.059047619047619085 0.21214285714285713 0.059047619047619085 0.21214285714285713 0.09714285714285717 0.24642857142857144 0.09714285714285717
3 0.35714285714285715 0.07047619047619053 0.31214285714285717 0.07047619047619053 0.31214285714285717 0.11523809523809529 0.35714285714285715 0.11523809523809529
3 0.4257142857142857 0.0914285714285715 0.37642857142857145 0.09142857142857148 0.37642857142857145 0.13238095238095243 0.4257142857142857 0.13238095238095243
3 0.3385714285714286 0.061904761904761955 0.295 0.061904761904761955 0.295 0.0990476190476191 0.3385714285714286 0.0990476190476191
3 0.31642857142857145 0.05238095238095243 0.2757142857142857 0.052380952380952424 0.2757142857142857 0.09142857142857148 0.31642857142857145 0.09142857142857148
3 0.5407142857142857 0.16285714285714295 0.48928571428571427 0.16285714285714292 0.48928571428571427 0.21714285714285722 0.5407142857142857 0.21714285714285725
3 0.5178571428571429 0.15238095238095245 0.4635714285714286 0.15238095238095242 0.4635714285714286 0.19619047619047628 0.5178571428571429 0.1961904761904763
3 0.8442857142857143 0.38380952380952393 0.7757142857142857 0.38380952380952393 0.7757142857142857 0.4514285714285715 0.8442857142857143 0.4514285714285715
3 0.815 0.4371428571428573 0.7585714285714286 0.4371428571428573 0.7585714285714286 0.5390476190476192 0.815 0.5390476190476192
3 0.8607142857142858 0.31904761904761914 0.7785714285714286 0.31904761904761914 0.7785714285714286 0.3980952380952382 0.8607142857142858 0.3980952380952382
3 0.88 0.301904761904762 0.7971428571428572 0.301904761904762 0.7971428571428572 0.37142857142857155 0.88 0.37142857142857155
3 0.8864285714285715 0.2685714285714287 0.8057142857142857 0.2685714285714287 0.8057142857142857 0.3333333333333334 0.8864285714285715 0.3333333333333334
3 0.9814285714285714 0.5314285714285717 0.9214285714285714 0.5314285714285717 0.9214285714285714 0.6609523809523812 0.9814285714285714 0.6609523809523812
3 0.49142857142857144 0.2561904761904763 0.42714285714285716 0.2561904761904763 0.42714285714285716 0.31142857142857155 0.49142857142857144 0.31142857142857155
3 0.45357142857142857 0.22571428571428576 0.4057142857142857 0.22571428571428576 0.4057142857142857 0.27904761904761916 0.45357142857142857 0.27904761904761916
3 0.41785714285714287 0.22571428571428576 0.36357142857142855 0.22571428571428576 0.36357142857142855 0.2714285714285715 0.41785714285714287 0.2714285714285715
3 0.3692857142857143 0.19238095238095243 0.32357142857142857 0.19238095238095243 0.32357142857142857 0.2428571428571429 0.3692857142857143 0.2428571428571429
3 0.34714285714285714 0.1733333333333334 0.28714285714285714 0.1733333333333334 0.28714285714285714 0.22190476190476197 0.34714285714285714 0.22190476190476197
3 0.3107142857142857 0.13809523809523816 0.25 0.13809523809523816 0.25 0.18761904761904769 0.3107142857142857 0.18761904761904769
3 0.2757142857142857 0.10952380952380956 0.22428571428571428 0.10952380952380955 0.22428571428571428 0.16000000000000006 0.2757142857142857 0.16000000000000006
3 0.07642857142857143 0.04952380952380953 0.03571428571428571 0.049523809523809526 0.03571428571428572 0.08857142857142856 0.07642857142857143 0.08857142857142856
10 0.04357142857142857 0.018095238095238098 1.6620206559856935e-18 0.018095238095238095 3.805152554493561e-18 0.06476190476190476 0.04357142857142858 0.06476190476190476
3 0.04214285714285719 0.4514285714285714 4.146304162827467e-17 0.4514285714285714 4.544314372550357e-17 0.5380952380952381 0.04214285714285719 0.5380952380952381
3 0.39000000000000007 0.8609523809523809 0.2764285714285715 0.8609523809523809 0.2764285714285715 0.9952380952380953 0.3900000000000002 0.9952380952380953
3 0.24285714285714294 0.9171428571428571 0.06928571428571437 0.9171428571428571 0.06928571428571438 1 0.24285714285714294 1
3 1 0.6590476190476192 0.9028571428571428 0.6590476190476192 0.9028571428571428 0.7704761904761906 1 0.7704761904761906
3 0.026428571428571433 0.05523809523809524 5.073536739324749e-18 0.05523809523809524 6.866769552361945e-18 0.09428571428571429 0.02642857142857144 0.09428571428571429
3 0.036428571428571484 0.5885714285714285 0.0007142857142857682 0.5885714285714285 0.000714285714285772 0.6695238095238095 0.03642857142857149 0.6695238095238095
7 0.15428571428571428 0.04190476190476193 0.145 0.04190476190476193 0.145 0.06571428571428574 0.15428571428571428 0.06571428571428574
5 0.4714285714285714 0.1095238095238096 0.45285714285714285 0.1095238095238096 0.45285714285714285 0.13047619047619052 0.4714285714285714 0.13047619047619052
1 0.575 0.16000000000000011 0.5635714285714286 0.16000000000000011 0.5635714285714286 0.18476190476190488 0.575 0.18476190476190488
1 0.5657142857142857 0.15523809523809534 0.555 0.15523809523809534 0.555 0.17904761904761915 0.5657142857142857 0.17904761904761915
1 0.5214285714285715 0.13142857142857153 0.5078571428571429 0.13142857142857153 0.5078571428571429 0.1561904761904763 0.5214285714285715 0.1561904761904763
7 0.5328571428571428 0.13523809523809535 0.525 0.13523809523809535 0.525 0.16857142857142868 0.5328571428571428 0.16857142857142868
7 0.5171428571428571 0.1542857142857144 0.51 0.1542857142857144 0.51 0.181904761904762 0.5171428571428571 0.181904761904762
7 0.5085714285714286 0.15523809523809534 0.5021428571428571 0.15523809523809534 0.5021428571428571 0.18285714285714297 0.5085714285714286 0.18285714285714297
1 0.6278571428571429 0.181904761904762 0.6157142857142858 0.181904761904762 0.6157142857142858 0.20476190476190487 0.6278571428571429 0.20476190476190487
5 0.6121428571428571 0.1742857142857144 0.5957142857142858 0.1742857142857144 0.5957142857142858 0.20095238095238105 0.6121428571428571 0.20095238095238105
5 0.6192857142857143 0.18095238095238106 0.6042857142857143 0.18095238095238106 0.6042857142857143 0.201904761904762 0.6192857142857143 0.201904761904762