7 0.571 0.6126666666666668 0.545 0.6126666666666668 0.545 0.6726666666666669 0.571 0.6726666666666669
7 0.606 0.37800000000000017 0.5915 0.37800000000000017 0.5915 0.41600000000000015 0.606 0.41600000000000015
3 0.6625 0.828 0.46950000000000014 0.828 0.46950000000000014 0.946 0.6625 0.946
5 0.05050000000000006 0.574 0.0075000000000000535 0.574 0.007500000000000055 0.614 0.05050000000000006 0.614
5 0.09750000000000006 0.5386666666666666 0.057000000000000044 0.5386666666666666 0.05700000000000005 0.5713333333333334 0.09750000000000006 0.5713333333333334
5 0.11800000000000006 0.53 0.07900000000000006 0.53 0.07900000000000006 0.5593333333333333 0.11800000000000006 0.5593333333333333
5 0.12900000000000006 0.49933333333333335 0.08500000000000006 0.49933333333333335 0.08500000000000006 0.5346666666666666 0.12900000000000006 0.5346666666666666
7 0.4855 0.3340000000000001 0.4745 0.3340000000000001 0.4745 0.3686666666666668 0.4855 0.3686666666666668
1 0.494 0.3586666666666668 0.474 0.3586666666666668 0.474 0.3786666666666668 0.494 0.3786666666666668
11 0.22700000000000006 0.39866666666666667 0.16000000000000006 0.39866666666666667 0.16000000000000006 0.502 0.22700000000000006 0.502
11 0.4485 0.37733333333333335 0.364 0.37733333333333335 0.364 0.5006666666666667 0.4485 0.5006666666666667
11 0.2985 0.39666666666666667 0.21250000000000005 0.39666666666666667 0.21250000000000005 0.53 0.2985 0.53
11 0.7355 0.38000000000000017 0.65 0.38000000000000017 0.65 0.4633333333333335 0.7355 0.4633333333333335
3 0.419 0.028000000000000067 0.3885 0.028000000000000067 0.3885 0.04600000000000007 0.419 0.046000000000000076
11 0.4285 0.07466666666666674 0.4085 0.07466666666666674 0.4085 0.10600000000000008 0.4285 0.10600000000000008
9 0.442 0.08066666666666675 0.432 0.08066666666666675 0.432 0.09866666666666674 0.442 0.09866666666666674
3 0.4285 0.010666666666666736 0.4205 0.010666666666666732 0.4205 0.019333333333333404 0.4285 0.019333333333333404
3 0.416 0.022666666666666734 0.3965 0.022666666666666734 0.3965 0.036666666666666736 0.416 0.036666666666666736
3 0.4215 0.019333333333333404 0.3975 0.0193333333333334 0.3975 0.034000000000000065 0.4215 0.034000000000000065
3 0.4205 0.016666666666666732 0.399 0.016666666666666732 0.399 0.026666666666666734 0.4205 0.026666666666666734
1 0.6895 0.5066666666666668 0.673 0.5066666666666668 0.673 0.5513333333333335 0.6895 0.5513333333333335