10 0.5942857142857143 0.061904761904762 0.5728571428571428 0.06190476190476198 0.5728571428571428 0.11333333333333342 0.5942857142857143 0.11333333333333344
10 0.6114285714285714 0.06761904761904773 0.5921428571428572 0.06761904761904773 0.5921428571428572 0.11047619047619059 0.6114285714285714 0.11047619047619059
10 0.2542857142857144 0.5676190476190476 0.21928571428571436 0.5676190476190476 0.21928571428571436 0.6409523809523809 0.2542857142857144 0.6409523809523809
10 0.4307142857142857 0.35904761904761917 0.38 0.35904761904761917 0.38 0.3895238095238096 0.4307142857142857 0.3895238095238096
10 0.42928571428571427 0.32380952380952394 0.385 0.32380952380952394 0.385 0.35142857142857153 0.42928571428571427 0.35142857142857153
10 0.21285714285714294 0.9180952380952381 0.14857142857142866 0.9180952380952381 0.14857142857142866 0.9980952380952381 0.21285714285714294 0.9980952380952381
2 0.49214285714285716 0.6133333333333333 0.42642857142857143 0.6133333333333333 0.42642857142857143 0.7961904761904762 0.49214285714285716 0.7961904761904762
3 0.5242857142857142 0.4380952380952382 0.5035714285714286 0.4380952380952382 0.5035714285714286 0.4800000000000001 0.5242857142857142 0.4800000000000001
11 0.49 0.5628571428571428 0.4657142857142857 0.5628571428571428 0.4657142857142857 0.6180952380952381 0.49 0.6180952380952381
6 0.6764285714285714 0.5695238095238097 0.6307142857142857 0.5695238095238095 0.6307142857142857 0.7180952380952382 0.6764285714285714 0.7180952380952383
3 0.20428571428571438 0.6942857142857143 0.1557142857142858 0.6942857142857143 0.1557142857142858 0.7438095238095238 0.20428571428571438 0.7438095238095238
3 0.23500000000000007 0.6161904761904762 0.20357142857142865 0.6161904761904762 0.20357142857142865 0.6714285714285714 0.23500000000000007 0.6714285714285714
3 0.11428571428571435 0.6514285714285715 0.07000000000000006 0.6514285714285715 0.07000000000000006 0.6857142857142857 0.11428571428571437 0.6857142857142857
3 0.15714285714285722 0.7933333333333333 0.11000000000000008 0.7933333333333333 0.11000000000000008 0.8552380952380952 0.15714285714285722 0.8552380952380952
3 0.11785714285714294 0.8838095238095238 0.0664285714285715 0.8838095238095238 0.0664285714285715 0.9447619047619048 0.11785714285714294 0.9447619047619048
3 0.2250000000000001 0.7771428571428571 0.1807142857142858 0.7771428571428571 0.1807142857142858 0.8476190476190476 0.2250000000000001 0.8476190476190476
3 0.2850000000000001 0.5304761904761904 0.2557142857142858 0.5304761904761904 0.2557142857142858 0.5780952380952381 0.2850000000000001 0.5780952380952381
3 0.3007142857142858 0.47904761904761906 0.27285714285714296 0.47904761904761906 0.27285714285714296 0.5190476190476191 0.3007142857142858 0.5190476190476191
6 0.15285714285714294 0.92 0.11857142857142865 0.92 0.11857142857142865 0.979047619047619 0.15285714285714294 0.979047619047619
6 0.24214285714285722 0.7380952380952381 0.20214285714285724 0.7380952380952381 0.20214285714285724 0.7838095238095238 0.24214285714285722 0.7838095238095238
6 0.19714285714285723 0.8228571428571428 0.15500000000000008 0.8228571428571428 0.15500000000000008 0.8752380952380953 0.19714285714285723 0.8752380952380953
6 0.18214285714285722 0.8666666666666667 0.14285714285714293 0.8666666666666667 0.14285714285714293 0.9371428571428572 0.18214285714285722 0.9371428571428572
6 0.24857142857142867 0.699047619047619 0.21357142857142866 0.699047619047619 0.21357142857142866 0.7476190476190476 0.24857142857142867 0.7476190476190476
6 0.2950000000000001 0.5761904761904761 0.25285714285714295 0.5761904761904761 0.25285714285714295 0.6028571428571429 0.2950000000000001 0.6028571428571429
3 0.33714285714285713 0.23619047619047626 0.3107142857142857 0.23619047619047626 0.3107142857142857 0.2533333333333334 0.33714285714285713 0.25333333333333347
3 0.4492857142857143 0.160952380952381 0.42714285714285716 0.160952380952381 0.42714285714285716 0.17714285714285719 0.4492857142857143 0.17714285714285719
10 0.44357142857142856 0.1828571428571429 0.4185714285714286 0.1828571428571429 0.4185714285714286 0.19619047619047625 0.44357142857142856 0.19619047619047625
3 0.4657142857142857 0.0457142857142858 0.45714285714285713 0.0457142857142858 0.45714285714285713 0.057142857142857224 0.4657142857142857 0.057142857142857224
3 0.4907142857142857 0.06857142857142866 0.47285714285714286 0.06857142857142866 0.47285714285714286 0.08000000000000008 0.4907142857142857 0.08000000000000008
3 0.4835714285714286 0.08000000000000008 0.465 0.08000000000000008 0.465 0.09523809523809532 0.4835714285714286 0.09523809523809532
3 0.5007142857142857 0.06380952380952389 0.48214285714285715 0.06380952380952389 0.48214285714285715 0.07523809523809533 0.5007142857142857 0.07523809523809533
3 0.5035714285714286 0.059047619047619126 0.4857142857142857 0.059047619047619126 0.4857142857142857 0.07047619047619055 0.5035714285714286 0.07047619047619055
3 0.45071428571428573 0.047619047619047686 0.4421428571428571 0.047619047619047686 0.4421428571428571 0.06000000000000007 0.45071428571428573 0.06000000000000007
3 0.4107142857142857 0.13238095238095243 0.39 0.13238095238095243 0.39 0.14571428571428577 0.4107142857142857 0.14571428571428577
3 0.41214285714285714 0.12190476190476196 0.3942857142857143 0.12190476190476196 0.3942857142857143 0.1333333333333334 0.41214285714285714 0.1333333333333334
3 0.4735714285714286 0.09047619047619056 0.45 0.09047619047619056 0.45 0.10285714285714294 0.4735714285714286 0.10285714285714294
3 0.4692857142857143 0.09809523809523818 0.44785714285714284 0.09809523809523818 0.44785714285714284 0.10857142857142865 0.4692857142857143 0.10857142857142865
3 0.4585714285714286 0.1447619047619048 0.4407142857142857 0.1447619047619048 0.4407142857142857 0.160952380952381 0.4585714285714286 0.160952380952381
1 0.4235714285714286 0.140952380952381 0.41928571428571426 0.140952380952381 0.41928571428571426 0.15428571428571433 0.4235714285714286 0.15428571428571433
8 0.4235714285714286 0.14190476190476195 0.4185714285714286 0.14190476190476195 0.4185714285714286 0.1495238095238096 0.4235714285714286 0.1495238095238096
8 0.7764285714285715 0.21428571428571438 0.7714285714285715 0.21428571428571438 0.7714285714285715 0.22285714285714298 0.7764285714285715 0.22285714285714298
7 0.7942857142857143 0.181904761904762 0.7892857142857143 0.181904761904762 0.7892857142857143 0.19333333333333344 0.7942857142857143 0.19333333333333344
7 0.7764285714285715 0.2561904761904763 0.7685714285714286 0.2561904761904763 0.7685714285714286 0.2723809523809525 0.7764285714285715 0.2723809523809525
7 0.7157142857142857 0.006666666666666783 0.7128571428571429 0.006666666666666783 0.7128571428571429 0.016190476190476307 0.7157142857142857 0.016190476190476307
3 0.7257142857142858 0.09142857142857154 0.715 0.09142857142857154 0.715 0.10285714285714297 0.7257142857142858 0.10285714285714297
6 0.6764285714285714 0.20666666666666678 0.6485714285714286 0.20666666666666678 0.6485714285714286 0.26095238095238105 0.6764285714285714 0.26095238095238105
7 0.6892857142857143 0.4095238095238096 0.6821428571428572 0.4095238095238096 0.6821428571428572 0.4247619047619049 0.6892857142857143 0.4247619047619049
7 0.7485714285714286 0.43523809523809537 0.74 0.43523809523809537 0.74 0.4533333333333334 0.7485714285714286 0.4533333333333334
7 0.8071428571428572 0.4904761904761907 0.7978571428571428 0.4904761904761907 0.7978571428571428 0.5066666666666669 0.8071428571428572 0.5066666666666669
7 0.7592857142857142 0.3961904761904763 0.7507142857142857 0.3961904761904763 0.7507142857142857 0.41333333333333344 0.7592857142857142 0.41333333333333344
7 0.7757142857142857 0.38666666666666677 0.7664285714285715 0.38666666666666677 0.7664285714285715 0.4038095238095239 0.7757142857142857 0.4038095238095239
7 0.7871428571428571 0.38380952380952393 0.78 0.38380952380952393 0.78 0.4047619047619049 0.7871428571428571 0.4047619047619049
7 0.7485714285714286 0.3723809523809525 0.7428571428571429 0.3723809523809525 0.7428571428571429 0.3895238095238096 0.7485714285714286 0.3895238095238096
7 0.7242857142857143 0.3961904761904763 0.7171428571428572 0.3961904761904763 0.7171428571428572 0.41714285714285726 0.7242857142857143 0.41714285714285726
7 0.7207142857142858 0.381904761904762 0.7114285714285714 0.381904761904762 0.7114285714285714 0.401904761904762 0.7207142857142858 0.401904761904762
7 0.69 0.36857142857142866 0.6842857142857143 0.36857142857142866 0.6842857142857143 0.38761904761904775 0.69 0.38761904761904775
7 0.7057142857142857 0.362857142857143 0.7 0.362857142857143 0.7 0.3800000000000001 0.7057142857142857 0.3800000000000001
6 0.6728571428571428 0.5742857142857144 0.635 0.5742857142857143 0.635 0.7238095238095239 0.6728571428571428 0.723809523809524
9 0.26000000000000006 0.5352380952380953 0.23785714285714293 0.5352380952380953 0.23785714285714293 0.5657142857142857 0.26000000000000006 0.5657142857142857
6 0.4635714285714286 0.32761904761904775 0.4421428571428571 0.32761904761904775 0.4421428571428571 0.35428571428571437 0.4635714285714286 0.35428571428571437
8 0.8342857142857143 0.3485714285714287 0.8278571428571428 0.3485714285714287 0.8278571428571428 0.3580952380952382 0.8342857142857143 0.3580952380952382
5 0.8321428571428572 0.3495238095238096 0.8271428571428572 0.3495238095238096 0.8271428571428572 0.36476190476190484 0.8321428571428572 0.36476190476190484
8 0.8557142857142858 0.7685714285714288 0.8442857142857143 0.7685714285714288 0.8442857142857143 0.7866666666666668 0.8557142857142858 0.7866666666666668
7 0.7928571428571428 0.7466666666666669 0.7821428571428571 0.7466666666666669 0.7821428571428571 0.7704761904761906 0.7928571428571428 0.7704761904761906
7 0.8928571428571429 0.7466666666666669 0.875 0.7466666666666669 0.875 0.7657142857142859 0.8928571428571429 0.7657142857142859
10 0.8707142857142857 0.4923809523809526 0.84 0.4923809523809526 0.84 0.5580952380952383 0.8707142857142857 0.5580952380952383
10 1 0.46666666666666684 0.9378571428571428 0.4666666666666668 0.9378571428571428 0.5219047619047621 1 0.5219047619047621
3 0.8335714285714285 0.4047619047619049 0.8121428571428572 0.4047619047619049 0.8121428571428572 0.44095238095238104 0.8335714285714285 0.44095238095238104