3 0.4525 0.4026666666666667 0.4295 0.4026666666666667 0.4295 0.442 0.4525 0.442
3 0.4645 0.34466666666666673 0.443 0.3446666666666667 0.443 0.38200000000000006 0.4645 0.3820000000000002
7 0.474 0.27933333333333343 0.469 0.27933333333333343 0.469 0.29666666666666675 0.474 0.29666666666666675
3 0.449 0.22800000000000006 0.4345 0.22800000000000006 0.4345 0.25200000000000006 0.449 0.25200000000000006
3 0.415 0.2900000000000001 0.4 0.2900000000000001 0.4 0.3193333333333334 0.415 0.3193333333333334
3 0.4155 0.26400000000000007 0.402 0.26400000000000007 0.402 0.2873333333333334 0.4155 0.2873333333333334
3 0.4165 0.2240000000000001 0.4 0.2240000000000001 0.4 0.24866666666666673 0.4165 0.24866666666666673
3 0.601 0.4266666666666668 0.572 0.4266666666666668 0.572 0.4653333333333335 0.601 0.4653333333333335
3 0.6655 0.44733333333333347 0.6365 0.44733333333333347 0.6365 0.4833333333333335 0.6655 0.4833333333333335
3 0.623 0.3433333333333335 0.5955 0.3433333333333335 0.5955 0.37333333333333346 0.623 0.37333333333333346
3 0.57 0.23400000000000007 0.5515 0.23400000000000007 0.5515 0.25066666666666676 0.57 0.25066666666666676
3 0.547 0.20133333333333342 0.5335 0.20133333333333342 0.5335 0.21800000000000008 0.547 0.21800000000000008
3 0.5475 0.19066666666666673 0.5365 0.19066666666666673 0.5365 0.20333333333333342 0.5475 0.20333333333333342
3 0.581 0.11333333333333342 0.561 0.11333333333333341 0.561 0.12533333333333344 0.581 0.12533333333333344
3 0.5595 0.10866666666666674 0.5405 0.10866666666666674 0.5405 0.12066666666666674 0.5595 0.12066666666666674
3 0.5395 0.10666666666666674 0.521 0.10666666666666674 0.521 0.11600000000000008 0.5395 0.11600000000000008
11 0.5385 0.11600000000000008 0.521 0.11600000000000008 0.521 0.1273333333333334 0.5385 0.1273333333333334
3 0.4945 0.10066666666666674 0.475 0.10066666666666674 0.475 0.11133333333333341 0.4945 0.11133333333333341
3 0.415 0.16733333333333342 0.3875 0.16733333333333342 0.3875 0.18066666666666675 0.415 0.18066666666666675
3 0.372 0.10866666666666674 0.356 0.10866666666666674 0.356 0.1193333333333334 0.372 0.1193333333333334
3 0.386 0.11200000000000007 0.3685 0.11200000000000007 0.3685 0.12400000000000008 0.386 0.12400000000000008
3 0.389 0.09933333333333341 0.3765 0.09933333333333341 0.3765 0.11266666666666675 0.389 0.11266666666666675
3 0.3815 0.09200000000000008 0.37 0.09200000000000008 0.37 0.10400000000000008 0.3815 0.10400000000000008
3 0.21600000000000005 0.346 0.16650000000000006 0.346 0.16650000000000006 0.37 0.21600000000000005 0.37
11 0.2025 0.0626666666666667 0.1905 0.0626666666666667 0.1905 0.07333333333333338 0.2025 0.07333333333333338
7 0.1995 0.07066666666666671 0.196 0.07066666666666671 0.196 0.08000000000000004 0.1995 0.08000000000000004
7 0.2015 0.07066666666666671 0.1985 0.07066666666666671 0.1985 0.0806666666666667 0.2015 0.0806666666666667