5 0.11638830897703552 0.48794063079777367 0.09081419624217121 0.48794063079777367 0.09081419624217121 0.5074211502782932 0.11638830897703552 0.5074211502782932
5 0.11116910229645097 0.5204081632653061 0.08455114822546976 0.5204081632653061 0.08455114822546976 0.538961038961039 0.11116910229645097 0.538961038961039
8 0.1878914405010439 0.4601113172541744 0.1748434237995825 0.4601113172541744 0.1748434237995825 0.47680890538033394 0.1878914405010439 0.47680890538033394
8 0.18997912317327773 0.4397031539888683 0.1764091858037579 0.4397031539888683 0.1764091858037579 0.4582560296846011 0.18997912317327773 0.4582560296846011
8 0.19415448851774533 0.4202226345083488 0.18319415448851775 0.4202226345083488 0.18319415448851778 0.43692022263450836 0.19415448851774536 0.43692022263450836
8 0.19624217118997914 0.40816326530612246 0.1873695198329854 0.40816326530612246 0.1873695198329854 0.4202226345083488 0.19624217118997914 0.4202226345083488
8 0.20093945720250522 0.39888682745825604 0.19102296450939457 0.39888682745825604 0.19102296450939457 0.41280148423005564 0.20093945720250522 0.41280148423005564
8 0.21816283924843424 0.4035250463821892 0.2082463465553236 0.4035250463821892 0.2082463465553236 0.42393320964749537 0.21816283924843424 0.42393320964749537
7 0.2145093945720251 0.47309833024118736 0.20041753653444683 0.47309833024118736 0.20041753653444683 0.49536178107606677 0.2145093945720251 0.49536178107606677
7 0.2134655532359082 0.5083487940630798 0.20198329853862218 0.5083487940630798 0.20198329853862218 0.5333951762523191 0.2134655532359082 0.5333951762523191
8 0.21659707724425895 0.45640074211502785 0.20720250521920675 0.45640074211502785 0.20720250521920675 0.474025974025974 0.21659707724425895 0.474025974025974
8 0.22233820459290193 0.4332096474953618 0.21242171189979128 0.4332096474953618 0.21242171189979128 0.44805194805194803 0.22233820459290193 0.44805194805194803
8 0.22442588726513574 0.41929499072356213 0.21450939457202506 0.41929499072356213 0.21450939457202509 0.43413729128014844 0.22442588726513577 0.43413729128014844
3 0.3209812108559499 0.3979591836734695 0.29123173277661796 0.3979591836734695 0.29123173277661796 0.49257884972170685 0.3209812108559499 0.49257884972170685
8 0.3444676409185804 0.430426716141002 0.3355949895615866 0.430426716141002 0.3355949895615866 0.453617810760668 0.3444676409185804 0.453617810760668
5 0.36221294363256784 0.39703153988868284 0.354384133611691 0.39703153988868284 0.354384133611691 0.43228200371057524 0.36221294363256784 0.43228200371057524
7 0.3836116910229645 0.5306122448979592 0.3752609603340292 0.5306122448979592 0.3752609603340292 0.5538033395176253 0.3836116910229645 0.5538033395176253
8 0.48329853862212946 0.4805194805194805 0.47494780793319413 0.4805194805194805 0.47494780793319413 0.5009276437847866 0.48329853862212946 0.5009276437847866
8 0.4822546972860125 0.44434137291280157 0.471294363256785 0.44434137291280157 0.471294363256785 0.46567717996289437 0.4822546972860125 0.46567717996289437
8 0.5146137787056367 0.44341372912801497 0.5067849686847599 0.44341372912801497 0.5067849686847599 0.46103896103896114 0.5146137787056367 0.46103896103896114
3 0.4572025052192067 0.41280148423005575 0.4326722338204593 0.41280148423005575 0.4326722338204593 0.5148423005565863 0.4572025052192067 0.5148423005565863
11 0.5511482254697286 0.41001855287569583 0.5234864300626305 0.41001855287569583 0.5234864300626305 0.5176252319109464 0.5511482254697286 0.5176252319109464
3 0.5923799582463466 0.4202226345083489 0.5673277661795407 0.4202226345083489 0.5673277661795407 0.5111317254174399 0.5923799582463466 0.5111317254174399
3 0.6529227557411273 0.43413729128014855 0.6278705636743215 0.43413729128014855 0.6278705636743215 0.5111317254174399 0.6529227557411273 0.5111317254174399
3 0.7583507306889353 0.4276437847866421 0.7265135699373695 0.42764378478664206 0.7265135699373695 0.5296846011131727 0.7583507306889353 0.5296846011131727
0 0.8068893528183716 0.43506493506493527 0.7755741127348643 0.43506493506493527 0.7755741127348643 0.495361781076067 0.8068893528183716 0.495361781076067
1 0.8209812108559499 0.4628942486085345 0.8058455114822547 0.4628942486085345 0.8058455114822547 0.4916512059369204 0.8209812108559499 0.4916512059369204
3 0.8335073068893528 0.30612244897959207 0.8058455114822547 0.30612244897959207 0.8058455114822547 0.3803339517625234 0.8335073068893528 0.3803339517625234
3 0.8528183716075156 0.39053803339517645 0.8209812108559499 0.39053803339517645 0.8209812108559499 0.4758812615955475 0.8528183716075156 0.4758812615955475
11 0.912839248434238 0.2940630797773657 0.8705636743215032 0.2940630797773657 0.8705636743215032 0.3729128014842303 0.912839248434238 0.3729128014842303
3 0.9326722338204593 0.3886827458256032 0.8924843423799582 0.3886827458256032 0.8924843423799582 0.4795918367346941 0.9326722338204593 0.4795918367346941
3 0.9994780793319415 0.3979591836734696 0.9817327766179541 0.3979591836734696 0.9817327766179541 0.48701298701298723 0.9994780793319415 0.48701298701298723
5 0.09133611691022968 0.5435992578849722 0.06367432150313157 0.5435992578849722 0.06367432150313157 0.5612244897959183 0.09133611691022968 0.5612244897959183
5 0.08663883089770358 0.48886827458256027 0.06158663883089773 0.48886827458256027 0.06158663883089773 0.5064935064935064 0.08663883089770358 0.5064935064935064
11 0.11847599164926934 0.39239332096474955 0.07985386221294366 0.39239332096474955 0.07985386221294366 0.4675324675324675 0.11847599164926934 0.4675324675324675
3 0.060542797494780816 0.2829313543599258 0.018267223382045953 0.2829313543599258 0.018267223382045953 0.36363636363636365 0.06054279749478082 0.36363636363636365
7 0.02505219206680588 0.5528756957328386 0.012004175365344505 0.5528756957328386 0.012004175365344507 0.5760667903525046 0.02505219206680588 0.5760667903525046
7 0.03705636743215035 0.5139146567717996 0.017745302713987512 0.5139146567717996 0.017745302713987512 0.5417439703153989 0.03705636743215036 0.5417439703153989
7 0.03810020876826726 0.5371057513914657 0.024530271398747427 0.5371057513914657 0.024530271398747427 0.5593692022263451 0.038100208768267266 0.5593692022263451
8 0.0480167014613779 0.5185528756957328 0.03340292275574116 0.5185528756957328 0.03340292275574116 0.5371057513914657 0.0480167014613779 0.5371057513914657
8 0.05688935281837164 0.48237476808905383 0.04384133611691026 0.48237476808905383 0.04384133611691026 0.5055658627087198 0.05688935281837164 0.5055658627087198
8 0.06889352818371611 0.4387755102040816 0.05636743215031318 0.4387755102040816 0.05636743215031318 0.4601113172541744 0.06889352818371611 0.4601113172541744
8 0.07359081419624221 0.4230055658627087 0.058455114822547005 0.4230055658627087 0.058455114822547005 0.44341372912801486 0.07359081419624221 0.44341372912801486