3 0.595 0.7771428571428571 0.5621428571428572 0.7771428571428571 0.5621428571428572 0.8323809523809523 0.595 0.8323809523809523
3 0.5492857142857143 0.7857142857142857 0.5085714285714286 0.7857142857142857 0.5085714285714286 0.8447619047619047 0.5492857142857143 0.8447619047619047
3 0.5178571428571429 0.7428571428571429 0.47928571428571426 0.7428571428571429 0.47928571428571426 0.7933333333333333 0.5178571428571429 0.7933333333333333
3 0.5642857142857143 0.7371428571428571 0.5335714285714286 0.7371428571428571 0.5335714285714286 0.7838095238095238 0.5642857142857143 0.7838095238095238
3 0.5985714285714285 0.7447619047619047 0.5714285714285714 0.7447619047619047 0.5714285714285714 0.78 0.5985714285714285 0.78
3 0.61 0.7085714285714285 0.5835714285714285 0.7085714285714285 0.5835714285714285 0.7495238095238095 0.61 0.7495238095238095
3 0.575 0.7104761904761905 0.5485714285714286 0.7104761904761905 0.5485714285714286 0.7457142857142857 0.575 0.7457142857142857
3 0.5835714285714285 0.6819047619047619 0.5607142857142857 0.6819047619047619 0.5607142857142857 0.7152380952380952 0.5835714285714285 0.7152380952380952
3 0.6142857142857143 0.6895238095238095 0.5928571428571429 0.6895238095238095 0.5928571428571429 0.7123809523809523 0.6142857142857143 0.7123809523809523
3 0.6157142857142858 0.6685714285714286 0.5978571428571429 0.6685714285714286 0.5978571428571429 0.6952380952380952 0.6157142857142858 0.6952380952380952
3 0.5907142857142857 0.6676190476190477 0.5728571428571428 0.6676190476190477 0.5728571428571428 0.6923809523809524 0.5907142857142857 0.6923809523809524
3 0.5942857142857143 0.6514285714285715 0.5764285714285714 0.6514285714285715 0.5764285714285714 0.6704761904761904 0.5942857142857143 0.6704761904761904
3 0.6207142857142857 0.6561904761904762 0.6042857142857143 0.6561904761904762 0.6042857142857143 0.6752380952380952 0.6207142857142857 0.6752380952380952
3 0.6221428571428571 0.64 0.6057142857142858 0.64 0.6057142857142858 0.659047619047619 0.6221428571428571 0.659047619047619
3 0.6 0.6371428571428571 0.5814285714285714 0.6371428571428571 0.5814285714285714 0.659047619047619 0.6 0.659047619047619
3 0.605 0.6266666666666667 0.5907142857142857 0.6266666666666667 0.5907142857142857 0.6457142857142857 0.605 0.6457142857142857
3 0.6142857142857143 0.6190476190476191 0.5978571428571429 0.6190476190476191 0.5978571428571429 0.6361904761904762 0.6142857142857143 0.6361904761904762
3 0.5971428571428572 0.5980952380952381 0.5842857142857143 0.5980952380952381 0.5842857142857143 0.6142857142857143 0.5971428571428572 0.6142857142857143
3 0.6128571428571429 0.6104761904761905 0.6014285714285714 0.6104761904761905 0.6014285714285714 0.6209523809523809 0.6128571428571429 0.6209523809523809
3 0.6164285714285714 0.6009523809523809 0.605 0.6009523809523809 0.605 0.6133333333333333 0.6164285714285714 0.6133333333333333
3 0.6178571428571429 0.5923809523809523 0.6078571428571429 0.5923809523809523 0.6078571428571429 0.6019047619047619 0.6178571428571429 0.6019047619047619
3 0.6085714285714285 0.58 0.5992857142857143 0.58 0.5992857142857143 0.5914285714285714 0.6085714285714285 0.5914285714285714
3 0.6235714285714286 0.5819047619047619 0.6135714285714285 0.5819047619047619 0.6135714285714285 0.5923809523809523 0.6235714285714286 0.5923809523809523
3 0.6371428571428571 0.5847619047619048 0.6278571428571429 0.5847619047619048 0.6278571428571429 0.5961904761904762 0.6371428571428571 0.5961904761904762
3 0.6207142857142857 0.5742857142857143 0.6121428571428571 0.5742857142857143 0.6121428571428571 0.5828571428571429 0.6207142857142857 0.5828571428571429
3 0.6264285714285714 0.5685714285714286 0.6192857142857143 0.5685714285714286 0.6192857142857143 0.5771428571428572 0.6264285714285714 0.5771428571428572
3 0.6392857142857142 0.5676190476190476 0.6307142857142857 0.5676190476190476 0.6307142857142857 0.5761904761904761 0.6392857142857142 0.5761904761904761
3 0.6335714285714286 0.560952380952381 0.6278571428571429 0.560952380952381 0.6278571428571429 0.5704761904761905 0.6335714285714286 0.5704761904761905
3 0.6264285714285714 0.5580952380952381 0.62 0.5580952380952381 0.62 0.5666666666666667 0.6264285714285714 0.5666666666666667
3 0.6307142857142857 0.5514285714285714 0.6242857142857143 0.5514285714285714 0.6242857142857143 0.559047619047619 0.6307142857142857 0.559047619047619
3 0.6214285714285714 0.5447619047619048 0.6142857142857143 0.5447619047619048 0.6142857142857143 0.5504761904761905 0.6214285714285714 0.5504761904761905
4 0.6771428571428572 0.5266666666666667 0.6378571428571429 0.5266666666666666 0.6378571428571429 0.5514285714285715 0.6771428571428572 0.5514285714285716
10 0.33928571428571436 0.84 0.18714285714285722 0.84 0.18714285714285722 0.920952380952381 0.33928571428571436 0.920952380952381
3 0.31785714285714295 0.6142857142857143 0.2964285714285715 0.6142857142857143 0.2964285714285715 0.6323809523809524 0.31785714285714295 0.6323809523809524
3 0.3021428571428572 0.6152380952380953 0.2764285714285715 0.6152380952380953 0.2764285714285715 0.6304761904761905 0.3021428571428572 0.6304761904761905
3 0.28428571428571436 0.6123809523809524 0.2614285714285715 0.6123809523809524 0.2614285714285715 0.6295238095238095 0.28428571428571436 0.6295238095238095
3 0.2664285714285715 0.6114285714285714 0.24214285714285722 0.6114285714285714 0.24214285714285722 0.6285714285714286 0.2664285714285715 0.6285714285714286
3 0.2507142857142858 0.6104761904761905 0.2300000000000001 0.6104761904761905 0.2300000000000001 0.6257142857142857 0.2507142857142858 0.6257142857142857
3 0.23642857142857152 0.6085714285714285 0.21428571428571436 0.6085714285714285 0.21428571428571436 0.6257142857142857 0.23642857142857152 0.6257142857142857
3 0.21928571428571436 0.6095238095238096 0.19714285714285723 0.6095238095238096 0.19714285714285723 0.6228571428571429 0.21928571428571436 0.6228571428571429
3 0.20357142857142865 0.6076190476190476 0.1821428571428572 0.6076190476190476 0.1821428571428572 0.6209523809523809 0.20357142857142865 0.6209523809523809