3 0.16285714285714287 2.4551252497192178e-17 0.13785714285714284 2.2510174498613256e-17 0.13785714285714284 0.017142857142857168 0.16285714285714287 0.01714285714285717
3 0.22357142857142856 0.020952380952380986 0.19357142857142856 0.020952380952380986 0.19357142857142856 0.038095238095238126 0.22357142857142856 0.03809523809523813
3 0.225 0.013333333333333369 0.19785714285714287 0.013333333333333367 0.19785714285714287 0.029523809523809556 0.225 0.029523809523809556
3 0.10857142857142857 0.05809523809523811 0.07714285714285714 0.05809523809523811 0.07714285714285714 0.0742857142857143 0.10857142857142857 0.07428571428571432
3 0.11285714285714285 0.05047619047619049 0.08214285714285714 0.05047619047619049 0.08214285714285714 0.06380952380952383 0.11285714285714285 0.06380952380952383
3 0.11785714285714285 0.04095238095238097 0.09285714285714286 0.04095238095238097 0.09285714285714286 0.05809523809523811 0.11785714285714285 0.05809523809523811
3 0.12285714285714286 0.03523809523809525 0.09642857142857143 0.03523809523809525 0.09642857142857143 0.048571428571428585 0.12285714285714286 0.048571428571428585
3 0.13142857142857142 0.029523809523809542 0.10428571428571429 0.029523809523809542 0.10428571428571429 0.04476190476190478 0.13142857142857142 0.04476190476190479
3 0.13642857142857143 0.021904761904761923 0.10785714285714286 0.021904761904761923 0.10785714285714286 0.03619047619047621 0.13642857142857143 0.03619047619047622
3 0.125 0.015238095238095255 0.09928571428571428 0.015238095238095252 0.09928571428571428 0.028571428571428588 0.125 0.02857142857142859
3 0.09785714285714285 0.011428571428571442 0.07214285714285715 0.011428571428571439 0.07214285714285715 0.02285714285714287 0.09785714285714285 0.02285714285714287
3 0.08857142857142856 0.0047619047619047745 0.065 0.004761904761904772 0.065 0.01809523809523811 0.08857142857142856 0.01809523809523811
3 0.08857142857142856 0.0161904761904762 0.062142857142857146 0.016190476190476196 0.062142857142857146 0.031428571428571445 0.08857142857142856 0.031428571428571445
3 0.07714285714285714 0.029523809523809535 0.047857142857142855 0.029523809523809532 0.047857142857142855 0.04571428571428573 0.07714285714285714 0.04571428571428573
3 0.06785714285714285 0.04190476190476191 0.03642857142857143 0.0419047619047619 0.036428571428571435 0.05714285714285715 0.06785714285714285 0.057142857142857155
3 0.054285714285714284 0.0561904761904762 0.022857142857142868 0.05619047619047619 0.022857142857142868 0.07238095238095238 0.054285714285714284 0.07238095238095238
3 0.07 0.10476190476190476 0.03642857142857144 0.10476190476190476 0.03642857142857144 0.1180952380952381 0.07000000000000002 0.1180952380952381
3 0.06142857142857144 0.10952380952380952 0.024285714285714296 0.10952380952380952 0.024285714285714296 0.13047619047619047 0.06142857142857145 0.13047619047619047
3 0.05285714285714288 0.12 0.016428571428571438 0.12 0.01642857142857144 0.14 0.05285714285714288 0.14
3 0.04857142857142859 0.13428571428571429 0.00785714285714287 0.13428571428571429 0.00785714285714287 0.15142857142857144 0.04857142857142859 0.15142857142857144
3 0.03642857142857144 0.1438095238095238 1.3208690476517881e-17 0.1438095238095238 1.408343819019456e-17 0.16285714285714287 0.03642857142857144 0.16285714285714287
3 0.05071428571428571 0.06857142857142857 0.01571428571428572 0.06857142857142857 0.015714285714285722 0.0838095238095238 0.05071428571428571 0.0838095238095238
11 0.3985714285714286 0.023809523809523874 0.37 0.02380952380952387 0.37 0.06476190476190481 0.3985714285714286 0.06476190476190481
11 0.35428571428571426 0.06380952380952386 0.3 0.06380952380952386 0.3 0.12571428571428578 0.35428571428571426 0.12571428571428578
10 0.38785714285714284 0.16285714285714292 0.31642857142857145 0.16285714285714292 0.31642857142857145 0.23238095238095244 0.38785714285714284 0.23238095238095244
5 0.36142857142857143 0.18190476190476196 0.34785714285714286 0.18190476190476196 0.34785714285714286 0.19142857142857148 0.36142857142857143 0.19142857142857148
5 0.37714285714285717 0.24380952380952392 0.36 0.24380952380952392 0.36 0.25714285714285723 0.37714285714285717 0.25714285714285723
8 0.37142857142857144 0.24000000000000005 0.365 0.24000000000000005 0.365 0.2504761904761906 0.37142857142857144 0.2504761904761906
8 0.35642857142857143 0.17619047619047626 0.3535714285714286 0.17619047619047626 0.3535714285714286 0.18476190476190482 0.35642857142857143 0.18476190476190482
8 0.355 0.17619047619047626 0.3507142857142857 0.17619047619047626 0.3507142857142857 0.1885714285714286 0.355 0.1885714285714286
7 0.37642857142857145 0.1647619047619048 0.3707142857142857 0.1647619047619048 0.3707142857142857 0.18000000000000005 0.37642857142857145 0.18000000000000005
5 0.38785714285714284 0.17047619047619053 0.3742857142857143 0.17047619047619053 0.3742857142857143 0.18571428571428578 0.38785714285714284 0.18571428571428578
2 0.2921428571428572 0.8790476190476191 0.20928571428571438 0.8790476190476191 0.20928571428571438 0.9971428571428571 0.2921428571428572 0.9971428571428571
11 0.39714285714285713 0.401904761904762 0.3492857142857143 0.401904761904762 0.3492857142857143 0.4895238095238095 0.39714285714285713 0.4895238095238095
11 0.44285714285714284 0.421904761904762 0.37285714285714283 0.421904761904762 0.37285714285714283 0.6009523809523809 0.44285714285714284 0.6009523809523809
11 0.47214285714285714 0.3447619047619049 0.4421428571428571 0.3447619047619049 0.4421428571428571 0.3933333333333334 0.47214285714285714 0.3933333333333334
11 0.505 0.2704761904761906 0.4707142857142857 0.2704761904761906 0.4707142857142857 0.31904761904761914 0.505 0.31904761904761914
11 0.5428571428571428 0.19714285714285726 0.505 0.19714285714285726 0.505 0.2485714285714287 0.5428571428571428 0.2485714285714287
11 0.5914285714285714 0.10380952380952391 0.5778571428571428 0.1038095238095239 0.5778571428571428 0.13142857142857153 0.5914285714285714 0.13142857142857153
11 0.46785714285714286 0.12285714285714291 0.4514285714285714 0.12285714285714291 0.4514285714285714 0.17809523809523814 0.46785714285714286 0.17809523809523814
11 0.46785714285714286 0.08095238095238104 0.4492857142857143 0.08095238095238104 0.4492857142857143 0.12761904761904766 0.46785714285714286 0.12761904761904766
11 0.5821428571428572 0.051428571428571525 0.5664285714285714 0.051428571428571525 0.5664285714285714 0.08857142857142866 0.5821428571428572 0.08857142857142868
11 0.6242857142857143 0.006666666666666767 0.6057142857142858 0.006666666666666765 0.6057142857142858 0.038095238095238196 0.6242857142857143 0.0380952380952382
3 0.7085714285714285 0.1400000000000001 0.6735714285714286 0.1400000000000001 0.6735714285714286 0.16571428571428581 0.7085714285714285 0.16571428571428581
3 0.7778571428571428 0.16095238095238107 0.745 0.16095238095238107 0.745 0.18571428571428583 0.7778571428571428 0.18571428571428583
3 0.8185714285714286 0.18476190476190488 0.7978571428571428 0.18476190476190488 0.7978571428571428 0.21904761904761916 0.8185714285714286 0.21904761904761916
3 0.7157142857142857 0.241904761904762 0.6728571428571428 0.241904761904762 0.6728571428571428 0.2714285714285715 0.7157142857142857 0.2714285714285715
3 0.6878571428571428 1.1150117523665425e-16 0.6778571428571428 1.1068474403722267e-16 0.6778571428571428 0.008571428571428683 0.6878571428571428 0.008571428571428683
3 0.7035714285714286 1.1389215232070384e-16 0.6914285714285714 1.1290077157853696e-16 0.6914285714285714 0.009523809523809637 0.7035714285714286 0.00952380952380964
3 0.885 0.6352380952380955 0.8064285714285714 0.6352380952380955 0.8064285714285714 0.6790476190476192 0.885 0.6790476190476192
3 0.8671428571428571 0.5971428571428573 0.7971428571428572 0.5971428571428573 0.7971428571428572 0.6361904761904764 0.8671428571428571 0.6361904761904764
3 0.8535714285714285 0.5276190476190479 0.7914285714285715 0.5276190476190479 0.7914285714285715 0.5685714285714288 0.8535714285714285 0.5685714285714288
7 0.8478571428571429 0.5504761904761907 0.8392857142857143 0.5504761904761907 0.8392857142857143 0.565714285714286 0.8478571428571429 0.565714285714286
7 0.8328571428571429 0.5114285714285717 0.82 0.5114285714285717 0.82 0.5323809523809526 0.8328571428571429 0.5323809523809526
3 0.9435714285714286 0.8390476190476193 0.8464285714285714 0.8390476190476193 0.8464285714285714 0.9000000000000002 0.9435714285714286 0.9000000000000002
3 0.9214285714285714 0.7790476190476192 0.8335714285714285 0.7790476190476192 0.8335714285714285 0.8314285714285716 0.9214285714285714 0.8314285714285716
3 0.8935714285714286 0.6780952380952383 0.8178571428571428 0.6780952380952383 0.8178571428571428 0.725714285714286 0.8935714285714286 0.725714285714286
3 0.9607142857142857 0.47333333333333344 0.9207142857142857 0.47333333333333344 0.9207142857142857 0.544761904761905 0.9607142857142857 0.544761904761905
5 0.9714285714285714 0.4780952380952382 0.9564285714285714 0.4780952380952382 0.9564285714285714 0.5076190476190479 0.9714285714285714 0.5076190476190479
5 0.9992857142857143 0.4980952380952383 0.985 0.4980952380952383 0.985 0.5095238095238097 0.9992857142857143 0.5095238095238097
5 0.9978571428571429 0.5266666666666668 0.9764285714285714 0.5266666666666668 0.9764285714285714 0.542857142857143 0.9978571428571429 0.542857142857143
5 0.9971428571428571 0.5180952380952383 0.975 0.5180952380952383 0.975 0.5295238095238097 0.9971428571428571 0.5295238095238097
5 0.9864285714285714 0.48666666666666675 0.9707142857142858 0.48666666666666675 0.9707142857142858 0.5028571428571431 0.9864285714285714 0.5028571428571431
5 0.9807142857142858 0.4780952380952382 0.9657142857142857 0.4780952380952382 0.9657142857142857 0.4923809523809526 0.9807142857142858 0.4923809523809526
5 1 0.19428571428571445 0.9878571428571429 0.19428571428571445 0.9878571428571429 0.2095238095238097 1 0.2095238095238097
5 0.995 0.1914285714285716 0.9814285714285714 0.1914285714285716 0.9814285714285714 0.20476190476190492 0.995 0.20476190476190492
5 0.9828571428571429 0.18761904761904777 0.9735714285714285 0.18761904761904777 0.9735714285714285 0.202857142857143 0.9828571428571429 0.202857142857143
0 0.975 0.1733333333333335 0.945 0.1733333333333335 0.945 0.20190476190476206 0.975 0.20190476190476206
7 0.8507142857142858 0.18190476190476207 0.8442857142857143 0.18190476190476207 0.8442857142857143 0.20000000000000015 0.8507142857142858 0.20000000000000015
7 0.8464285714285714 0.18190476190476207 0.8407142857142857 0.18190476190476207 0.8407142857142857 0.19904761904761922 0.8464285714285714 0.19904761904761922
5 0.8485714285714285 0.28095238095238106 0.8292857142857143 0.28095238095238106 0.8292857142857143 0.3000000000000001 0.8485714285714285 0.3000000000000001
5 0.83 0.26190476190476203 0.8114285714285714 0.26190476190476203 0.8114285714285714 0.27904761904761916 0.83 0.27904761904761916
5 0.7864285714285715 0.12285714285714297 0.7714285714285715 0.12285714285714297 0.7714285714285715 0.13523809523809535 0.7864285714285715 0.13523809523809535
5 0.8542857142857143 0.11142857142857156 0.8464285714285714 0.11142857142857156 0.8464285714285714 0.12857142857142873 0.8542857142857143 0.12857142857142873
5 0.78 0.11142857142857156 0.7664285714285715 0.11142857142857156 0.7664285714285715 0.12285714285714297 0.78 0.12285714285714297
5 0.6364285714285715 0.26095238095238105 0.6221428571428571 0.26095238095238105 0.6221428571428571 0.2847619047619049 0.6364285714285715 0.2847619047619049
8 0.635 0.25904761904761914 0.6257142857142857 0.25904761904761914 0.6257142857142857 0.27333333333333343 0.635 0.27333333333333343
8 0.825 0.26095238095238105 0.8171428571428572 0.26095238095238105 0.8171428571428572 0.27333333333333343 0.825 0.27333333333333343
8 0.8185714285714286 0.25904761904761914 0.8142857142857143 0.25904761904761914 0.8142857142857143 0.2704761904761906 0.8185714285714286 0.2704761904761906
8 0.8442857142857143 0.2761904761904763 0.8364285714285714 0.2761904761904763 0.8364285714285714 0.2942857142857144 0.8442857142857143 0.2942857142857144
8 0.7821428571428571 0.11809523809523823 0.7785714285714286 0.11809523809523823 0.7785714285714286 0.12761904761904772 0.7821428571428571 0.12761904761904772
8 0.7792857142857142 0.10952380952380966 0.7721428571428571 0.10952380952380966 0.7721428571428571 0.12095238095238109 0.7792857142857142 0.12095238095238109
5 0.7485714285714286 0.0866666666666668 0.7364285714285714 0.08666666666666678 0.7364285714285714 0.09904761904761918 0.7485714285714286 0.09904761904761919
7 0.7507142857142857 0.07428571428571443 0.7471428571428571 0.07428571428571443 0.7471428571428571 0.08095238095238108 0.7507142857142857 0.08095238095238108
7 0.9107142857142857 0.06761904761904776 0.9057142857142857 0.06761904761904776 0.9057142857142857 0.08285714285714299 0.9107142857142857 0.08285714285714299
3 0.895 0.11142857142857156 0.8778571428571429 0.11142857142857156 0.8778571428571429 0.1333333333333335 0.895 0.1333333333333335
3 0.9292857142857143 0.11523809523809539 0.9085714285714286 0.11523809523809538 0.9085714285714286 0.13809523809523827 0.9292857142857143 0.13809523809523827
3 0.8392857142857143 0.024761904761904898 0.8192857142857143 0.024761904761904898 0.8192857142857143 0.04952380952380966 0.8392857142857143 0.04952380952380966
11 0.8342857142857143 0.07238095238095252 0.8014285714285714 0.07238095238095252 0.8014285714285714 0.09428571428571442 0.8342857142857143 0.09428571428571442
3 0.8228571428571428 0.06571428571428585 0.8 0.06571428571428585 0.8 0.07714285714285728 0.8228571428571428 0.07714285714285728
3 0.8235714285714286 0.056190476190476325 0.7921428571428571 0.056190476190476325 0.7921428571428571 0.07047619047619061 0.8235714285714286 0.07047619047619061
3 0.815 0.04857142857142871 0.7892857142857143 0.04857142857142871 0.7892857142857143 0.06571428571428585 0.815 0.06571428571428585
3 0.815 0.03904761904761918 0.7842857142857143 0.03904761904761917 0.7842857142857143 0.05333333333333346 0.815 0.05333333333333347
3 0.8085714285714286 0.03238095238095251 0.7821428571428571 0.0323809523809525 0.7821428571428571 0.0485714285714287 0.8085714285714286 0.04857142857142871
3 0.8057142857142857 0.023809523809523937 0.7771428571428571 0.023809523809523937 0.7771428571428571 0.04095238095238108 0.8057142857142857 0.04095238095238109
3 0.7957142857142857 0.02000000000000013 0.7735714285714286 0.02000000000000013 0.7735714285714286 0.033333333333333465 0.7957142857142857 0.03333333333333347
3 0.795 0.012380952380952508 0.7707142857142857 0.012380952380952506 0.7707142857142857 0.027619047619047748 0.795 0.027619047619047748
3 0.795 0.0038095238095239375 0.765 0.003809523809523935 0.765 0.02190476190476203 0.795 0.021904761904762034
3 0.79 0.055238095238095364 0.7585714285714286 0.05523809523809536 0.7585714285714286 0.07142857142857156 0.79 0.07142857142857156
3 0.7864285714285715 0.04666666666666679 0.7542857142857143 0.04666666666666679 0.7542857142857143 0.0647619047619049 0.7864285714285715 0.0647619047619049
3 0.7757142857142857 0.03333333333333346 0.7464285714285714 0.03333333333333346 0.7464285714285714 0.0504761904761906 0.7757142857142857 0.0504761904761906
3 0.7742857142857142 0.04000000000000012 0.7542857142857143 0.04000000000000012 0.7542857142857143 0.058095238095238214 0.7742857142857142 0.058095238095238214
3 0.7764285714285715 0.023809523809523933 0.7464285714285714 0.02380952380952393 0.7464285714285714 0.04095238095238107 0.7764285714285715 0.04095238095238107
3 0.7707142857142857 0.01714285714285727 0.7435714285714285 0.017142857142857265 0.7435714285714285 0.03714285714285726 0.7707142857142857 0.03714285714285726
3 0.7664285714285715 0.011428571428571552 0.7407142857142858 0.01142857142857155 0.7407142857142858 0.03142857142857155 0.7664285714285715 0.03142857142857155
3 0.7671428571428571 0.004761904761904885 0.7364285714285714 0.004761904761904882 0.7364285714285714 0.022857142857142982 0.7671428571428571 0.022857142857142985
3 0.7614285714285715 1.219398312865293e-16 0.7321428571428571 1.1954885420247972e-16 0.7321428571428571 0.017142857142857265 0.7614285714285715 0.017142857142857265
3 0.7192857142857143 0.032380952380952496 0.6935714285714286 0.03238095238095249 0.6935714285714286 0.05333333333333345 0.7192857142857143 0.053333333333333455
3 0.7135714285714285 0.027619047619047734 0.6878571428571428 0.027619047619047734 0.6878571428571428 0.040952380952381066 0.7135714285714285 0.04095238095238107
3 0.7142857142857143 0.019047619047619164 0.6842857142857143 0.019047619047619164 0.6842857142857143 0.03333333333333345 0.7142857142857143 0.03333333333333346
3 0.7114285714285714 0.011428571428571541 0.685 0.01142857142857154 0.685 0.02571428571428583 0.7114285714285714 0.02571428571428583
7 0.6728571428571428 0.006666666666666776 0.6692857142857143 0.006666666666666776 0.6692857142857143 0.01714285714285725 0.6728571428571428 0.01714285714285725