3 0.4442857142857143 0.2664974619289341 0.43 0.2664974619289341 0.43 0.3045685279187818 0.4442857142857143 0.3045685279187818
3 0.5328571428571428 0.1383248730964468 0.52 0.1383248730964468 0.52 0.17131979695431487 0.5328571428571428 0.17131979695431487
3 0.5185714285714286 0.08248730964467016 0.5071428571428571 0.08248730964467016 0.5071428571428571 0.11040609137055848 0.5185714285714286 0.11040609137055848
2 0.6 0.7474619289340102 0.565 0.7474619289340102 0.565 0.8934010152284264 0.6 0.8934010152284264
11 0.5092857142857142 0.6294416243654823 0.4907142857142857 0.6294416243654823 0.4907142857142857 0.7081218274111675 0.5092857142857142 0.7081218274111675
11 0.6457142857142857 0.4441624365482235 0.6257142857142857 0.4441624365482235 0.6257142857142857 0.5076142131979697 0.6457142857142857 0.5076142131979697
11 0.6864285714285714 0.25253807106598997 0.6542857142857142 0.25253807106598997 0.6542857142857142 0.28553299492385803 0.6864285714285714 0.28553299492385803
11 0.7478571428571429 0.24492385786802046 0.715 0.24492385786802046 0.715 0.2741116751269037 0.7478571428571429 0.2741116751269037
3 0.7892857142857143 0.2423857868020306 0.7585714285714286 0.2423857868020306 0.7585714285714286 0.26649746192893414 0.7892857142857143 0.26649746192893414
3 0.7928571428571428 0.2626903553299494 0.7635714285714286 0.2626903553299494 0.7635714285714286 0.2880710659898479 0.7928571428571428 0.2880710659898479
11 0.9164285714285715 0.2182741116751271 0.8828571428571429 0.2182741116751271 0.8828571428571429 0.2487309644670053 0.9164285714285715 0.2487309644670053
3 0.9871428571428571 0.3591370558375636 0.9471428571428572 0.3591370558375636 0.9471428571428572 0.38451776649746205 0.9871428571428571 0.38451776649746205
3 0.97 0.22715736040609158 0.9428571428571428 0.22715736040609158 0.9428571428571428 0.2487309644670053 0.97 0.2487309644670053
3 0.9435714285714286 0.2182741116751271 0.9178571428571428 0.2182741116751271 0.9178571428571428 0.23984771573604083 0.9435714285714286 0.23984771573604083
3 0.9814285714285714 0.2119289340101525 0.9492857142857143 0.2119289340101525 0.9492857142857143 0.23096446700507636 0.9814285714285714 0.23096446700507636
11 0.4357142857142857 0.03553299492385796 0.42428571428571427 0.03553299492385796 0.42428571428571427 0.06091370558375644 0.4357142857142857 0.06091370558375644
7 0.35642857142857143 0.21065989847715744 0.3514285714285714 0.21065989847715744 0.3514285714285714 0.2258883248730965 0.35642857142857143 0.2258883248730965
7 0.37785714285714284 0.09137055837563458 0.3742857142857143 0.09137055837563458 0.3742857142857143 0.1078680203045686 0.37785714285714284 0.1078680203045686
7 0.45 0.00761421319796964 0.4471428571428571 0.00761421319796964 0.4471428571428571 0.021573604060913805 0.45 0.021573604060913805
7 0.45357142857142857 0.01015228426395949 0.45 0.01015228426395949 0.45 0.02284263959390873 0.45357142857142857 0.02284263959390873
3 0.8121428571428572 0.5215736040609138 0.7892857142857143 0.5215736040609138 0.7892857142857143 0.569796954314721 0.8121428571428572 0.569796954314721