3 0.41857142857142865 0.8228571428571428 0.31928571428571434 0.8228571428571428 0.31928571428571434 1 0.41857142857142876 1
7 0.5535714285714286 0.8457142857142858 0.53 0.8457142857142858 0.53 0.8914285714285715 0.5535714285714287 0.8914285714285715
7 0.5964285714285715 0.8495238095238096 0.57 0.8495238095238096 0.5700000000000001 0.9 0.5964285714285716 0.9
7 0.5964285714285714 0.6638095238095238 0.5692857142857143 0.6638095238095238 0.5692857142857143 0.7295238095238096 0.5964285714285714 0.7295238095238096
7 0.5914285714285714 0.6028571428571429 0.5735714285714286 0.6028571428571429 0.5735714285714286 0.6695238095238095 0.5914285714285714 0.6695238095238095
7 0.6307142857142857 0.579047619047619 0.61 0.579047619047619 0.61 0.6409523809523809 0.6307142857142857 0.6409523809523809
7 0.6585714285714286 0.58 0.6371428571428571 0.58 0.6371428571428571 0.638095238095238 0.6585714285714286 0.638095238095238
3 0.8642857142857143 0.6609523809523812 0.6707142857142857 0.6609523809523812 0.6707142857142857 0.7866666666666668 0.8642857142857143 0.7866666666666668
3 0.8228571428571428 0.5590476190476191 0.6614285714285715 0.559047619047619 0.6614285714285715 0.6666666666666667 0.8228571428571428 0.6666666666666669
3 0.46714285714285714 0.5733333333333334 0.37785714285714284 0.5733333333333334 0.37785714285714284 0.8 0.46714285714285714 0.8
5 0.7742857142857142 0.3923809523809525 0.7364285714285714 0.3923809523809525 0.7364285714285714 0.44571428571428584 0.7742857142857142 0.44571428571428584
11 0.5028571428571429 0.3561904761904763 0.44357142857142856 0.3561904761904763 0.44357142857142856 0.4838095238095239 0.5028571428571429 0.4838095238095239
3 0.7557142857142857 0.2723809523809525 0.63 0.2723809523809525 0.63 0.3561904761904763 0.7557142857142857 0.3561904761904763
3 0.7535714285714286 0.22952380952380963 0.6407142857142857 0.22952380952380963 0.6407142857142857 0.2961904761904763 0.7535714285714286 0.2961904761904763
3 0.7514285714285714 0.18761904761904774 0.64 0.18761904761904774 0.64 0.24476190476190487 0.7514285714285714 0.24476190476190487
3 0.7421428571428571 0.14666666666666678 0.6471428571428571 0.14666666666666678 0.6471428571428571 0.20000000000000012 0.7421428571428571 0.20000000000000012
3 0.18000000000000005 0.4514285714285714 0.059285714285714324 0.4514285714285714 0.05928571428571434 0.6238095238095238 0.18000000000000005 0.6238095238095238
3 0.2478571428571429 0.3171428571428571 0.1485714285714286 0.3171428571428571 0.1485714285714286 0.4533333333333333 0.24785714285714294 0.4533333333333333
3 0.29928571428571427 0.22000000000000006 0.22428571428571428 0.22000000000000006 0.22428571428571428 0.32571428571428573 0.29928571428571427 0.32571428571428573
3 0.33214285714285713 0.1447619047619048 0.27214285714285713 0.1447619047619048 0.27214285714285713 0.21809523809523815 0.33214285714285713 0.21809523809523815
3 0.36 0.07809523809523815 0.30714285714285716 0.07809523809523815 0.30714285714285716 0.14857142857142863 0.36 0.14857142857142863
3 0.38857142857142857 0.02095238095238101 0.3442857142857143 0.020952380952381007 0.3442857142857143 0.08190476190476195 0.38857142857142857 0.08190476190476195
3 0.4042857142857143 0.0009523809523810154 0.36857142857142855 0.0009523809523810124 0.36857142857142855 0.0352380952380953 0.4042857142857143 0.035238095238095304
3 0.5592857142857143 8.887436770955077e-17 0.5292857142857142 8.642507411125607e-17 0.5292857142857142 0.03333333333333342 0.5592857142857143 0.03333333333333343
11 0.5464285714285714 0.06000000000000009 0.5121428571428571 0.06000000000000008 0.5121428571428571 0.1266666666666668 0.5464285714285714 0.1266666666666668
5 0.7121428571428572 0.03142857142857154 0.6828571428571428 0.031428571428571535 0.6828571428571428 0.06666666666666678 0.7121428571428572 0.06666666666666678
7 0.6078571428571429 0.019047619047619146 0.5985714285714285 0.019047619047619143 0.5985714285714285 0.06285714285714296 0.6078571428571429 0.06285714285714296
7 0.6564285714285715 0.09333333333333343 0.6421428571428571 0.09333333333333343 0.6421428571428571 0.1361904761904763 0.6564285714285715 0.1361904761904763
8 0.6892857142857143 0.0923809523809525 0.6728571428571428 0.0923809523809525 0.6728571428571428 0.1323809523809525 0.6892857142857143 0.1323809523809525
5 0.6878571428571428 0.08952380952380963 0.6742857142857143 0.08952380952380963 0.6742857142857143 0.1400000000000001 0.6878571428571428 0.1400000000000001