2 0.12928571428571436 0.6733333333333333 6.184466335694134e-17 0.6733333333333333 7.032971617960514e-17 0.8580952380952381 0.12928571428571436 0.8580952380952381
10 0.2357142857142858 0.5352380952380953 0.19357142857142864 0.5352380952380953 0.19357142857142864 0.6047619047619047 0.2357142857142858 0.6047619047619047
10 0.3185714285714286 0.43142857142857144 0.2692857142857143 0.43142857142857144 0.26928571428571435 0.5247619047619048 0.31857142857142867 0.5247619047619048
3 0.04428571428571434 0.5380952380952381 4.942324582273247e-17 0.5380952380952381 5.0822842164615156e-17 0.5685714285714286 0.04428571428571434 0.5685714285714286
10 0.5185714285714286 0.5447619047619048 0.5021428571428571 0.5447619047619048 0.5021428571428571 0.5904761904761905 0.5185714285714286 0.5904761904761905
10 0.49642857142857144 0.5276190476190477 0.4757142857142857 0.5276190476190477 0.4757142857142857 0.580952380952381 0.49642857142857144 0.580952380952381
10 0.5157142857142857 0.3476190476190477 0.49714285714285716 0.3476190476190477 0.49714285714285716 0.3933333333333334 0.5157142857142857 0.3933333333333334
10 0.5164285714285715 0.2847619047619049 0.4992857142857143 0.2847619047619049 0.4992857142857143 0.3333333333333334 0.5164285714285715 0.3333333333333334
10 0.5307142857142857 0.2485714285714287 0.5192857142857142 0.2485714285714287 0.5192857142857142 0.28095238095238106 0.5307142857142857 0.28095238095238106
10 0.5192857142857142 0.22476190476190486 0.5078571428571429 0.22476190476190486 0.5078571428571429 0.2580952380952382 0.5192857142857142 0.2580952380952382
10 0.5178571428571429 0.1800000000000001 0.5092857142857142 0.1800000000000001 0.5092857142857142 0.20285714285714296 0.5178571428571429 0.20285714285714296
10 0.5185714285714286 0.1361904761904763 0.5128571428571429 0.1361904761904763 0.5128571428571429 0.14666666666666678 0.5185714285714286 0.14666666666666678
10 0.49214285714285716 0.11904761904761912 0.48714285714285716 0.11904761904761912 0.48714285714285716 0.13047619047619052 0.49214285714285716 0.13047619047619052
3 0.18571428571428572 0.38857142857142857 0.1578571428571429 0.38857142857142857 0.1578571428571429 0.4076190476190476 0.18571428571428572 0.4076190476190476
3 0.3242857142857143 0.39904761904761904 0.30857142857142855 0.39904761904761904 0.30857142857142855 0.42 0.3242857142857143 0.42
3 0.3842857142857143 0.3142857142857144 0.37214285714285716 0.3142857142857144 0.37214285714285716 0.3304761904761906 0.3842857142857143 0.3304761904761906
3 0.5207142857142857 0.20857142857142869 0.5164285714285715 0.20857142857142869 0.5164285714285715 0.21428571428571438 0.5207142857142857 0.21428571428571438
3 0.21 0.3676190476190476 0.18571428571428572 0.3676190476190476 0.18571428571428572 0.3819047619047619 0.21 0.3819047619047619
3 0.17500000000000004 0.3352380952380952 0.1585714285714286 0.3352380952380952 0.1585714285714286 0.35333333333333333 0.17500000000000004 0.35333333333333333
3 0.15142857142857147 0.4123809523809524 0.1178571428571429 0.4123809523809524 0.1178571428571429 0.42952380952380953 0.15142857142857147 0.42952380952380953
3 0.19714285714285715 0.3314285714285714 0.18142857142857147 0.3314285714285714 0.18142857142857147 0.3485714285714286 0.19714285714285715 0.3485714285714286
3 0.1628571428571429 0.4038095238095238 0.13071428571428576 0.4038095238095238 0.13071428571428576 0.42 0.1628571428571429 0.42
3 0.225 0.35714285714285715 0.19857142857142857 0.35714285714285715 0.19857142857142857 0.37333333333333335 0.225 0.37333333333333335
3 0.23357142857142857 0.3504761904761905 0.21 0.3504761904761905 0.21 0.36666666666666664 0.23357142857142857 0.36666666666666664
3 0.08428571428571432 0.5019047619047619 0.042857142857142906 0.5019047619047619 0.042857142857142906 0.5285714285714286 0.08428571428571432 0.5285714285714286
3 0.0328571428571429 0.4580952380952381 4.2075365027848356e-17 0.4580952380952381 4.3212537055628036e-17 0.4828571428571429 0.0328571428571429 0.4828571428571429
4 0.06571428571428575 0.4380952380952381 0.04500000000000004 0.4380952380952381 0.04500000000000004 0.46285714285714286 0.06571428571428575 0.46285714285714286
5 0.22428571428571437 0.5171428571428571 0.2164285714285715 0.5171428571428571 0.2164285714285715 0.5323809523809524 0.22428571428571437 0.5323809523809524
8 0.22357142857142864 0.5161904761904762 0.21714285714285722 0.5161904761904762 0.21714285714285722 0.5276190476190477 0.22357142857142864 0.5276190476190477
11 0.37642857142857145 0.3457142857142858 0.36142857142857143 0.3457142857142858 0.36142857142857143 0.36666666666666675 0.37642857142857145 0.36666666666666675
3 0.4157142857142857 0.2800000000000001 0.4064285714285714 0.2800000000000001 0.4064285714285714 0.2942857142857144 0.4157142857142857 0.2942857142857144
3 0.5285714285714286 0.3009523809523811 0.5214285714285715 0.3009523809523811 0.5214285714285715 0.31142857142857155 0.5285714285714286 0.31142857142857155
5 0.5464285714285714 0.6409523809523809 0.5392857142857143 0.6409523809523809 0.5392857142857143 0.66 0.5464285714285714 0.66
8 0.5478571428571428 0.6409523809523809 0.5392857142857143 0.6409523809523809 0.5392857142857143 0.6552380952380953 0.5478571428571428 0.6552380952380953
7 0.5757142857142857 0.5114285714285715 0.5728571428571428 0.5114285714285715 0.5728571428571428 0.5238095238095238 0.5757142857142857 0.5238095238095238
6 0.3571428571428572 0.6304761904761905 0.2614285714285715 0.6304761904761905 0.2614285714285715 0.7733333333333333 0.3571428571428572 0.7733333333333333
3 0.4092857142857143 0.15333333333333338 0.3992857142857143 0.15333333333333338 0.3992857142857143 0.16285714285714292 0.4092857142857143 0.16285714285714292
3 0.5085714285714286 0.13809523809523822 0.5035714285714286 0.13809523809523822 0.5035714285714286 0.14285714285714296 0.5085714285714286 0.14285714285714296
3 0.4785714285714286 0.1057142857142858 0.4757142857142857 0.1057142857142858 0.4757142857142857 0.1095238095238096 0.4785714285714286 0.1095238095238096
10 0.5028571428571429 0.1314285714285715 0.4942857142857143 0.13142857142857148 0.4942857142857143 0.14000000000000007 0.5028571428571429 0.1400000000000001
3 0.5178571428571429 0.17333333333333345 0.5128571428571429 0.17333333333333345 0.5128571428571429 0.18095238095238106 0.5178571428571429 0.18095238095238106
6 0.575 0.12571428571428583 0.56 0.12571428571428583 0.56 0.17904761904761915 0.575 0.17904761904761915
4 0.53 0.1542857142857144 0.5192857142857142 0.1542857142857144 0.5192857142857142 0.19714285714285726 0.53 0.19714285714285726
11 0.6185714285714285 0.1980952380952382 0.6042857142857143 0.1980952380952382 0.6042857142857143 0.20571428571428582 0.6185714285714285 0.20571428571428582
10 0.7392857142857143 0.2542857142857144 0.7271428571428571 0.2542857142857144 0.7271428571428571 0.2695238095238096 0.7392857142857143 0.2695238095238096
6 0.9942857142857143 0.23428571428571446 0.9692857142857143 0.23428571428571446 0.9692857142857143 0.26190476190476203 0.9942857142857143 0.26190476190476203
4 0.44785714285714284 0.20000000000000007 0.44142857142857145 0.20000000000000007 0.44142857142857145 0.20952380952380958 0.44785714285714284 0.20952380952380958
4 0.465 0.16952380952380958 0.4607142857142857 0.16952380952380958 0.4607142857142857 0.17809523809523814 0.465 0.17809523809523814
4 0.6035714285714285 0.14095238095238105 0.5871428571428572 0.14095238095238105 0.5871428571428572 0.16190476190476202 0.6035714285714285 0.16190476190476202
4 0.38642857142857145 0.1514285714285715 0.37857142857142856 0.1514285714285715 0.37857142857142856 0.16857142857142862 0.38642857142857145 0.16857142857142862