3 0.4335000000000001 0.84 0.2905000000000001 0.84 0.2905000000000001 0.9413333333333334 0.4335000000000001 0.9413333333333334
10 0.3915000000000001 0.7193333333333334 0.19050000000000006 0.7193333333333334 0.19050000000000006 0.9013333333333333 0.3915000000000001 0.9013333333333333
3 0.3555000000000001 0.7226666666666667 0.23650000000000004 0.7226666666666667 0.23650000000000004 0.8066666666666666 0.3555000000000001 0.8066666666666666
3 0.3695000000000001 0.6613333333333333 0.24050000000000005 0.6613333333333333 0.24050000000000005 0.7526666666666667 0.3695000000000001 0.7526666666666667
3 0.38950000000000007 0.6153333333333333 0.271 0.6153333333333333 0.2710000000000001 0.682 0.3895000000000001 0.682
11 0.2875 0.524 0.20800000000000005 0.524 0.20800000000000005 0.6133333333333333 0.2875 0.6133333333333333
11 0.3345 0.4553333333333333 0.24600000000000005 0.4553333333333333 0.24600000000000005 0.5173333333333333 0.3345 0.5173333333333333
3 0.325 0.434 0.25050000000000006 0.434 0.25050000000000006 0.476 0.325 0.476
3 0.289 0.422 0.20850000000000005 0.422 0.20850000000000005 0.46066666666666667 0.289 0.46066666666666667
3 0.24800000000000005 0.3893333333333333 0.18900000000000006 0.3893333333333333 0.18900000000000006 0.424 0.24800000000000005 0.424
3 0.323 0.386 0.2855 0.386 0.2855 0.42533333333333334 0.323 0.42533333333333334
7 0.16850000000000007 0.37333333333333335 0.15600000000000006 0.37333333333333335 0.15600000000000006 0.408 0.16850000000000007 0.408
7 0.17250000000000007 0.36733333333333335 0.15900000000000006 0.36733333333333335 0.15900000000000006 0.39866666666666667 0.17250000000000007 0.39866666666666667
3 0.258 0.32800000000000007 0.23350000000000007 0.32800000000000007 0.23350000000000007 0.36666666666666664 0.258 0.36666666666666664
3 0.299 0.32400000000000007 0.2705 0.32400000000000007 0.2705 0.36 0.299 0.36
1 0.292 0.3586666666666667 0.2705 0.3586666666666667 0.2705 0.38066666666666665 0.292 0.38066666666666665
8 0.2865 0.34933333333333333 0.2745 0.34933333333333333 0.2745 0.37533333333333335 0.2865 0.37533333333333335
11 0.3145 0.2900000000000001 0.288 0.2900000000000001 0.288 0.3333333333333334 0.3145 0.3333333333333334
1 0.22050000000000006 0.3333333333333333 0.20600000000000004 0.3333333333333333 0.20600000000000004 0.35333333333333333 0.22050000000000006 0.35333333333333333
5 0.21450000000000005 0.3546666666666667 0.20850000000000005 0.3546666666666667 0.20850000000000005 0.368 0.21450000000000005 0.368
8 0.21300000000000005 0.3506666666666667 0.20700000000000005 0.3506666666666667 0.20700000000000005 0.368 0.21300000000000005 0.368
9 0.18500000000000003 0.30733333333333335 0.169 0.30733333333333335 0.16900000000000004 0.33266666666666667 0.18500000000000005 0.33266666666666667
10 0.284 0.2953333333333334 0.202 0.29533333333333334 0.20200000000000004 0.34 0.284 0.3400000000000001
11 0.277 0.28866666666666674 0.233 0.28866666666666674 0.23300000000000004 0.31600000000000006 0.277 0.31600000000000006
10 0.2745 0.2533333333333334 0.2465 0.2533333333333334 0.2465 0.2860000000000001 0.2745 0.2860000000000001
3 0.3235 0.2686666666666667 0.295 0.2686666666666667 0.295 0.29866666666666675 0.3235 0.29866666666666675
3 0.245 0.25533333333333336 0.1965 0.25533333333333336 0.1965 0.2793333333333334 0.245 0.27933333333333343
3 0.2415 0.2706666666666667 0.188 0.27066666666666667 0.188 0.2913333333333334 0.2415 0.2913333333333334
3 0.238 0.28400000000000003 0.188 0.284 0.188 0.30400000000000005 0.238 0.3040000000000001
3 0.2235 0.254 0.183 0.254 0.183 0.27666666666666667 0.2235 0.27666666666666667
3 0.2575 0.23333333333333336 0.215 0.23333333333333334 0.215 0.26000000000000006 0.2575 0.26000000000000006
3 0.221 0.22666666666666666 0.177 0.22666666666666666 0.177 0.25333333333333335 0.221 0.25333333333333335
3 0.25 0.22200000000000003 0.2125 0.222 0.2125 0.2406666666666667 0.25 0.24066666666666675
3 0.217 0.214 0.176 0.214 0.176 0.236 0.217 0.236
10 0.229 0.18666666666666668 0.1595 0.18666666666666668 0.1595 0.22133333333333333 0.229 0.22133333333333333
10 0.2345 0.20533333333333337 0.193 0.20533333333333334 0.193 0.2266666666666667 0.2345 0.22666666666666674
11 0.2395 0.18333333333333338 0.2265 0.18333333333333332 0.2265 0.20800000000000005 0.2395 0.20800000000000007
3 0.238 0.14600000000000005 0.2245 0.14600000000000005 0.2245 0.1626666666666667 0.238 0.1626666666666667
11 0.208 0.12000000000000004 0.1975 0.12000000000000004 0.1975 0.1346666666666667 0.208 0.1346666666666667
11 0.209 0.11000000000000004 0.2 0.11000000000000004 0.2 0.1226666666666667 0.209 0.1226666666666667
3 0.2055 0.10333333333333337 0.1955 0.10333333333333337 0.1955 0.11200000000000004 0.2055 0.11200000000000004
4 0.1745 0.14200000000000004 0.1575 0.14200000000000004 0.1575 0.17466666666666666 0.1745 0.17466666666666666
2 0.198 0.11000000000000004 0.174 0.11000000000000004 0.174 0.13666666666666671 0.198 0.13666666666666671
3 0.191 0.04133333333333336 0.1805 0.04133333333333336 0.1805 0.04600000000000004 0.191 0.04600000000000004
7 0.2155 0.11600000000000003 0.2125 0.11600000000000003 0.2125 0.1266666666666667 0.2155 0.1266666666666667
5 0.212 0.10200000000000004 0.209 0.10200000000000004 0.209 0.10933333333333337 0.212 0.10933333333333337
8 0.211 0.09933333333333337 0.209 0.09933333333333337 0.209 0.10600000000000004 0.211 0.10600000000000004
5 0.214 0.08800000000000004 0.2115 0.08800000000000004 0.2115 0.0946666666666667 0.214 0.0946666666666667
8 0.214 0.08533333333333337 0.211 0.08533333333333337 0.211 0.0926666666666667 0.214 0.0926666666666667
3 0.2445 0.10600000000000004 0.2315 0.10600000000000004 0.2315 0.11600000000000003 0.2445 0.11600000000000003
3 0.2585 0.10533333333333338 0.242 0.10533333333333338 0.242 0.11400000000000003 0.2585 0.11400000000000003
3 0.2545 0.09933333333333337 0.2365 0.09933333333333337 0.2365 0.10800000000000004 0.2545 0.10800000000000004
3 0.2525 0.09600000000000004 0.2335 0.09600000000000004 0.2335 0.10400000000000004 0.2525 0.10400000000000004
11 0.2485 0.0886666666666667 0.232 0.0886666666666667 0.232 0.09866666666666671 0.2485 0.09866666666666671
3 0.2435 0.09133333333333338 0.2295 0.09133333333333338 0.2295 0.09800000000000003 0.2435 0.09800000000000003
3 0.241 0.09000000000000004 0.228 0.09000000000000004 0.228 0.09733333333333337 0.241 0.09733333333333337
11 0.232 0.08200000000000003 0.222 0.08200000000000003 0.222 0.09200000000000004 0.232 0.09200000000000004
10 0.233 0.06933333333333337 0.216 0.06933333333333337 0.216 0.08266666666666671 0.233 0.08266666666666671
3 0.2235 0.06533333333333337 0.218 0.06533333333333337 0.218 0.07133333333333337 0.2235 0.07133333333333337
4 0.213 0.0366666666666667 0.1935 0.036666666666666695 0.1935 0.06533333333333337 0.213 0.06533333333333337
3 0.254 0.11800000000000004 0.241 0.11800000000000004 0.241 0.1306666666666667 0.254 0.1306666666666667
7 0.249 0.11333333333333337 0.2465 0.11333333333333337 0.2465 0.12133333333333338 0.249 0.12133333333333338
8 0.2605 0.11533333333333337 0.258 0.11533333333333337 0.258 0.12333333333333338 0.2605 0.12333333333333338
3 0.261 0.13200000000000003 0.243 0.13200000000000003 0.243 0.14200000000000004 0.261 0.14200000000000004
3 0.268 0.13333333333333336 0.2475 0.13333333333333336 0.2475 0.14600000000000005 0.268 0.14600000000000005
3 0.288 0.13600000000000004 0.2645 0.13600000000000004 0.2645 0.14533333333333337 0.288 0.14533333333333337
11 0.274 0.13600000000000004 0.254 0.13600000000000004 0.254 0.1506666666666667 0.274 0.1506666666666667
11 0.28 0.13866666666666672 0.259 0.13866666666666672 0.259 0.15133333333333338 0.28 0.15133333333333338
3 0.284 0.1426666666666667 0.256 0.1426666666666667 0.256 0.15600000000000003 0.284 0.15600000000000003
3 0.2845 0.1486666666666667 0.2545 0.1486666666666667 0.2545 0.16333333333333336 0.2845 0.16333333333333336
11 0.2925 0.1526666666666667 0.2655 0.1526666666666667 0.2655 0.17000000000000004 0.2925 0.17000000000000004
3 0.2915 0.16000000000000003 0.2685 0.16000000000000003 0.2685 0.17466666666666675 0.2915 0.17466666666666675
10 0.2985 0.16866666666666671 0.271 0.16866666666666671 0.271 0.18266666666666675 0.2985 0.18266666666666675
10 0.3245 0.16000000000000003 0.2795 0.16000000000000003 0.2795 0.1913333333333334 0.3245 0.1913333333333334
3 0.2715 0.1793333333333334 0.254 0.1793333333333334 0.254 0.19600000000000006 0.2715 0.19600000000000006
8 0.3495 0.20866666666666675 0.344 0.20866666666666675 0.344 0.22000000000000008 0.3495 0.22000000000000008
3 0.31 0.1913333333333334 0.285 0.1913333333333334 0.285 0.20666666666666675 0.31 0.20666666666666675
11 0.321 0.1913333333333334 0.2915 0.1913333333333334 0.2915 0.21400000000000008 0.321 0.21400000000000008
3 0.8305 0.8053333333333333 0.726 0.8053333333333333 0.726 0.9553333333333334 0.8305 0.9553333333333334
11 0.777 0.7006666666666667 0.664 0.7006666666666667 0.664 0.834 0.777 0.834
1 0.8315 0.7533333333333333 0.796 0.7533333333333333 0.796 0.7973333333333333 0.8315 0.7973333333333333
10 0.688 0.5740000000000002 0.596 0.5740000000000002 0.596 0.716 0.688 0.716
3 0.648 0.5660000000000002 0.565 0.5660000000000002 0.565 0.6646666666666668 0.648 0.6646666666666668
9 0.567 0.5493333333333335 0.5245 0.5493333333333335 0.5245 0.5800000000000002 0.567 0.5800000000000002
3 0.6575 0.5346666666666668 0.6385 0.5346666666666668 0.6385 0.5746666666666668 0.6575 0.5746666666666668
5 0.572 0.44533333333333347 0.5605 0.44533333333333347 0.5605 0.4766666666666668 0.572 0.4766666666666668
3 0.4565 0.358 0.4155 0.358 0.4155 0.3993333333333333 0.4565 0.3993333333333333
3 0.3935 0.30466666666666675 0.3645 0.30466666666666675 0.3645 0.3466666666666667 0.3935 0.3466666666666667
11 0.416 0.30266666666666675 0.3865 0.30266666666666675 0.3865 0.3386666666666667 0.416 0.3386666666666667
3 0.3955 0.2893333333333334 0.3565 0.2893333333333334 0.3565 0.3153333333333334 0.3955 0.3153333333333334
11 0.3775 0.26800000000000007 0.3415 0.26800000000000007 0.3415 0.3013333333333334 0.3775 0.3013333333333334
3 0.3835 0.25200000000000006 0.339 0.25200000000000006 0.339 0.2800000000000001 0.3835 0.2800000000000001
11 0.3395 0.2073333333333334 0.3085 0.2073333333333334 0.3085 0.23066666666666674 0.3395 0.23066666666666674
11 0.3335 0.17333333333333342 0.2955 0.17333333333333342 0.2955 0.19533333333333341 0.3335 0.19533333333333341
10 0.4075 0.1493333333333334 0.366 0.1493333333333334 0.366 0.17800000000000007 0.4075 0.17800000000000007
3 0.416 0.18600000000000008 0.405 0.18600000000000008 0.405 0.20333333333333342 0.416 0.20333333333333342
3 0.458 0.20333333333333342 0.4355 0.20333333333333342 0.4355 0.22266666666666673 0.458 0.22266666666666673
5 0.473 0.21200000000000008 0.4685 0.21200000000000008 0.4685 0.22733333333333341 0.473 0.22733333333333341
11 0.495 0.23266666666666674 0.457 0.23266666666666674 0.457 0.2593333333333334 0.495 0.2593333333333334
3 0.523 0.22000000000000008 0.5065 0.22000000000000008 0.5065 0.24000000000000007 0.523 0.24000000000000007
11 0.544 0.21400000000000008 0.529 0.21400000000000008 0.529 0.23533333333333342 0.544 0.23533333333333342
11 0.5415 0.23333333333333342 0.508 0.23333333333333342 0.508 0.25866666666666677 0.5415 0.25866666666666677
3 0.5455 0.25600000000000006 0.509 0.25600000000000006 0.509 0.2766666666666667 0.5455 0.2766666666666667
3 0.9845 0.5480000000000002 0.882 0.5480000000000002 0.882 0.6160000000000001 0.9845 0.6160000000000001
3 0.925 0.5060000000000001 0.8225 0.5060000000000001 0.8225 0.5693333333333335 0.925 0.5693333333333335
3 0.845 0.46000000000000013 0.778 0.46000000000000013 0.778 0.5046666666666668 0.845 0.5046666666666668
11 0.8175 0.43200000000000016 0.7505 0.43200000000000016 0.7505 0.4813333333333335 0.8175 0.4813333333333335