3 0.6894572025052192 0.23654916512059385 0.675365344467641 0.23654916512059385 0.675365344467641 0.2597402597402598 0.6894572025052192 0.2597402597402598
7 0.03966597077244263 0.6382189239332097 0.027661795407098167 0.6382189239332097 0.027661795407098167 0.6651205936920223 0.03966597077244263 0.6651205936920223
7 0.04436325678496873 0.6317254174397031 0.032359081419624264 0.6317254174397031 0.032359081419624264 0.6558441558441559 0.04436325678496873 0.6558441558441559
5 0.050104384133611735 0.6484230055658627 0.03705636743215036 0.6484230055658627 0.03705636743215036 0.6771799628942486 0.050104384133611735 0.6771799628942486
3 0.08872651356993741 0.6307977736549165 0.04801670146137792 0.6307977736549165 0.04801670146137792 0.6910946196660482 0.08872651356993742 0.6910946196660482
3 0.09394572025052197 0.7161410018552876 0.03549060542797499 0.7161410018552876 0.035490605427975 0.761595547309833 0.09394572025052197 0.761595547309833
5 0.1539665970772443 0.5769944341372912 0.14300626304801675 0.5769944341372912 0.14300626304801675 0.5955473098330241 0.1539665970772443 0.5955473098330241
7 0.1852818371607516 0.5584415584415584 0.17849686847599172 0.5584415584415584 0.17849686847599172 0.5862708719851577 0.1852818371607516 0.5862708719851577
8 0.2578288100208769 0.5853432282003711 0.2505219206680585 0.5853432282003711 0.2505219206680585 0.6057513914656771 0.2578288100208769 0.6057513914656771
8 0.16022964509394577 0.6790352504638218 0.1529227557411274 0.6790352504638218 0.1529227557411274 0.7068645640074211 0.16022964509394577 0.7068645640074211
8 0.16858037578288107 0.6697588126159555 0.15814196242171197 0.6697588126159555 0.15814196242171197 0.6966604823747681 0.16858037578288107 0.6966604823747681
7 0.17118997912317332 0.6558441558441559 0.1612734864300627 0.6558441558441559 0.1612734864300627 0.6846011131725418 0.17118997912317332 0.6846011131725418
5 0.3220250521920668 0.5797773654916512 0.30845511482254695 0.5797773654916512 0.30845511482254695 0.6001855287569573 0.3220250521920668 0.6001855287569573
5 0.5099164926931107 0.5853432282003713 0.5010438413361169 0.5853432282003713 0.5010438413361169 0.6131725417439705 0.5099164926931107 0.6131725417439705
5 0.5276617954070981 0.5890538033395178 0.517223382045929 0.5890538033395178 0.517223382045929 0.6178107606679037 0.5276617954070981 0.6178107606679037
5 0.6414405010438413 0.6103896103896106 0.6346555323590815 0.6103896103896106 0.6346555323590815 0.6382189239332099 0.6414405010438413 0.6382189239332099
0 0.6591858037578288 0.5899814471243044 0.6383089770354906 0.5899814471243044 0.6383089770354906 0.6372912801484232 0.6591858037578288 0.6372912801484232
0 0.6737995824634656 0.5825602968460113 0.6539665970772442 0.5825602968460113 0.6539665970772442 0.6372912801484232 0.6737995824634656 0.6372912801484232
5 0.6774530271398748 0.5899814471243044 0.6680584551148225 0.5899814471243044 0.6680584551148225 0.6215213358070503 0.6774530271398748 0.6215213358070503
7 0.7019832985386222 0.6131725417439705 0.6936325678496869 0.6131725417439705 0.6936325678496869 0.6410018552875698 0.7019832985386222 0.6410018552875698
5 0.7593945720250522 0.6474953617810763 0.7416492693110647 0.6474953617810763 0.7416492693110647 0.674397031539889 0.7593945720250522 0.674397031539889
0 0.6811064718162839 0.6669758812615958 0.6518789144050104 0.6669758812615958 0.6518789144050104 0.7105751391465679 0.6811064718162839 0.7105751391465679
8 0.6638830897703549 0.6873840445269018 0.6534446764091858 0.6873840445269018 0.6534446764091858 0.7059369202226348 0.6638830897703549 0.7059369202226348
5 0.8716075156576201 0.596474953617811 0.8528183716075156 0.596474953617811 0.8528183716075156 0.622448979591837 0.8716075156576201 0.622448979591837
5 0.9086638830897703 0.5992578849721709 0.8935281837160751 0.5992578849721709 0.8935281837160751 0.6243042671614102 0.9086638830897703 0.6243042671614102
5 0.9097077244258872 0.5909090909090912 0.8950939457202505 0.5909090909090912 0.8950939457202505 0.6205936920222637 0.9097077244258872 0.6205936920222637
11 0.9050104384133612 0.6539888682745828 0.8590814196242171 0.6539888682745828 0.8590814196242171 0.7189239332096478 0.9050104384133612 0.7189239332096478
11 0.8783924843423799 0.5983302411873842 0.8423799582463466 0.5983302411873842 0.8423799582463466 0.661410018552876 0.8783924843423799 0.661410018552876
11 0.8559498956158664 0.6066790352504641 0.8194154488517745 0.6066790352504641 0.8194154488517745 0.6716141001855289 0.8559498956158664 0.6716141001855289
3 0.8846555323590815 0.6762523191094622 0.8392484342379958 0.6762523191094622 0.8392484342379958 0.7411873840445271 0.8846555323590815 0.7411873840445271
3 0.923277661795407 0.8812615955473101 0.8502087682672234 0.8812615955473101 0.8502087682672234 0.9517625231910947 0.923277661795407 0.9517625231910947
11 0.7447807933194155 0.8654916512059372 0.6805845511482255 0.8654916512059372 0.6805845511482255 0.9341372912801487 0.7447807933194155 0.9341372912801487
3 0.7306889352818372 0.6196660482374771 0.7025052192066806 0.6196660482374771 0.7025052192066806 0.6873840445269018 0.7306889352818372 0.6873840445269018
3 0.7150313152400835 0.661410018552876 0.6758872651356994 0.661410018552876 0.6758872651356994 0.7402597402597405 0.7150313152400835 0.7402597402597405
11 0.6539665970772442 0.6493506493506496 0.627348643006263 0.6493506493506496 0.627348643006263 0.7346938775510207 0.6539665970772442 0.7346938775510207
11 0.6299582463465553 0.6474953617810763 0.6090814196242171 0.6474953617810763 0.6090814196242171 0.7300556586270874 0.6299582463465553 0.7300556586270874
11 0.6143006263048016 0.6539888682745828 0.587160751565762 0.6539888682745828 0.587160751565762 0.7374768089053806 0.6143006263048016 0.7374768089053806
3 0.5819415448851775 0.6595547309833026 0.5563674321503131 0.6595547309833026 0.5563674321503131 0.7384044526901672 0.5819415448851775 0.7384044526901672
3 0.49373695198329853 0.653061224489796 0.46659707724425886 0.6530612244897959 0.46659707724425886 0.7244897959183675 0.49373695198329853 0.7244897959183676
3 0.33924843423799583 0.62708719851577 0.2974947807933194 0.62708719851577 0.2974947807933194 0.6790352504638218 0.33924843423799583 0.6790352504638218
3 0.26304801670146144 0.6252319109461967 0.23068893528183723 0.6252319109461967 0.23068893528183723 0.6883116883116883 0.26304801670146144 0.6883116883116883
3 0.3001043841336117 0.5797773654916512 0.2708768267223382 0.5797773654916512 0.2708768267223382 0.6549165120593692 0.3001043841336117 0.6549165120593692
3 0.22286012526096038 0.5871985157699443 0.18841336116910234 0.5871985157699443 0.18841336116910234 0.6512059369202227 0.22286012526096038 0.6512059369202227
3 0.16858037578288107 0.6539888682745826 0.10647181628392491 0.6539888682745826 0.10647181628392491 0.712430426716141 0.16858037578288107 0.712430426716141
3 0.1424843423799583 0.5871985157699443 0.10438413361169105 0.5871985157699443 0.10438413361169106 0.6558441558441559 0.1424843423799583 0.6558441558441559
3 0.3068893528183716 0.6660482374768089 0.272964509394572 0.6660482374768089 0.272964509394572 0.7282003710575139 0.3068893528183716 0.7282003710575139
3 0.4305845511482255 0.8580705009276438 0.3653444676409186 0.8580705009276438 0.36534446764091866 0.9257884972170687 0.4305845511482256 0.9257884972170687
3 0.48799582463465563 0.8636363636363638 0.43475991649269324 0.8636363636363636 0.43475991649269324 0.9341372912801486 0.48799582463465563 0.9341372912801487
11 0.44154488517745305 0.6205936920222634 0.41283924843423797 0.6205936920222634 0.41283924843423797 0.6846011131725418 0.44154488517745305 0.6846011131725418
11 0.4780793319415449 0.5816326530612245 0.447286012526096 0.5816326530612245 0.447286012526096 0.6456400742115028 0.4780793319415449 0.6456400742115028
11 0.24164926931106478 0.5974025974025974 0.21294363256784973 0.5974025974025974 0.21294363256784973 0.6539888682745826 0.24164926931106478 0.6539888682745826
10 0.11064718162839254 0.8552875695732839 0.04749478079331947 0.8552875695732839 0.04749478079331947 0.9276437847866419 0.11064718162839254 0.9276437847866419
5 0.7766179540709812 0.11688311688311705 0.774008350730689 0.11688311688311705 0.774008350730689 0.12523191094619682 0.7766179540709812 0.12523191094619682
5 0.7687891440501043 0.11502782931354376 0.7646137787056367 0.11502782931354376 0.7646137787056367 0.1270871985157701 0.7687891440501043 0.1270871985157701
5 0.7860125260960334 0.11410018552875711 0.7813152400835073 0.11410018552875711 0.7813152400835073 0.1270871985157701 0.7860125260960334 0.1270871985157701
5 0.7813152400835073 0.11688311688311705 0.7771398747390397 0.11688311688311705 0.7771398747390397 0.1289424860853434 0.7813152400835073 0.1289424860853434
0 0.7954070981210856 0.11131725417439721 0.7865344467640919 0.1113172541743972 0.7865344467640919 0.1289424860853434 0.7954070981210856 0.1289424860853434
7 0.7332985386221295 0.10760667903525062 0.7291231732776617 0.10760667903525062 0.7291231732776617 0.12152133580705025 0.7332985386221295 0.12152133580705025
7 0.7118997912317327 0.2476808905380335 0.7082463465553236 0.2476808905380335 0.7082463465553236 0.26252319109461975 0.7118997912317327 0.26252319109461975
8 0.7171189979123174 0.2504638218923934 0.7118997912317327 0.2504638218923934 0.7118997912317327 0.26252319109461975 0.7171189979123174 0.26252319109461975
8 0.7098121085594989 0.24860853432282015 0.7056367432150313 0.24860853432282015 0.7056367432150313 0.26159554730983314 0.7098121085594989 0.26159554730983314
3 0.5808977035490606 0.6029684601113174 0.5579331941544885 0.6029684601113174 0.5579331941544885 0.6586270871985159 0.5808977035490606 0.6586270871985159