3 0.3057142857142857 0.2868020304568529 0.2764285714285714 0.2868020304568529 0.2764285714285714 0.32360406091370564 0.3057142857142857 0.32360406091370564
11 0.3535714285714286 0.2461928934010153 0.34214285714285714 0.2461928934010153 0.34214285714285714 0.2918781725888326 0.3535714285714286 0.2918781725888326
11 0.37214285714285716 0.23730964467005083 0.36 0.23730964467005083 0.36 0.2880710659898478 0.37214285714285716 0.2880710659898478
11 0.3871428571428571 0.23857868020304576 0.375 0.23857868020304576 0.375 0.2855329949238579 0.3871428571428571 0.2855329949238579
11 0.4164285714285714 0.22335025380710666 0.4035714285714286 0.22335025380710666 0.4035714285714286 0.27538071065989855 0.4164285714285714 0.27538071065989855
3 0.4328571428571429 0.23223350253807115 0.42142857142857143 0.23223350253807115 0.42142857142857143 0.27538071065989855 0.4328571428571429 0.27538071065989855
3 0.7228571428571429 0.9644670050761425 0.6907142857142857 0.9644670050761425 0.6907142857142857 0.9987309644670054 0.7228571428571429 0.9987309644670054
3 0.7564285714285715 0.9581218274111678 0.7264285714285714 0.9581218274111678 0.7264285714285714 0.9987309644670054 0.7564285714285715 0.9987309644670054
11 0.7228571428571429 0.9124365482233505 0.6885714285714286 0.9124365482233505 0.6885714285714286 0.9644670050761425 0.7228571428571429 0.9644670050761425
11 0.6828571428571428 0.8654822335025382 0.6521428571428571 0.8654822335025381 0.6521428571428571 0.9124365482233504 0.6828571428571428 0.9124365482233505
11 0.6171428571428571 0.748730964467005 0.595 0.748730964467005 0.595 0.7969543147208121 0.6171428571428571 0.7969543147208121
3 0.6221428571428571 0.6776649746192893 0.6057142857142858 0.6776649746192893 0.6057142857142858 0.7347715736040609 0.6221428571428571 0.7347715736040609
11 0.7135714285714285 0.7284263959390865 0.6807142857142857 0.7284263959390865 0.6807142857142857 0.7563451776649749 0.7135714285714285 0.7563451776649749
11 0.7107142857142857 0.7005076142131983 0.6764285714285714 0.7005076142131983 0.6764285714285714 0.7309644670050764 0.7107142857142857 0.7309644670050764
11 0.7114285714285714 0.6675126903553302 0.6757142857142857 0.6675126903553302 0.6757142857142857 0.6992385786802033 0.7114285714285714 0.6992385786802033
3 0.7035714285714286 0.635786802030457 0.6692857142857143 0.635786802030457 0.6692857142857143 0.6662436548223353 0.7035714285714286 0.6662436548223353
11 0.6971428571428572 0.6078680203045687 0.6635714285714286 0.6078680203045687 0.6635714285714286 0.635786802030457 0.6971428571428572 0.635786802030457
3 0.6928571428571428 0.5774111675126905 0.66 0.5774111675126905 0.66 0.6078680203045687 0.6928571428571428 0.6078680203045687
11 0.7007142857142857 0.5456852791878174 0.6721428571428572 0.5456852791878174 0.6721428571428572 0.5723350253807108 0.7007142857142857 0.5723350253807108
3 0.6935714285714286 0.5241116751269037 0.6635714285714286 0.5241116751269037 0.6635714285714286 0.5482233502538072 0.6935714285714286 0.5482233502538072
3 0.6878571428571428 0.4936548223350255 0.6607142857142857 0.4936548223350255 0.6607142857142857 0.519035532994924 0.6878571428571428 0.519035532994924
11 0.615 0.3680203045685281 0.5914285714285714 0.3680203045685281 0.5914285714285714 0.4137055837563453 0.615 0.4137055837563453
3 0.5521428571428572 0.3324873096446702 0.5264285714285715 0.3324873096446702 0.5264285714285715 0.3743654822335027 0.5521428571428572 0.3743654822335027
11 0.68 0.4403553299492387 0.6507142857142857 0.4403553299492387 0.6507142857142857 0.4657360406091372 0.68 0.4657360406091372
3 0.6878571428571428 0.4657360406091372 0.6557142857142857 0.4657360406091372 0.6557142857142857 0.4936548223350255 0.6878571428571428 0.4936548223350255
8 0.7528571428571429 0.4454314720812184 0.7492857142857143 0.4454314720812184 0.7492857142857143 0.4543147208121829 0.7528571428571429 0.4543147208121829
8 0.7542857142857143 0.43781725888324885 0.7514285714285714 0.43781725888324885 0.7514285714285714 0.4454314720812184 0.7542857142857143 0.4454314720812184
8 0.7542857142857143 0.4708121827411169 0.7514285714285714 0.4708121827411169 0.7514285714285714 0.4796954314720814 0.7542857142857143 0.4796954314720814
8 0.7742857142857142 0.4796954314720814 0.77 0.4796954314720814 0.77 0.4911167512690357 0.7742857142857142 0.4911167512690357
8 0.8864285714285715 0.6205583756345179 0.8757142857142857 0.6205583756345179 0.8757142857142857 0.6332487309644671 0.8864285714285715 0.6332487309644671
8 0.7885714285714286 0.4390862944162438 0.7778571428571428 0.4390862944162438 0.7778571428571428 0.451776649746193 0.7885714285714286 0.451776649746193
8 0.8935714285714286 0.6472081218274113 0.8785714285714286 0.6472081218274113 0.8785714285714286 0.6675126903553302 0.8935714285714286 0.6675126903553302
8 0.8964285714285715 0.656091370558376 0.8842857142857142 0.656091370558376 0.8842857142857142 0.6725888324873099 0.8964285714285715 0.6725888324873099
8 0.8928571428571429 0.6827411167512694 0.8857142857142857 0.6827411167512694 0.8857142857142857 0.6954314720812186 0.8928571428571429 0.6954314720812186
4 0.7664285714285715 0.9809644670050764 0.7614285714285715 0.9809644670050764 0.7614285714285715 0.988578680203046 0.7664285714285715 0.988578680203046