11 0.4957142857142857 0.719047619047619 0.4164285714285714 0.719047619047619 0.4164285714285714 0.7876190476190477 0.4957142857142857 0.7876190476190477
3 0.5878571428571429 0.5561904761904762 0.53 0.5561904761904762 0.53 0.5971428571428572 0.5878571428571429 0.5971428571428572
7 0.8207142857142857 0.4695238095238096 0.8142857142857143 0.4695238095238096 0.8142857142857143 0.4923809523809526 0.8207142857142857 0.4923809523809526
3 0.8242857142857143 0.3304761904761906 0.795 0.3304761904761906 0.795 0.3447619047619049 0.8242857142857143 0.3447619047619049
3 0.775 0.34095238095238106 0.7457142857142857 0.34095238095238106 0.7457142857142857 0.35142857142857153 0.775 0.35142857142857153
3 0.7714285714285715 0.3333333333333334 0.7514285714285714 0.3333333333333334 0.7514285714285714 0.3438095238095239 0.7714285714285715 0.3438095238095239
4 0.8371428571428572 0.34285714285714297 0.8085714285714286 0.34285714285714297 0.8085714285714286 0.361904761904762 0.8371428571428572 0.361904761904762
7 0.4442857142857143 0.559047619047619 0.43857142857142856 0.559047619047619 0.43857142857142856 0.5828571428571429 0.4442857142857143 0.5828571428571429
0 0.37142857142857144 0.4800000000000001 0.3471428571428572 0.4800000000000001 0.3471428571428572 0.5076190476190476 0.37142857142857144 0.5076190476190476
2 0.27285714285714296 0.4676190476190476 0.2157142857142858 0.4676190476190476 0.2157142857142858 0.5085714285714286 0.27285714285714296 0.5085714285714286
10 0.24714285714285722 0.44761904761904764 0.1964285714285715 0.44761904761904764 0.1964285714285715 0.4828571428571429 0.24714285714285722 0.4828571428571429
3 0.20642857142857146 0.43142857142857144 0.17428571428571432 0.43142857142857144 0.17428571428571432 0.4533333333333333 0.20642857142857152 0.4533333333333333
4 0.15428571428571433 0.4723809523809524 0.027142857142857184 0.4723809523809524 0.027142857142857187 0.580952380952381 0.15428571428571433 0.580952380952381
4 0.3142857142857144 0.5561904761904762 0.15571428571428575 0.5561904761904762 0.15571428571428575 0.6485714285714286 0.3142857142857144 0.6485714285714286