3 0.9577244258872651 0.5009276437847868 0.9206680584551148 0.5009276437847868 0.9206680584551148 0.5769944341372915 0.9577244258872651 0.5769944341372915
3 0.9994780793319415 0.42115027829313567 0.975991649269311 0.42115027829313567 0.975991649269311 0.45454545454545475 0.9994780793319415 0.45454545454545475
3 0.477035490605428 0.5064935064935064 0.4551148225469729 0.5064935064935064 0.4551148225469729 0.5732838589981447 0.477035490605428 0.5732838589981447
3 0.5307933194154488 0.5259740259740262 0.5052192066805845 0.5259740259740262 0.5052192066805845 0.5890538033395178 0.5307933194154488 0.5890538033395178
3 0.592901878914405 0.4981447124304269 0.5715031315240083 0.4981447124304269 0.5715031315240083 0.5602968460111319 0.592901878914405 0.5602968460111319
3 0.6002087682672234 0.430426716141002 0.5788100208768268 0.430426716141002 0.5788100208768268 0.4907235621521338 0.6002087682672234 0.4907235621521338
3 0.5621085594989561 0.3534322820037107 0.5422755741127349 0.3534322820037107 0.5422755741127349 0.4016697588126161 0.5621085594989561 0.4016697588126161
3 0.5193110647181628 0.3979591836734695 0.49739039665970775 0.3979591836734695 0.49739039665970775 0.4582560296846012 0.5193110647181628 0.4582560296846012
3 0.5062630480167014 0.36456400742115036 0.4759916492693111 0.36456400742115036 0.4759916492693111 0.41280148423005575 0.5062630480167014 0.41280148423005575
3 0.4253653444676409 0.3719851576994435 0.39979123173277664 0.3719851576994435 0.39979123173277664 0.4230055658627088 0.4253653444676409 0.4230055658627088
3 0.2510438413361169 0.1827458256029685 0.2291231732776618 0.1827458256029685 0.2291231732776618 0.2244897959183674 0.2510438413361169 0.2244897959183674
3 0.25835073068893527 0.23840445269016702 0.23277661795407098 0.23840445269016697 0.23277661795407098 0.2820037105751392 0.25835073068893527 0.28200371057513923
7 0.11012526096033402 0.1549165120593692 0.10281837160751565 0.1549165120593692 0.10281837160751565 0.17532467532467533 0.11012526096033402 0.17532467532467533
3 0.0746346555323591 0.19944341372912802 0.03914405010438415 0.19944341372912802 0.03914405010438415 0.23840445269016697 0.07463465553235911 0.23840445269016697
8 0.02505219206680585 0.04267161410018553 0.02035490605427975 0.04267161410018553 0.020354906054279753 0.0575139146567718 0.025052192066805853 0.0575139146567718
1 0.0302713987473904 0.05287569573283859 0.01826722338204593 0.05287569573283859 0.018267223382045932 0.06215213358070501 0.030271398747390404 0.06215213358070501
9 0.0662839248434238 0.019480519480519494 0.049582463465553235 0.019480519480519494 0.049582463465553235 0.03153988868274584 0.0662839248434238 0.03153988868274584
8 0.055845511482254695 0.012059369202226356 0.050626304801670144 0.012059369202226356 0.050626304801670144 0.02782931354359927 0.055845511482254695 0.02782931354359927
5 0.1581419624217119 0.020408163265306156 0.14718162839248433 0.020408163265306156 0.14718162839248433 0.029684601113172573 0.1581419624217119 0.02968460111317258
8 0.1544885177453027 0.015769944341372945 0.14979123173277661 0.015769944341372945 0.14979123173277661 0.026901669758812648 0.1544885177453027 0.026901669758812648
3 0.7400835073068893 0.8311688311688313 0.7134655532359081 0.8311688311688313 0.7134655532359081 0.9322820037105753 0.7400835073068893 0.9322820037105753
3 0.7703549060542797 0.8589981447124306 0.7447807933194155 0.8589981447124306 0.7447807933194155 0.9499072356215214 0.7703549060542797 0.9499072356215214
3 0.8308977035490606 0.8766233766233769 0.7985386221294363 0.8766233766233769 0.7985386221294363 0.9823747680890538 0.8308977035490606 0.9823747680890538
3 0.7343423799582464 0.6252319109461969 0.6931106471816284 0.6252319109461969 0.6931106471816284 0.6799628942486088 0.7343423799582464 0.6799628942486088