7 0.15 0.08285714285714288 0.11428571428571428 0.08285714285714288 0.11428571428571428 0.16095238095238096 0.15 0.16095238095238096
7 0.22642857142857142 0.27714285714285714 0.18285714285714286 0.27714285714285714 0.18285714285714286 0.3628571428571429 0.22642857142857142 0.3628571428571429
7 0.3135714285714286 0.4342857142857143 0.2735714285714286 0.4342857142857143 0.27357142857142863 0.52 0.31357142857142867 0.52
7 0.2992857142857143 0.43238095238095237 0.27071428571428574 0.43238095238095237 0.27071428571428574 0.5009523809523809 0.2992857142857144 0.5009523809523809
7 0.32071428571428573 0.3952380952380952 0.27285714285714285 0.3952380952380952 0.2728571428571429 0.4723809523809524 0.3207142857142858 0.4723809523809524
7 0.4714285714285714 0.381904761904762 0.4407142857142857 0.381904761904762 0.4407142857142857 0.4695238095238096 0.4714285714285714 0.4695238095238096
7 0.4514285714285714 0.38380952380952393 0.42214285714285715 0.38380952380952393 0.42214285714285715 0.46095238095238106 0.4514285714285714 0.46095238095238106
7 0.3557142857142857 0.19619047619047625 0.32142857142857145 0.19619047619047625 0.32142857142857145 0.28571428571428575 0.3557142857142857 0.2857142857142858
7 0.3271428571428571 0.3171428571428571 0.29428571428571426 0.3171428571428571 0.29428571428571426 0.40285714285714286 0.3271428571428571 0.40285714285714286
7 0.4278571428571429 0.06285714285714293 0.40785714285714286 0.06285714285714292 0.40785714285714286 0.1152380952380953 0.4278571428571429 0.11523809523809532
7 0.36642857142857144 0.2580952380952382 0.3342857142857143 0.2580952380952382 0.3342857142857143 0.3342857142857144 0.36642857142857144 0.3342857142857144
7 0.34214285714285714 0.30571428571428577 0.31642857142857145 0.3057142857142857 0.31642857142857145 0.360952380952381 0.34214285714285714 0.3609523809523811
7 0.10500000000000004 0.45714285714285713 0.0578571428571429 0.45714285714285713 0.0578571428571429 0.520952380952381 0.10500000000000004 0.520952380952381
7 0.11571428571428576 0.518095238095238 0.0628571428571429 0.518095238095238 0.0628571428571429 0.6047619047619047 0.11571428571428576 0.6047619047619047
7 0.08357142857142862 0.47904761904761906 0.04142857142857147 0.47904761904761906 0.041428571428571474 0.5514285714285714 0.08357142857142862 0.5514285714285714
7 0.08500000000000003 0.4114285714285714 0.03642857142857147 0.4114285714285714 0.03642857142857147 0.49238095238095236 0.08500000000000003 0.49238095238095236
7 0.31214285714285717 0.13619047619047625 0.27785714285714286 0.13619047619047625 0.27785714285714286 0.22000000000000006 0.31214285714285717 0.22000000000000006
7 0.285 0.1590476190476191 0.2592857142857143 0.1590476190476191 0.2592857142857143 0.24476190476190476 0.285 0.24476190476190476
7 0.49214285714285716 7.866897771665616e-17 0.4714285714285714 7.697779880354791e-17 0.4714285714285714 0.0676190476190477 0.49214285714285716 0.0676190476190477
7 0.6728571428571428 0.020000000000000108 0.6542857142857142 0.020000000000000108 0.6542857142857142 0.06952380952380963 0.6728571428571428 0.06952380952380963
7 1 0.27428571428571447 0.9507142857142857 0.2742857142857144 0.9507142857142857 0.3676190476190478 1 0.36761904761904785
1 0.25857142857142856 0.0038095238095238486 0.22142857142857142 0.003809523809523845 0.22142857142857142 0.05619047619047623 0.25857142857142856 0.05619047619047623
5 0.24357142857142858 3.6156238831969475e-17 0.1992857142857143 3.254061494877253e-17 0.1992857142857143 0.04095238095238098 0.24357142857142858 0.04095238095238099
3 0.5728571428571428 0.4780952380952382 0.34357142857142864 0.4780952380952382 0.34357142857142864 0.6780952380952381 0.5728571428571428 0.6780952380952381
3 0.8621428571428571 0.4257142857142858 0.62 0.4257142857142858 0.62 0.5752380952380953 0.8621428571428571 0.5752380952380954
7 0.3435714285714286 0.3704761904761905 0.31 0.37047619047619046 0.31 0.43809523809523815 0.3435714285714286 0.4380952380952382