7 0.18214285714285722 0.9543147208121827 0.1614285714285715 0.9543147208121827 0.1614285714285715 0.9822335025380711 0.18214285714285722 0.9822335025380711
7 0.17785714285714294 0.9428934010152284 0.15785714285714295 0.9428934010152284 0.15785714285714295 0.9644670050761421 0.17785714285714294 0.9644670050761421
7 0.3021428571428572 0.7055837563451777 0.28642857142857153 0.7055837563451777 0.28642857142857153 0.7411167512690355 0.3021428571428572 0.7411167512690355
7 0.32928571428571435 0.7093908629441624 0.30857142857142866 0.7093908629441624 0.30857142857142866 0.7373096446700508 0.32928571428571435 0.7373096446700508
7 0.33000000000000007 0.6776649746192893 0.3157142857142858 0.6776649746192893 0.3157142857142858 0.7017766497461929 0.33000000000000007 0.7017766497461929
7 0.3157142857142858 0.6269035532994924 0.3042857142857144 0.6269035532994924 0.3042857142857144 0.6573604060913706 0.3157142857142858 0.6573604060913706
7 0.3757142857142857 0.6700507614213198 0.3592857142857144 0.6700507614213198 0.3592857142857144 0.699238578680203 0.3757142857142857 0.699238578680203
7 0.3514285714285715 0.586294416243655 0.34 0.586294416243655 0.34 0.6167512690355331 0.35142857142857153 0.6167512690355331
7 0.47714285714285715 0.5812182741116753 0.4664285714285714 0.5812182741116753 0.4664285714285714 0.6065989847715737 0.47714285714285715 0.6065989847715737
7 0.56 0.5964467005076144 0.55 0.5964467005076144 0.55 0.619289340101523 0.56 0.619289340101523
7 0.5864285714285714 0.6395939086294418 0.5721428571428572 0.6395939086294418 0.5721428571428572 0.6649746192893401 0.5864285714285714 0.6649746192893401
7 0.6064285714285714 0.6611675126903553 0.5921428571428572 0.6611675126903553 0.5921428571428572 0.6954314720812182 0.6064285714285714 0.6954314720812182
7 0.615 0.6395939086294418 0.5992857142857143 0.6395939086294418 0.5992857142857143 0.6713197969543148 0.615 0.6713197969543148
7 0.6507142857142857 0.666243654822335 0.635 0.666243654822335 0.635 0.6954314720812182 0.6507142857142857 0.6954314720812182
7 0.6392857142857142 0.6332487309644671 0.6285714285714286 0.6332487309644671 0.6285714285714286 0.6586294416243654 0.6392857142857142 0.6586294416243654
7 0.6492857142857142 0.635786802030457 0.6407142857142857 0.635786802030457 0.6407142857142857 0.6611675126903553 0.6492857142857142 0.6611675126903553
7 0.6692857142857143 0.6446700507614215 0.6535714285714286 0.6446700507614215 0.6535714285714286 0.6814720812182743 0.6692857142857143 0.6814720812182744
7 0.6764285714285714 0.6662436548223353 0.6635714285714286 0.6662436548223353 0.6635714285714286 0.6979695431472084 0.6764285714285714 0.6979695431472084
7 0.26857142857142857 0.4619289340101523 0.2557142857142857 0.4619289340101523 0.2557142857142857 0.49619289340101524 0.26857142857142857 0.49619289340101524
7 0.28785714285714287 0.45050761421319796 0.2757142857142857 0.45050761421319796 0.2757142857142857 0.4885786802030457 0.28785714285714287 0.4885786802030457
7 0.44642857142857145 0.1586294416243656 0.43785714285714283 0.1586294416243656 0.43785714285714283 0.19543147208121833 0.44642857142857145 0.19543147208121833