10 0.01857142857142858 0.08883248730964467 0.007857142857142863 0.08883248730964467 0.007857142857142865 0.13959390862944163 0.018571428571428582 0.13959390862944163
3 0.23785714285714285 0.2093908629441625 0.225 0.2093908629441625 0.225 0.24365482233502544 0.23785714285714285 0.24365482233502544
10 0.028571428571428605 0.49746192893401014 0.012857142857142893 0.49746192893401014 0.012857142857142895 0.5723350253807107 0.028571428571428612 0.5723350253807107
5 0.11142857142857147 0.6015228426395939 0.1078571428571429 0.6015228426395939 0.1078571428571429 0.6142131979695431 0.11142857142857147 0.6142131979695431
3 0.29928571428571427 0.4035532994923858 0.29 0.4035532994923858 0.29 0.43781725888324874 0.29928571428571427 0.43781725888324874
3 0.3457142857142857 0.4936548223350255 0.33714285714285713 0.4936548223350255 0.33714285714285713 0.5266497461928935 0.3457142857142857 0.5266497461928935
11 0.36214285714285716 0.38451776649746205 0.35428571428571426 0.38451776649746205 0.35428571428571426 0.41116751269035545 0.36214285714285716 0.41116751269035545
11 0.34214285714285714 0.37690355329949254 0.33285714285714285 0.37690355329949254 0.33285714285714285 0.41116751269035545 0.34214285714285714 0.41116751269035545
11 0.35214285714285715 0.3819796954314722 0.3435714285714286 0.3819796954314722 0.3435714285714286 0.40989847715736055 0.35214285714285715 0.40989847715736055
3 0.37214285714285716 0.3807106598984773 0.36357142857142855 0.3807106598984773 0.36357142857142855 0.4124365482233504 0.37214285714285716 0.4124365482233504
5 0.305 0.5545685279187818 0.2978571428571429 0.5545685279187818 0.2978571428571429 0.5685279187817259 0.305 0.5685279187817259
5 0.335 0.5596446700507615 0.32571428571428573 0.5596446700507615 0.32571428571428573 0.5697969543147209 0.335 0.569796954314721
5 0.31857142857142856 0.5609137055837563 0.31642857142857145 0.5609137055837563 0.31642857142857145 0.5736040609137056 0.31857142857142856 0.5736040609137056
5 0.3142857142857143 0.5583756345177665 0.30857142857142855 0.5583756345177665 0.30857142857142855 0.5697969543147208 0.3142857142857143 0.5697969543147208
5 0.345 0.5596446700507616 0.3385714285714286 0.5596446700507616 0.3385714285714286 0.5723350253807108 0.345 0.5723350253807108
5 0.36428571428571427 0.5571065989847718 0.3578571428571429 0.5571065989847718 0.3578571428571429 0.5761421319796955 0.36428571428571427 0.5761421319796955
5 0.12571428571428575 0.7170050761421319 0.12071428571428576 0.7170050761421319 0.12071428571428576 0.7360406091370558 0.12571428571428575 0.7360406091370558
5 0.13214285714285717 0.6687817258883249 0.1278571428571429 0.6687817258883249 0.1278571428571429 0.682741116751269 0.13214285714285717 0.682741116751269
3 0.16642857142857148 0.6624365482233503 0.15500000000000005 0.6624365482233503 0.15500000000000005 0.6967005076142132 0.16642857142857148 0.6967005076142132
3 0.16142857142857148 0.7068527918781726 0.15142857142857147 0.7068527918781726 0.15142857142857147 0.7436548223350253 0.16142857142857148 0.7436548223350253
11 0.15142857142857147 0.7017766497461929 0.14071428571428576 0.7017766497461929 0.14071428571428576 0.7309644670050761 0.15142857142857147 0.7309644670050761
11 0.14428571428571432 0.6548223350253807 0.1342857142857143 0.6548223350253807 0.1342857142857143 0.6903553299492385 0.14428571428571432 0.6903553299492385
11 0.1735714285714286 0.7017766497461929 0.1628571428571429 0.7017766497461929 0.1628571428571429 0.7398477157360406 0.1735714285714286 0.7398477157360406
3 0.15571428571428575 0.6611675126903553 0.1471428571428572 0.6611675126903553 0.1471428571428572 0.6878172588832487 0.15571428571428575 0.6878172588832487
3 0.14071428571428576 0.6979695431472082 0.13071428571428576 0.6979695431472082 0.13071428571428576 0.7373096446700508 0.14071428571428576 0.7373096446700508
3 0.15571428571428575 0.8045685279187818 0.14500000000000005 0.8045685279187818 0.14500000000000005 0.8413705583756346 0.15571428571428575 0.8413705583756346
3 0.17642857142857146 0.8032994923857868 0.16714285714285718 0.8032994923857868 0.16714285714285718 0.8388324873096447 0.17642857142857146 0.8388324873096447
11 0.1642857142857143 0.8032994923857868 0.15571428571428575 0.8032994923857868 0.15571428571428575 0.8426395939086294 0.1642857142857143 0.8426395939086294
11 0.17285714285714293 0.8553299492385786 0.16357142857142862 0.8553299492385786 0.16357142857142865 0.8857868020304569 0.17285714285714293 0.8857868020304569
11 0.1950000000000001 0.8540609137055838 0.18428571428571436 0.8540609137055838 0.18428571428571436 0.8883248730964467 0.1950000000000001 0.8883248730964467
11 0.2157142857142858 0.8553299492385786 0.20642857142857152 0.8553299492385786 0.20642857142857152 0.8908629441624365 0.2157142857142858 0.8908629441624365
11 0.22571428571428578 0.8553299492385786 0.21714285714285722 0.8553299492385786 0.21714285714285722 0.8921319796954315 0.22571428571428578 0.8921319796954315
11 0.23785714285714293 0.8604060913705583 0.22928571428571437 0.8604060913705583 0.22928571428571437 0.8908629441624365 0.23785714285714293 0.8908629441624365
11 0.1857142857142858 0.8045685279187818 0.1785714285714286 0.8045685279187818 0.1785714285714286 0.8426395939086294 0.1857142857142858 0.8426395939086294
3 0.010000000000000057 0.8274111675126904 5.70335509317196e-17 0.8274111675126904 5.825819773086695e-17 0.8629441624365483 0.01000000000000006 0.8629441624365483
3 0.03857142857142864 0.9479695431472082 0.024285714285714348 0.9479695431472082 0.02428571428571435 0.983502538071066 0.038571428571428645 0.983502538071066
3 0.029285714285714345 0.8578680203045685 0.01500000000000006 0.8578680203045685 0.01500000000000006 0.8984771573604061 0.029285714285714345 0.8984771573604061
11 0.04357142857142862 0.7652284263959391 0.03000000000000005 0.7652284263959391 0.03000000000000005 0.8032994923857868 0.04357142857142862 0.8032994923857868
11 0.26214285714285723 0.9517766497461929 0.2542857142857144 0.9517766497461929 0.2542857142857144 0.9911167512690355 0.26214285714285723 0.9911167512690355
11 0.2971428571428572 0.9530456852791879 0.2871428571428572 0.9530456852791879 0.2871428571428572 0.9936548223350253 0.2971428571428572 0.9936548223350253
3 0.2750000000000001 0.949238578680203 0.26428571428571435 0.949238578680203 0.26428571428571435 0.9898477157360406 0.2750000000000001 0.9898477157360406
3 0.3092857142857144 0.9568527918781726 0.29785714285714293 0.9568527918781726 0.29785714285714293 0.9949238578680203 0.3092857142857144 0.9949238578680203
3 0.32000000000000006 0.9581218274111675 0.3100000000000001 0.9581218274111675 0.3100000000000001 0.9974619289340102 0.32000000000000006 0.9974619289340102
11 0.3428571428571429 0.9606598984771574 0.33357142857142863 0.9606598984771574 0.33357142857142863 0.9923857868020305 0.3428571428571429 0.9923857868020305
3 0.37142857142857144 0.9581218274111675 0.3614285714285715 0.9581218274111675 0.3614285714285715 0.9974619289340102 0.37142857142857144 0.9974619289340102
3 0.3307142857142858 0.9555837563451777 0.3207142857142858 0.9555837563451777 0.3207142857142858 0.9974619289340102 0.3307142857142858 0.9974619289340102
10 0.41 0.14340101522842646 0.4014285714285714 0.14340101522842646 0.4014285714285714 0.18401015228426404 0.41 0.18401015228426404
3 0.38357142857142856 0.3819796954314722 0.375 0.3819796954314722 0.375 0.41624365482233516 0.38357142857142856 0.41624365482233516
3 0.3792857142857143 0.49492385786802046 0.3692857142857143 0.49492385786802046 0.3692857142857143 0.5266497461928935 0.3792857142857143 0.5266497461928935
3 0.38857142857142857 0.4974619289340103 0.3807142857142857 0.4974619289340103 0.3807142857142857 0.5291878172588834 0.38857142857142857 0.5291878172588834
3 0.40214285714285714 0.3807106598984773 0.39357142857142857 0.3807106598984773 0.39357142857142857 0.41624365482233516 0.40214285714285714 0.41624365482233516
3 0.4585714285714286 0.4010152284263961 0.4514285714285714 0.4010152284263961 0.4514285714285714 0.43147208121827424 0.4585714285714286 0.43147208121827424
3 0.41214285714285714 0.385786802030457 0.4042857142857143 0.385786802030457 0.4042857142857143 0.41497461928934026 0.41214285714285714 0.41497461928934026
11 0.42142857142857143 0.385786802030457 0.4142857142857143 0.385786802030457 0.4142857142857143 0.4200507614213199 0.42142857142857143 0.4200507614213199
11 0.4328571428571429 0.385786802030457 0.4257142857142857 0.385786802030457 0.4257142857142857 0.4213197969543149 0.4328571428571429 0.4213197969543149
11 0.3992857142857143 0.4644670050761423 0.3921428571428571 0.4644670050761423 0.3921428571428571 0.4936548223350255 0.3992857142857143 0.4936548223350255
11 0.44785714285714284 0.3959390862944164 0.4421428571428571 0.3959390862944164 0.4421428571428571 0.43020304568527934 0.44785714285714284 0.43020304568527934
11 0.48928571428571427 0.6040609137055839 0.4807142857142857 0.6040609137055839 0.4807142857142857 0.6408629441624367 0.48928571428571427 0.6408629441624367
3 0.5107142857142857 0.6091370558375636 0.5021428571428571 0.6091370558375636 0.5021428571428571 0.6472081218274113 0.5107142857142857 0.6472081218274113
3 0.5214285714285715 0.6015228426395941 0.5121428571428571 0.6015228426395941 0.5121428571428571 0.6395939086294418 0.5214285714285715 0.6395939086294418
5 0.39071428571428574 0.5609137055837565 0.38357142857142856 0.5609137055837565 0.38357142857142856 0.5736040609137057 0.39071428571428574 0.5736040609137057
5 0.3792857142857143 0.5596446700507616 0.37357142857142855 0.5596446700507616 0.37357142857142855 0.5736040609137057 0.3792857142857143 0.5736040609137057
7 0.39285714285714285 0.519035532994924 0.3892857142857143 0.519035532994924 0.3892857142857143 0.5241116751269037 0.39285714285714285 0.5241116751269037
7 0.39285714285714285 0.5076142131979697 0.3892857142857143 0.5076142131979697 0.3892857142857143 0.5126903553299493 0.39285714285714285 0.5126903553299493
3 0.38285714285714284 0.9593908629441624 0.37285714285714283 0.9593908629441624 0.37285714285714283 0.998730964467005 0.38285714285714284 0.998730964467005
3 0.395 0.9606598984771574 0.3842857142857143 0.9606598984771574 0.3842857142857143 0.9974619289340102 0.395 0.9974619289340102
3 0.4657142857142857 0.8210659898477157 0.4564285714285714 0.8210659898477157 0.4564285714285714 0.8578680203045685 0.4657142857142857 0.8578680203045685
3 0.47785714285714287 0.8210659898477157 0.4685714285714286 0.8210659898477157 0.4685714285714286 0.8616751269035533 0.47785714285714287 0.8616751269035533
3 0.46714285714285714 0.7296954314720813 0.4592857142857143 0.7296954314720813 0.4592857142857143 0.7614213197969543 0.46714285714285714 0.7614213197969543
3 0.51 0.8261421319796954 0.5007142857142857 0.8261421319796954 0.5007142857142857 0.8629441624365483 0.51 0.8629441624365483
5 0.4014285714285714 0.9682741116751269 0.39714285714285713 0.9682741116751269 0.39714285714285713 0.9873096446700508 0.4014285714285714 0.9873096446700508
5 0.4135714285714286 0.9784263959390863 0.4085714285714286 0.9784263959390863 0.4085714285714286 0.9936548223350253 0.4135714285714286 0.9936548223350253
5 0.4228571428571429 0.9784263959390863 0.41928571428571426 0.9784263959390863 0.41928571428571426 0.9961928934010152 0.4228571428571429 0.9961928934010152
5 0.41785714285714287 0.9784263959390863 0.4135714285714286 0.9784263959390863 0.4135714285714286 0.9961928934010152 0.41785714285714287 0.9961928934010152
5 0.4085714285714286 0.9784263959390863 0.4042857142857143 0.9784263959390863 0.4042857142857143 0.9949238578680203 0.4085714285714286 0.9949238578680203
7 0.425 0.8730964467005076 0.4207142857142857 0.8730964467005076 0.4207142857142857 0.8781725888324873 0.425 0.8781725888324873
7 0.4521428571428571 0.7931472081218274 0.4492857142857143 0.7931472081218274 0.4492857142857143 0.7982233502538071 0.4521428571428571 0.7982233502538071
7 0.44857142857142857 0.7893401015228426 0.44642857142857145 0.7893401015228426 0.44642857142857145 0.7944162436548223 0.44857142857142857 0.7944162436548223
7 0.43857142857142856 0.7626903553299492 0.4342857142857143 0.7626903553299492 0.4342857142857143 0.766497461928934 0.43857142857142856 0.766497461928934
7 0.4342857142857143 0.7639593908629442 0.4307142857142857 0.7639593908629442 0.4307142857142857 0.7703045685279187 0.4342857142857143 0.7703045685279187
3 0.47714285714285715 0.868020304568528 0.46785714285714286 0.868020304568528 0.46785714285714286 0.9086294416243654 0.47714285714285715 0.9086294416243654
3 0.48857142857142855 0.866751269035533 0.4785714285714286 0.866751269035533 0.4785714285714286 0.9060913705583756 0.48857142857142855 0.9060913705583756
3 0.49785714285714283 0.8743654822335025 0.48857142857142855 0.8743654822335025 0.48857142857142855 0.9073604060913706 0.49785714285714283 0.9073604060913706
3 0.5092857142857142 0.8769035532994924 0.5007142857142857 0.8769035532994924 0.5007142857142857 0.9098984771573604 0.5092857142857142 0.9098984771573604
3 0.5192857142857142 0.8730964467005076 0.5107142857142857 0.8730964467005076 0.5107142857142857 0.9098984771573604 0.5192857142857142 0.9098984771573604
3 0.5421428571428571 0.8312182741116751 0.5342857142857143 0.8312182741116751 0.5342857142857143 0.8629441624365483 0.5421428571428571 0.8629441624365483
3 0.5407142857142857 0.8781725888324873 0.5328571428571428 0.8781725888324873 0.5328571428571428 0.916243654822335 0.5407142857142857 0.916243654822335
11 0.5514285714285714 0.8756345177664975 0.5442857142857143 0.8756345177664975 0.5442857142857143 0.9124365482233503 0.5514285714285714 0.9124365482233503
11 0.5528571428571428 0.8299492385786802 0.5457142857142857 0.8299492385786802 0.5457142857142857 0.8692893401015228 0.5528571428571428 0.8692893401015228
11 0.5128571428571429 0.6852791878172588 0.5042857142857143 0.6852791878172588 0.5042857142857143 0.7170050761421319 0.5128571428571429 0.7170050761421319
11 0.5442857142857143 0.6878172588832487 0.5357142857142857 0.6878172588832487 0.5357142857142857 0.7220812182741116 0.5442857142857143 0.7220812182741116
11 0.5221428571428571 0.6865482233502538 0.5142857142857142 0.6865482233502538 0.5142857142857142 0.7157360406091371 0.5221428571428571 0.7157360406091371
3 0.5114285714285715 0.7258883248730964 0.5021428571428571 0.7258883248730964 0.5021428571428571 0.7614213197969543 0.5114285714285715 0.7614213197969543
3 0.47 0.6814720812182741 0.4607142857142857 0.6814720812182741 0.4607142857142857 0.7182741116751269 0.47 0.7182741116751269
3 0.48142857142857143 0.682741116751269 0.4735714285714286 0.682741116751269 0.4735714285714286 0.7170050761421319 0.48142857142857143 0.7170050761421319
3 0.49142857142857144 0.682741116751269 0.4828571428571429 0.682741116751269 0.4828571428571429 0.7195431472081218 0.49142857142857144 0.7195431472081218
11 0.4907142857142857 0.7246192893401016 0.48142857142857143 0.7246192893401016 0.48142857142857143 0.7588832487309645 0.4907142857142857 0.7588832487309645
3 0.5 0.7271573604060914 0.49214285714285716 0.7271573604060914 0.49214285714285716 0.7626903553299492 0.5 0.7626903553299492
3 0.5321428571428571 0.7284263959390863 0.5242857142857142 0.7284263959390863 0.5242857142857142 0.7601522842639594 0.5321428571428571 0.7601522842639594
3 0.5321428571428571 0.6865482233502538 0.5242857142857142 0.6865482233502538 0.5242857142857142 0.7208121827411168 0.5321428571428571 0.7208121827411168
5 0.45714285714285713 0.7043147208121827 0.45357142857142857 0.7043147208121827 0.45357142857142857 0.7208121827411168 0.45714285714285713 0.7208121827411168
11 0.6507142857142857 0.10659898477157374 0.6428571428571429 0.10659898477157374 0.6428571428571429 0.13451776649746208 0.6507142857142857 0.13451776649746208
11 0.6335714285714286 0.48350253807106613 0.6157142857142858 0.48350253807106613 0.6157142857142858 0.4974619289340103 0.6335714285714286 0.4974619289340103
11 0.56 0.6154822335025382 0.5535714285714286 0.6154822335025382 0.5535714285714286 0.6421319796954316 0.56 0.6421319796954316
11 0.5642857142857143 0.8299492385786802 0.555 0.8299492385786802 0.555 0.868020304568528 0.5642857142857143 0.868020304568528
11 0.5878571428571429 0.7309644670050761 0.5792857142857143 0.7309644670050761 0.5792857142857143 0.7677664974619289 0.5878571428571429 0.7677664974619289
3 0.5857142857142857 0.6878172588832487 0.5778571428571428 0.6878172588832487 0.5778571428571428 0.7246192893401016 0.5857142857142857 0.7246192893401016
3 0.5742857142857143 0.7284263959390863 0.5657142857142857 0.7284263959390863 0.5657142857142857 0.7677664974619289 0.5742857142857143 0.7677664974619289
3 0.575 0.8286802030456852 0.5664285714285714 0.8286802030456852 0.5664285714285714 0.866751269035533 0.575 0.866751269035533
3 0.5864285714285714 0.8312182741116751 0.5778571428571428 0.8312182741116751 0.5778571428571428 0.8616751269035533 0.5864285714285714 0.8616751269035533
3 0.5542857142857143 0.7309644670050761 0.5464285714285714 0.7309644670050761 0.5464285714285714 0.7652284263959391 0.5542857142857143 0.7652284263959391
3 0.5642857142857143 0.7296954314720813 0.5557142857142857 0.7296954314720813 0.5557142857142857 0.766497461928934 0.5642857142857143 0.766497461928934
3 0.575 0.6890862944162437 0.5671428571428572 0.6890862944162437 0.5671428571428572 0.7220812182741116 0.575 0.7220812182741116
3 0.6357142857142857 0.6751269035532995 0.6185714285714285 0.6751269035532995 0.6185714285714285 0.6865482233502538 0.6357142857142857 0.6865482233502538
3 0.6357142857142857 0.8096446700507615 0.6192857142857143 0.8096446700507615 0.6192857142857143 0.8210659898477157 0.6357142857142857 0.8210659898477157
3 0.6371428571428571 0.8439086294416244 0.6157142857142858 0.8439086294416244 0.6157142857142858 0.8616751269035533 0.6371428571428571 0.8616751269035533
3 0.6342857142857142 0.7868020304568528 0.6135714285714285 0.7868020304568528 0.6135714285714285 0.8032994923857868 0.6342857142857142 0.8032994923857868
11 0.6371428571428571 0.7474619289340102 0.6178571428571429 0.7474619289340102 0.6178571428571429 0.7652284263959391 0.6371428571428571 0.7652284263959391
3 0.635 0.7093908629441624 0.6157142857142858 0.7093908629441624 0.6157142857142858 0.7258883248730964 0.635 0.7258883248730964
3 0.6364285714285715 0.637055837563452 0.6171428571428571 0.637055837563452 0.6171428571428571 0.6522842639593909 0.6364285714285715 0.6522842639593909
3 0.6392857142857142 0.6091370558375636 0.615 0.6091370558375636 0.615 0.6269035532994925 0.6392857142857142 0.6269035532994925
3 0.6385714285714286 0.883248730964467 0.6185714285714285 0.883248730964467 0.6185714285714285 0.9022842639593909 0.6385714285714286 0.9022842639593909
11 0.6385714285714286 0.9035532994923858 0.6171428571428571 0.9035532994923858 0.6171428571428571 0.9225888324873096 0.6385714285714286 0.9225888324873096
11 0.6407142857142857 0.9238578680203046 0.6178571428571429 0.9238578680203046 0.6178571428571429 0.9428934010152284 0.6407142857142857 0.9428934010152284
3 0.6385714285714286 0.9631979695431472 0.6164285714285714 0.9631979695431472 0.6164285714285714 0.9809644670050761 0.6385714285714286 0.9809644670050761
3 0.6385714285714286 0.9441624365482234 0.6178571428571429 0.9441624365482234 0.6178571428571429 0.9619289340101523 0.6385714285714286 0.9619289340101523
3 0.6378571428571429 0.9860406091370558 0.6185714285714285 0.9860406091370558 0.6185714285714285 0.998730964467005 0.6378571428571429 0.998730964467005
7 0.8442857142857143 0.05837563451776668 0.8407142857142857 0.05837563451776668 0.8407142857142857 0.06725888324873114 0.8442857142857143 0.06725888324873114
3 0.7342857142857143 0.6865482233502541 0.7192857142857143 0.6865482233502541 0.7192857142857143 0.7157360406091373 0.7342857142857143 0.7157360406091373
3 0.8085714285714286 0.722081218274112 0.7935714285714286 0.722081218274112 0.7935714285714286 0.7500000000000003 0.8085714285714286 0.7500000000000003
3 0.7342857142857143 0.6078680203045687 0.7157142857142857 0.6078680203045687 0.7157142857142857 0.635786802030457 0.7342857142857143 0.635786802030457
3 0.8078571428571428 0.6941624365482236 0.7942857142857143 0.6941624365482236 0.7942857142857143 0.720812182741117 0.8078571428571428 0.720812182741117
3 0.8085714285714286 0.6700507614213201 0.7914285714285715 0.6700507614213201 0.7914285714285715 0.6954314720812186 0.8085714285714286 0.6954314720812186
3 0.8071428571428572 0.6459390862944164 0.7892857142857143 0.6459390862944164 0.7892857142857143 0.6738578680203049 0.8071428571428572 0.6738578680203049
3 0.8057142857142857 0.37055837563451793 0.7892857142857143 0.37055837563451793 0.7892857142857143 0.3934010152284265 0.8057142857142857 0.3934010152284265
3 0.8057142857142857 0.3946700507614215 0.7878571428571428 0.3946700507614215 0.7878571428571428 0.4200507614213199 0.8057142857142857 0.4200507614213199
3 0.8071428571428572 0.5393401015228427 0.7935714285714286 0.5393401015228427 0.7935714285714286 0.5659898477157362 0.8071428571428572 0.5659898477157362
3 0.8078571428571428 0.48857868020304585 0.7935714285714286 0.48857868020304585 0.7935714285714286 0.5215736040609138 0.8078571428571428 0.5215736040609138
3 0.8057142857142857 0.4657360406091372 0.7928571428571428 0.4657360406091372 0.7928571428571428 0.48984771573604075 0.8057142857142857 0.48984771573604075
3 0.8057142857142857 0.44289340101522856 0.7921428571428571 0.44289340101522856 0.7921428571428571 0.46827411167512706 0.8057142857142857 0.46827411167512706
3 0.7342857142857143 0.5088832487309646 0.7171428571428572 0.5088832487309646 0.7171428571428572 0.5368020304568529 0.7342857142857143 0.5368020304568529
3 0.7364285714285714 0.45812182741116764 0.7214285714285714 0.45812182741116764 0.7214285714285714 0.486040609137056 0.7364285714285714 0.486040609137056
3 0.7328571428571429 0.4403553299492387 0.7178571428571429 0.4403553299492387 0.7178571428571429 0.4644670050761423 0.7328571428571429 0.4644670050761423
3 0.7321428571428571 0.4175126903553301 0.7178571428571429 0.4175126903553301 0.7178571428571429 0.4390862944162438 0.7321428571428571 0.4390862944162438
3 0.7342857142857143 0.39720812182741133 0.7192857142857143 0.39720812182741133 0.7192857142857143 0.41497461928934026 0.7342857142857143 0.41497461928934026
3 0.7335714285714285 0.3477157360406093 0.7207142857142858 0.3477157360406093 0.7207142857142858 0.369289340101523 0.7335714285714285 0.369289340101523
3 0.8035714285714286 0.3223350253807108 0.7878571428571428 0.3223350253807108 0.7878571428571428 0.3489847715736042 0.8035714285714286 0.3489847715736042
11 0.8028571428571428 0.35025380710659915 0.7864285714285715 0.35025380710659915 0.7864285714285715 0.37182741116751283 0.8028571428571428 0.37182741116751283
11 0.7321428571428571 0.32487309644670065 0.7185714285714285 0.32487309644670065 0.7185714285714285 0.3477157360406093 0.7321428571428571 0.3477157360406093
11 0.8028571428571428 0.302030456852792 0.7885714285714286 0.302030456852792 0.7885714285714286 0.32614213197969555 0.8028571428571428 0.32614213197969555
3 0.7307142857142858 0.3058375634517768 0.7171428571428572 0.3058375634517768 0.7171428571428572 0.3274111675126905 0.7307142857142858 0.3274111675126905
7 0.8542857142857143 0.5545685279187819 0.8492857142857143 0.5545685279187819 0.8492857142857143 0.5583756345177666 0.8542857142857143 0.5583756345177666