3 0.4935000000000001 0.818 0.40000000000000013 0.818 0.40000000000000013 0.89 0.4935000000000001 0.89
3 0.8205 0.746 0.771 0.746 0.771 0.8213333333333334 0.8205 0.8213333333333334
3 0.8455 0.6293333333333335 0.7975 0.6293333333333335 0.7975 0.688 0.8455 0.688
3 0.8065 0.6293333333333335 0.763 0.6293333333333335 0.763 0.686 0.8065 0.686
9 0.85 0.5866666666666668 0.812 0.5866666666666668 0.812 0.6133333333333335 0.85 0.6133333333333335
11 0.7535 0.6080000000000002 0.714 0.6080000000000002 0.714 0.6633333333333334 0.7535 0.6633333333333334
7 0.729 0.6180000000000001 0.717 0.6180000000000001 0.717 0.6460000000000001 0.729 0.6460000000000001
3 0.725 0.5580000000000002 0.6855 0.5580000000000002 0.6855 0.5986666666666668 0.725 0.5986666666666668
11 0.909 0.744 0.829 0.744 0.829 0.8413333333333334 0.909 0.8413333333333334
3 0.987 0.6966666666666668 0.906 0.6966666666666667 0.906 0.7440000000000001 0.987 0.7440000000000003
3 0.3130000000000001 0.6726666666666666 0.25000000000000006 0.6726666666666666 0.25000000000000006 0.7106666666666667 0.3130000000000001 0.7106666666666667
3 0.22350000000000006 0.688 0.16300000000000006 0.688 0.16300000000000006 0.748 0.22350000000000006 0.748
3 0.06050000000000006 0.6873333333333334 6.313054249604606e-17 0.6873333333333334 6.60696948139997e-17 0.7513333333333333 0.06050000000000007 0.7513333333333333
6 0.22450000000000006 0.5233333333333333 0.13000000000000006 0.5233333333333333 0.13000000000000006 0.6353333333333333 0.22450000000000006 0.6353333333333333
10 0.16450000000000006 0.5553333333333333 0.10650000000000005 0.5553333333333333 0.10650000000000005 0.6246666666666667 0.16450000000000006 0.6246666666666667
3 0.429 0.5273333333333333 0.388 0.5273333333333333 0.388 0.5513333333333333 0.429 0.5513333333333333
3 0.432 0.5146666666666667 0.391 0.5146666666666667 0.391 0.5386666666666666 0.432 0.5386666666666666
3 0.5 0.4153333333333334 0.4635 0.41533333333333333 0.4635 0.43000000000000005 0.5 0.43000000000000016
3 0.508 0.39866666666666684 0.479 0.39866666666666684 0.479 0.4146666666666668 0.508 0.4146666666666668
3 0.3515 0.37866666666666665 0.3335 0.37866666666666665 0.3335 0.3913333333333333 0.3515 0.3913333333333333
4 0.5365 0.23866666666666675 0.3895 0.23866666666666675 0.3895 0.39200000000000007 0.5365 0.3920000000000001