9 0.2802713987473904 0.1975881261595548 0.2453027139874739 0.1975881261595548 0.2453027139874739 0.27736549165120605 0.2802713987473904 0.27736549165120605
9 0.24112734864300625 0.022263450834879454 0.2176409185803758 0.02226345083487945 0.2176409185803758 0.08348794063079783 0.24112734864300625 0.08348794063079783
9 0.2072025052192067 4.146531370025825e-17 0.17379958246346555 3.782999852653698e-17 0.17379958246346555 0.038961038961039 0.2072025052192067 0.038961038961039
7 0.2348643006263048 4.9701574640720504e-17 0.22181628392484343 4.828152965098563e-17 0.22181628392484343 0.022263450834879454 0.2348643006263048 0.022263450834879458
3 0.41701461377870563 0.5807050092764379 0.3778705636743215 0.5807050092764379 0.3778705636743215 0.6771799628942486 0.41701461377870563 0.6771799628942486
11 0.40292275574112735 0.5046382189239332 0.31315240083507306 0.5046382189239332 0.31315240083507306 0.5918367346938775 0.40292275574112735 0.5918367346938775
0 0.4921711899791232 0.5463821892393322 0.45563674321503134 0.5463821892393321 0.45563674321503134 0.6771799628942488 0.4921711899791232 0.6771799628942489
0 0.5725469728601252 0.5612244897959185 0.5485386221294363 0.5612244897959185 0.5485386221294363 0.6437847866419297 0.5725469728601252 0.6437847866419297
0 0.6033402922755741 0.6391465677179965 0.576722338204593 0.6391465677179965 0.576722338204593 0.7328385899814474 0.6033402922755741 0.7328385899814474
9 0.6179540709812108 0.32189239332096486 0.5975991649269311 0.32189239332096486 0.5975991649269311 0.39332096474953626 0.6179540709812108 0.39332096474953626
7 0.4441544885177453 0.20686456400742126 0.43475991649269313 0.20686456400742126 0.43475991649269313 0.24489795918367357 0.4441544885177453 0.24489795918367357
9 0.46346555323590816 0.14935064935064946 0.4352818371607516 0.14935064935064946 0.4352818371607516 0.2300556586270873 0.46346555323590816 0.2300556586270873
9 0.38100208768267224 0.20779220779220786 0.32620041753653445 0.20779220779220783 0.32620041753653445 0.26159554730983314 0.38100208768267224 0.26159554730983314
7 0.39091858037578286 0.25231910946196673 0.3763048016701461 0.25231910946196673 0.3763048016701461 0.28664192949907247 0.39091858037578286 0.28664192949907247
9 0.4363256784968685 0.15306122448979603 0.4154488517745303 0.15306122448979603 0.4154488517745303 0.2189239332096476 0.4363256784968685 0.2189239332096476
5 0.6873695198329853 0.8766233766233769 0.6518789144050104 0.8766233766233769 0.6518789144050104 0.9081632653061227 0.6873695198329853 0.9081632653061227
10 0.767223382045929 0.9378478664192952 0.6388308977035491 0.9378478664192952 0.6388308977035491 0.9990723562152134 0.767223382045929 0.9990723562152134
7 0.29018789144050106 6.19139615524404e-17 0.278705636743215 6.066432196147371e-17 0.278705636743215 0.041743970315398955 0.29018789144050106 0.041743970315398955
7 0.2807933194154488 0.01391465677179969 0.27244258872651356 0.013914656771799688 0.27244258872651356 0.03988868274582566 0.2807933194154488 0.03988868274582567
8 0.174321503131524 0.055658627087198556 0.1638830897703549 0.055658627087198556 0.1638830897703549 0.07884972170686459 0.174321503131524 0.07884972170686459
7 0.19154488517745302 0.05287569573283863 0.17536534446764093 0.05287569573283863 0.17536534446764093 0.0918367346938776 0.19154488517745302 0.0918367346938776