3 0.07500000000000005 0.47714285714285715 4.382486045520171e-17 0.47714285714285715 4.789243732379827e-17 0.5657142857142857 0.07500000000000007 0.5657142857142857
11 0.41714285714285715 0.5657142857142857 0.2942857142857144 0.5657142857142857 0.2942857142857144 0.6866666666666666 0.41714285714285715 0.6866666666666666
7 0.3100000000000001 0.6180952380952381 0.2878571428571429 0.6180952380952381 0.2878571428571429 0.6657142857142857 0.3100000000000001 0.6657142857142857
7 0.3007142857142858 0.6457142857142857 0.28214285714285725 0.6457142857142857 0.28214285714285725 0.6876190476190476 0.3007142857142858 0.6876190476190476
7 0.14428571428571438 0.9466666666666667 0.10357142857142865 0.9466666666666667 0.10357142857142865 0.9847619047619047 0.14428571428571438 0.9847619047619047
7 0.8828571428571429 0.683809523809524 0.795 0.683809523809524 0.795 0.8552380952380955 0.8828571428571429 0.8552380952380955
3 0.6657142857142857 0.5523809523809525 0.5842857142857143 0.5523809523809524 0.5842857142857143 0.6961904761904762 0.6657142857142857 0.6961904761904764
3 0.5428571428571428 0.482857142857143 0.44857142857142857 0.482857142857143 0.44857142857142857 0.6209523809523809 0.5428571428571428 0.6209523809523809
3 0.48714285714285716 0.43904761904761913 0.3964285714285714 0.43904761904761913 0.3964285714285714 0.5676190476190476 0.48714285714285716 0.5676190476190476
10 0.6128571428571429 0.47714285714285726 0.5057142857142857 0.47714285714285726 0.5057142857142857 0.6647619047619048 0.6128571428571429 0.6647619047619048
10 0.2892857142857143 0.26285714285714284 0.20357142857142857 0.26285714285714284 0.20357142857142857 0.3580952380952381 0.2892857142857143 0.3580952380952381
3 0.33071428571428574 0.2895238095238095 0.25214285714285717 0.2895238095238095 0.25214285714285717 0.38 0.33071428571428574 0.38
7 0.2935714285714286 0.14857142857142863 0.27785714285714286 0.14857142857142863 0.27785714285714286 0.19047619047619052 0.2935714285714286 0.19047619047619052
3 0.21285714285714286 0.29428571428571426 0.12142857142857147 0.29428571428571426 0.12142857142857147 0.38285714285714284 0.21285714285714286 0.38285714285714284
3 0.18071428571428572 0.14380952380952383 0.11 0.1438095238095238 0.11 0.21523809523809526 0.18071428571428572 0.21523809523809528
10 0.2392857142857143 0.1723809523809524 0.10571428571428572 0.17238095238095238 0.10571428571428573 0.3047619047619048 0.2392857142857143 0.3047619047619048
5 0.0292857142857143 0.13714285714285715 0.0021428571428571555 0.13714285714285715 0.0021428571428571573 0.1742857142857143 0.029285714285714307 0.1742857142857143
7 0.019285714285714295 0.1 9.184850993605149e-18 0.1 1.0671922106855508e-17 0.13238095238095238 0.019285714285714295 0.13238095238095238
4 0.03857142857142858 0.08761904761904762 0.010714285714285721 0.08761904761904762 0.010714285714285725 0.12571428571428572 0.03857142857142858 0.12571428571428572
4 0.07785714285714286 0.09904761904761905 0.047142857142857146 0.09904761904761905 0.04714285714285715 0.13333333333333333 0.07785714285714287 0.13333333333333333
5 0.6921428571428572 0.31047619047619057 0.6585714285714286 0.31047619047619057 0.6585714285714286 0.33904761904761915 0.6921428571428572 0.33904761904761915