8 0.6921428571428572 0.015238095238095353 0.6857142857142857 0.015238095238095353 0.6857142857142857 0.033333333333333444 0.6921428571428572 0.033333333333333444
8 0.735 0.006666666666666786 0.7271428571428571 0.006666666666666785 0.7271428571428571 0.025714285714285835 0.735 0.025714285714285835
8 0.49857142857142855 0.0695238095238096 0.4928571428571429 0.0695238095238096 0.4928571428571429 0.08476190476190484 0.49857142857142855 0.08476190476190484
7 0.3764285714285716 0.8961904761904762 0.36285714285714293 0.8961904761904762 0.36285714285714293 0.9171428571428571 0.3764285714285716 0.9171428571428571
7 0.3657142857142859 0.9295238095238095 0.34928571428571437 0.9295238095238095 0.34928571428571437 0.9552380952380952 0.3657142857142859 0.9552380952380952
5 0.3450000000000001 0.9304761904761905 0.31357142857142867 0.9304761904761905 0.31357142857142867 0.9466666666666667 0.3450000000000001 0.9466666666666667
5 0.3521428571428572 0.9038095238095238 0.3207142857142858 0.9038095238095238 0.3207142857142858 0.9228571428571428 0.3521428571428572 0.9228571428571428
5 0.37214285714285716 0.7342857142857143 0.34357142857142864 0.7342857142857143 0.34357142857142864 0.7628571428571429 0.37214285714285716 0.7628571428571429
1 0.37285714285714283 0.7180952380952381 0.3500000000000001 0.7180952380952381 0.3500000000000001 0.7323809523809524 0.37285714285714283 0.7323809523809524
5 0.39071428571428574 0.6542857142857142 0.3600000000000001 0.6542857142857142 0.3600000000000001 0.6752380952380952 0.39071428571428574 0.6752380952380952
5 0.39 0.6171428571428571 0.3657142857142857 0.6171428571428571 0.3657142857142857 0.6447619047619048 0.39 0.6447619047619048
5 0.42428571428571427 0.4542857142857144 0.3985714285714286 0.4542857142857144 0.3985714285714286 0.4695238095238096 0.42428571428571427 0.4695238095238096
5 0.42142857142857143 0.44095238095238104 0.39785714285714285 0.44095238095238104 0.39785714285714285 0.45904761904761915 0.42142857142857143 0.45904761904761915
5 0.42428571428571427 0.42857142857142866 0.4 0.42857142857142866 0.4 0.44666666666666677 0.42428571428571427 0.44666666666666677
5 0.42428571428571427 0.41904761904761917 0.4042857142857143 0.41904761904761917 0.4042857142857143 0.43904761904761913 0.42428571428571427 0.43904761904761913
5 0.425 0.401904761904762 0.4042857142857143 0.401904761904762 0.4042857142857143 0.41904761904761917 0.425 0.41904761904761917
5 0.43214285714285716 0.3638095238095239 0.4142857142857143 0.3638095238095239 0.4142857142857143 0.38571428571428584 0.43214285714285716 0.38571428571428584
5 0.43714285714285717 0.34000000000000014 0.415 0.34000000000000014 0.415 0.35333333333333344 0.43714285714285717 0.35333333333333344
5 0.44 0.301904761904762 0.4185714285714286 0.301904761904762 0.4185714285714286 0.3142857142857144 0.44 0.3142857142857144
5 0.5121428571428571 0.4657142857142858 0.485 0.4657142857142858 0.485 0.48666666666666675 0.5121428571428571 0.48666666666666675
5 0.5121428571428571 0.3152380952380954 0.49142857142857144 0.3152380952380954 0.49142857142857144 0.33523809523809533 0.5121428571428571 0.33523809523809533
5 0.5292857142857142 0.2685714285714287 0.5071428571428571 0.2685714285714287 0.5071428571428571 0.2876190476190477 0.5292857142857142 0.2876190476190477
5 0.525 0.25714285714285723 0.5021428571428571 0.25714285714285723 0.5021428571428571 0.2761904761904763 0.525 0.2761904761904763
5 0.5485714285714286 0.20095238095238105 0.5257142857142857 0.20095238095238105 0.5257142857142857 0.2200000000000001 0.5485714285714286 0.2200000000000001
5 0.455 0.20666666666666672 0.43642857142857144 0.20666666666666672 0.43642857142857144 0.220952380952381 0.455 0.220952380952381
5 0.45714285714285713 0.18571428571428578 0.44 0.18571428571428578 0.44 0.1990476190476191 0.45714285714285713 0.1990476190476191
5 0.46214285714285713 0.13142857142857148 0.44571428571428573 0.13142857142857148 0.44571428571428573 0.14380952380952386 0.46214285714285713 0.14380952380952386
5 0.5271428571428571 0.1323809523809525 0.5057142857142857 0.1323809523809525 0.5057142857142857 0.1485714285714287 0.5271428571428571 0.1485714285714287
5 0.5007142857142857 0.07238095238095246 0.4907142857142857 0.07238095238095246 0.4907142857142857 0.08857142857142865 0.5007142857142857 0.08857142857142865
0 0.5442857142857143 0.06857142857142866 0.5164285714285715 0.06857142857142866 0.5164285714285715 0.09523809523809532 0.5442857142857143 0.09523809523809532
3 0.5392857142857143 0.09523809523809532 0.5 0.09523809523809532 0.5 0.12571428571428583 0.5392857142857143 0.12571428571428583
3 0.5328571428571428 0.1057142857142858 0.49214285714285716 0.1057142857142858 0.49214285714285716 0.1438095238095239 0.5328571428571428 0.14380952380952391
3 0.5457142857142857 0.16857142857142865 0.49714285714285716 0.16857142857142862 0.49714285714285716 0.20857142857142866 0.5457142857142857 0.20857142857142869
3 0.5478571428571428 0.201904761904762 0.4992857142857143 0.201904761904762 0.4992857142857143 0.23904761904761915 0.5478571428571428 0.23904761904761915
3 0.5442857142857143 0.22476190476190483 0.4957142857142857 0.22476190476190483 0.4957142857142857 0.26095238095238105 0.5442857142857143 0.26095238095238105
11 0.5421428571428571 0.14190476190476198 0.495 0.14190476190476195 0.495 0.18190476190476199 0.5421428571428571 0.181904761904762
3 0.5514285714285714 0.2800000000000001 0.4928571428571429 0.2800000000000001 0.4928571428571429 0.3180952380952382 0.5514285714285714 0.3180952380952382
3 0.5557142857142857 0.3342857142857144 0.4957142857142857 0.3342857142857144 0.4957142857142857 0.36761904761904773 0.5557142857142857 0.36761904761904773
11 0.5557142857142857 0.36952380952380964 0.49642857142857144 0.36952380952380964 0.49642857142857144 0.4066666666666668 0.5557142857142857 0.4066666666666668
3 0.5585714285714286 0.4066666666666668 0.4957142857142857 0.4066666666666668 0.4957142857142857 0.4380952380952382 0.5585714285714286 0.4380952380952382
3 0.5614285714285714 0.47904761904761917 0.49357142857142855 0.47904761904761917 0.49357142857142855 0.5228571428571429 0.5614285714285714 0.5228571428571429
3 0.5585714285714286 0.5085714285714286 0.4928571428571429 0.5085714285714286 0.4928571428571429 0.5561904761904762 0.5585714285714286 0.5561904761904762
3 0.5621428571428572 0.5580952380952381 0.49714285714285716 0.5580952380952381 0.49714285714285716 0.5961904761904762 0.5621428571428572 0.5961904761904762
3 0.5628571428571428 0.5952380952380952 0.48928571428571427 0.5952380952380952 0.48928571428571427 0.6409523809523809 0.5628571428571428 0.6409523809523809
3 0.5671428571428572 0.64 0.4928571428571429 0.64 0.4928571428571429 0.6923809523809524 0.5671428571428572 0.6923809523809524
3 0.5657142857142857 0.7742857142857142 0.4807142857142857 0.7742857142857142 0.4807142857142857 0.8285714285714286 0.5657142857142857 0.8285714285714286
3 0.5557142857142857 0.8276190476190476 0.4742857142857143 0.8276190476190476 0.4742857142857143 0.8752380952380953 0.5557142857142857 0.8752380952380953
3 0.5564285714285716 0.8876190476190476 0.4742857142857144 0.8876190476190476 0.4742857142857144 0.9352380952380952 0.5564285714285716 0.9352380952380952
5 0.6978571428571428 0.022857142857142968 0.68 0.022857142857142965 0.68 0.035238095238095346 0.6978571428571428 0.035238095238095346
5 0.7414285714285714 0.015238095238095356 0.7221428571428572 0.015238095238095353 0.7221428571428572 0.027619047619047737 0.7414285714285714 0.02761904761904774