10 0.18500000000000005 0.5583756345177665 0.08500000000000003 0.5583756345177665 0.08500000000000003 0.6408629441624365 0.18500000000000008 0.6408629441624365
3 0.2778571428571429 0.6243654822335025 0.23357142857142865 0.6243654822335025 0.23357142857142865 0.6611675126903553 0.2778571428571429 0.6611675126903553
3 0.3521428571428572 0.6091370558375635 0.3164285714285715 0.6091370558375635 0.3164285714285715 0.6573604060913706 0.3521428571428572 0.6573604060913706
3 0.3964285714285714 0.5583756345177666 0.355 0.5583756345177666 0.35500000000000004 0.6281725888324875 0.3964285714285714 0.6281725888324875
3 0.44 0.41624365482233516 0.41 0.41624365482233516 0.41 0.49619289340101536 0.44 0.49619289340101536
3 0.46714285714285714 0.24111675126903562 0.44357142857142856 0.24111675126903562 0.44357142857142856 0.317258883248731 0.46714285714285714 0.317258883248731
3 0.495 0.09771573604060925 0.47214285714285714 0.09771573604060925 0.47214285714285714 0.16243654822335032 0.495 0.16243654822335032
2 0.14928571428571433 0.45558375634517767 0.08642857142857147 0.45558375634517767 0.08642857142857147 0.5126903553299492 0.14928571428571433 0.5126903553299492
2 0.07785714285714289 0.4263959390862944 0.01500000000000003 0.4263959390862944 0.015000000000000032 0.48223350253807107 0.0778571428571429 0.48223350253807107
3 0.16928571428571432 0.43274111675126903 0.11928571428571433 0.43274111675126903 0.11928571428571433 0.47588832487309646 0.16928571428571432 0.47588832487309646
3 0.12000000000000004 0.41624365482233505 0.08357142857142859 0.41624365482233505 0.0835714285714286 0.4593908629441624 0.12000000000000004 0.4593908629441624
3 0.0735714285714286 0.39086294416243655 0.034285714285714315 0.39086294416243655 0.034285714285714315 0.43147208121827413 0.0735714285714286 0.43147208121827413
3 0.02500000000000003 0.37055837563451777 2.554263323935908e-17 0.37055837563451777 2.6811017424190267e-17 0.4073604060913706 0.02500000000000003 0.4073604060913706