3 0.20357142857142865 0.9180952380952381 0.12428571428571436 0.9180952380952381 0.12428571428571436 0.9990476190476191 0.20357142857142865 0.9990476190476191
3 0.3478571428571429 0.7314285714285714 0.28357142857142864 0.7314285714285714 0.28357142857142864 0.8114285714285714 0.3478571428571429 0.8114285714285714
7 0.21857142857142867 0.6161904761904762 0.20785714285714293 0.6161904761904762 0.20785714285714293 0.6314285714285715 0.21857142857142867 0.6314285714285715
7 0.48428571428571426 0.7638095238095238 0.4757142857142857 0.7638095238095238 0.4757142857142857 0.7761904761904762 0.48428571428571426 0.7761904761904762
3 0.33285714285714296 0.49523809523809526 0.2778571428571429 0.49523809523809526 0.2778571428571429 0.5628571428571428 0.33285714285714296 0.5628571428571428
10 0.6228571428571429 0.5838095238095238 0.5242857142857142 0.5838095238095238 0.5242857142857142 0.7133333333333334 0.6228571428571429 0.7133333333333334
7 0.6421428571428571 0.5247619047619048 0.6321428571428571 0.5247619047619048 0.6321428571428571 0.5428571428571428 0.6421428571428571 0.5428571428571428
3 0.7714285714285715 0.38285714285714295 0.73 0.38285714285714295 0.73 0.4361904761904763 0.7714285714285715 0.4361904761904763
3 0.6314285714285715 0.22380952380952393 0.5907142857142857 0.22380952380952393 0.5907142857142857 0.27333333333333343 0.6314285714285715 0.27333333333333343
3 0.5571428571428572 0.24761904761904774 0.5235714285714286 0.24761904761904774 0.5235714285714286 0.2904761904761906 0.5571428571428572 0.2904761904761906
0 0.53 0.27714285714285725 0.5035714285714286 0.27714285714285725 0.5035714285714286 0.30952380952380965 0.53 0.30952380952380965
5 0.5057142857142857 0.30666666666666675 0.48428571428571426 0.30666666666666675 0.48428571428571426 0.32285714285714295 0.5057142857142857 0.32285714285714295
7 0.42857142857142855 0.3638095238095239 0.4207142857142857 0.3638095238095239 0.4207142857142857 0.38095238095238104 0.42857142857142855 0.38095238095238104
7 0.43214285714285716 0.3476190476190477 0.4257142857142857 0.3476190476190477 0.4257142857142857 0.36666666666666675 0.43214285714285716 0.36666666666666675
7 0.44785714285714284 0.3361904761904763 0.44285714285714284 0.3361904761904763 0.44285714285714284 0.35523809523809535 0.44785714285714284 0.35523809523809535
7 0.7814285714285715 0.32285714285714295 0.7714285714285715 0.32285714285714295 0.7714285714285715 0.33904761904761915 0.7814285714285715 0.33904761904761915
7 0.7157142857142857 0.19714285714285726 0.7071428571428572 0.19714285714285726 0.7071428571428572 0.21523809523809534 0.7157142857142857 0.21523809523809534
7 0.8421428571428572 0.2904761904761906 0.8321428571428572 0.2904761904761906 0.8321428571428572 0.30952380952380965 0.8421428571428572 0.30952380952380965
7 0.8185714285714286 0.24761904761904774 0.8085714285714286 0.24761904761904774 0.8085714285714286 0.26571428571428585 0.8185714285714286 0.26571428571428585
7 0.8228571428571428 0.24380952380952392 0.815 0.24380952380952392 0.815 0.26380952380952394 0.8228571428571428 0.26380952380952394
5 0.9678571428571429 0.10380952380952398 0.9507142857142857 0.10380952380952398 0.9507142857142857 0.12000000000000016 0.9678571428571429 0.12000000000000016
8 0.9664285714285714 0.09809523809523826 0.9564285714285714 0.09809523809523826 0.9564285714285714 0.12000000000000016 0.9664285714285714 0.12000000000000016
10 0.9378571428571428 0.15238095238095253 0.885 0.15238095238095253 0.885 0.21619047619047635 0.9378571428571428 0.21619047619047635
3 0.9242857142857143 0.1257142857142859 0.89 0.1257142857142859 0.89 0.16666666666666682 0.9242857142857143 0.16666666666666682
7 0.7585714285714286 0.030476190476190598 0.7514285714285714 0.030476190476190598 0.7514285714285714 0.0504761904761906 0.7585714285714286 0.0504761904761906
0 0.7964285714285714 1.2829633133924655e-16 0.775 1.2654683591189316e-16 0.775 0.016190476190476318 0.7964285714285714 0.016190476190476318
1 0.7357142857142858 0.04095238095238107 0.7171428571428572 0.04095238095238107 0.7171428571428572 0.06285714285714296 0.7357142857142858 0.06285714285714296
5 0.72 0.02952380952380964 0.7107142857142857 0.02952380952380964 0.7107142857142857 0.04761904761904774 0.72 0.04761904761904774
7 0.7121428571428572 0.026666666666666783 0.7064285714285714 0.026666666666666783 0.7064285714285714 0.04380952380952393 0.7121428571428572 0.04380952380952393
7 0.6864285714285714 0.06666666666666678 0.6785714285714286 0.06666666666666678 0.6785714285714286 0.08476190476190487 0.6864285714285714 0.08476190476190487
0 0.7278571428571429 0.04857142857142869 0.6942857142857143 0.04857142857142868 0.6942857142857143 0.10285714285714297 0.7278571428571429 0.10285714285714297
0 0.6764285714285714 0.08476190476190487 0.6571428571428571 0.08476190476190487 0.6571428571428571 0.10952380952380963 0.6764285714285714 0.10952380952380963
0 0.6621428571428571 0.10952380952380963 0.6342857142857142 0.10952380952380963 0.6342857142857142 0.14095238095238105 0.6621428571428571 0.14095238095238105
8 0.6457142857142857 0.1180952380952382 0.6371428571428571 0.1180952380952382 0.6371428571428571 0.13523809523809535 0.6457142857142857 0.13523809523809535
8 0.6621428571428571 0.07904761904761916 0.6542857142857142 0.07904761904761916 0.6542857142857142 0.09333333333333343 0.6621428571428571 0.09333333333333343
8 0.6535714285714286 0.04095238095238106 0.6478571428571429 0.04095238095238106 0.6478571428571429 0.05714285714285725 0.6535714285714286 0.05714285714285725
7 0.7371428571428571 0.0009523809523810723 0.73 0.0009523809523810716 0.73 0.018095238095238216 0.7371428571428571 0.018095238095238216
7 0.5992857142857143 9.733026227509202e-17 0.5928571428571429 9.680541364688601e-17 0.5928571428571429 0.017142857142857237 0.5992857142857143 0.017142857142857237
7 0.6071428571428571 9.878817513121983e-17 0.6028571428571429 9.843827604574916e-17 0.6028571428571429 0.01523809523809534 0.6071428571428571 0.01523809523809534
7 0.5585714285714286 0.1057142857142858 0.5528571428571428 0.1057142857142858 0.5528571428571428 0.12380952380952391 0.5585714285714286 0.12380952380952391
7 0.58 0.11904761904761912 0.5728571428571428 0.11904761904761912 0.5728571428571428 0.13904761904761914 0.58 0.13904761904761914
7 0.5985714285714285 0.15714285714285725 0.5935714285714285 0.15714285714285725 0.5935714285714285 0.17523809523809536 0.5985714285714285 0.17523809523809536
7 0.5957142857142858 0.1504761904761906 0.5892857142857143 0.1504761904761906 0.5892857142857143 0.16857142857142868 0.5957142857142858 0.16857142857142868
8 0.5728571428571428 0.1561904761904763 0.5657142857142857 0.1561904761904763 0.5657142857142857 0.1723809523809525 0.5728571428571428 0.1723809523809525
0 0.57 0.18095238095238106 0.5492857142857143 0.18095238095238106 0.5492857142857143 0.1961904761904763 0.57 0.1961904761904763
7 0.5721428571428572 0.181904761904762 0.5671428571428572 0.181904761904762 0.5671428571428572 0.20000000000000012 0.5721428571428572 0.20000000000000012
7 0.565 0.21904761904761916 0.5607142857142857 0.21904761904761916 0.5607142857142857 0.23714285714285724 0.565 0.23714285714285724
7 0.5792857142857143 0.20952380952380964 0.575 0.20952380952380964 0.575 0.22952380952380963 0.5792857142857143 0.22952380952380963
8 0.6092857142857143 0.19523809523809535 0.6014285714285714 0.19523809523809535 0.6014285714285714 0.20952380952380964 0.6092857142857143 0.20952380952380964
7 0.6285714285714286 0.19523809523809535 0.6221428571428571 0.19523809523809535 0.6221428571428571 0.21428571428571438 0.6285714285714286 0.21428571428571438
7 0.6285714285714286 0.18476190476190488 0.6214285714285714 0.18476190476190488 0.6214285714285714 0.20761904761904773 0.6285714285714286 0.20761904761904773