3 0.36857142857142855 0.1990476190476191 0.3507142857142857 0.1990476190476191 0.3507142857142857 0.23238095238095244 0.36857142857142855 0.23238095238095244
3 0.32857142857142857 0.25523809523809526 0.3107142857142857 0.25523809523809526 0.3107142857142857 0.29428571428571426 0.32857142857142857 0.29428571428571426
3 0.3457142857142857 0.27428571428571435 0.32857142857142857 0.2742857142857143 0.32857142857142857 0.3152380952380953 0.3457142857142857 0.3152380952380954
3 0.3071428571428572 0.4542857142857143 0.28642857142857153 0.4542857142857143 0.28642857142857153 0.5066666666666667 0.3071428571428572 0.5066666666666667
3 0.7864285714285715 0.943809523809524 0.727857142857143 0.943809523809524 0.727857142857143 0.9857142857142858 0.7864285714285715 0.9857142857142858
3 0.905 0.9400000000000002 0.8464285714285714 0.9400000000000002 0.8464285714285714 0.9942857142857143 0.905 0.9942857142857143
3 0.8771428571428571 0.8400000000000002 0.8171428571428572 0.8400000000000002 0.8171428571428572 0.8780952380952383 0.8771428571428571 0.8780952380952383
3 0.86 0.764761904761905 0.8064285714285714 0.764761904761905 0.8064285714285714 0.7980952380952383 0.86 0.7980952380952383
3 0.8464285714285714 0.7142857142857145 0.7985714285714286 0.7142857142857145 0.7985714285714286 0.7419047619047621 0.8464285714285714 0.7419047619047621
3 0.7478571428571429 0.7095238095238098 0.7 0.7095238095238098 0.7 0.7419047619047621 0.7478571428571429 0.7419047619047621
3 0.8185714285714286 0.5980952380952383 0.7771428571428571 0.5980952380952383 0.7771428571428571 0.6285714285714288 0.8185714285714286 0.6285714285714288
11 0.785 0.4400000000000001 0.7457142857142857 0.4400000000000001 0.7457142857142857 0.46285714285714297 0.785 0.46285714285714297
10 0.7035714285714286 0.4104761904761906 0.6721428571428572 0.4104761904761906 0.6721428571428572 0.43523809523809537 0.7035714285714286 0.43523809523809537
3 0.5271428571428571 0.16761904761904772 0.5107142857142857 0.16761904761904772 0.5107142857142857 0.19904761904761917 0.5271428571428571 0.19904761904761917
5 0.5371428571428571 0.5190476190476191 0.5264285714285715 0.5190476190476191 0.5264285714285715 0.540952380952381 0.5371428571428571 0.540952380952381
7 0.7492857142857143 0.0904761904761906 0.7414285714285714 0.09047619047619058 0.7414285714285714 0.10666666666666678 0.7492857142857143 0.1066666666666668
7 0.74 0.12285714285714297 0.7335714285714285 0.12285714285714297 0.7335714285714285 0.1361904761904763 0.74 0.1361904761904763
7 0.7507142857142857 0.14952380952380964 0.7457142857142857 0.14952380952380964 0.7457142857142857 0.1638095238095239 0.7507142857142857 0.1638095238095239
7 0.7621428571428571 0.16190476190476202 0.7542857142857143 0.16190476190476202 0.7542857142857143 0.1761904761904763 0.7621428571428571 0.1761904761904763
7 0.7721428571428571 0.1780952380952382 0.7657142857142857 0.1780952380952382 0.7657142857142857 0.19142857142857153 0.7721428571428571 0.19142857142857153
7 0.7778571428571428 0.19714285714285726 0.7728571428571429 0.19714285714285726 0.7728571428571429 0.20952380952380964 0.7778571428571428 0.20952380952380964
7 0.7771428571428571 0.2695238095238096 0.7707142857142857 0.2695238095238096 0.7707142857142857 0.2857142857142858 0.7771428571428571 0.2857142857142858
7 0.8092857142857143 0.2895238095238096 0.8021428571428572 0.2895238095238096 0.8021428571428572 0.301904761904762 0.8092857142857143 0.301904761904762
7 0.8064285714285714 0.3761904761904763 0.7985714285714286 0.3761904761904763 0.7985714285714286 0.3885714285714287 0.8064285714285714 0.3885714285714287
7 0.8107142857142857 0.37523809523809537 0.805 0.37523809523809537 0.805 0.38476190476190486 0.8107142857142857 0.38476190476190486
7 0.8207142857142857 0.36857142857142866 0.8121428571428572 0.36857142857142866 0.8121428571428572 0.38285714285714295 0.8207142857142857 0.38285714285714295
7 0.8664285714285714 0.38666666666666677 0.8578571428571429 0.38666666666666677 0.8578571428571429 0.39714285714285724 0.8664285714285714 0.39714285714285724
7 0.8778571428571429 0.38761904761904775 0.8664285714285714 0.38761904761904775 0.8664285714285714 0.40285714285714297 0.8778571428571429 0.40285714285714297
7 0.8828571428571429 0.3780952380952382 0.8764285714285714 0.3780952380952382 0.8764285714285714 0.3885714285714287 0.8828571428571429 0.3885714285714287
5 0.8621428571428571 0.39904761904761915 0.8528571428571429 0.39904761904761915 0.8528571428571429 0.4161904761904763 0.8621428571428571 0.4161904761904763
5 0.8771428571428571 0.4038095238095239 0.8685714285714285 0.4038095238095239 0.8685714285714285 0.422857142857143 0.8771428571428571 0.422857142857143
5 0.8864285714285715 0.4066666666666668 0.8792857142857143 0.4066666666666668 0.8792857142857143 0.4247619047619049 0.8864285714285715 0.4247619047619049
5 0.9085714285714286 0.41142857142857153 0.8907142857142857 0.41142857142857153 0.8907142857142857 0.42666666666666675 0.9085714285714286 0.42666666666666675
7 0.8064285714285714 0.32285714285714295 0.8007142857142857 0.32285714285714295 0.8007142857142857 0.33523809523809533 0.8064285714285714 0.33523809523809533
7 0.81 0.35142857142857153 0.8021428571428572 0.35142857142857153 0.8021428571428572 0.36857142857142866 0.81 0.36857142857142866
7 0.8092857142857143 0.30666666666666675 0.8035714285714286 0.30666666666666675 0.8035714285714286 0.3171428571428572 0.8092857142857143 0.3171428571428572
7 0.8064285714285714 0.2990476190476192 0.8007142857142857 0.2990476190476192 0.8007142857142857 0.31333333333333346 0.8064285714285714 0.31333333333333346
7 0.7478571428571429 0.0685714285714287 0.7435714285714285 0.06857142857142869 0.7435714285714285 0.08095238095238108 0.7478571428571429 0.08095238095238108
7 0.7435714285714285 0.06571428571428582 0.7392857142857143 0.06571428571428582 0.7392857142857143 0.0780952380952382 0.7435714285714285 0.0780952380952382
7 0.7414285714285714 0.05523809523809536 0.7357142857142858 0.05523809523809536 0.7357142857142858 0.06761904761904773 0.7414285714285714 0.06761904761904773
3 0.6714285714285714 0.13523809523809535 0.6428571428571429 0.13523809523809535 0.6428571428571429 0.15238095238095248 0.6714285714285714 0.15238095238095248
3 0.3821428571428571 0.13238095238095243 0.3657142857142857 0.13238095238095243 0.3657142857142857 0.16380952380952388 0.3821428571428571 0.16380952380952388
3 0.4007142857142857 0.06761904761904768 0.38785714285714284 0.06761904761904768 0.38785714285714284 0.09238095238095244 0.4007142857142857 0.09238095238095244
11 0.41285714285714287 0.03238095238095245 0.3985714285714286 0.03238095238095245 0.3985714285714286 0.06380952380952386 0.41285714285714287 0.06380952380952386
2 0.3964285714285714 0.022857142857142923 0.36714285714285716 0.02285714285714292 0.36714285714285716 0.08666666666666673 0.3964285714285714 0.08666666666666673
4 0.995 0.4257142857142859 0.9178571428571428 0.4257142857142858 0.9178571428571428 0.45142857142857157 0.995 0.4514285714285716