7 0.02285714285714286 0.05964467005076142 0.002857142857142861 0.05964467005076142 0.0028571428571428628 0.1065989847715736 0.022857142857142868 0.1065989847715736
7 0.035 0.05710659898477157 0.01071428571428572 0.05710659898477157 0.010714285714285721 0.10406091370558376 0.03500000000000001 0.10406091370558376
7 0.015714285714285726 0.12055837563451777 8.310103279928468e-18 0.12055837563451777 9.797174393178826e-18 0.16370558375634517 0.015714285714285726 0.16370558375634517
7 0.01214285714285715 0.08883248730964467 0.0007142857142857204 0.08883248730964467 0.0007142857142857214 0.12055837563451777 0.012142857142857153 0.12055837563451777
7 0.015714285714285726 0.1116751269035533 7.697779880354791e-18 0.1116751269035533 8.834951908134477e-18 0.1446700507614213 0.015714285714285726 0.1446700507614213
7 0.030000000000000016 0.217005076142132 0.004285714285714301 0.217005076142132 0.004285714285714302 0.25888324873096447 0.03000000000000002 0.25888324873096447
7 0.060714285714285735 0.22588832487309646 0.039285714285714306 0.22588832487309646 0.039285714285714306 0.26903553299492383 0.060714285714285735 0.26903553299492383
7 0.09785714285714285 0.22588832487309646 0.07714285714285717 0.22588832487309646 0.07714285714285717 0.26776649746192893 0.09785714285714285 0.26776649746192893
7 0.11714285714285715 0.21192893401015228 0.09785714285714285 0.21192893401015228 0.09785714285714285 0.2512690355329949 0.11714285714285715 0.2512690355329949
7 0.13357142857142856 0.19923857868020303 0.11214285714285714 0.19923857868020303 0.11214285714285714 0.2436548223350254 0.13357142857142856 0.2436548223350254
7 0.11000000000000001 0.26649746192893403 0.09000000000000002 0.26649746192893403 0.09000000000000002 0.3083756345177665 0.11000000000000004 0.3083756345177665
7 0.15214285714285714 0.23223350253807107 0.13214285714285715 0.23223350253807107 0.13214285714285715 0.26903553299492383 0.15214285714285714 0.26903553299492383
7 0.17214285714285715 0.24619289340101527 0.155 0.24619289340101522 0.155 0.29187817258883253 0.17214285714285715 0.2918781725888326
7 0.17642857142857143 0.2322335025380711 0.16 0.23223350253807107 0.16 0.27284263959390864 0.17642857142857143 0.2728426395939087
7 0.23642857142857143 0.29568527918781734 0.21928571428571428 0.29568527918781734 0.21928571428571428 0.33375634517766495 0.23642857142857143 0.33375634517766495
7 0.19357142857142856 0.33756345177664976 0.17142857142857146 0.33756345177664976 0.17142857142857146 0.3756345177664975 0.19357142857142856 0.3756345177664975
7 0.31 0.4733502538071066 0.2935714285714286 0.4733502538071066 0.2935714285714286 0.5088832487309645 0.31 0.5088832487309645
7 0.3507142857142857 0.44796954314720827 0.33285714285714285 0.44796954314720827 0.33285714285714285 0.4796954314720814 0.3507142857142857 0.4796954314720814
7 0.3492857142857143 0.42512690355329963 0.335 0.42512690355329963 0.335 0.45812182741116764 0.3492857142857143 0.45812182741116764
8 0.36857142857142855 0.09517766497461937 0.35285714285714287 0.09517766497461937 0.35285714285714287 0.12563451776649753 0.36857142857142855 0.12563451776649753
8 0.48214285714285715 0.05710659898477168 0.46785714285714286 0.05710659898477168 0.46785714285714286 0.08883248730964478 0.48214285714285715 0.08883248730964478
7 0.4357142857142857 0.4225888324873098 0.4278571428571429 0.4225888324873098 0.4278571428571429 0.4670050761421321 0.4357142857142857 0.4670050761421321
7 0.4342857142857143 0.46192893401015245 0.4185714285714286 0.46192893401015245 0.4185714285714286 0.4936548223350255 0.4342857142857143 0.4936548223350255
7 0.43 0.47588832487309657 0.41285714285714287 0.47588832487309657 0.41285714285714287 0.5076142131979697 0.43 0.5076142131979697
7 0.42142857142857143 0.50253807106599 0.4064285714285714 0.50253807106599 0.4064285714285714 0.5329949238578682 0.42142857142857143 0.5329949238578682
7 0.4228571428571429 0.5114213197969545 0.405 0.5114213197969545 0.405 0.5456852791878174 0.4228571428571429 0.5456852791878174
7 0.59 0.3274111675126905 0.5757142857142857 0.3274111675126905 0.5757142857142857 0.37690355329949254 0.59 0.37690355329949254
7 0.5707142857142857 0.42512690355329963 0.5578571428571428 0.42512690355329963 0.5578571428571428 0.4606598984771575 0.5707142857142857 0.4606598984771575
8 0.5957142857142858 0.4327411167512692 0.5778571428571428 0.4327411167512692 0.5778571428571428 0.46827411167512706 0.5957142857142858 0.46827411167512706
8 0.5857142857142857 0.4644670050761423 0.5728571428571428 0.4644670050761423 0.5728571428571428 0.48984771573604075 0.5857142857142857 0.48984771573604075
8 0.5378571428571428 0.6967005076142132 0.5228571428571429 0.6967005076142132 0.5228571428571429 0.7296954314720813 0.5378571428571428 0.7296954314720813
7 0.5364285714285715 0.5913705583756347 0.5235714285714286 0.5913705583756347 0.5235714285714286 0.6230964467005078 0.5364285714285715 0.6230964467005078
7 0.5378571428571428 0.5583756345177666 0.5228571428571429 0.5583756345177666 0.5228571428571429 0.6002538071065991 0.5378571428571428 0.6002538071065991
7 0.53 0.6408629441624367 0.5192857142857142 0.6408629441624367 0.5192857142857142 0.6713197969543148 0.53 0.6713197969543148
7 0.5571428571428572 0.6434010152284265 0.5435714285714286 0.6434010152284265 0.5435714285714286 0.6738578680203046 0.5571428571428572 0.6738578680203046
7 0.56 0.5634517766497463 0.545 0.5634517766497463 0.545 0.5939086294416245 0.56 0.5939086294416245
7 0.5621428571428572 0.5913705583756347 0.55 0.5913705583756347 0.55 0.6180203045685281 0.5621428571428572 0.6180203045685281
7 0.555 0.7144670050761421 0.5442857142857143 0.7144670050761421 0.5442857142857143 0.7538071065989848 0.555 0.7538071065989848
7 0.5735714285714286 0.733502538071066 0.56 0.733502538071066 0.56 0.7576142131979695 0.5735714285714286 0.7576142131979695
7 0.5985714285714285 0.75 0.5835714285714285 0.75 0.5835714285714285 0.7829949238578681 0.5985714285714285 0.7829949238578681
7 0.5807142857142857 0.6484771573604062 0.5692857142857143 0.6484771573604062 0.5692857142857143 0.6865482233502538 0.5807142857142857 0.6865482233502538
7 0.5778571428571428 0.6180203045685281 0.565 0.6180203045685281 0.565 0.649746192893401 0.5778571428571428 0.649746192893401
7 0.5821428571428572 0.6205583756345179 0.575 0.6205583756345179 0.575 0.6408629441624367 0.5821428571428572 0.6408629441624367
7 0.5935714285714285 0.5977157360406092 0.5785714285714286 0.5977157360406092 0.5785714285714286 0.6294416243654823 0.5935714285714285 0.6294416243654823
7 0.6435714285714286 0.6053299492385789 0.63 0.6053299492385789 0.63 0.6421319796954316 0.6435714285714286 0.6421319796954316
7 0.76 0.904822335025381 0.7435714285714285 0.904822335025381 0.7435714285714285 0.9365482233502541 0.76 0.9365482233502541
7 0.7928571428571428 0.9124365482233505 0.7678571428571429 0.9124365482233505 0.7678571428571429 0.9428934010152287 0.7928571428571428 0.9428934010152287
7 0.85 0.9149746192893404 0.8221428571428572 0.9149746192893404 0.8221428571428572 0.9390862944162439 0.85 0.9390862944162439
7 0.9035714285714286 0.8832487309644673 0.8714285714285714 0.8832487309644673 0.8714285714285714 0.9137055837563455 0.9035714285714286 0.9137055837563455
7 0.9664285714285714 0.9809644670050764 0.9371428571428572 0.9809644670050764 0.9371428571428572 0.9987309644670054 0.9664285714285714 0.9987309644670054
7 0.9628571428571429 0.9403553299492389 0.93 0.9403553299492389 0.93 0.9657360406091373 0.9628571428571429 0.9657360406091373
7 0.9221428571428572 0.9289340101522846 0.8935714285714286 0.9289340101522846 0.8935714285714286 0.9619289340101526 0.9221428571428572 0.9619289340101526
7 0.8971428571428571 0.9124365482233505 0.8671428571428571 0.9124365482233505 0.8671428571428571 0.9416243654822338 0.8971428571428571 0.9416243654822338
7 0.8614285714285714 0.9479695431472084 0.8335714285714285 0.9479695431472084 0.8335714285714285 0.9822335025380714 0.8614285714285714 0.9822335025380714