7 0.48928571428571427 0.4800000000000001 0.4735714285714286 0.4800000000000001 0.4735714285714286 0.5304761904761904 0.48928571428571427 0.5304761904761904
7 0.64 0.4047619047619049 0.6307142857142857 0.4047619047619049 0.6307142857142857 0.441904761904762 0.64 0.441904761904762
8 0.3478571428571429 0.58 0.3214285714285715 0.58 0.3214285714285715 0.6485714285714286 0.3478571428571429 0.6485714285714286
8 0.2264285714285715 0.5780952380952381 0.20214285714285724 0.5780952380952381 0.20214285714285724 0.6438095238095238 0.2264285714285715 0.6438095238095238
5 0.24214285714285722 0.5885714285714285 0.17642857142857146 0.5885714285714285 0.17642857142857146 0.6419047619047619 0.24214285714285722 0.6419047619047619
5 0.3600000000000001 0.6 0.3092857142857144 0.6 0.3092857142857144 0.6419047619047619 0.3600000000000001 0.6419047619047619
3 0.2564285714285715 0.4742857142857143 0.15500000000000005 0.4742857142857143 0.15500000000000005 0.5314285714285715 0.2564285714285715 0.5314285714285715
8 0.2292857142857143 0.37238095238095237 0.22142857142857142 0.37238095238095237 0.22142857142857142 0.38761904761904764 0.2292857142857143 0.38761904761904764
8 0.18785714285714286 0.3780952380952381 0.17928571428571433 0.3780952380952381 0.17928571428571433 0.39714285714285713 0.18785714285714286 0.39714285714285713
8 0.27714285714285714 0.38095238095238093 0.26857142857142857 0.38095238095238093 0.26857142857142857 0.3980952380952381 0.27714285714285714 0.3980952380952381
8 0.2807142857142857 0.34095238095238095 0.2764285714285714 0.34095238095238095 0.2764285714285714 0.3495238095238095 0.2807142857142857 0.3495238095238095
7 0.14428571428571432 0.3923809523809524 0.13642857142857148 0.3923809523809524 0.13642857142857148 0.41619047619047617 0.14428571428571432 0.41619047619047617
1 0.14428571428571432 0.39904761904761904 0.13500000000000004 0.39904761904761904 0.13500000000000004 0.41333333333333333 0.14428571428571432 0.41333333333333333
5 0.19214285714285714 0.3838095238095238 0.1735714285714286 0.3838095238095238 0.1735714285714286 0.3980952380952381 0.19214285714285714 0.3980952380952381
5 0.23142857142857143 0.37714285714285717 0.22214285714285714 0.37714285714285717 0.22214285714285714 0.3914285714285714 0.23142857142857143 0.3914285714285714
5 0.28 0.38285714285714284 0.26785714285714285 0.38285714285714284 0.26785714285714285 0.4 0.28 0.4
3 0.32285714285714284 0.38857142857142857 0.29428571428571426 0.38857142857142857 0.29428571428571426 0.41619047619047617 0.32285714285714284 0.41619047619047617
3 0.29 0.3638095238095238 0.2671428571428571 0.3638095238095238 0.2671428571428571 0.38285714285714284 0.29 0.38285714285714284
3 0.2935714285714286 0.35904761904761906 0.2742857142857143 0.35904761904761906 0.2742857142857143 0.3761904761904762 0.2935714285714286 0.3761904761904762
10 0.34714285714285714 0.3533333333333334 0.31142857142857144 0.35333333333333333 0.31142857142857144 0.3952380952380953 0.34714285714285714 0.39523809523809533
3 0.25 0.3638095238095238 0.23 0.3638095238095238 0.23 0.38 0.25 0.38
11 0.2357142857142857 0.36 0.21285714285714286 0.36 0.21285714285714286 0.38666666666666666 0.2357142857142857 0.38666666666666666
11 0.22142857142857142 0.3580952380952381 0.2042857142857143 0.3580952380952381 0.2042857142857143 0.379047619047619 0.22142857142857142 0.379047619047619
11 0.16071428571428575 0.36095238095238097 0.13000000000000003 0.36095238095238097 0.13000000000000003 0.38571428571428573 0.16071428571428575 0.38571428571428573
3 0.1278571428571429 0.3638095238095238 0.1028571428571429 0.3638095238095238 0.1028571428571429 0.3923809523809524 0.1278571428571429 0.3923809523809524
10 0.17714285714285719 0.3514285714285714 0.15500000000000005 0.3514285714285714 0.15500000000000005 0.38 0.17714285714285719 0.38
3 1 0.6123809523809526 0.8885714285714286 0.6123809523809526 0.8885714285714286 0.7095238095238098 1 0.7095238095238098
3 0.9992857142857143 0.5704761904761907 0.8778571428571429 0.5704761904761907 0.8778571428571429 0.6352380952380955 0.9992857142857143 0.6352380952380955
3 0.7521428571428571 0.5085714285714287 0.6435714285714286 0.5085714285714286 0.6435714285714286 0.5847619047619048 0.7521428571428571 0.5847619047619049
8 0.6264285714285714 0.4161904761904763 0.6164285714285714 0.4161904761904763 0.6164285714285714 0.44666666666666677 0.6264285714285714 0.44666666666666677
8 0.6342857142857142 0.4238095238095239 0.6221428571428571 0.4238095238095239 0.6221428571428571 0.44952380952380966 0.6342857142857142 0.44952380952380966
8 0.6778571428571428 0.4533333333333334 0.6628571428571428 0.4533333333333334 0.6628571428571428 0.482857142857143 0.6778571428571428 0.482857142857143
5 0.6271428571428571 0.42666666666666675 0.61 0.42666666666666675 0.61 0.44380952380952393 0.6271428571428571 0.44380952380952393
5 0.6414285714285715 0.4323809523809525 0.6171428571428571 0.4323809523809525 0.6171428571428571 0.45523809523809533 0.6414285714285715 0.45523809523809533
1 0.645 0.41904761904761917 0.6278571428571429 0.41904761904761917 0.6278571428571429 0.4371428571428573 0.645 0.4371428571428573
5 0.68 0.4657142857142858 0.6635714285714286 0.4657142857142858 0.6635714285714286 0.4923809523809526 0.68 0.4923809523809526
7 0.7192857142857143 0.4161904761904763 0.7092857142857143 0.4161904761904763 0.7092857142857143 0.44476190476190486 0.7192857142857143 0.44476190476190486
3 0.5521428571428572 0.4076190476190477 0.5107142857142857 0.4076190476190477 0.5107142857142857 0.4400000000000001 0.5521428571428572 0.4400000000000001
3 0.4878571428571429 0.38571428571428584 0.44785714285714284 0.38571428571428584 0.44785714285714284 0.4076190476190477 0.4878571428571429 0.4076190476190477
3 0.46785714285714286 0.3723809523809525 0.43142857142857144 0.3723809523809525 0.43142857142857144 0.3923809523809525 0.46785714285714286 0.3923809523809525
7 0.4421428571428571 0.3657142857142858 0.43642857142857144 0.3657142857142858 0.43642857142857144 0.381904761904762 0.4421428571428571 0.381904761904762
3 0.6664285714285715 0.361904761904762 0.64 0.361904761904762 0.64 0.38285714285714295 0.6664285714285715 0.38285714285714295
3 0.6364285714285715 0.36761904761904773 0.6078571428571429 0.36761904761904773 0.6078571428571429 0.381904761904762 0.6364285714285715 0.381904761904762
3 0.6392857142857142 0.362857142857143 0.6114285714285714 0.362857142857143 0.6114285714285714 0.381904761904762 0.6392857142857142 0.381904761904762
3 0.6042857142857143 0.37047619047619057 0.5707142857142857 0.37047619047619057 0.5707142857142857 0.3923809523809525 0.6042857142857143 0.3923809523809525
3 0.6057142857142858 0.3657142857142858 0.5757142857142857 0.3657142857142858 0.5757142857142857 0.3885714285714287 0.6057142857142858 0.3885714285714287
11 0.5678571428571428 0.36952380952380964 0.5328571428571428 0.36952380952380964 0.5328571428571428 0.39523809523809533 0.5678571428571428 0.39523809523809533
3 0.5764285714285714 0.36476190476190484 0.5485714285714286 0.36476190476190484 0.5485714285714286 0.38380952380952393 0.5764285714285714 0.38380952380952393
3 0.5385714285714286 0.3742857142857144 0.5 0.3742857142857144 0.5 0.3933333333333334 0.5385714285714286 0.3933333333333334
10 0.5435714285714286 0.3523809523809525 0.4957142857142857 0.3523809523809525 0.4957142857142857 0.38666666666666677 0.5435714285714286 0.38666666666666677
2 0.5621428571428572 0.3438095238095239 0.4807142857142857 0.3438095238095239 0.4807142857142857 0.38571428571428584 0.5621428571428572 0.38571428571428584
7 0.6035714285714285 0.3495238095238096 0.6 0.3495238095238096 0.6 0.362857142857143 0.6035714285714285 0.362857142857143
7 0.6135714285714285 0.3523809523809525 0.6085714285714285 0.3523809523809525 0.6085714285714285 0.3638095238095239 0.6135714285714285 0.3638095238095239
8 0.6214285714285714 0.35333333333333344 0.6171428571428571 0.35333333333333344 0.6171428571428571 0.362857142857143 0.6214285714285714 0.362857142857143
8 0.6507142857142857 0.3523809523809525 0.6464285714285715 0.3523809523809525 0.6464285714285715 0.362857142857143 0.6507142857142857 0.362857142857143
1 0.6285714285714286 0.35523809523809535 0.6185714285714285 0.35523809523809535 0.6185714285714285 0.361904761904762 0.6285714285714286 0.361904761904762
1 0.6535714285714286 0.3561904761904763 0.6442857142857142 0.3561904761904763 0.6442857142857142 0.36476190476190484 0.6535714285714286 0.36476190476190484
10 0.42714285714285716 0.362857142857143 0.37142857142857144 0.362857142857143 0.37142857142857144 0.38761904761904775 0.42714285714285716 0.38761904761904775
7 0.4114285714285714 0.36476190476190484 0.4057142857142857 0.36476190476190484 0.4057142857142857 0.38571428571428584 0.4114285714285714 0.38571428571428584
7 0.40785714285714286 0.3638095238095239 0.4014285714285714 0.3638095238095239 0.4014285714285714 0.38476190476190486 0.40785714285714286 0.38476190476190486
7 0.4042857142857143 0.36761904761904773 0.39571428571428574 0.36761904761904773 0.39571428571428574 0.38571428571428584 0.4042857142857143 0.38571428571428584
7 0.40285714285714286 0.3609523809523811 0.3942857142857143 0.3609523809523811 0.3942857142857143 0.38380952380952393 0.40285714285714286 0.38380952380952393
7 0.2757142857142857 0.34476190476190477 0.27071428571428574 0.34476190476190477 0.27071428571428574 0.35714285714285715 0.2757142857142857 0.35714285714285715
3 0.2557142857142857 0.3466666666666667 0.24142857142857144 0.3466666666666667 0.24142857142857144 0.3628571428571429 0.2557142857142857 0.3628571428571429
3 0.2357142857142857 0.34285714285714286 0.22071428571428572 0.34285714285714286 0.22071428571428572 0.35619047619047617 0.2357142857142857 0.35619047619047617
10 0.24571428571428572 0.3504761904761905 0.22142857142857142 0.3504761904761905 0.22142857142857142 0.3742857142857143 0.24571428571428572 0.3742857142857143
2 0.235 0.3380952380952381 0.21285714285714286 0.3380952380952381 0.21285714285714286 0.3580952380952381 0.235 0.3580952380952381
2 0.21571428571428572 0.3295238095238095 0.1992857142857143 0.3295238095238095 0.1992857142857143 0.3476190476190476 0.21571428571428572 0.3476190476190476
3 0.22142857142857142 0.3495238095238095 0.2042857142857143 0.3495238095238095 0.2042857142857143 0.36095238095238097 0.22142857142857142 0.36095238095238097
3 0.21071428571428572 0.3457142857142857 0.1992857142857143 0.3457142857142857 0.1992857142857143 0.3580952380952381 0.21071428571428572 0.3580952380952381
3 0.21071428571428572 0.3419047619047619 0.2007142857142857 0.3419047619047619 0.2007142857142857 0.35523809523809524 0.21071428571428572 0.35523809523809524
3 0.2057142857142857 0.3438095238095238 0.19285714285714287 0.3438095238095238 0.19285714285714287 0.35619047619047617 0.2057142857142857 0.35619047619047617
3 0.21071428571428572 0.35904761904761906 0.19714285714285715 0.35904761904761906 0.19714285714285715 0.3742857142857143 0.21071428571428572 0.3742857142857143
3 0.20857142857142857 0.35619047619047617 0.19357142857142856 0.35619047619047617 0.19357142857142856 0.37238095238095237 0.20857142857142857 0.37238095238095237
3 0.20214285714285715 0.3523809523809524 0.18714285714285714 0.3523809523809524 0.18714285714285714 0.3657142857142857 0.20214285714285715 0.3657142857142857
3 0.19428571428571428 0.3476190476190476 0.18285714285714286 0.3476190476190476 0.18285714285714286 0.3619047619047619 0.19428571428571428 0.3619047619047619
4 0.20142857142857143 0.3352380952380952 0.17071428571428576 0.3352380952380952 0.17071428571428576 0.3495238095238095 0.20142857142857143 0.3495238095238095
3 0.1521428571428572 0.35523809523809524 0.1278571428571429 0.35523809523809524 0.1278571428571429 0.38 0.1521428571428572 0.38
3 0.13642857142857148 0.34476190476190477 0.12428571428571433 0.34476190476190477 0.12428571428571433 0.3619047619047619 0.13642857142857148 0.3619047619047619
3 0.12000000000000004 0.3419047619047619 0.10857142857142861 0.3419047619047619 0.10857142857142861 0.35523809523809524 0.12000000000000004 0.35523809523809524
4 0.1185714285714286 0.3219047619047619 0.10928571428571433 0.3219047619047619 0.10928571428571433 0.34285714285714286 0.1185714285714286 0.34285714285714286