3 0.12000000000000008 0.6780952380952381 6.228203721377968e-17 0.6780952380952381 6.967365539434764e-17 0.839047619047619 0.12000000000000008 0.839047619047619
3 0.2057142857142858 0.5523809523809524 0.03357142857142862 0.5523809523809524 0.03357142857142863 0.7095238095238096 0.2057142857142858 0.7095238095238096
11 0.41214285714285714 0.4314285714285715 0.2842857142857143 0.43142857142857144 0.2842857142857143 0.6066666666666667 0.41214285714285714 0.6066666666666667
3 0.8457142857142858 0.7742857142857145 0.7214285714285714 0.7742857142857145 0.7214285714285715 1 0.8457142857142858 1
3 0.545 0.5457142857142857 0.4085714285714286 0.5457142857142857 0.4085714285714286 0.7542857142857143 0.545 0.7542857142857143
3 0.6714285714285714 0.5171428571428572 0.5757142857142857 0.5171428571428571 0.5757142857142857 0.6676190476190478 0.6714285714285714 0.6676190476190479
3 0.6157142857142858 0.4038095238095239 0.5178571428571429 0.4038095238095239 0.5178571428571429 0.5542857142857143 0.6157142857142858 0.5542857142857143
3 0.7178571428571429 0.39523809523809533 0.6328571428571429 0.39523809523809533 0.6328571428571429 0.521904761904762 0.7178571428571429 0.5219047619047621
7 0.5392857142857143 0.3723809523809525 0.5207142857142857 0.3723809523809525 0.5207142857142857 0.42952380952380964 0.5392857142857143 0.42952380952380964
3 0.5578571428571428 0.2371428571428572 0.45714285714285713 0.2371428571428572 0.45714285714285713 0.3600000000000001 0.5578571428571428 0.3600000000000001
3 0.6728571428571428 0.29333333333333345 0.5835714285714285 0.29333333333333345 0.5835714285714285 0.4180952380952382 0.6728571428571428 0.4180952380952382
3 0.6264285714285714 0.15523809523809534 0.5585714285714286 0.15523809523809534 0.5585714285714286 0.24095238095238106 0.6264285714285714 0.24095238095238106
3 0.7178571428571429 0.20476190476190487 0.6521428571428571 0.20476190476190487 0.6521428571428571 0.3009523809523811 0.7178571428571429 0.3009523809523811
3 0.77 0.2838095238095239 0.6935714285714286 0.2838095238095239 0.6935714285714286 0.38380952380952393 0.77 0.38380952380952393
3 0.8064285714285714 0.17714285714285724 0.7457142857142857 0.17714285714285724 0.7457142857142857 0.2523809523809525 0.8064285714285714 0.2523809523809525
3 0.7585714285714286 0.11714285714285727 0.7 0.11714285714285726 0.7 0.20952380952380964 0.7585714285714286 0.20952380952380964
3 0.8228571428571428 0.11714285714285728 0.7785714285714286 0.11714285714285728 0.7785714285714286 0.17904761904761915 0.8228571428571428 0.17904761904761915
3 0.8 0.03904761904761918 0.7607142857142857 0.03904761904761917 0.7607142857142857 0.09809523809523824 0.8 0.09809523809523824
3 0.8492857142857143 0.0647619047619049 0.8007142857142857 0.0647619047619049 0.8007142857142857 0.122857142857143 0.8492857142857143 0.12285714285714303
3 0.9242857142857143 0.32285714285714295 0.84 0.32285714285714295 0.84 0.44380952380952393 0.9242857142857143 0.44380952380952393
11 0.935 0.2247619047619049 0.8835714285714286 0.2247619047619049 0.8835714285714286 0.3200000000000001 0.935 0.3200000000000001
3 0.9428571428571428 0.1533333333333335 0.8885714285714286 0.1533333333333335 0.8885714285714286 0.2333333333333335 0.9428571428571428 0.2333333333333335
3 0.9471428571428572 0.1171428571428573 0.9071428571428571 0.11714285714285728 0.9071428571428571 0.16571428571428587 0.9471428571428572 0.16571428571428587
3 0.955 0.07333333333333349 0.9114285714285715 0.07333333333333347 0.9114285714285715 0.12190476190476207 0.955 0.12190476190476207
3 0.8778571428571429 0.002857142857142997 0.8357142857142857 0.0028571428571429933 0.8357142857142857 0.05523809523809538 0.8778571428571429 0.055238095238095385
3 0.8171428571428572 0.007619047619047749 0.7821428571428571 0.007619047619047747 0.7821428571428571 0.055238095238095364 0.8171428571428572 0.05523809523809537
3 0.6764285714285714 0.08476190476190487 0.6207142857142857 0.08476190476190487 0.6207142857142857 0.16000000000000011 0.6764285714285714 0.16000000000000011
3 0.6671428571428571 0.044761904761904864 0.5971428571428572 0.04476190476190486 0.5971428571428572 0.09047619047619058 0.6671428571428571 0.09047619047619058
3 0.6864285714285714 0.03333333333333344 0.6214285714285714 0.03333333333333343 0.6214285714285714 0.07333333333333344 0.6864285714285714 0.07333333333333344
3 0.6807142857142857 0.012380952380952487 0.6214285714285714 0.012380952380952482 0.6214285714285714 0.04952380952380962 0.6807142857142857 0.04952380952380963