3 0.1271428571428572 0.46476190476190476 0.017857142857142898 0.46476190476190476 0.017857142857142905 0.5847619047619048 0.1271428571428572 0.5847619047619048
3 0.4657142857142858 0.74 0.25785714285714295 0.74 0.25785714285714295 0.9514285714285714 0.46571428571428586 0.9514285714285714
3 0.75 0.4647619047619049 0.6685714285714286 0.4647619047619049 0.6685714285714286 0.5704761904761907 0.75 0.5704761904761907
3 0.7542857142857143 0.40000000000000013 0.6735714285714286 0.40000000000000013 0.6735714285714286 0.47714285714285726 0.7542857142857143 0.47714285714285726
3 0.7914285714285715 0.35714285714285726 0.7271428571428571 0.35714285714285726 0.7271428571428571 0.41714285714285726 0.7914285714285715 0.41714285714285726
3 0.5628571428571428 0.302857142857143 0.5128571428571429 0.302857142857143 0.5128571428571429 0.35142857142857153 0.5628571428571428 0.35142857142857153
3 0.525 0.3180952380952382 0.46785714285714286 0.3180952380952382 0.46785714285714286 0.36761904761904773 0.525 0.36761904761904773
3 0.33214285714285713 0.33809523809523817 0.28785714285714287 0.3380952380952381 0.28785714285714287 0.39142857142857146 0.33214285714285713 0.3914285714285715
3 0.26357142857142857 0.3314285714285714 0.21357142857142858 0.3314285714285714 0.21357142857142858 0.3838095238095238 0.26357142857142857 0.3838095238095238
3 0.4692857142857143 0.32380952380952394 0.4164285714285714 0.32380952380952394 0.4164285714285714 0.3771428571428572 0.4692857142857143 0.3771428571428572
3 0.4092857142857143 0.33523809523809533 0.36357142857142855 0.33523809523809533 0.36357142857142855 0.38761904761904775 0.4092857142857143 0.38761904761904775
7 0.3514285714285714 0.34000000000000014 0.3385714285714286 0.34000000000000014 0.3385714285714286 0.3895238095238096 0.3514285714285714 0.3895238095238096
7 0.3192857142857143 0.3514285714285714 0.305 0.3514285714285714 0.305 0.40190476190476193 0.3192857142857143 0.40190476190476193
3 0.2057142857142857 0.30666666666666664 0.1628571428571429 0.30666666666666664 0.1628571428571429 0.35904761904761906 0.2057142857142857 0.35904761904761906
10 0.1271428571428572 0.24476190476190476 0.062142857142857166 0.24476190476190476 0.062142857142857166 0.3028571428571429 0.1271428571428572 0.3028571428571429
3 1 0.662857142857143 0.9185714285714286 0.662857142857143 0.9185714285714286 0.7733333333333335 1 0.7733333333333335