7 0.3464285714285714 0.08952380952380957 0.3342857142857143 0.08952380952380957 0.3342857142857143 0.12857142857142861 0.3464285714285714 0.12857142857142861
7 0.22357142857142856 0.26476190476190475 0.205 0.26476190476190475 0.205 0.3038095238095238 0.22357142857142856 0.3038095238095238
7 0.20714285714285716 0.28476190476190477 0.18857142857142858 0.28476190476190477 0.18857142857142858 0.3161904761904762 0.20714285714285716 0.3161904761904762
3 0.31 0.17238095238095244 0.275 0.17238095238095244 0.275 0.2542857142857143 0.31 0.2542857142857143
3 0.22214285714285714 0.05809523809523813 0.18928571428571428 0.05809523809523812 0.18928571428571428 0.12571428571428578 0.22214285714285714 0.12571428571428578
11 0.21357142857142858 0.10571428571428575 0.17214285714285715 0.10571428571428575 0.17214285714285715 0.1752380952380953 0.21357142857142858 0.1752380952380953
11 0.1957142857142857 0.16095238095238099 0.15428571428571428 0.16095238095238096 0.1542857142857143 0.23904761904761906 0.1957142857142857 0.2390476190476191
3 0.18000000000000005 0.2571428571428571 0.1271428571428572 0.2571428571428571 0.1271428571428572 0.3457142857142857 0.18000000000000005 0.3457142857142857
3 0.1571428571428572 0.34 0.09071428571428576 0.34 0.09071428571428576 0.44857142857142857 0.1571428571428572 0.44857142857142857
11 0.12214285714285718 0.43714285714285717 0.05500000000000004 0.43714285714285717 0.05500000000000005 0.5647619047619048 0.12214285714285718 0.5647619047619048
1 0.13000000000000003 0.5266666666666666 0.11071428571428575 0.5266666666666666 0.11071428571428575 0.5771428571428572 0.13000000000000003 0.5771428571428572
7 0.13857142857142862 0.5152380952380953 0.11285714285714289 0.5152380952380953 0.11285714285714289 0.5504761904761905 0.13857142857142862 0.5504761904761905
3 0.15071428571428577 0.6561904761904762 0.06357142857142863 0.6561904761904762 0.06357142857142864 0.819047619047619 0.1507142857142858 0.819047619047619
3 0.08428571428571435 0.5885714285714285 0.005000000000000055 0.5885714285714285 0.005000000000000062 0.7447619047619047 0.08428571428571435 0.7447619047619047
3 0.027857142857142938 0.8114285714285714 7.452850520525321e-17 0.8114285714285714 8.078295135804148e-17 0.9476190476190476 0.02785714285714295 0.9476190476190476
3 0.4228571428571429 0.10190476190476197 0.395 0.10190476190476196 0.395 0.17238095238095244 0.4228571428571429 0.17238095238095244
3 0.55 0.0019047619047619893 0.4857142857142857 0.0019047619047619843 0.4857142857142857 0.03428571428571437 0.55 0.03428571428571438
3 0.56 0.02476190476190485 0.4942857142857143 0.024761904761904843 0.4942857142857143 0.06000000000000009 0.56 0.060000000000000095
3 0.5971428571428572 0.049523809523809616 0.545 0.049523809523809616 0.545 0.08666666666666677 0.5971428571428572 0.08666666666666678
5 0.61 0.0019047619047620026 0.5842857142857143 0.0019047619047620004 0.5842857142857143 0.020000000000000098 0.61 0.0200000000000001
11 0.5285714285714286 0.03333333333333341 0.455 0.0333333333333334 0.455 0.0895238095238096 0.5285714285714286 0.0895238095238096
11 0.5885714285714285 0.07047619047619057 0.5135714285714286 0.07047619047619055 0.5135714285714286 0.12190476190476202 0.5885714285714285 0.12190476190476202
3 0.645 0.10952380952380962 0.58 0.1095238095238096 0.58 0.15333333333333343 0.645 0.15333333333333343
7 0.4607142857142857 0.05619047619047626 0.4471428571428571 0.056190476190476256 0.4471428571428571 0.09047619047619056 0.4607142857142857 0.09047619047619056
3 0.7092857142857143 0.2561904761904763 0.6271428571428571 0.2561904761904763 0.6271428571428571 0.302857142857143 0.7092857142857143 0.302857142857143
3 0.7414285714285714 0.3038095238095239 0.6542857142857142 0.3038095238095239 0.6542857142857142 0.37047619047619057 0.7414285714285714 0.37047619047619057
3 0.6064285714285714 0.33904761904761915 0.5635714285714286 0.33904761904761915 0.5635714285714286 0.4209523809523811 0.6064285714285714 0.4209523809523811
7 0.6164285714285714 0.3161904761904763 0.605 0.3161904761904763 0.605 0.3580952380952382 0.6164285714285714 0.3580952380952382
3 0.5607142857142857 0.3438095238095239 0.5128571428571429 0.3438095238095239 0.5128571428571429 0.4361904761904763 0.5607142857142857 0.4361904761904763
11 0.5407142857142857 0.25333333333333347 0.49214285714285716 0.25333333333333347 0.49214285714285716 0.34285714285714297 0.5407142857142857 0.34285714285714297
3 0.39285714285714285 0.30666666666666675 0.35 0.30666666666666675 0.35 0.4209523809523811 0.39285714285714285 0.4209523809523811
11 0.6628571428571429 0.7457142857142857 0.5828571428571429 0.7457142857142857 0.582857142857143 0.9238095238095239 0.662857142857143 0.9238095238095239
11 0.7292857142857143 0.7314285714285715 0.6571428571428571 0.7314285714285714 0.6571428571428573 0.8990476190476192 0.7292857142857144 0.8990476190476193
3 0.5657142857142858 0.9257142857142857 0.5050000000000001 0.9257142857142857 0.5050000000000001 0.9980952380952381 0.5657142857142858 0.9980952380952381
3 0.672857142857143 0.941904761904762 0.6035714285714288 0.9419047619047619 0.6035714285714288 0.9990476190476191 0.672857142857143 0.9990476190476191
11 0.7571428571428571 0.9266666666666669 0.6892857142857145 0.9266666666666669 0.6892857142857145 0.9971428571428571 0.7571428571428571 0.9971428571428571
5 0.79 0.48761904761904784 0.7485714285714286 0.48761904761904784 0.7485714285714286 0.5142857142857145 0.79 0.5142857142857145
5 0.7821428571428571 0.4638095238095239 0.7464285714285714 0.4638095238095239 0.7464285714285714 0.4961904761904764 0.7821428571428571 0.4961904761904764
3 0.8657142857142858 0.542857142857143 0.7492857142857143 0.542857142857143 0.7492857142857143 0.6190476190476193 0.8657142857142858 0.6190476190476193
3 0.8978571428571429 0.6200000000000002 0.7814285714285715 0.6200000000000002 0.7814285714285715 0.6923809523809527 0.8978571428571429 0.6923809523809527
7 0.9071428571428571 0.6885714285714288 0.8692857142857143 0.6885714285714288 0.8692857142857143 0.7266666666666669 0.9071428571428571 0.7266666666666669
3 0.8442857142857143 0.7752380952380955 0.7471428571428571 0.7752380952380955 0.7471428571428571 0.9828571428571429 0.8442857142857143 0.9828571428571429
9 1 0.8885714285714288 0.9421428571428572 0.8885714285714288 0.9421428571428572 0.9342857142857145 1 0.9342857142857145