3 0.5715031315240083 0.6187384044526903 0.5506263048016702 0.6187384044526903 0.5506263048016702 0.6966604823747683 0.5715031315240083 0.6966604823747683
3 0.5960334029227558 0.430426716141002 0.5715031315240083 0.430426716141002 0.5715031315240083 0.49907235621521356 0.5960334029227558 0.49907235621521356
3 0.5198329853862212 0.5148423005565865 0.49373695198329853 0.5148423005565865 0.49373695198329853 0.5871985157699445 0.5198329853862212 0.5871985157699445
3 0.5292275574112735 0.4378478664192951 0.5041753653444676 0.4378478664192951 0.5041753653444676 0.5111317254174399 0.5292275574112735 0.5111317254174399
3 0.5391440501043842 0.34879406307977745 0.5151356993736952 0.34879406307977745 0.5151356993736952 0.41187384044526915 0.5391440501043842 0.41187384044526915
3 0.43789144050104395 0.9146567717996289 0.40083507306889365 0.9146567717996289 0.40083507306889365 0.9990723562152134 0.43789144050104395 0.9990723562152134
3 0.5198329853862212 0.13636363636363646 0.5067849686847599 0.13636363636363646 0.5067849686847599 0.18181818181818193 0.5198329853862212 0.18181818181818193
3 0.5720250521920668 0.07142857142857156 0.5579331941544885 0.07142857142857156 0.5579331941544885 0.11131725417439717 0.5720250521920668 0.11131725417439717
3 0.5234864300626305 0.06307977736549175 0.5099164926931107 0.06307977736549175 0.5099164926931107 0.09925788497217079 0.5234864300626305 0.09925788497217079
3 0.5328810020876826 0.023191094619666165 0.5167014613778705 0.02319109461966616 0.5167014613778705 0.06029684601113183 0.5328810020876826 0.06029684601113183
3 0.574634655532359 0.035250463821892515 0.5615866388308977 0.035250463821892515 0.5615866388308977 0.06957328385899827 0.574634655532359 0.06957328385899827