7 0.31928571428571434 0.49523809523809526 0.31285714285714294 0.49523809523809526 0.31285714285714294 0.518095238095238 0.31928571428571434 0.518095238095238
7 0.2357142857142858 0.8571428571428571 0.22357142857142864 0.8571428571428571 0.22357142857142864 0.8923809523809524 0.2357142857142858 0.8923809523809524
7 0.2014285714285715 0.8933333333333333 0.18928571428571436 0.8933333333333333 0.18928571428571436 0.9285714285714286 0.2014285714285715 0.9285714285714286
7 0.2707142857142858 0.8695238095238095 0.25785714285714295 0.8695238095238095 0.25785714285714295 0.9095238095238095 0.2707142857142858 0.9095238095238095
7 0.41642857142857154 0.8495238095238096 0.405 0.8495238095238096 0.4050000000000001 0.8923809523809524 0.4164285714285716 0.8923809523809524
3 0.6371428571428572 0.8142857142857143 0.5928571428571429 0.8142857142857143 0.592857142857143 0.9580952380952381 0.6371428571428573 0.9580952380952381
7 0.37714285714285717 0.660952380952381 0.3650000000000001 0.660952380952381 0.3650000000000001 0.7295238095238096 0.37714285714285717 0.7295238095238096
3 0.6435714285714286 0.6361904761904762 0.6057142857142858 0.6361904761904762 0.6057142857142858 0.7561904761904762 0.6435714285714286 0.7561904761904762
3 0.6114285714285714 0.4180952380952382 0.5742857142857143 0.4180952380952382 0.5742857142857143 0.5276190476190477 0.6114285714285714 0.5276190476190477
7 0.5785714285714286 0.3314285714285715 0.5692857142857143 0.3314285714285715 0.5692857142857143 0.3580952380952382 0.5785714285714286 0.3580952380952382
7 0.5607142857142857 0.11714285714285723 0.5585714285714286 0.11714285714285723 0.5585714285714286 0.13333333333333344 0.5607142857142857 0.13333333333333344
3 0.7614285714285715 0.18857142857142867 0.7321428571428571 0.18857142857142867 0.7321428571428571 0.24095238095238106 0.7614285714285715 0.24095238095238106
3 0.685 0.4542857142857144 0.63 0.4542857142857144 0.63 0.5790476190476191 0.685 0.5790476190476193
3 0.7050000000000001 0.8514285714285715 0.6592857142857143 0.8514285714285714 0.6592857142857144 1 0.7050000000000002 1
5 0.7642857142857142 0.902857142857143 0.7442857142857143 0.902857142857143 0.7442857142857143 0.9580952380952383 0.7642857142857142 0.9580952380952383
8 0.7628571428571429 0.9009523809523812 0.745 0.9009523809523812 0.745 0.9361904761904765 0.7628571428571429 0.9361904761904765