3 0.6492693110647182 0.5714285714285716 0.6007306889352818 0.5714285714285716 0.6007306889352818 0.6252319109461969 0.6492693110647182 0.6252319109461969
3 0.5480167014613778 0.3228200371057515 0.5125260960334029 0.3228200371057515 0.5125260960334029 0.3627087198515771 0.5480167014613778 0.3627087198515771
3 0.4660751565762004 0.2346938775510205 0.4441544885177453 0.2346938775510205 0.4441544885177453 0.26252319109461975 0.4660751565762004 0.26252319109461975
3 0.4232776617954071 0.16419294990723574 0.4081419624217119 0.16419294990723574 0.4081419624217119 0.18831168831168843 0.4232776617954071 0.18831168831168843
3 0.13308977035490607 0.22356215213358074 0.09864300626304805 0.22356215213358072 0.09864300626304805 0.25139146567717996 0.13308977035490607 0.25139146567717996
3 0.1069937369519833 0.17161410018552875 0.08089770354906055 0.17161410018552875 0.08089770354906055 0.19666048237476808 0.1069937369519833 0.19666048237476808
3 0.02296450939457204 0.2300556586270872 0.0005219206680584709 0.2300556586270872 0.0005219206680584722 0.2662337662337662 0.02296450939457204 0.2662337662337662
8 0.10960334029227557 0.12987012987012986 0.10490605427974947 0.12987012987012986 0.10490605427974947 0.14656771799628943 0.10960334029227557 0.14656771799628943
8 0.24634655532359082 0.14378478664192956 0.24217118997912318 0.14378478664192956 0.24217118997912318 0.15769944341372918 0.24634655532359082 0.15769944341372918
8 0.18215031315240082 0.08627087198515773 0.1779749478079332 0.08627087198515773 0.1779749478079332 0.09369202226345087 0.18215031315240082 0.09369202226345089
8 0.21137787056367432 0.06957328385899819 0.20668058455114824 0.06957328385899819 0.20668058455114824 0.08256029684601118 0.21137787056367432 0.08256029684601118
8 0.33194154488517746 0.0667903525046383 0.3277661795407098 0.0667903525046383 0.3277661795407098 0.08163265306122457 0.33194154488517746 0.08163265306122457
8 0.348643006263048 0.051020408163265384 0.34498956158663885 0.051020408163265384 0.34498956158663885 0.05936920222634516 0.348643006263048 0.05936920222634516
8 0.505741127348643 0.2597402597402598 0.5015657620041754 0.2597402597402598 0.5015657620041754 0.2736549165120595 0.505741127348643 0.2736549165120595
5 0.11169102296450939 0.14007421150278293 0.10386221294363257 0.14007421150278293 0.10386221294363257 0.14842300556586271 0.11169102296450939 0.14842300556586271
5 0.18423799582463465 0.09369202226345087 0.17588726513569938 0.09369202226345086 0.17588726513569938 0.10018552875695737 0.18423799582463465 0.10018552875695738
5 0.21242171189979123 0.07977736549165126 0.2056367432150313 0.07977736549165126 0.2056367432150313 0.08905380333951768 0.21242171189979123 0.08905380333951768
5 0.24634655532359082 0.15677179962894253 0.24217118997912318 0.15677179962894253 0.24217118997912318 0.16326530612244902 0.24634655532359082 0.16326530612244902
5 0.34812108559498955 0.05751391465677188 0.3444676409185804 0.05751391465677188 0.3444676409185804 0.06493506493506501 0.34812108559498955 0.06493506493506501
1 0.5088726513569938 0.267161410018553 0.5005219206680585 0.267161410018553 0.5005219206680585 0.2792207792207793 0.5088726513569938 0.2792207792207793
8 0.4759916492693111 0.2300556586270873 0.4723382045929019 0.2300556586270873 0.4723382045929019 0.24211502782931366 0.4759916492693111 0.24211502782931366
8 0.47286012526096033 0.2254174397031541 0.46868475991649267 0.2254174397031541 0.46868475991649267 0.23747680890538045 0.47286012526096033 0.23747680890538045
9 0.4791231732776618 0.23283858998144724 0.4660751565762004 0.23283858998144724 0.4660751565762004 0.2476808905380335 0.4791231732776618 0.2476808905380335
4 0.3178496868475992 0.01113172541743977 0.30427974947807934 0.011131725417439769 0.30427974947807934 0.029684601113172608 0.3178496868475992 0.029684601113172608
4 0.3606471816283925 0.04545454545454553 0.354384133611691 0.04545454545454553 0.354384133611691 0.058441558441558523 0.3606471816283925 0.058441558441558523