3 0.2714285714285715 0.5152380952380953 0.23357142857142865 0.5152380952380953 0.23357142857142865 0.540952380952381 0.2714285714285715 0.540952380952381
3 0.28214285714285725 0.5714285714285714 0.2521428571428572 0.5714285714285714 0.2521428571428572 0.6152380952380953 0.28214285714285725 0.6152380952380953
5 0.44357142857142856 0.44285714285714295 0.4342857142857143 0.44285714285714295 0.4342857142857143 0.46000000000000013 0.44357142857142856 0.46000000000000013
10 0.6207142857142857 0.27904761904761916 0.6007142857142858 0.27904761904761916 0.6007142857142858 0.32285714285714295 0.6207142857142857 0.32285714285714295
10 0.5057142857142857 0.25333333333333347 0.49357142857142855 0.25333333333333347 0.49357142857142855 0.2761904761904763 0.5057142857142857 0.2761904761904763
10 0.30642857142857144 0.22380952380952387 0.2914285714285714 0.22380952380952387 0.2914285714285714 0.24571428571428572 0.30642857142857144 0.24571428571428572
10 0.5192857142857142 0.16857142857142868 0.51 0.16857142857142868 0.51 0.18761904761904774 0.5192857142857142 0.18761904761904774
3 0.37642857142857145 0.34000000000000014 0.3628571428571429 0.34000000000000014 0.3628571428571429 0.35333333333333344 0.37642857142857145 0.35333333333333344
3 0.3985714285714286 0.29714285714285726 0.38 0.29714285714285726 0.38 0.31047619047619057 0.3985714285714286 0.31047619047619057
3 0.40785714285714286 0.2990476190476192 0.39071428571428574 0.2990476190476192 0.39071428571428574 0.31333333333333346 0.40785714285714286 0.31333333333333346
7 0.425 0.3447619047619049 0.42 0.3447619047619049 0.42 0.3580952380952382 0.425 0.3580952380952382