5 0.4928571428571429 0.9149746192893401 0.4807142857142857 0.9149746192893401 0.4807142857142857 0.9530456852791879 0.4928571428571429 0.9530456852791879
8 0.49357142857142855 0.9060913705583756 0.48142857142857143 0.9060913705583756 0.48142857142857143 0.9403553299492385 0.49357142857142855 0.9403553299492385
3 0.46 0.8921319796954315 0.42928571428571427 0.8921319796954315 0.42928571428571427 0.9809644670050761 0.46 0.9809644670050761
3 0.3528571428571429 0.7398477157360406 0.31928571428571434 0.7398477157360406 0.31928571428571434 0.7982233502538071 0.3528571428571429 0.7982233502538071
11 0.515 0.4441624365482235 0.5 0.4441624365482235 0.5 0.4796954314720814 0.515 0.4796954314720814
3 0.4857142857142857 0.42512690355329963 0.47214285714285714 0.42512690355329963 0.47214285714285714 0.44923857868020317 0.4857142857142857 0.44923857868020317
3 0.44357142857142856 0.36167512690355347 0.43214285714285716 0.36167512690355347 0.43214285714285716 0.3819796954314722 0.44357142857142856 0.3819796954314722
3 0.47 0.29568527918781734 0.4607142857142857 0.29568527918781734 0.4607142857142857 0.3109137055837564 0.47 0.3109137055837564
3 0.485 0.24492385786802037 0.47785714285714287 0.24492385786802037 0.47785714285714287 0.25634517766497467 0.485 0.25634517766497467
3 0.4928571428571429 0.22842639593908637 0.48642857142857143 0.22842639593908637 0.48642857142857143 0.2398477157360407 0.4928571428571429 0.2398477157360407
3 0.5071428571428571 0.19035532994923873 0.5021428571428571 0.19035532994923873 0.5021428571428571 0.20050761421319813 0.5071428571428571 0.20050761421319813
4 0.5528571428571428 0.14467005076142142 0.5 0.14467005076142142 0.5 0.19543147208121842 0.5528571428571428 0.19543147208121842