3 0.9 0.6942857142857145 0.785 0.6942857142857145 0.785 0.8085714285714288 0.9 0.8085714285714288
3 0.57 0.32476190476190486 0.49142857142857144 0.32476190476190486 0.49142857142857144 0.3980952380952382 0.57 0.3980952380952382
3 0.49642857142857144 0.2190476190476191 0.43 0.2190476190476191 0.43 0.2866666666666668 0.49642857142857144 0.2866666666666668
3 0.37714285714285717 0.1971428571428572 0.31214285714285717 0.1971428571428572 0.31214285714285717 0.25428571428571434 0.37714285714285717 0.2542857142857144
3 0.11928571428571437 0.6828571428571428 0.033571428571428634 0.6828571428571428 0.033571428571428634 0.7742857142857142 0.11928571428571437 0.7742857142857142
3 0.07142857142857148 0.49142857142857144 0.0178571428571429 0.49142857142857144 0.017857142857142908 0.6161904761904762 0.0714285714285715 0.6161904761904762
3 0.2814285714285714 0.180952380952381 0.21785714285714286 0.180952380952381 0.21785714285714286 0.24571428571428572 0.2814285714285714 0.24571428571428572
3 0.3871428571428571 0.0990476190476191 0.3335714285714286 0.0990476190476191 0.3335714285714286 0.15333333333333338 0.3871428571428571 0.15333333333333338
3 0.48857142857142855 0.16380952380952388 0.4307142857142857 0.16380952380952388 0.4307142857142857 0.22000000000000006 0.48857142857142855 0.22000000000000006
3 0.29214285714285715 0.08666666666666671 0.24214285714285713 0.0866666666666667 0.24214285714285713 0.1371428571428572 0.29214285714285715 0.1371428571428572
3 0.2592857142857143 0.11238095238095241 0.20357142857142857 0.11238095238095241 0.20357142857142857 0.16952380952380958 0.2592857142857143 0.16952380952380958
3 0.31214285714285717 0.043809523809523854 0.25142857142857145 0.04380952380952385 0.25142857142857145 0.11142857142857149 0.31214285714285717 0.11142857142857149
3 0.18714285714285714 0.1685714285714286 0.12857142857142856 0.16857142857142857 0.1285714285714286 0.23523809523809527 0.18714285714285714 0.2352380952380953
3 0.12571428571428572 0.12000000000000001 0.07071428571428573 0.12 0.07071428571428573 0.17238095238095238 0.12571428571428572 0.17238095238095238
3 0.17 0.09142857142857146 0.10428571428571429 0.09142857142857146 0.10428571428571429 0.15142857142857147 0.17 0.1514285714285715
3 0.13785714285714284 0.0323809523809524 0.08571428571428572 0.03238095238095239 0.08571428571428572 0.07904761904761907 0.13785714285714284 0.07904761904761907
3 0.05642857142857144 0.07333333333333333 0.003571428571428578 0.07333333333333333 0.0035714285714285804 0.12476190476190477 0.056428571428571446 0.12476190476190477
3 0.07285714285714286 0.029523809523809532 0.017142857142857147 0.029523809523809525 0.017142857142857147 0.08 0.07285714285714286 0.08
3 0.08928571428571429 9.972123935914164e-18 0.032857142857142856 5.3651193105503094e-18 0.032857142857142856 0.04380952380952382 0.08928571428571429 0.043809523809523826
11 0.4092857142857143 0.2685714285714287 0.34214285714285714 0.2685714285714287 0.34214285714285714 0.3361904761904763 0.4092857142857143 0.3361904761904763
11 0.19214285714285723 0.5904761904761905 0.1185714285714286 0.5904761904761905 0.11857142857142863 0.6780952380952381 0.19214285714285723 0.6780952380952381
11 0.48714285714285716 0.3942857142857144 0.40714285714285714 0.3942857142857144 0.40714285714285714 0.47714285714285726 0.48714285714285716 0.47714285714285726
11 0.6921428571428572 0.47904761904761917 0.6064285714285714 0.47904761904761917 0.6064285714285714 0.5638095238095239 0.6921428571428572 0.563809523809524
11 0.8214285714285714 0.481904761904762 0.7164285714285714 0.481904761904762 0.7164285714285714 0.5800000000000002 0.8214285714285714 0.5800000000000002
3 0.07714285714285721 0.7352380952380952 6.753052349583977e-17 0.7352380952380952 7.238537330674534e-17 0.840952380952381 0.07714285714285722 0.840952380952381
2 0.4207142857142857 5.977442710123986e-17 0.31142857142857144 5.085200042173772e-17 0.31142857142857144 0.04761904761904768 0.4207142857142857 0.047619047619047686
7 0.655 0.07523809523809534 0.6478571428571429 0.07523809523809534 0.6478571428571429 0.11047619047619059 0.655 0.11047619047619059
7 0.48928571428571443 0.8857142857142857 0.47571428571428587 0.8857142857142857 0.47571428571428587 0.9085714285714286 0.48928571428571443 0.9085714285714286
7 0.48785714285714304 0.9066666666666666 0.47000000000000014 0.9066666666666666 0.47000000000000014 0.9371428571428572 0.48785714285714304 0.9371428571428572
7 0.37 0.7980952380952381 0.3550000000000001 0.7980952380952381 0.3550000000000001 0.8123809523809524 0.37 0.8123809523809524
7 0.31357142857142867 0.8038095238095239 0.2992857142857144 0.8038095238095239 0.2992857142857144 0.8314285714285714 0.31357142857142867 0.8314285714285714
7 0.3407142857142858 0.7914285714285715 0.3207142857142858 0.7914285714285715 0.3207142857142858 0.8133333333333334 0.3407142857142858 0.8133333333333334
7 0.3550000000000001 0.7961904761904762 0.3414285714285715 0.7961904761904762 0.3414285714285715 0.819047619047619 0.3550000000000001 0.819047619047619
7 0.375 0.86 0.3557142857142858 0.86 0.3557142857142858 0.8723809523809524 0.375 0.8723809523809524
7 0.8407142857142857 0.102857142857143 0.8242857142857143 0.102857142857143 0.8242857142857143 0.14095238095238108 0.8407142857142857 0.1409523809523811
7 0.9878571428571429 0.1552380952380954 0.9685714285714285 0.1552380952380954 0.9685714285714285 0.1933333333333335 0.9878571428571429 0.1933333333333335
7 0.8164285714285714 0.04095238095238109 0.8085714285714286 0.04095238095238109 0.8085714285714286 0.06285714285714299 0.8164285714285714 0.06285714285714299
7 0.7457142857142857 0.1180952380952382 0.7328571428571429 0.1180952380952382 0.7328571428571429 0.14380952380952391 0.7457142857142857 0.14380952380952391
7 0.8114285714285714 0.03047619047619061 0.8 0.03047619047619061 0.8 0.056190476190476325 0.8114285714285714 0.056190476190476325
7 0.8064285714285714 0.010476190476190606 0.7971428571428572 0.010476190476190604 0.7971428571428572 0.03809523809523823 0.8064285714285714 0.03809523809523823
7 0.7428571428571429 0.10857142857142868 0.7314285714285714 0.10857142857142868 0.7314285714285714 0.141904761904762 0.7428571428571429 0.141904761904762
7 0.7492857142857143 0.048571428571428696 0.7421428571428571 0.048571428571428696 0.7421428571428571 0.0685714285714287 0.7492857142857143 0.06857142857142871
7 0.7442857142857143 0.04000000000000012 0.7328571428571429 0.04000000000000012 0.7328571428571429 0.06095238095238106 0.7442857142857143 0.06095238095238106
7 0.8057142857142857 1.3027909282358035e-16 0.79 1.289961295101879e-16 0.79 0.03047619047619061 0.8057142857142857 0.03047619047619061
8 0.6921428571428572 0.02761904761904773 0.6807142857142857 0.027619047619047727 0.6807142857142857 0.05142857142857154 0.6921428571428572 0.05142857142857154
8 0.9214285714285714 0.20380952380952397 0.9042857142857142 0.20380952380952397 0.9042857142857142 0.22571428571428587 0.9214285714285714 0.22571428571428587
8 0.15642857142857147 0.3304761904761905 0.14000000000000004 0.3304761904761905 0.14000000000000004 0.3485714285714286 0.15642857142857147 0.3485714285714286
5 0.16714285714285718 0.3333333333333333 0.1428571428571429 0.3333333333333333 0.1428571428571429 0.3628571428571429 0.16714285714285718 0.3628571428571429
5 0.9207142857142857 0.2076190476190478 0.8914285714285715 0.2076190476190478 0.8914285714285715 0.23619047619047634 0.9207142857142857 0.23619047619047634
0 0.7728571428571429 0.05142857142857155 0.7207142857142858 0.05142857142857155 0.7207142857142858 0.10190476190476203 0.7728571428571429 0.10190476190476204
5 0.5707142857142857 9.126534479360038e-17 0.5471428571428572 8.934089982351166e-17 0.5471428571428572 0.020952380952381045 0.5707142857142857 0.02095238095238105
7 0.655 0.0009523809523810587 0.6471428571428571 0.0009523809523810581 0.6471428571428571 0.02476190476190487 0.655 0.02476190476190487
4 0.38642857142857157 0.9761904761904762 0.35357142857142865 0.9761904761904762 0.35357142857142865 1 0.38642857142857157 1
7 0.5314285714285716 0.9085714285714286 0.5185714285714287 0.9085714285714286 0.5185714285714287 0.9276190476190476 0.5314285714285716 0.9276190476190476