3 0.34214285714285714 0.12666666666666673 0.31357142857142856 0.12666666666666673 0.31357142857142856 0.14666666666666672 0.34214285714285714 0.14666666666666672
3 0.3464285714285714 0.1666666666666667 0.3192857142857143 0.1666666666666667 0.3192857142857143 0.18380952380952387 0.3464285714285714 0.18380952380952387
3 0.35 0.18476190476190482 0.3242857142857143 0.18476190476190482 0.3242857142857143 0.20380952380952386 0.35 0.20380952380952386
3 0.38 0.0552380952380953 0.3507142857142857 0.055238095238095294 0.3507142857142857 0.0771428571428572 0.38 0.0771428571428572
3 0.42928571428571427 0.005714285714285783 0.4164285714285714 0.005714285714285782 0.4164285714285714 0.04476190476190483 0.42928571428571427 0.04476190476190483
3 0.42642857142857143 0.05523809523809531 0.415 0.05523809523809531 0.415 0.08857142857142865 0.42642857142857143 0.08857142857142865
3 0.4228571428571429 0.09619047619047626 0.4114285714285714 0.09619047619047624 0.4114285714285714 0.13142857142857148 0.4228571428571429 0.13142857142857148
3 0.42 0.13809523809523816 0.4085714285714286 0.13809523809523816 0.4085714285714286 0.17238095238095244 0.42 0.17238095238095244
3 0.575 0.08095238095238104 0.5628571428571428 0.08095238095238104 0.5628571428571428 0.11333333333333341 0.575 0.11333333333333341
3 0.5692857142857143 0.12095238095238103 0.5578571428571428 0.12095238095238103 0.5578571428571428 0.1580952380952382 0.5692857142857143 0.1580952380952382
3 0.3435714285714286 0.24571428571428577 0.3157142857142857 0.24571428571428572 0.3157142857142857 0.2676190476190477 0.3435714285714286 0.2676190476190477
3 0.36142857142857143 0.2523809523809525 0.3364285714285714 0.2523809523809525 0.3364285714285714 0.282857142857143 0.36142857142857143 0.282857142857143
3 0.37785714285714284 0.2723809523809525 0.35642857142857143 0.2723809523809525 0.35642857142857143 0.2866666666666668 0.37785714285714284 0.2866666666666668
3 0.36428571428571427 0.2895238095238096 0.33785714285714286 0.2895238095238096 0.33785714285714286 0.30761904761904774 0.36428571428571427 0.30761904761904774
3 0.36428571428571427 0.30857142857142866 0.3385714285714286 0.30857142857142866 0.3385714285714286 0.32666666666666677 0.36428571428571427 0.32666666666666677
3 0.42928571428571427 0.28095238095238106 0.4185714285714286 0.28095238095238106 0.4185714285714286 0.31904761904761914 0.42928571428571427 0.31904761904761914
3 0.44357142857142856 0.2695238095238096 0.4328571428571429 0.2695238095238096 0.4328571428571429 0.30761904761904774 0.44357142857142856 0.30761904761904774
6 0.46214285714285713 0.2761904761904763 0.44785714285714284 0.2761904761904763 0.44785714285714284 0.3285714285714287 0.46214285714285713 0.3285714285714287
11 0.47928571428571426 0.2714285714285715 0.465 0.2714285714285715 0.465 0.30952380952380965 0.47928571428571426 0.30952380952380965
3 0.49357142857142855 0.2704761904761906 0.48214285714285715 0.2704761904761906 0.48214285714285715 0.30666666666666675 0.49357142857142855 0.30666666666666675
3 0.515 0.26380952380952394 0.5007142857142857 0.26380952380952394 0.5007142857142857 0.302857142857143 0.515 0.302857142857143
3 0.535 0.2695238095238096 0.5214285714285715 0.2695238095238096 0.5214285714285715 0.3057142857142858 0.535 0.3057142857142858
10 0.4664285714285714 0.1733333333333334 0.43142857142857144 0.1733333333333334 0.43142857142857144 0.200952380952381 0.4664285714285714 0.200952380952381
3 0.46714285714285714 0.20000000000000007 0.4407142857142857 0.20000000000000007 0.4407142857142857 0.22000000000000006 0.46714285714285714 0.22000000000000006
3 0.4878571428571429 0.180952380952381 0.4757142857142857 0.180952380952381 0.4757142857142857 0.20952380952380958 0.4878571428571429 0.20952380952380958
3 0.5021428571428571 0.18000000000000008 0.49 0.18000000000000005 0.49 0.21619047619047627 0.5021428571428571 0.2161904761904763
3 0.5171428571428571 0.1800000000000001 0.505 0.1800000000000001 0.505 0.21428571428571438 0.5171428571428571 0.21428571428571438
10 0.5571428571428572 0.1780952380952382 0.52 0.1780952380952382 0.52 0.20476190476190487 0.5571428571428572 0.20476190476190487
3 0.5878571428571429 0.2038095238095239 0.575 0.2038095238095239 0.575 0.24571428571428583 0.5878571428571429 0.24571428571428583
3 0.5842857142857143 0.3285714285714287 0.5707142857142857 0.3285714285714287 0.5707142857142857 0.36666666666666675 0.5842857142857143 0.36666666666666675
5 0.5442857142857143 0.29238095238095246 0.5378571428571428 0.29238095238095246 0.5378571428571428 0.3057142857142858 0.5442857142857143 0.3057142857142858
3 0.6128571428571429 0.04857142857142867 0.6014285714285714 0.04857142857142867 0.6014285714285714 0.08190476190476201 0.6128571428571429 0.08190476190476201
11 0.6342857142857142 0.07238095238095249 0.6235714285714286 0.07238095238095249 0.6235714285714286 0.10285714285714297 0.6342857142857142 0.10285714285714297
3 0.7821428571428571 0.23904761904761915 0.7592857142857142 0.23904761904761915 0.7592857142857142 0.25904761904761914 0.7821428571428571 0.25904761904761914
3 0.8135714285714286 0.23142857142857154 0.7871428571428571 0.23142857142857154 0.7871428571428571 0.2485714285714287 0.8135714285714286 0.2485714285714287
11 0.8607142857142858 0.24476190476190487 0.8342857142857143 0.24476190476190487 0.8342857142857143 0.2676190476190477 0.8607142857142858 0.2676190476190477
3 0.655 0.579047619047619 0.6278571428571429 0.579047619047619 0.6278571428571429 0.6 0.655 0.6
3 0.6635714285714286 0.6180952380952383 0.6371428571428571 0.6180952380952381 0.6371428571428571 0.6380952380952382 0.6635714285714286 0.6380952380952383
3 0.6942857142857143 0.6257142857142859 0.6678571428571428 0.6257142857142859 0.6678571428571428 0.643809523809524 0.6942857142857143 0.643809523809524
3 0.7485714285714286 0.6380952380952383 0.7228571428571429 0.6380952380952383 0.7228571428571429 0.6571428571428574 0.7485714285714286 0.6571428571428574
11 0.4207142857142857 0.3495238095238096 0.4057142857142857 0.3495238095238096 0.4057142857142857 0.38380952380952393 0.4207142857142857 0.38380952380952393
3 0.42642857142857143 0.3904761904761906 0.41214285714285714 0.3904761904761906 0.41214285714285714 0.4257142857142858 0.42642857142857143 0.4257142857142858
3 0.42857142857142855 0.4361904761904763 0.4164285714285714 0.4361904761904763 0.4164285714285714 0.47523809523809535 0.42857142857142855 0.47523809523809535
3 0.43214285714285716 0.4838095238095239 0.42 0.4838095238095239 0.42 0.5238095238095238 0.43214285714285716 0.5238095238095238
3 0.3385714285714286 0.3885714285714286 0.31642857142857145 0.38857142857142857 0.31642857142857145 0.40857142857142864 0.3385714285714286 0.4085714285714287
3 0.3442857142857143 0.4142857142857143 0.3157142857142857 0.4142857142857143 0.3157142857142857 0.43428571428571433 0.3442857142857143 0.4342857142857144
3 0.32428571428571434 0.49333333333333335 0.30857142857142866 0.49333333333333335 0.30857142857142866 0.5285714285714286 0.32428571428571434 0.5285714285714286
3 0.4085714285714286 0.6247619047619047 0.3842857142857143 0.6247619047619047 0.3842857142857143 0.6552380952380953 0.4085714285714286 0.6552380952380953
3 0.4107142857142857 0.6904761904761905 0.39285714285714285 0.6904761904761905 0.39285714285714285 0.7285714285714285 0.4107142857142857 0.7285714285714285
3 0.4228571428571429 0.7828571428571428 0.4114285714285714 0.7828571428571428 0.4114285714285714 0.8142857142857143 0.4228571428571429 0.8142857142857143
3 0.3821428571428571 0.7761904761904762 0.3571428571428572 0.7761904761904762 0.3571428571428572 0.7961904761904762 0.3821428571428571 0.7961904761904762
3 0.38000000000000006 0.8533333333333334 0.3678571428571429 0.8533333333333334 0.36785714285714294 0.8857142857142857 0.38000000000000017 0.8857142857142857
3 0.4342857142857144 0.8676190476190476 0.4114285714285714 0.8676190476190476 0.41142857142857153 0.8990476190476191 0.43428571428571444 0.8990476190476191
5 0.5214285714285715 0.24476190476190487 0.51 0.24476190476190487 0.51 0.2542857142857144 0.5214285714285715 0.2542857142857144
5 0.6414285714285715 0.2714285714285715 0.6307142857142857 0.2714285714285715 0.6307142857142857 0.281904761904762 0.6414285714285715 0.281904761904762
5 0.6042857142857143 0.6247619047619047 0.5992857142857143 0.6247619047619047 0.5992857142857143 0.6352380952380953 0.6042857142857143 0.6352380952380953
5 0.605 0.8247619047619048 0.6 0.8247619047619048 0.6 0.8438095238095238 0.605 0.8438095238095238
5 0.607857142857143 0.9133333333333333 0.6021428571428573 0.9133333333333333 0.6021428571428573 0.9323809523809524 0.607857142857143 0.9323809523809524
7 0.6307142857142857 0.8076190476190476 0.625 0.8076190476190476 0.625 0.8171428571428572 0.6307142857142857 0.8171428571428572
7 0.625 0.8161904761904762 0.6192857142857143 0.8161904761904762 0.6192857142857143 0.8247619047619048 0.625 0.8247619047619048
7 0.6278571428571429 0.8809523809523809 0.6228571428571429 0.8809523809523809 0.6228571428571429 0.8904761904761904 0.627857142857143 0.8904761904761904
7 0.6135714285714285 0.21523809523809534 0.6085714285714285 0.21523809523809534 0.6085714285714285 0.22476190476190486 0.6135714285714285 0.22476190476190486
7 0.5728571428571428 0.19238095238095249 0.5678571428571428 0.19238095238095249 0.5678571428571428 0.201904761904762 0.5728571428571428 0.201904761904762
7 0.6042857142857143 0.4209523809523811 0.6 0.4209523809523811 0.6 0.42666666666666675 0.6042857142857143 0.42666666666666675
5 0.3992857142857143 0.2942857142857144 0.39285714285714285 0.2942857142857144 0.39285714285714285 0.30857142857142866 0.3992857142857143 0.30857142857142866
5 0.40214285714285714 0.3638095238095239 0.39571428571428574 0.3638095238095239 0.39571428571428574 0.38095238095238104 0.40214285714285714 0.38095238095238104
5 0.37214285714285716 0.321904761904762 0.36714285714285716 0.321904761904762 0.36714285714285716 0.3314285714285715 0.37214285714285716 0.3314285714285715
5 0.3492857142857143 0.3447619047619049 0.34214285714285714 0.3447619047619049 0.34214285714285714 0.35523809523809535 0.3492857142857143 0.35523809523809535