3 0.7642857142857142 0.7142857142857144 0.56 0.7142857142857143 0.56 0.8380952380952382 0.7642857142857142 0.8380952380952383
3 0.5028571428571429 0.6619047619047619 0.29857142857142865 0.6619047619047619 0.29857142857142865 0.7714285714285715 0.5028571428571429 0.7714285714285715
3 0.4735714285714286 0.44761904761904775 0.33857142857142863 0.44761904761904775 0.33857142857142863 0.5361904761904762 0.4735714285714286 0.5361904761904762
3 0.2385714285714286 0.35714285714285715 0.1585714285714286 0.35714285714285715 0.1585714285714286 0.4552380952380952 0.23857142857142866 0.4552380952380952
3 0.6471428571428571 0.4400000000000001 0.515 0.4400000000000001 0.515 0.5304761904761904 0.6471428571428571 0.5304761904761904
3 0.4714285714285714 0.1971428571428572 0.39 0.1971428571428572 0.39 0.2428571428571429 0.4714285714285714 0.2428571428571429
3 0.45071428571428573 0.14666666666666672 0.37857142857142856 0.14666666666666672 0.37857142857142856 0.18571428571428578 0.45071428571428573 0.18571428571428578
3 0.20285714285714285 0.15523809523809526 0.10857142857142857 0.15523809523809523 0.10857142857142857 0.20476190476190478 0.20285714285714285 0.2047619047619048
3 0.6671428571428571 0.12476190476190487 0.6278571428571429 0.12476190476190487 0.6278571428571429 0.17714285714285724 0.6671428571428571 0.17714285714285724
3 0.6007142857142858 0.05238095238095247 0.5735714285714286 0.05238095238095247 0.5735714285714286 0.0800000000000001 0.6007142857142858 0.08000000000000011
3 0.5357142857142857 0.5619047619047619 0.3414285714285715 0.5619047619047619 0.3414285714285715 0.6733333333333333 0.5357142857142857 0.6733333333333333
3 0.47285714285714286 0.4095238095238096 0.3385714285714286 0.4095238095238096 0.33857142857142863 0.4676190476190477 0.47285714285714286 0.4676190476190477
3 0.4907142857142857 0.36476190476190484 0.34714285714285714 0.36476190476190484 0.34714285714285714 0.4104761904761906 0.4907142857142857 0.4104761904761906
10 0.5007142857142857 0.27714285714285725 0.35714285714285715 0.27714285714285725 0.35714285714285715 0.37333333333333346 0.5007142857142857 0.37333333333333346
3 0.49714285714285716 0.2600000000000001 0.37857142857142856 0.2600000000000001 0.37857142857142856 0.32380952380952394 0.49714285714285716 0.32380952380952394
3 0.4657142857142857 0.1733333333333334 0.3921428571428571 0.1733333333333334 0.3921428571428571 0.22000000000000006 0.4657142857142857 0.22000000000000006
11 0.2985714285714286 0.20666666666666672 0.1992857142857143 0.20666666666666672 0.1992857142857143 0.26761904761904765 0.2985714285714286 0.26761904761904765
6 0.5907142857142857 0.27904761904761916 0.49714285714285716 0.27904761904761916 0.49714285714285716 0.37047619047619057 0.5907142857142857 0.37047619047619057
5 0.12071428571428577 0.6371428571428571 0.0471428571428572 0.6371428571428571 0.0471428571428572 0.6952380952380952 0.1207142857142858 0.6952380952380952
5 0.13714285714285718 0.6133333333333333 0.058571428571428635 0.6133333333333333 0.058571428571428635 0.6580952380952381 0.13714285714285718 0.6580952380952381
5 0.15285714285714289 0.5923809523809523 0.0714285714285715 0.5923809523809523 0.0714285714285715 0.6285714285714286 0.15285714285714289 0.6285714285714286
3 0.6278571428571429 0.38476190476190486 0.505 0.38476190476190486 0.505 0.4542857142857144 0.6278571428571429 0.4542857142857144
3 0.23142857142857143 0.13619047619047625 0.18142857142857144 0.13619047619047625 0.18142857142857144 0.180952380952381 0.23142857142857143 0.180952380952381
3 0.7671428571428571 0.11142857142857156 0.7364285714285714 0.11142857142857154 0.7364285714285714 0.14666666666666678 0.7671428571428571 0.14666666666666678
3 0.6992857142857143 0.1000000000000001 0.6642857142857143 0.1000000000000001 0.6642857142857143 0.13809523809523822 0.6992857142857143 0.13809523809523822
3 0.865 0.13428571428571442 0.8242857142857143 0.1342857142857144 0.8242857142857143 0.16380952380952393 0.865 0.16380952380952396
3 1 0.19047619047619063 0.9507142857142857 0.19047619047619063 0.9507142857142857 0.2352380952380954 1 0.2352380952380954
7 0.7207142857142858 0.5057142857142859 0.6992857142857143 0.5057142857142859 0.6992857142857143 0.5723809523809525 0.7207142857142858 0.5723809523809525
7 0.6571428571428571 0.2676190476190477 0.645 0.2676190476190477 0.645 0.3161904761904763 0.6571428571428571 0.3161904761904763
7 0.6642857142857143 0.2704761904761906 0.6521428571428571 0.2704761904761906 0.6521428571428571 0.3200000000000001 0.6642857142857143 0.3200000000000001
7 0.5514285714285714 0.14952380952380964 0.54 0.14952380952380964 0.54 0.18095238095238106 0.5514285714285714 0.18095238095238106
7 0.505 0.11428571428571437 0.49357142857142855 0.11428571428571437 0.49357142857142855 0.14285714285714293 0.505 0.14285714285714296
8 0.6878571428571428 0.2561904761904763 0.6764285714285714 0.2561904761904763 0.6764285714285714 0.2895238095238096 0.6878571428571428 0.2895238095238096
8 0.6185714285714285 0.22380952380952393 0.6042857142857143 0.22380952380952393 0.6042857142857143 0.25333333333333347 0.6185714285714285 0.25333333333333347
8 0.5764285714285714 0.1638095238095239 0.5671428571428572 0.1638095238095239 0.5671428571428572 0.1866666666666668 0.5764285714285714 0.1866666666666668
8 0.5792857142857143 0.13714285714285726 0.57 0.13714285714285726 0.57 0.1561904761904763 0.5792857142857143 0.1561904761904763
1 0.5778571428571428 0.1800000000000001 0.5671428571428572 0.1800000000000001 0.5671428571428572 0.20285714285714296 0.5778571428571428 0.20285714285714296
1 0.63 0.24571428571428583 0.6007142857142858 0.24571428571428583 0.6007142857142858 0.26380952380952394 0.63 0.26380952380952394
1 0.6892857142857143 0.27333333333333343 0.6707142857142857 0.27333333333333343 0.6707142857142857 0.30476190476190484 0.6892857142857143 0.30476190476190484
1 0.5871428571428572 0.14761904761904773 0.5635714285714286 0.14761904761904773 0.5635714285714286 0.16476190476190486 0.5871428571428572 0.16476190476190486
7 0.5678571428571428 0.12285714285714297 0.56 0.12285714285714297 0.56 0.14952380952380964 0.5678571428571428 0.14952380952380964
7 0.5742857142857143 0.13142857142857153 0.5657142857142857 0.13142857142857153 0.5657142857142857 0.1580952380952382 0.5742857142857143 0.1580952380952382
7 0.5021428571428571 0.09714285714285723 0.49642857142857144 0.09714285714285723 0.49642857142857144 0.11904761904761912 0.5021428571428571 0.11904761904761912
5 0.4928571428571429 0.14380952380952386 0.48428571428571426 0.14380952380952386 0.48428571428571426 0.17238095238095244 0.4928571428571429 0.17238095238095244
7 0.4907142857142857 0.12190476190476196 0.4835714285714286 0.12190476190476196 0.4835714285714286 0.1428571428571429 0.4907142857142857 0.1428571428571429
7 0.48142857142857143 0.12000000000000008 0.47214285714285714 0.12000000000000008 0.47214285714285714 0.14571428571428577 0.48142857142857143 0.14571428571428577
3 0.5307142857142857 0.07523809523809533 0.5092857142857142 0.07523809523809533 0.5092857142857142 0.11047619047619056 0.5307142857142857 0.11047619047619056
7 0.5357142857142857 0.0876190476190477 0.5228571428571429 0.0876190476190477 0.5228571428571429 0.12571428571428583 0.5357142857142857 0.12571428571428583
3 0.4907142857142857 0.023809523809523888 0.4757142857142857 0.023809523809523885 0.4757142857142857 0.04380952380952389 0.4907142857142857 0.04380952380952389
4 0.5135714285714286 0.038095238095238175 0.48642857142857143 0.038095238095238175 0.48642857142857143 0.07809523809523818 0.5135714285714286 0.07809523809523818
4 0.4928571428571429 0.00095238095238103 0.45785714285714285 0.0009523809523810272 0.45785714285714285 0.023809523809523888 0.4928571428571429 0.02380952380952389
11 0.7371428571428571 0.14952380952380964 0.6914285714285714 0.14952380952380964 0.6914285714285714 0.2038095238095239 0.7371428571428571 0.2038095238095239
3 0.7621428571428571 0.058095238095238214 0.7342857142857143 0.058095238095238214 0.7342857142857143 0.08285714285714298 0.7621428571428571 0.08285714285714299
3 0.7235714285714285 0.04666666666666679 0.705 0.04666666666666679 0.705 0.06571428571428582 0.7235714285714285 0.06571428571428582
3 0.7057142857142857 0.03333333333333345 0.6835714285714286 0.033333333333333444 0.6835714285714286 0.05238095238095249 0.7057142857142857 0.0523809523809525
3 0.6828571428571428 0.027619047619047727 0.6635714285714286 0.027619047619047727 0.6635714285714286 0.04095238095238106 0.6828571428571428 0.04095238095238106
3 0.6642857142857143 0.01333333333333344 0.6507142857142857 0.013333333333333438 0.6507142857142857 0.030476190476190584 0.6642857142857143 0.030476190476190584
3 0.655 0.010476190476190583 0.64 0.010476190476190582 0.64 0.027619047619047724 0.655 0.027619047619047727
3 0.5707142857142857 0.06380952380952389 0.5478571428571428 0.06380952380952389 0.5478571428571428 0.09523809523809532 0.5707142857142857 0.09523809523809532
8 0.5457142857142857 0.06476190476190484 0.5378571428571428 0.06476190476190484 0.5378571428571428 0.07809523809523818 0.5457142857142857 0.07809523809523818
5 0.5457142857142857 0.07047619047619055 0.5385714285714286 0.07047619047619055 0.5385714285714286 0.08476190476190484 0.5457142857142857 0.08476190476190484