7 0.030714285714285774 0.8959390862944162 0.01785714285714292 0.8959390862944162 0.017857142857142922 0.9416243654822335 0.030714285714285774 0.9416243654822335
7 0.04642857142857149 0.8870558375634517 0.035714285714285775 0.8870558375634517 0.035714285714285775 0.934010152284264 0.04642857142857149 0.934010152284264
7 0.04785714285714292 0.8895939086294417 0.03714285714285721 0.8895939086294417 0.03714285714285721 0.932741116751269 0.04785714285714292 0.932741116751269
7 0.05428571428571435 0.9619289340101523 0.04285714285714293 0.9619289340101523 0.04285714285714293 0.998730964467005 0.05428571428571435 0.998730964467005
7 0.06857142857142863 0.9530456852791879 0.05642857142857149 0.9530456852791879 0.05642857142857149 0.9961928934010152 0.06857142857142863 0.9961928934010152
7 0.06285714285714292 0.9581218274111675 0.050714285714285774 0.9581218274111675 0.050714285714285774 0.9974619289340102 0.06285714285714292 0.9974619289340102
7 0.0621428571428572 0.916243654822335 0.050714285714285774 0.916243654822335 0.050714285714285774 0.9568527918781726 0.0621428571428572 0.9568527918781726
7 0.07000000000000006 0.8845177664974619 0.058571428571428635 0.8845177664974619 0.058571428571428635 0.9213197969543148 0.07000000000000006 0.9213197969543148
7 0.07642857142857148 0.8769035532994924 0.06357142857142863 0.8769035532994924 0.06357142857142863 0.9213197969543148 0.07642857142857148 0.9213197969543148
7 0.08500000000000006 0.9263959390862944 0.0721428571428572 0.9263959390862944 0.0721428571428572 0.9695431472081218 0.08500000000000006 0.9695431472081218
7 0.09500000000000008 0.9378172588832487 0.0821428571428572 0.9378172588832487 0.0821428571428572 0.9771573604060914 0.09500000000000008 0.9771573604060914
7 0.09642857142857152 0.9124365482233503 0.07857142857142864 0.9124365482233503 0.07857142857142864 0.9530456852791879 0.09642857142857152 0.9530456852791879
7 0.1650000000000001 0.9048223350253807 0.15000000000000008 0.9048223350253807 0.15000000000000008 0.9530456852791879 0.1650000000000001 0.9530456852791879
7 0.1614285714285715 0.9048223350253807 0.1507142857142858 0.9048223350253807 0.1507142857142858 0.9454314720812182 0.1614285714285715 0.9454314720812182
7 0.2057142857142858 0.9302030456852792 0.19714285714285723 0.9302030456852792 0.19714285714285723 0.9606598984771574 0.2057142857142858 0.9606598984771574
7 0.1864285714285715 0.8718274111675127 0.1728571428571429 0.8718274111675127 0.17285714285714293 0.9200507614213198 0.1864285714285715 0.9200507614213198
7 0.2000000000000001 0.8604060913705583 0.19000000000000009 0.8604060913705583 0.19000000000000009 0.8972081218274112 0.2000000000000001 0.8972081218274112
7 0.21214285714285722 0.8705583756345178 0.20357142857142865 0.8705583756345178 0.20357142857142865 0.9137055837563451 0.21214285714285722 0.9137055837563451
7 0.21500000000000008 0.8870558375634517 0.20928571428571438 0.8870558375634517 0.20928571428571438 0.9175126903553299 0.21500000000000008 0.9175126903553299
7 0.2357142857142858 0.9048223350253807 0.2264285714285715 0.9048223350253807 0.2264285714285715 0.9479695431472082 0.2357142857142858 0.9479695431472082
6 0.23928571428571438 0.9073604060913706 0.22928571428571437 0.9073604060913706 0.22928571428571437 0.9314720812182741 0.23928571428571438 0.9314720812182741
5 0.3378571428571429 0.9048223350253807 0.32214285714285723 0.9048223350253807 0.32214285714285723 0.9631979695431472 0.3378571428571429 0.9631979695431472
8 0.33714285714285724 0.8553299492385786 0.32428571428571434 0.8553299492385786 0.32428571428571434 0.8946700507614214 0.33714285714285724 0.8946700507614214
7 0.2307142857142858 0.8464467005076142 0.22000000000000008 0.8464467005076142 0.22000000000000008 0.8946700507614214 0.2307142857142858 0.8946700507614214
7 0.23928571428571438 0.7563451776649747 0.22714285714285723 0.7563451776649747 0.22714285714285723 0.8083756345177665 0.23928571428571438 0.8083756345177665
7 0.22857142857142865 0.7258883248730964 0.21928571428571436 0.7258883248730964 0.21928571428571436 0.7614213197969543 0.22857142857142865 0.7614213197969543
7 0.25000000000000006 0.6370558375634517 0.24214285714285722 0.6370558375634517 0.24214285714285722 0.6776649746192893 0.25000000000000006 0.6776649746192893
7 0.2621428571428572 0.5888324873096447 0.25357142857142856 0.5888324873096447 0.2535714285714286 0.6205583756345178 0.26214285714285723 0.6205583756345178
7 0.2614285714285715 0.6370558375634517 0.2514285714285715 0.6370558375634517 0.2514285714285715 0.6802030456852792 0.2614285714285715 0.6802030456852792
7 0.2635714285714287 0.618020304568528 0.25500000000000006 0.618020304568528 0.25500000000000006 0.6560913705583756 0.2635714285714287 0.6560913705583756
7 0.26785714285714296 0.618020304568528 0.25928571428571434 0.618020304568528 0.25928571428571434 0.6510152284263959 0.26785714285714296 0.6510152284263959
7 0.2757142857142858 0.6104060913705583 0.2700000000000001 0.6104060913705583 0.2700000000000001 0.6408629441624365 0.2757142857142858 0.6408629441624365
7 0.2792857142857143 0.5888324873096447 0.27285714285714285 0.5888324873096447 0.2728571428571429 0.6218274111675127 0.27928571428571436 0.6218274111675127
7 0.28571428571428575 0.5875634517766497 0.2785714285714286 0.5875634517766497 0.27857142857142864 0.6230964467005076 0.2857142857142858 0.6230964467005076
7 0.27071428571428574 0.5697969543147208 0.2621428571428571 0.5697969543147208 0.2621428571428572 0.6027918781725888 0.2707142857142858 0.6027918781725888
7 0.24571428571428575 0.5862944162436549 0.23785714285714285 0.5862944162436549 0.2378571428571429 0.6243654822335025 0.2457142857142858 0.6243654822335025
7 0.28571428571428575 0.5736040609137056 0.27714285714285714 0.5736040609137056 0.2771428571428572 0.6040609137055838 0.2857142857142858 0.6040609137055838
7 0.2964285714285715 0.5799492385786802 0.2885714285714286 0.5799492385786802 0.2885714285714286 0.6142131979695431 0.2964285714285715 0.6142131979695431
7 0.2992857142857143 0.5748730964467005 0.29214285714285715 0.5748730964467005 0.2921428571428572 0.6129441624365483 0.2992857142857144 0.6129441624365483
7 0.30714285714285716 0.549492385786802 0.3007142857142857 0.549492385786802 0.3007142857142857 0.5799492385786802 0.30714285714285716 0.5799492385786802
7 0.2885714285714286 0.5596446700507615 0.2807142857142857 0.5596446700507615 0.2807142857142857 0.5875634517766497 0.2885714285714286 0.5875634517766497
7 0.2935714285714286 0.5444162436548223 0.2864285714285714 0.5444162436548223 0.2864285714285714 0.5774111675126904 0.2935714285714286 0.5774111675126904
7 0.28714285714285714 0.5456852791878173 0.2785714285714286 0.5456852791878173 0.2785714285714286 0.5799492385786802 0.28714285714285714 0.5799492385786802
7 0.26857142857142857 0.5076142131979695 0.2621428571428571 0.5076142131979695 0.2621428571428571 0.5431472081218274 0.26857142857142857 0.5431472081218274
7 0.2621428571428571 0.5139593908629442 0.25642857142857145 0.5139593908629442 0.25642857142857145 0.550761421319797 0.2621428571428571 0.550761421319797
7 0.3 0.5241116751269036 0.2914285714285714 0.5241116751269036 0.2914285714285714 0.5532994923857868 0.3 0.5532994923857868
7 0.29714285714285715 0.5152284263959391 0.29 0.5152284263959391 0.29 0.5456852791878173 0.29714285714285715 0.5456852791878173
7 0.325 0.24492385786802037 0.32 0.24492385786802037 0.32 0.26522842639593913 0.325 0.26522842639593913
7 0.3007142857142857 0.24365482233502544 0.2957142857142857 0.24365482233502544 0.2957142857142857 0.26269035532994933 0.3007142857142857 0.26269035532994933
7 0.29714285714285715 0.2588832487309645 0.29285714285714287 0.2588832487309645 0.29285714285714287 0.28172588832487316 0.29714285714285715 0.28172588832487316
7 0.25857142857142856 0.2994923857868021 0.25285714285714284 0.2994923857868021 0.25285714285714284 0.318527918781726 0.25857142857142856 0.318527918781726
7 0.23785714285714285 0.30076142131979705 0.23285714285714285 0.30076142131979705 0.23285714285714285 0.3210659898477158 0.23785714285714285 0.3210659898477158
7 0.32571428571428573 0.26522842639593913 0.32 0.26522842639593913 0.32 0.284263959390863 0.32571428571428573 0.284263959390863
7 0.27714285714285714 0.30203045685279195 0.27 0.30203045685279195 0.27 0.32233502538071074 0.27714285714285714 0.32233502538071074
7 0.2914285714285714 0.3096446700507615 0.2842857142857143 0.3096446700507615 0.2842857142857143 0.33121827411167515 0.2914285714285714 0.33121827411167515
7 0.2957142857142857 0.2982233502538072 0.2914285714285714 0.2982233502538072 0.2914285714285714 0.317258883248731 0.2957142857142857 0.317258883248731
7 0.29928571428571427 0.30203045685279195 0.295 0.30203045685279195 0.295 0.317258883248731 0.29928571428571427 0.317258883248731
7 0.30714285714285716 0.30329949238578685 0.2985714285714286 0.30329949238578685 0.2985714285714286 0.32741116751269034 0.30714285714285716 0.32741116751269034
7 0.3157142857142857 0.30710659898477166 0.30857142857142855 0.30710659898477166 0.30857142857142855 0.3286802030456853 0.3157142857142857 0.3286802030456853
7 0.3157142857142857 0.30203045685279195 0.31 0.30203045685279195 0.31 0.32360406091370564 0.3157142857142857 0.32360406091370564
7 0.32285714285714284 0.2994923857868021 0.3171428571428571 0.2994923857868021 0.3171428571428571 0.32360406091370564 0.32285714285714284 0.32360406091370564
7 0.28214285714285714 0.2791878172588833 0.27785714285714286 0.2791878172588833 0.27785714285714286 0.30329949238578685 0.28214285714285714 0.30329949238578685
7 0.2864285714285714 0.2779187817258884 0.2814285714285714 0.2779187817258884 0.2814285714285714 0.30203045685279195 0.2864285714285714 0.30203045685279195
7 0.3107142857142857 0.28172588832487316 0.30642857142857144 0.28172588832487316 0.30642857142857144 0.3058375634517767 0.3107142857142857 0.3058375634517767
7 0.31642857142857145 0.2791878172588833 0.31142857142857144 0.2791878172588833 0.31142857142857144 0.2994923857868021 0.31642857142857145 0.2994923857868021
7 0.33285714285714285 0.2982233502538072 0.3264285714285714 0.2982233502538072 0.3264285714285714 0.318527918781726 0.33285714285714285 0.318527918781726
7 0.33071428571428574 0.2880710659898478 0.3264285714285714 0.2880710659898478 0.3264285714285714 0.3109137055837564 0.33071428571428574 0.3109137055837564
7 0.33071428571428574 0.23730964467005083 0.3271428571428571 0.23730964467005083 0.3271428571428571 0.2601522842639595 0.33071428571428574 0.2601522842639595
7 0.33785714285714286 0.26522842639593913 0.3335714285714286 0.26522842639593913 0.3335714285714286 0.2880710659898478 0.33785714285714286 0.2880710659898478
7 0.335 0.2398477157360407 0.33071428571428574 0.2398477157360407 0.33071428571428574 0.2588832487309645 0.335 0.2588832487309645
7 0.3442857142857143 0.3058375634517767 0.3392857142857143 0.3058375634517767 0.3392857142857143 0.32614213197969555 0.3442857142857143 0.32614213197969555
7 0.3357142857142857 0.2829949238578681 0.33214285714285713 0.2829949238578681 0.33214285714285713 0.3058375634517767 0.3357142857142857 0.3058375634517767
7 0.3414285714285714 0.2868020304568529 0.33785714285714286 0.2868020304568529 0.33785714285714286 0.30710659898477166 0.3414285714285714 0.30710659898477166
7 0.34214285714285714 0.26903553299492394 0.33714285714285713 0.26903553299492394 0.33714285714285713 0.29568527918781734 0.34214285714285714 0.29568527918781734
7 0.3457142857142857 0.2741116751269036 0.3414285714285714 0.2741116751269036 0.3414285714285714 0.2982233502538072 0.3457142857142857 0.2982233502538072
7 0.34785714285714286 0.2779187817258884 0.34214285714285714 0.2779187817258884 0.34214285714285714 0.2994923857868021 0.34785714285714286 0.2994923857868021
7 0.3507142857142857 0.30329949238578685 0.3457142857142857 0.30329949238578685 0.3457142857142857 0.32360406091370564 0.3507142857142857 0.32360406091370564
7 0.355 0.3109137055837564 0.3507142857142857 0.3109137055837564 0.3507142857142857 0.3324873096446702 0.355 0.3324873096446702
7 0.35285714285714287 0.30329949238578685 0.3485714285714286 0.30329949238578685 0.3485714285714286 0.32487309644670065 0.35285714285714287 0.32487309644670065
7 0.3535714285714286 0.2880710659898478 0.3485714285714286 0.2880710659898478 0.3485714285714286 0.3109137055837564 0.3535714285714286 0.3109137055837564
7 0.35428571428571426 0.27664974619289345 0.3492857142857143 0.27664974619289345 0.3492857142857143 0.30203045685279195 0.35428571428571426 0.30203045685279195
7 0.35642857142857143 0.2715736040609138 0.3514285714285714 0.2715736040609138 0.3514285714285714 0.2982233502538072 0.35642857142857143 0.2982233502538072
7 0.3585714285714286 0.284263959390863 0.35428571428571426 0.284263959390863 0.35428571428571426 0.30710659898477166 0.3585714285714286 0.30710659898477166
7 0.36214285714285716 0.2741116751269036 0.3557142857142857 0.2741116751269036 0.3557142857142857 0.30076142131979705 0.36214285714285716 0.30076142131979705
7 0.36214285714285716 0.2791878172588833 0.355 0.2791878172588833 0.355 0.30203045685279195 0.36214285714285716 0.30203045685279195
7 0.36857142857142855 0.29568527918781734 0.3628571428571429 0.29568527918781734 0.3628571428571429 0.318527918781726 0.36857142857142855 0.318527918781726
7 0.37 0.30329949238578685 0.36642857142857144 0.30329949238578685 0.36642857142857144 0.317258883248731 0.37 0.317258883248731
7 0.3657142857142857 0.28045685279187826 0.3607142857142857 0.28045685279187826 0.3607142857142857 0.2994923857868021 0.3657142857142857 0.2994923857868021
7 0.37285714285714283 0.2829949238578681 0.36642857142857144 0.2829949238578681 0.36642857142857144 0.30710659898477166 0.37285714285714283 0.30710659898477166
7 0.37714285714285717 0.29060913705583763 0.37142857142857144 0.29060913705583763 0.37142857142857144 0.31472081218274117 0.37714285714285717 0.31472081218274117
7 0.39071428571428574 0.2728426395939087 0.38642857142857145 0.2728426395939087 0.38642857142857145 0.2994923857868021 0.39071428571428574 0.2994923857868021
7 0.39785714285714285 0.27664974619289345 0.39357142857142857 0.27664974619289345 0.39357142857142857 0.29695431472081224 0.39785714285714285 0.29695431472081224
7 0.4092857142857143 0.2728426395939087 0.4035714285714286 0.2728426395939087 0.4035714285714286 0.29568527918781734 0.4092857142857143 0.29568527918781734
7 0.4235714285714286 0.2880710659898478 0.41714285714285715 0.2880710659898478 0.41714285714285715 0.30710659898477166 0.4235714285714286 0.30710659898477166
7 0.4228571428571429 0.2855329949238579 0.41785714285714287 0.2855329949238579 0.41785714285714287 0.3058375634517767 0.4228571428571429 0.3058375634517767
7 0.5414285714285715 0.05710659898477169 0.5385714285714286 0.05710659898477168 0.5385714285714286 0.06725888324873108 0.5414285714285715 0.0672588832487311
2 0.5371428571428571 0.02157360406091382 0.4928571428571429 0.021573604060913815 0.4928571428571429 0.04949238578680214 0.5371428571428571 0.04949238578680214
11 0.5007142857142857 0.011421319796954424 0.49357142857142855 0.011421319796954424 0.49357142857142855 0.025380710659898584 0.5007142857142857 0.025380710659898584
3 0.51 0.011421319796954425 0.5042857142857143 0.011421319796954424 0.5042857142857143 0.022842639593908736 0.51 0.022842639593908736
3 0.505 0.007614213197969653 0.5 0.007614213197969651 0.5 0.01649746192893412 0.505 0.01649746192893412
3 0.5042857142857143 0.0025380710659899564 0.49785714285714283 0.002538071065989956 0.49785714285714283 0.01395939086294427 0.5042857142857143 0.01395939086294427
3 0.5671428571428572 0.2563451776649748 0.5521428571428572 0.2563451776649748 0.5521428571428572 0.28553299492385803 0.5671428571428572 0.28553299492385803
7 0.5792857142857143 0.19670050761421334 0.5757142857142857 0.19670050761421334 0.5757142857142857 0.21446700507614228 0.5792857142857143 0.21446700507614228
7 0.5785714285714286 0.21192893401015242 0.5757142857142857 0.21192893401015242 0.5757142857142857 0.2322335025380712 0.5785714285714286 0.2322335025380712
7 0.5857142857142857 0.23350253807106613 0.5814285714285714 0.23350253807106613 0.5814285714285714 0.2538071065989849 0.5857142857142857 0.2538071065989849
7 0.5892857142857143 0.2322335025380712 0.5864285714285714 0.2322335025380712 0.5864285714285714 0.25000000000000017 0.5892857142857143 0.25000000000000017
7 0.5942857142857143 0.24619289340101538 0.59 0.24619289340101538 0.59 0.26649746192893414 0.5942857142857143 0.26649746192893414
7 0.5914285714285714 0.2626903553299494 0.5864285714285714 0.2626903553299494 0.5864285714285714 0.2842639593908631 0.5914285714285714 0.2842639593908631
3 0.6485714285714286 0.352791878172589 0.6128571428571429 0.352791878172589 0.6128571428571429 0.3807106598984773 0.6485714285714286 0.3807106598984773
7 0.6521428571428571 0.3223350253807108 0.6464285714285715 0.3223350253807108 0.6464285714285715 0.3388324873096448 0.6521428571428571 0.3388324873096448
7 0.6528571428571428 0.31852791878172604 0.6471428571428571 0.31852791878172604 0.6471428571428571 0.3388324873096448 0.6528571428571428 0.3388324873096448
7 0.6792857142857143 0.2956852791878174 0.6742857142857143 0.2956852791878174 0.6742857142857143 0.3172588832487311 0.6792857142857143 0.3172588832487311
7 0.6528571428571428 0.30456852791878186 0.6478571428571429 0.30456852791878186 0.6478571428571429 0.32994923857868036 0.6528571428571428 0.32994923857868036
7 0.63 0.31852791878172604 0.6235714285714286 0.31852791878172604 0.6235714285714286 0.3413705583756347 0.63 0.3413705583756347
7 0.6085714285714285 0.31979695431472094 0.605 0.31979695431472094 0.605 0.3401015228426397 0.6085714285714285 0.3401015228426397
7 0.58 0.3109137055837565 0.575 0.3109137055837565 0.575 0.32994923857868036 0.58 0.32994923857868036
7 0.5942857142857143 0.2906091370558377 0.5914285714285714 0.2906091370558377 0.5914285714285714 0.3096446700507616 0.5942857142857143 0.3096446700507616
7 0.6064285714285714 0.302030456852792 0.6028571428571429 0.302030456852792 0.6028571428571429 0.3223350253807108 0.6064285714285714 0.3223350253807108
7 0.6342857142857142 0.3058375634517768 0.6264285714285714 0.3058375634517768 0.6264285714285714 0.3286802030456854 0.6342857142857142 0.3286802030456854
7 0.64 0.2829949238578682 0.6364285714285715 0.2829949238578682 0.6364285714285715 0.3058375634517768 0.64 0.3058375634517768
7 0.64 0.29187817258883264 0.6335714285714286 0.29187817258883264 0.6335714285714286 0.3147208121827413 0.64 0.3147208121827413
7 0.6392857142857142 0.30329949238578696 0.635 0.30329949238578696 0.635 0.3223350253807108 0.6392857142857142 0.3223350253807108
7 0.6435714285714286 0.30329949238578696 0.6357142857142857 0.30329949238578696 0.6357142857142857 0.32487309644670065 0.6435714285714286 0.32487309644670065
3 0.4514285714285714 0.34390862944162454 0.4135714285714286 0.34390862944162454 0.4135714285714286 0.37055837563451793 0.4514285714285714 0.37055837563451793
11 0.4742857142857143 0.3210659898477158 0.43857142857142856 0.3210659898477158 0.43857142857142856 0.35152284263959405 0.4742857142857143 0.35152284263959405
7 0.48714285714285716 0.2918781725888326 0.48214285714285715 0.2918781725888326 0.48214285714285715 0.3109137055837564 0.48714285714285716 0.3109137055837564
7 0.4907142857142857 0.2880710659898478 0.48428571428571426 0.2880710659898478 0.48428571428571426 0.30710659898477166 0.4907142857142857 0.30710659898477166
7 0.4942857142857143 0.2880710659898478 0.48857142857142855 0.2880710659898478 0.48857142857142855 0.30329949238578685 0.4942857142857143 0.30329949238578685
7 0.4992857142857143 0.2829949238578681 0.49 0.2829949238578681 0.49 0.3032994923857869 0.4992857142857143 0.30329949238578696
7 0.37 0.31345177664974627 0.36714285714285716 0.31345177664974627 0.36714285714285716 0.32994923857868036 0.37 0.32994923857868036
7 0.37142857142857144 0.352791878172589 0.36642857142857144 0.352791878172589 0.36642857142857144 0.37309644670050773 0.37142857142857144 0.37309644670050773
3 0.34714285714285714 0.34010152284263967 0.30642857142857144 0.3401015228426396 0.30642857142857144 0.36802030456852797 0.34714285714285714 0.3680203045685281
3 0.3442857142857143 0.3261421319796955 0.30642857142857144 0.32614213197969544 0.30642857142857144 0.35406091370558385 0.3442857142857143 0.3540609137055839
3 0.45285714285714285 0.5088832487309646 0.43142857142857144 0.5088832487309646 0.43142857142857144 0.5558375634517768 0.45285714285714285 0.5558375634517768
3 0.48928571428571427 0.5647208121827413 0.4657142857142857 0.5647208121827413 0.4657142857142857 0.6205583756345179 0.48928571428571427 0.6205583756345179
11 0.48642857142857143 0.5076142131979697 0.465 0.5076142131979697 0.465 0.5532994923857869 0.48642857142857143 0.5532994923857869
7 0.6564285714285715 0.5558375634517768 0.6485714285714286 0.5558375634517768 0.6485714285714286 0.5875634517766499 0.6564285714285715 0.5875634517766499
7 0.5692857142857143 0.42512690355329963 0.5607142857142857 0.42512690355329963 0.5607142857142857 0.4505076142131981 0.5692857142857143 0.4505076142131981
7 0.5207142857142857 0.4289340101522844 0.5128571428571429 0.4289340101522844 0.5128571428571429 0.451776649746193 0.5207142857142857 0.451776649746193
7 0.5142857142857142 0.45812182741116764 0.5071428571428571 0.45812182741116764 0.5071428571428571 0.48477157360406103 0.5142857142857142 0.48477157360406103
7 0.4857142857142857 0.4441624365482235 0.48142857142857143 0.4441624365482235 0.48142857142857143 0.4670050761421321 0.4857142857142857 0.4670050761421321
7 0.5064285714285715 0.4340101522842641 0.5014285714285714 0.4340101522842641 0.5014285714285714 0.4606598984771575 0.5064285714285715 0.4606598984771575
7 0.57 0.41497461928934026 0.5642857142857143 0.41497461928934026 0.5642857142857143 0.44162436548223366 0.57 0.44162436548223366
7 0.5721428571428572 0.4124365482233504 0.5642857142857143 0.4124365482233504 0.5642857142857143 0.43781725888324885 0.5721428571428572 0.43781725888324885
7 0.6192857142857143 0.43781725888324885 0.6135714285714285 0.43781725888324885 0.6135714285714285 0.46192893401015245 0.6192857142857143 0.46192893401015245
7 0.5914285714285714 0.4593908629441626 0.5835714285714285 0.4593908629441626 0.5835714285714285 0.4873096446700509 0.5914285714285714 0.4873096446700509
7 0.6007142857142858 0.4543147208121829 0.5942857142857143 0.4543147208121829 0.5942857142857143 0.48223350253807123 0.6007142857142858 0.48223350253807123
7 0.5985714285714285 0.4505076142131981 0.5928571428571429 0.4505076142131981 0.5928571428571429 0.47461928934010167 0.5985714285714285 0.47461928934010167
7 0.5757142857142857 0.43147208121827424 0.5707142857142857 0.43147208121827424 0.5707142857142857 0.45812182741116764 0.5757142857142857 0.45812182741116764
7 0.5785714285714286 0.4263959390862946 0.5714285714285714 0.4263959390862946 0.5714285714285714 0.4543147208121829 0.5785714285714286 0.4543147208121829
7 0.5785714285714286 0.4225888324873098 0.5707142857142857 0.4225888324873098 0.5707142857142857 0.451776649746193 0.5785714285714286 0.451776649746193
7 0.5814285714285714 0.43020304568527934 0.5764285714285714 0.43020304568527934 0.5764285714285714 0.451776649746193 0.5814285714285714 0.451776649746193
7 0.5842857142857143 0.4505076142131981 0.58 0.4505076142131981 0.58 0.4771573604060915 0.5842857142857143 0.4771573604060915
7 0.5914285714285714 0.43781725888324885 0.5857142857142857 0.43781725888324885 0.5857142857142857 0.46192893401015245 0.5914285714285714 0.46192893401015245
7 0.6292857142857143 0.4543147208121829 0.6228571428571429 0.4543147208121829 0.6228571428571429 0.48223350253807123 0.6292857142857143 0.48223350253807123
7 0.6235714285714286 0.42385786802030473 0.6171428571428571 0.42385786802030473 0.6171428571428571 0.44796954314720827 0.6235714285714286 0.44796954314720827
7 0.6242857142857143 0.4213197969543149 0.6157142857142858 0.4213197969543149 0.6157142857142858 0.44796954314720827 0.6242857142857143 0.44796954314720827
7 0.6264285714285714 0.4276649746192895 0.6207142857142857 0.4276649746192895 0.6207142857142857 0.4543147208121829 0.6264285714285714 0.4543147208121829
7 0.6335714285714286 0.4593908629441626 0.6271428571428571 0.4593908629441626 0.6271428571428571 0.4873096446700509 0.6335714285714286 0.4873096446700509
7 0.6321428571428571 0.44289340101522856 0.6257142857142857 0.44289340101522856 0.6257142857142857 0.4708121827411169 0.6321428571428571 0.4708121827411169
7 0.6371428571428571 0.44162436548223366 0.6314285714285715 0.44162436548223366 0.6314285714285715 0.4670050761421321 0.6371428571428571 0.4670050761421321
7 0.6435714285714286 0.43527918781725905 0.6378571428571429 0.43527918781725905 0.6378571428571429 0.4644670050761423 0.6435714285714286 0.4644670050761423
7 0.4035714285714286 0.43020304568527934 0.3985714285714286 0.43020304568527934 0.3985714285714286 0.4555837563451778 0.4035714285714286 0.4555837563451778
7 0.4 0.4390862944162438 0.3942857142857143 0.4390862944162438 0.3942857142857143 0.4657360406091372 0.4 0.4657360406091372
8 0.38857142857142857 0.46954314720812196 0.3807142857142857 0.46954314720812196 0.3807142857142857 0.48857868020304585 0.38857142857142857 0.48857868020304585
7 0.3507142857142857 0.48223350253807123 0.3457142857142857 0.48223350253807123 0.3457142857142857 0.5164974619289342 0.3507142857142857 0.5164974619289342
7 0.36 0.46319796954314735 0.35214285714285715 0.46319796954314735 0.35214285714285715 0.4936548223350255 0.36 0.4936548223350255
7 0.32071428571428573 0.5114213197969543 0.3142857142857143 0.5114213197969543 0.3142857142857143 0.5406091370558376 0.32071428571428573 0.5406091370558376
7 0.30714285714285716 0.5 0.3 0.5 0.3 0.5329949238578681 0.30714285714285716 0.5329949238578681
7 0.2914285714285714 0.46954314720812185 0.2864285714285714 0.46954314720812185 0.2864285714285714 0.4949238578680203 0.2914285714285714 0.4949238578680203
7 0.29928571428571427 0.46954314720812185 0.2935714285714286 0.46954314720812185 0.2935714285714286 0.4987309644670051 0.29928571428571427 0.4987309644670051
7 0.30428571428571427 0.467005076142132 0.3 0.467005076142132 0.3 0.49746192893401014 0.30428571428571427 0.49746192893401014
7 0.305 0.4581218274111675 0.2978571428571429 0.4581218274111675 0.2978571428571429 0.49111675126903553 0.305 0.49111675126903553
7 0.31357142857142856 0.49238578680203043 0.30857142857142855 0.49238578680203043 0.30857142857142855 0.5177664974619289 0.31357142857142856 0.5177664974619289
7 0.32 0.49238578680203043 0.31214285714285717 0.49238578680203043 0.31214285714285717 0.5203045685279187 0.32 0.5203045685279187
7 0.30857142857142855 0.4796954314720812 0.30214285714285716 0.4796954314720812 0.30214285714285716 0.5063451776649747 0.30857142857142855 0.5063451776649747
7 0.315 0.4796954314720812 0.3092857142857143 0.4796954314720812 0.3092857142857143 0.5101522842639594 0.315 0.5101522842639594
7 0.3242857142857143 0.4949238578680203 0.3192857142857143 0.4949238578680203 0.3192857142857143 0.5215736040609137 0.3242857142857143 0.5215736040609137
7 0.3292857142857143 0.4796954314720812 0.32357142857142857 0.4796954314720812 0.32357142857142857 0.5088832487309645 0.3292857142857143 0.5088832487309645
7 0.3092857142857143 0.4200507614213198 0.30428571428571427 0.4200507614213198 0.30428571428571427 0.4403553299492386 0.3092857142857143 0.4403553299492386
7 0.31357142857142856 0.4149746192893401 0.3057142857142857 0.4149746192893401 0.3057142857142857 0.4416243654822335 0.31357142857142856 0.4416243654822335
7 0.31857142857142856 0.4593908629441624 0.31285714285714283 0.4593908629441624 0.31285714285714283 0.4873096446700508 0.31857142857142856 0.4873096446700508
7 0.32285714285714284 0.4606598984771574 0.3171428571428571 0.4606598984771574 0.3171428571428571 0.48984771573604063 0.32285714285714284 0.48984771573604063
7 0.3314285714285714 0.4606598984771574 0.3271428571428571 0.4606598984771574 0.3271428571428571 0.4860406091370558 0.3314285714285714 0.4860406091370558
7 0.3264285714285714 0.4517766497461929 0.32071428571428573 0.4517766497461929 0.32071428571428573 0.4784263959390863 0.3264285714285714 0.4784263959390863
7 0.32285714285714284 0.4467005076142132 0.3157142857142857 0.4467005076142132 0.3157142857142857 0.47715736040609136 0.32285714285714284 0.47715736040609136
7 0.3221428571428571 0.4416243654822335 0.315 0.4416243654822335 0.315 0.46954314720812185 0.3221428571428571 0.46954314720812185
7 0.3314285714285714 0.4416243654822335 0.3264285714285714 0.4416243654822335 0.3264285714285714 0.4733502538071066 0.3314285714285714 0.4733502538071066
7 0.33714285714285713 0.4251269035532996 0.3314285714285714 0.4251269035532995 0.3314285714285714 0.450507614213198 0.33714285714285713 0.4505076142131981
7 0.32857142857142857 0.40482233502538073 0.3221428571428571 0.40482233502538073 0.3221428571428571 0.4302030456852792 0.32857142857142857 0.4302030456852792
6 0.325 0.41116751269035534 0.3171428571428571 0.41116751269035534 0.3171428571428571 0.4289340101522843 0.325 0.4289340101522843
7 0.31285714285714283 0.4073604060913706 0.30642857142857144 0.4073604060913706 0.30642857142857144 0.4352791878172589 0.31285714285714283 0.4352791878172589
7 0.3057142857142857 0.4010152284263959 0.3007142857142857 0.4010152284263959 0.3007142857142857 0.4289340101522843 0.3057142857142857 0.4289340101522843
7 0.31285714285714283 0.399746192893401 0.30642857142857144 0.399746192893401 0.30642857142857144 0.4263959390862944 0.31285714285714283 0.4263959390862944
7 0.31285714285714283 0.39213197969543145 0.3057142857142857 0.39213197969543145 0.3057142857142857 0.42258883248730966 0.31285714285714283 0.42258883248730966
7 0.3314285714285714 0.3895939086294416 0.32571428571428573 0.3895939086294416 0.32571428571428573 0.41624365482233505 0.3314285714285714 0.41624365482233505
7 0.33714285714285713 0.40862944162436554 0.33071428571428574 0.4086294416243655 0.33071428571428574 0.4378172588832488 0.33714285714285713 0.43781725888324885
7 0.34214285714285714 0.40989847715736055 0.3357142857142857 0.40989847715736055 0.3357142857142857 0.43654822335025395 0.34214285714285714 0.43654822335025395
7 0.35 0.4073604060913707 0.345 0.4073604060913707 0.345 0.43020304568527934 0.35 0.43020304568527934
7 0.3435714285714286 0.402284263959391 0.3385714285714286 0.402284263959391 0.3385714285714286 0.43020304568527934 0.3435714285714286 0.43020304568527934
7 0.335 0.39213197969543157 0.33 0.39213197969543145 0.33 0.4213197969543148 0.335 0.4213197969543149
7 0.37285714285714283 0.4505076142131981 0.3678571428571429 0.4505076142131981 0.3678571428571429 0.48223350253807123 0.37285714285714283 0.48223350253807123
8 0.37357142857142855 0.4200507614213199 0.36857142857142855 0.4200507614213199 0.36857142857142855 0.4390862944162438 0.37357142857142855 0.4390862944162438
7 0.385 0.4263959390862946 0.3792857142857143 0.4263959390862946 0.3792857142857143 0.4555837563451778 0.385 0.4555837563451778
7 0.39071428571428574 0.4403553299492387 0.385 0.4403553299492387 0.385 0.4644670050761423 0.39071428571428574 0.4644670050761423
7 0.3792857142857143 0.43781725888324885 0.37285714285714283 0.43781725888324885 0.37285714285714283 0.4657360406091372 0.3792857142857143 0.4657360406091372
7 0.3742857142857143 0.43654822335025395 0.3678571428571429 0.43654822335025395 0.3678571428571429 0.4606598984771575 0.3742857142857143 0.4606598984771575