3 0.5775 0.86 0.4925000000000001 0.86 0.4925000000000001 0.9986666666666667 0.5775 0.9986666666666667
5 0.7215 0.914 0.6945 0.914 0.6945 0.9786666666666667 0.7215 0.9786666666666667
7 0.7255 0.9 0.7045 0.9 0.7045 0.9326666666666666 0.7255 0.9326666666666666
7 0.779 0.9186666666666666 0.76 0.9186666666666666 0.76 0.9493333333333334 0.779 0.9493333333333334
8 0.4215000000000001 0.71 0.40300000000000014 0.71 0.40300000000000014 0.734 0.4215000000000001 0.734
5 0.5075000000000001 0.6766666666666669 0.4855000000000001 0.6766666666666669 0.4855000000000001 0.7246666666666667 0.5075000000000001 0.7246666666666667
8 0.5060000000000001 0.688 0.4880000000000001 0.688 0.4880000000000001 0.7153333333333334 0.5060000000000001 0.7153333333333334
5 0.5555 0.772 0.5275 0.772 0.5275 0.82 0.5555 0.82
8 0.553 0.786 0.5345 0.786 0.5345 0.8133333333333334 0.553 0.8133333333333334
8 0.5435 0.7713333333333333 0.527 0.7713333333333333 0.527 0.7913333333333333 0.5435 0.7913333333333333
9 0.775 0.838 0.709 0.838 0.709 0.8946666666666667 0.775 0.8946666666666667
10 0.7145 0.6793333333333335 0.609 0.6793333333333335 0.609 0.8426666666666667 0.7145 0.8426666666666667
8 0.791 0.768 0.768 0.768 0.768 0.794 0.791 0.794
8 0.804 0.7933333333333333 0.786 0.7933333333333333 0.786 0.816 0.804 0.816
7 0.6535 0.798 0.6365 0.798 0.6365 0.8173333333333334 0.6535 0.8173333333333334
7 0.6655 0.774 0.6355 0.774 0.6355 0.8013333333333333 0.6655 0.8013333333333333
7 0.793 0.7186666666666667 0.744 0.7186666666666667 0.744 0.7606666666666667 0.793 0.7606666666666667
3 0.8045 0.5566666666666669 0.7095 0.5566666666666669 0.7095 0.6946666666666667 0.8045 0.6946666666666667
11 0.6105 0.5633333333333335 0.542 0.5633333333333335 0.542 0.6666666666666669 0.6105 0.6666666666666669
7 0.5075 0.5833333333333335 0.496 0.5833333333333335 0.496 0.5973333333333335 0.5075 0.5973333333333335
5 0.5215 0.5706666666666668 0.504 0.5706666666666668 0.504 0.5980000000000002 0.5215 0.5980000000000002
8 0.518 0.5726666666666668 0.506 0.5726666666666668 0.506 0.5933333333333335 0.518 0.5933333333333335
8 0.519 0.4933333333333335 0.506 0.4933333333333335 0.506 0.5206666666666668 0.519 0.5206666666666668
8 0.495 0.4733333333333335 0.4815 0.4733333333333335 0.4815 0.5020000000000001 0.495 0.5020000000000001
7 0.4035000000000001 0.6013333333333334 0.389 0.6013333333333334 0.38900000000000007 0.62 0.40350000000000014 0.62
9 0.37300000000000005 0.546 0.315 0.546 0.31500000000000006 0.634 0.3730000000000001 0.634
7 0.334 0.568 0.3165 0.568 0.3165 0.5906666666666667 0.334 0.5906666666666667
7 0.36 0.5126666666666667 0.3475 0.5126666666666667 0.3475 0.534 0.36 0.534
7 0.339 0.49866666666666665 0.3205 0.49866666666666665 0.3205 0.516 0.339 0.516
5 0.3685 0.4746666666666667 0.339 0.4746666666666667 0.339 0.514 0.3685 0.514
7 0.366 0.47733333333333333 0.3485 0.47733333333333333 0.3485 0.5046666666666667 0.366 0.5046666666666667
7 0.392 0.418 0.377 0.418 0.377 0.43533333333333335 0.392 0.43533333333333335
7 0.4055 0.4126666666666667 0.3905 0.4126666666666667 0.3905 0.43733333333333335 0.4055 0.43733333333333335
7 0.415 0.3993333333333333 0.3965 0.3993333333333333 0.3965 0.4226666666666667 0.415 0.4226666666666667
9 0.9725 0.4326666666666668 0.9115 0.4326666666666668 0.9115 0.5033333333333335 0.9725 0.5033333333333335
1 0.996 0.39866666666666684 0.9595 0.39866666666666684 0.9595 0.44333333333333347 0.996 0.44333333333333347
9 0.926 0.33600000000000013 0.878 0.33600000000000013 0.878 0.37800000000000017 0.926 0.37800000000000017
5 0.9025 0.3006666666666668 0.877 0.3006666666666668 0.877 0.3493333333333335 0.9025 0.3493333333333335
1 0.8775 0.3006666666666668 0.8465 0.3006666666666668 0.8465 0.33466666666666683 0.8775 0.33466666666666683
5 0.8495 0.3586666666666668 0.8185 0.3586666666666668 0.8185 0.4073333333333335 0.8495 0.4073333333333335
3 0.8285 0.31600000000000017 0.7285 0.31600000000000017 0.7285 0.40066666666666684 0.8285 0.40066666666666684
11 0.7775 0.27866666666666684 0.7285 0.27866666666666684 0.7285 0.3413333333333335 0.7775 0.3413333333333335
5 0.9885 0.33666666666666684 0.95 0.33666666666666684 0.95 0.37933333333333347 0.9885 0.37933333333333347
5 0.9865 0.3186666666666668 0.948 0.3186666666666668 0.948 0.35800000000000015 0.9865 0.35800000000000015
1 0.7775 0.24133333333333348 0.739 0.24133333333333348 0.739 0.2660000000000001 0.7775 0.2660000000000001
1 0.829 0.2233333333333335 0.7955 0.2233333333333335 0.7955 0.2620000000000002 0.829 0.2620000000000002
9 0.591 0.25000000000000006 0.533 0.25000000000000006 0.533 0.3386666666666667 0.591 0.3386666666666667
5 0.671 0.12400000000000011 0.6345 0.12400000000000011 0.6345 0.15133333333333346 0.671 0.15133333333333346
5 0.685 0.10600000000000011 0.661 0.10600000000000011 0.661 0.14733333333333345 0.685 0.14733333333333345
7 0.6835 0.12133333333333345 0.6685 0.12133333333333345 0.6685 0.15466666666666679 0.6835 0.15466666666666679
1 0.6715 0.06600000000000011 0.6405 0.06600000000000011 0.6405 0.10533333333333345 0.6715 0.10533333333333345
1 0.656 0.0520000000000001 0.626 0.052000000000000095 0.626 0.08466666666666676 0.656 0.08466666666666678
1 0.6345 0.0260000000000001 0.605 0.026000000000000096 0.605 0.05600000000000009 0.6345 0.05600000000000009
11 0.6275 0.030000000000000096 0.5365 0.030000000000000086 0.5365 0.12733333333333344 0.6275 0.12733333333333344
0 0.5245 0.18200000000000008 0.4745 0.18200000000000008 0.4745 0.2686666666666667 0.5245 0.2686666666666667
5 0.396 0.3366666666666667 0.374 0.3366666666666667 0.374 0.374 0.396 0.374
8 0.3985 0.3293333333333334 0.3825 0.3293333333333334 0.3825 0.3466666666666667 0.3985 0.3466666666666667
11 0.21850000000000006 0.38666666666666666 0.17100000000000007 0.38666666666666666 0.17100000000000007 0.5113333333333333 0.21850000000000006 0.5113333333333333
7 0.25500000000000006 0.418 0.23100000000000007 0.418 0.23100000000000007 0.44133333333333336 0.25500000000000006 0.44133333333333336
7 0.255 0.2966666666666667 0.229 0.2966666666666667 0.22900000000000004 0.328 0.25500000000000006 0.32800000000000007
7 0.3165 0.19000000000000009 0.297 0.19000000000000009 0.297 0.22466666666666674 0.3165 0.22466666666666674
7 0.3265 0.17866666666666675 0.308 0.17866666666666675 0.308 0.2133333333333334 0.3265 0.2133333333333334
7 0.337 0.1833333333333334 0.3195 0.1833333333333334 0.3195 0.22000000000000008 0.337 0.22000000000000008
11 0.456 0.04200000000000007 0.392 0.042000000000000065 0.392 0.1513333333333334 0.456 0.1513333333333334
7 0.435 6.955993819156967e-17 0.417 6.809036203259284e-17 0.417 0.0393333333333334 0.435 0.0393333333333334
7 0.1705 0.19866666666666666 0.1425 0.19866666666666666 0.1425 0.23333333333333334 0.1705 0.23333333333333334
5 0.12300000000000003 0.3 0.09550000000000003 0.3 0.09550000000000003 0.3466666666666667 0.12300000000000003 0.3466666666666667
7 0.1505 0.036000000000000025 0.123 0.03600000000000002 0.123 0.07266666666666668 0.1505 0.07266666666666668
1 0.107 0.03666666666666668 0.084 0.036666666666666674 0.084 0.07666666666666669 0.107 0.07666666666666669
7 0.138 2.0574066225675535e-17 0.114 1.8614631347039768e-17 0.114 0.032666666666666684 0.138 0.032666666666666684
8 0.0965 0.06400000000000002 0.074 0.06400000000000002 0.074 0.08333333333333336 0.0965 0.08333333333333336
8 0.084 0.042666666666666686 0.0635 0.042666666666666686 0.0635 0.06000000000000002 0.084 0.06000000000000002