3 0.6842857142857143 0.361904761904762 0.6271428571428571 0.361904761904762 0.6271428571428571 0.49047619047619057 0.6842857142857143 0.4904761904761907
3 0.7364285714285714 0.1723809523809525 0.6714285714285714 0.1723809523809525 0.6714285714285714 0.31904761904761914 0.7364285714285714 0.31904761904761914
10 0.8442857142857143 0.041904761904762035 0.7578571428571429 0.04190476190476203 0.7578571428571429 0.23238095238095252 0.8442857142857143 0.23238095238095255
11 0.45071428571428573 0.054285714285714354 0.40714285714285714 0.054285714285714354 0.40714285714285714 0.15619047619047624 0.45071428571428573 0.15619047619047624
3 0.43642857142857144 0.5476190476190477 0.3450000000000001 0.5476190476190477 0.3450000000000001 0.599047619047619 0.43642857142857144 0.599047619047619
3 0.4007142857142857 0.6409523809523809 0.30857142857142866 0.6409523809523809 0.30857142857142866 0.7028571428571428 0.4007142857142857 0.7028571428571428
3 0.38285714285714284 0.7228571428571429 0.28642857142857153 0.7228571428571429 0.28642857142857153 0.7723809523809524 0.38285714285714284 0.7723809523809524
3 0.33214285714285724 0.8057142857142857 0.24785714285714294 0.8057142857142857 0.24785714285714294 0.8866666666666667 0.33214285714285724 0.8866666666666667
3 0.30285714285714294 0.8771428571428571 0.2164285714285715 0.8771428571428571 0.2164285714285715 0.9504761904761905 0.30285714285714294 0.9504761904761905
3 0.9142857142857143 0.6209523809523811 0.8228571428571428 0.6209523809523811 0.8228571428571428 0.6923809523809527 0.9142857142857143 0.6923809523809527
3 0.9028571428571428 0.682857142857143 0.8071428571428572 0.682857142857143 0.8071428571428572 0.7561904761904764 0.9028571428571428 0.7561904761904764
3 0.8857142857142857 0.7428571428571431 0.7907142857142857 0.7428571428571431 0.7907142857142857 0.8180952380952383 0.8857142857142857 0.8180952380952383
3 0.87 0.8076190476190478 0.7807142857142857 0.8076190476190478 0.7807142857142857 0.8866666666666669 0.87 0.8866666666666669
3 0.835 0.9180952380952383 0.7507142857142857 0.9180952380952383 0.7507142857142857 0.9942857142857143 0.835 0.9942857142857143
3 0.8585714285714285 0.8609523809523811 0.7578571428571429 0.8609523809523811 0.7578571428571429 0.9419047619047621 0.8585714285714285 0.9419047619047621
3 1 0.7600000000000002 0.9592857142857143 0.7600000000000002 0.9592857142857143 0.8895238095238097 1 0.8895238095238097
3 0.94 0.5485714285714288 0.8428571428571429 0.5485714285714288 0.8428571428571429 0.624761904761905 0.94 0.624761904761905
11 0.9592857142857143 0.4809523809523811 0.8628571428571429 0.4809523809523811 0.8628571428571429 0.5609523809523812 0.9592857142857143 0.5609523809523812
3 0.9907142857142858 0.35523809523809535 0.8914285714285715 0.35523809523809535 0.8914285714285715 0.41428571428571437 0.9907142857142858 0.41428571428571437
11 1 0.29619047619047634 0.9092857142857143 0.2961904761904763 0.9092857142857143 0.36285714285714304 1 0.3628571428571431
3 1 0.2352380952380954 0.9214285714285714 0.2352380952380954 0.9214285714285714 0.31523809523809543 1 0.31523809523809543
3 1 0.16666666666666682 0.94 0.16666666666666682 0.94 0.24571428571428588 1 0.24571428571428594
7 0.3414285714285714 0.07809523809523815 0.3264285714285714 0.07809523809523815 0.3264285714285714 0.11142857142857149 0.3414285714285714 0.11142857142857149
7 0.335 0.18666666666666673 0.32142857142857145 0.18666666666666673 0.32142857142857145 0.20761904761904768 0.335 0.20761904761904768
7 0.4 0.19333333333333338 0.3871428571428571 0.19333333333333338 0.3871428571428571 0.2114285714285715 0.4 0.2114285714285715
7 0.4085714285714286 0.11333333333333338 0.39357142857142857 0.11333333333333338 0.39357142857142857 0.12666666666666673 0.4085714285714286 0.12666666666666673
5 0.2907142857142857 0.05238095238095243 0.27 0.052380952380952424 0.27 0.10000000000000006 0.2907142857142857 0.10000000000000006
7 0.2764285714285714 0.0447619047619048 0.25285714285714284 0.0447619047619048 0.25285714285714284 0.07142857142857148 0.2764285714285714 0.07142857142857148
1 0.28714285714285714 0.01904761904761909 0.255 0.019047619047619088 0.255 0.0447619047619048 0.28714285714285714 0.0447619047619048
1 0.27714285714285714 0.2114285714285715 0.24857142857142858 0.2114285714285715 0.24857142857142858 0.2390476190476191 0.27714285714285714 0.2390476190476191
4 0.3142857142857143 0.18666666666666673 0.29214285714285715 0.18666666666666673 0.29214285714285715 0.22571428571428576 0.3142857142857143 0.22571428571428576
4 0.28 0.1514285714285715 0.235 0.1514285714285715 0.235 0.2047619047619048 0.28 0.2047619047619048
1 0.2885714285714286 0.35714285714285715 0.2664285714285714 0.35714285714285715 0.2664285714285714 0.36857142857142855 0.2885714285714286 0.36857142857142855
1 0.2642857142857143 0.4066666666666667 0.23214285714285715 0.4066666666666667 0.23214285714285715 0.4276190476190476 0.2642857142857143 0.4276190476190476
1 0.26357142857142857 0.38571428571428573 0.23642857142857143 0.38571428571428573 0.23642857142857143 0.3961904761904762 0.26357142857142857 0.3961904761904762
1 0.25928571428571434 0.43142857142857144 0.23142857142857143 0.43142857142857144 0.23142857142857146 0.44666666666666666 0.25928571428571434 0.44666666666666666
5 0.36357142857142855 0.3952380952380953 0.33 0.3952380952380952 0.33 0.42476190476190484 0.36357142857142855 0.4247619047619049
5 0.3678571428571429 0.4761904761904762 0.3307142857142858 0.47619047619047616 0.3307142857142858 0.4961904761904762 0.3678571428571429 0.4961904761904762
5 0.37214285714285716 0.4980952380952381 0.33714285714285724 0.4980952380952381 0.33714285714285724 0.5266666666666666 0.37214285714285716 0.5266666666666666
5 0.4542857142857143 0.42952380952380964 0.41928571428571426 0.42952380952380964 0.41928571428571426 0.4485714285714287 0.4542857142857143 0.4485714285714287
1 0.42428571428571427 0.43904761904761913 0.39785714285714285 0.43904761904761913 0.39785714285714285 0.46000000000000013 0.42428571428571427 0.46000000000000013
1 0.39357142857142857 0.4361904761904763 0.3692857142857143 0.4361904761904763 0.3692857142857143 0.4666666666666668 0.39357142857142857 0.4666666666666668
9 0.3564285714285715 0.4190476190476191 0.3107142857142857 0.41904761904761906 0.3107142857142858 0.4466666666666667 0.3564285714285715 0.44666666666666677
7 0.34857142857142864 0.4438095238095239 0.33000000000000007 0.4438095238095238 0.33000000000000007 0.4571428571428572 0.34857142857142864 0.45714285714285724
7 0.2950000000000001 0.5066666666666667 0.27857142857142864 0.5066666666666667 0.27857142857142864 0.5276190476190477 0.2950000000000001 0.5276190476190477
7 0.2764285714285715 0.6190476190476191 0.25928571428571434 0.6190476190476191 0.25928571428571434 0.6342857142857142 0.2764285714285715 0.6342857142857142
7 0.22357142857142864 0.7514285714285714 0.20428571428571438 0.7514285714285714 0.20428571428571438 0.7790476190476191 0.22357142857142864 0.7790476190476191
7 0.24357142857142866 0.6657142857142857 0.21928571428571436 0.6657142857142857 0.21928571428571436 0.6866666666666666 0.24357142857142866 0.6866666666666666
7 0.24285714285714294 0.6314285714285715 0.22285714285714295 0.6314285714285715 0.22285714285714295 0.6533333333333333 0.24285714285714294 0.6533333333333333
7 0.27428571428571435 0.5571428571428572 0.25928571428571434 0.5571428571428572 0.25928571428571434 0.5752380952380952 0.27428571428571435 0.5752380952380952
7 0.2614285714285715 0.6114285714285714 0.2457142857142858 0.6114285714285714 0.2457142857142858 0.6276190476190476 0.2614285714285715 0.6276190476190476
7 0.24000000000000007 0.5228571428571429 0.22357142857142864 0.5228571428571429 0.22357142857142864 0.54 0.24000000000000007 0.54
7 0.2464285714285715 0.5 0.22285714285714295 0.5 0.22285714285714295 0.5142857142857142 0.2464285714285715 0.5142857142857142
7 0.24285714285714294 0.4676190476190476 0.22714285714285723 0.4676190476190476 0.22714285714285723 0.4819047619047619 0.24285714285714294 0.4819047619047619
7 0.2464285714285715 0.44952380952380955 0.22857142857142865 0.44952380952380955 0.22857142857142865 0.4638095238095238 0.2464285714285715 0.4638095238095238
4 0.24785714285714294 0.5733333333333334 0.21357142857142866 0.5733333333333334 0.21357142857142866 0.6009523809523809 0.24785714285714294 0.6009523809523809
7 0.2300000000000001 0.6266666666666667 0.21000000000000008 0.6266666666666667 0.21000000000000008 0.64 0.2300000000000001 0.64
7 0.23214285714285723 0.6123809523809524 0.21000000000000008 0.6123809523809524 0.21000000000000008 0.6247619047619047 0.23214285714285723 0.6247619047619047
4 0.2828571428571429 0.7438095238095238 0.23500000000000007 0.7438095238095238 0.23500000000000007 0.7828571428571428 0.2828571428571429 0.7828571428571428
4 0.2750000000000001 0.6961904761904761 0.24500000000000008 0.6961904761904761 0.24500000000000008 0.7352380952380952 0.2750000000000001 0.7352380952380952
4 0.23857142857142866 0.7876190476190477 0.14785714285714294 0.7876190476190477 0.14785714285714294 0.9238095238095239 0.23857142857142866 0.9238095238095239
8 0.18857142857142864 0.9428571428571428 0.17285714285714293 0.9428571428571428 0.17285714285714293 0.96 0.18857142857142864 0.96
1 0.19428571428571437 0.9314285714285714 0.18000000000000008 0.9314285714285714 0.18000000000000008 0.9638095238095238 0.19428571428571437 0.9638095238095238
4 0.6642857142857145 0.8914285714285716 0.6435714285714287 0.8914285714285715 0.6435714285714287 0.9314285714285715 0.6642857142857145 0.9314285714285716
8 0.57 0.5876190476190476 0.5557142857142857 0.5876190476190476 0.5557142857142857 0.6047619047619047 0.57 0.6047619047619047
3 0.7728571428571429 1.2258131294322554e-16 0.7285714285714285 1.189656890600286e-16 0.7285714285714285 0.04761904761904774 0.7728571428571429 0.04761904761904774