7 0.04142857142857149 0.6752380952380952 0.01642857142857149 0.6752380952380952 0.016428571428571494 0.7114285714285714 0.04142857142857149 0.7114285714285714
7 0.050714285714285774 0.6390476190476191 0.027142857142857205 0.6390476190476191 0.027142857142857205 0.6742857142857143 0.050714285714285774 0.6742857142857143
7 0.15142857142857147 0.5961904761904762 0.12857142857142861 0.5961904761904762 0.12857142857142861 0.6295238095238095 0.15142857142857147 0.6295238095238095
7 0.24857142857142867 0.5428571428571428 0.2371428571428572 0.5428571428571428 0.2371428571428572 0.5704761904761905 0.24857142857142867 0.5704761904761905
7 0.2464285714285715 0.5352380952380953 0.2357142857142858 0.5352380952380953 0.2357142857142858 0.5657142857142857 0.2464285714285715 0.5657142857142857
7 0.12214285714285718 0.5485714285714286 0.10428571428571433 0.5485714285714286 0.10428571428571433 0.5847619047619048 0.12214285714285718 0.5847619047619048
7 0.11285714285714289 0.5752380952380952 0.09714285714285718 0.5752380952380952 0.09714285714285718 0.6019047619047619 0.11285714285714289 0.6019047619047619
7 0.09428571428571432 0.5704761904761905 0.07357142857142863 0.5704761904761905 0.07357142857142863 0.6057142857142858 0.09428571428571432 0.6057142857142858
7 0.033571428571428634 0.64 0.012857142857142918 0.64 0.012857142857142918 0.6733333333333333 0.033571428571428634 0.6733333333333333
7 0.03000000000000006 0.66 0.010714285714285775 0.66 0.010714285714285777 0.700952380952381 0.03000000000000006 0.700952380952381
7 0.02071428571428578 0.6561904761904762 0.005714285714285775 0.6561904761904762 0.005714285714285777 0.6933333333333334 0.02071428571428578 0.6933333333333334
10 0.3578571428571429 0.4295238095238096 0.17000000000000004 0.42952380952380953 0.17000000000000004 0.559047619047619 0.35785714285714293 0.559047619047619
7 0.3350000000000001 0.48380952380952386 0.32428571428571434 0.4838095238095238 0.32428571428571434 0.5152380952380953 0.3350000000000001 0.5152380952380953
7 0.35857142857142865 0.4780952380952382 0.34642857142857153 0.4780952380952382 0.34642857142857153 0.5066666666666667 0.35857142857142865 0.5066666666666667
7 0.35428571428571437 0.47142857142857153 0.3428571428571429 0.47142857142857153 0.3428571428571429 0.5009523809523809 0.35428571428571437 0.5009523809523809
7 0.37714285714285717 0.4723809523809525 0.36285714285714293 0.4723809523809525 0.36285714285714293 0.5 0.37714285714285717 0.5
7 0.37714285714285717 0.46000000000000013 0.36357142857142866 0.46000000000000013 0.36357142857142866 0.49238095238095236 0.37714285714285717 0.49238095238095236
7 0.058571428571428615 0.38476190476190475 0.0478571428571429 0.38476190476190475 0.0478571428571429 0.4066666666666667 0.058571428571428615 0.4066666666666667
7 0.06428571428571432 0.3819047619047619 0.05357142857142861 0.3819047619047619 0.05357142857142861 0.4057142857142857 0.06428571428571432 0.4057142857142857
7 0.07857142857142861 0.38952380952380955 0.06714285714285718 0.38952380952380955 0.06714285714285718 0.41333333333333333 0.07857142857142861 0.41333333333333333
7 0.09071428571428576 0.38666666666666666 0.0778571428571429 0.38666666666666666 0.0778571428571429 0.4114285714285714 0.09071428571428576 0.4114285714285714
7 0.0928571428571429 0.38476190476190475 0.08142857142857148 0.38476190476190475 0.08142857142857148 0.4085714285714286 0.0928571428571429 0.4085714285714286
7 0.1278571428571429 0.3780952380952381 0.11714285714285719 0.3780952380952381 0.11714285714285719 0.40095238095238095 0.1278571428571429 0.40095238095238095
7 0.14000000000000004 0.3742857142857143 0.12928571428571434 0.3742857142857143 0.12928571428571434 0.39714285714285713 0.14000000000000004 0.39714285714285713
7 0.14428571428571432 0.4342857142857143 0.1328571428571429 0.4342857142857143 0.1328571428571429 0.45904761904761904 0.14428571428571432 0.45904761904761904
7 0.15071428571428575 0.43047619047619046 0.14071428571428576 0.43047619047619046 0.14071428571428576 0.45714285714285713 0.15071428571428575 0.45714285714285713
7 0.15500000000000005 0.40190476190476193 0.14428571428571432 0.40190476190476193 0.14428571428571432 0.4257142857142857 0.15500000000000005 0.4257142857142857
7 0.1728571428571429 0.42857142857142855 0.16214285714285717 0.42857142857142855 0.16214285714285717 0.4504761904761905 0.1728571428571429 0.4504761904761905
7 0.1821428571428572 0.4228571428571429 0.16928571428571432 0.4228571428571429 0.16928571428571432 0.44571428571428573 0.1821428571428572 0.44571428571428573
7 0.19214285714285717 0.4238095238095238 0.1821428571428572 0.4238095238095238 0.1821428571428572 0.44952380952380955 0.19214285714285723 0.44952380952380955
7 0.2 0.4123809523809524 0.18785714285714286 0.4123809523809524 0.18785714285714286 0.44 0.2 0.44
7 0.21142857142857147 0.42 0.19785714285714287 0.42 0.1978571428571429 0.44571428571428573 0.21142857142857152 0.44571428571428573
7 0.2128571428571429 0.41619047619047617 0.20285714285714285 0.41619047619047617 0.2028571428571429 0.44285714285714284 0.21285714285714294 0.44285714285714284
7 0.23000000000000004 0.43333333333333335 0.21214285714285713 0.43333333333333335 0.2121428571428572 0.4580952380952381 0.2300000000000001 0.4580952380952381
7 0.2378571428571429 0.4276190476190476 0.22642857142857142 0.4276190476190476 0.22642857142857148 0.4533333333333333 0.23785714285714293 0.4533333333333333
7 0.24500000000000005 0.42095238095238097 0.2357142857142857 0.42095238095238097 0.23571428571428577 0.44666666666666666 0.24500000000000008 0.44666666666666666
7 0.2535714285714286 0.44095238095238093 0.245 0.44095238095238093 0.24500000000000005 0.4704761904761905 0.25357142857142867 0.4704761904761905
7 0.25928571428571434 0.43523809523809526 0.25 0.43523809523809526 0.25000000000000006 0.45714285714285713 0.25928571428571434 0.45714285714285713
7 0.265 0.43047619047619046 0.25642857142857145 0.43047619047619046 0.25642857142857145 0.4580952380952381 0.26500000000000007 0.4580952380952381
7 0.25285714285714284 0.4142857142857143 0.24214285714285713 0.4142857142857143 0.24214285714285713 0.439047619047619 0.25285714285714284 0.439047619047619
7 0.024285714285714306 0.16952380952380952 0.018571428571428586 0.16952380952380952 0.018571428571428586 0.18095238095238095 0.024285714285714306 0.18095238095238095
7 0.36642857142857144 0.42952380952380964 0.3585714285714286 0.42952380952380964 0.3585714285714286 0.45523809523809533 0.36642857142857144 0.45523809523809533
7 0.37 0.42666666666666675 0.3607142857142857 0.42666666666666675 0.36071428571428577 0.4504761904761906 0.37 0.4504761904761906
7 0.39785714285714285 0.4647619047619049 0.39 0.4647619047619049 0.39 0.49047619047619045 0.39785714285714285 0.49047619047619045
7 0.3921428571428571 0.4533333333333334 0.385 0.4533333333333334 0.385 0.4742857142857144 0.3921428571428571 0.4742857142857144
7 0.39714285714285713 0.44285714285714295 0.39 0.44285714285714295 0.39 0.4704761904761906 0.39714285714285713 0.4704761904761906
7 0.40214285714285714 0.46190476190476204 0.3942857142857143 0.46190476190476204 0.3942857142857143 0.4876190476190476 0.40214285714285714 0.4876190476190476
7 0.41285714285714287 0.4704761904761906 0.4042857142857143 0.4704761904761906 0.4042857142857143 0.49238095238095236 0.41285714285714287 0.49238095238095236
7 0.4278571428571429 0.47714285714285726 0.42 0.47714285714285726 0.42 0.5066666666666667 0.4278571428571429 0.5066666666666667
7 0.4357142857142857 0.47523809523809535 0.4278571428571429 0.47523809523809535 0.4278571428571429 0.5066666666666667 0.4357142857142857 0.5066666666666667
7 0.4407142857142857 0.4723809523809525 0.43357142857142855 0.4723809523809525 0.43357142857142855 0.5 0.4407142857142857 0.5
7 0.45 0.4676190476190477 0.4421428571428571 0.4676190476190477 0.4421428571428571 0.4990476190476191 0.45 0.4990476190476191
7 0.4442857142857143 0.49047619047619045 0.4328571428571429 0.49047619047619045 0.4328571428571429 0.52 0.4442857142857143 0.52
7 0.455 0.4942857142857143 0.445 0.4942857142857143 0.445 0.5257142857142857 0.455 0.5257142857142857
7 0.4635714285714286 0.49238095238095236 0.4542857142857143 0.49238095238095236 0.4542857142857143 0.520952380952381 0.4635714285714286 0.520952380952381
7 0.4857142857142857 0.5161904761904762 0.4757142857142857 0.5161904761904762 0.4757142857142857 0.5523809523809524 0.4857142857142857 0.5523809523809524
7 0.515 0.52 0.5014285714285714 0.52 0.5014285714285714 0.5533333333333333 0.515 0.5533333333333333
7 0.5507142857142857 0.5580952380952381 0.5371428571428571 0.5580952380952381 0.5371428571428571 0.5952380952380952 0.5507142857142857 0.5952380952380952
7 0.56 0.5466666666666666 0.5478571428571428 0.5466666666666666 0.5478571428571428 0.5828571428571429 0.56 0.5828571428571429
7 0.4764285714285714 0.4961904761904762 0.4664285714285714 0.4961904761904762 0.4664285714285714 0.5314285714285715 0.4764285714285714 0.5314285714285715
7 0.4742857142857143 0.48666666666666675 0.4657142857142857 0.48666666666666675 0.4657142857142857 0.5171428571428571 0.4742857142857143 0.5171428571428571
7 0.48428571428571426 0.4942857142857143 0.4742857142857143 0.4942857142857143 0.4742857142857143 0.5247619047619048 0.48428571428571426 0.5247619047619048
7 0.4957142857142857 0.4990476190476191 0.48714285714285716 0.4990476190476191 0.48714285714285716 0.5257142857142857 0.4957142857142857 0.5257142857142857
7 0.495 0.5114285714285715 0.48428571428571426 0.5114285714285715 0.48428571428571426 0.5466666666666666 0.495 0.5466666666666666
7 0.5042857142857143 0.49047619047619045 0.49357142857142855 0.49047619047619045 0.49357142857142855 0.5247619047619048 0.5042857142857143 0.5247619047619048
7 0.49357142857142855 0.482857142857143 0.4835714285714286 0.482857142857143 0.4835714285714286 0.5152380952380953 0.49357142857142855 0.5152380952380953
7 0.4542857142857143 0.47714285714285726 0.44642857142857145 0.47714285714285726 0.44642857142857145 0.5028571428571429 0.4542857142857143 0.5028571428571429
7 0.5192857142857142 0.5142857142857142 0.5114285714285715 0.5142857142857142 0.5114285714285715 0.5466666666666666 0.5192857142857142 0.5466666666666666
7 0.5428571428571428 0.540952380952381 0.5335714285714286 0.540952380952381 0.5335714285714286 0.5733333333333334 0.5428571428571428 0.5733333333333334
7 0.5414285714285715 0.5323809523809524 0.5328571428571428 0.5323809523809524 0.5328571428571428 0.5628571428571428 0.5414285714285715 0.5628571428571428
7 0.5464285714285714 0.5238095238095238 0.5378571428571428 0.5238095238095238 0.5378571428571428 0.5561904761904762 0.5464285714285714 0.5561904761904762
7 0.5492857142857143 0.52 0.5421428571428571 0.52 0.5421428571428571 0.5485714285714286 0.5492857142857143 0.5485714285714286
7 0.5842857142857143 0.5580952380952381 0.5707142857142857 0.5580952380952381 0.5707142857142857 0.5952380952380952 0.5842857142857143 0.5952380952380952
7 0.59 0.5523809523809524 0.5821428571428572 0.5523809523809524 0.5821428571428572 0.5895238095238096 0.59 0.5895238095238096
7 0.5857142857142857 0.5447619047619048 0.5778571428571428 0.5447619047619048 0.5778571428571428 0.5733333333333334 0.5857142857142857 0.5733333333333334
7 0.5928571428571429 0.5428571428571428 0.5842857142857143 0.5428571428571428 0.5842857142857143 0.5742857142857143 0.5928571428571429 0.5742857142857143
7 0.6164285714285714 0.56 0.6078571428571429 0.56 0.6078571428571429 0.5971428571428572 0.6164285714285714 0.5971428571428572
7 0.625 0.559047619047619 0.6164285714285714 0.559047619047619 0.6164285714285714 0.5923809523809523 0.625 0.5923809523809523
7 0.6257142857142857 0.5542857142857143 0.6185714285714285 0.5542857142857143 0.6185714285714285 0.5876190476190476 0.6257142857142857 0.5876190476190476
7 0.605 0.6038095238095238 0.595 0.6038095238095238 0.595 0.64 0.605 0.64
7 0.615 0.6038095238095238 0.605 0.6038095238095238 0.605 0.6390476190476191 0.615 0.6390476190476191
7 0.6257142857142857 0.6228571428571429 0.6121428571428571 0.6228571428571429 0.6121428571428571 0.6657142857142857 0.6257142857142857 0.6657142857142857
7 0.6428571428571429 0.6019047619047619 0.63 0.6019047619047619 0.63 0.6390476190476191 0.6428571428571429 0.6390476190476191
7 0.5985714285714285 0.6733333333333333 0.585 0.6733333333333333 0.585 0.7076190476190476 0.5985714285714285 0.7076190476190476
7 0.61 0.66 0.5978571428571429 0.66 0.5978571428571429 0.6980952380952381 0.61 0.6980952380952381
7 0.6514285714285715 0.5980952380952381 0.6414285714285715 0.5980952380952381 0.6414285714285715 0.6352380952380953 0.6514285714285715 0.6352380952380953
7 0.6771428571428572 0.6114285714285715 0.6614285714285715 0.6114285714285714 0.6614285714285715 0.6485714285714287 0.6771428571428572 0.6485714285714288
7 0.6828571428571428 0.604761904761905 0.6692857142857143 0.604761904761905 0.6692857142857143 0.6409523809523812 0.6828571428571428 0.6409523809523812
7 0.675 0.5876190476190478 0.665 0.5876190476190478 0.665 0.6209523809523811 0.675 0.6209523809523811
7 0.6857142857142857 0.583809523809524 0.6735714285714286 0.583809523809524 0.6735714285714286 0.6171428571428573 0.6857142857142857 0.6171428571428573
7 0.6392857142857142 0.6847619047619048 0.6221428571428571 0.6847619047619048 0.6221428571428571 0.7295238095238096 0.6392857142857142 0.7295238095238096
7 0.65 0.6704761904761904 0.6285714285714286 0.6704761904761904 0.6285714285714286 0.7028571428571428 0.65 0.7028571428571428
7 0.6514285714285715 0.6666666666666666 0.6421428571428571 0.6666666666666666 0.6421428571428571 0.6952380952380952 0.6514285714285715 0.6952380952380952
7 0.6578571428571428 0.7123809523809523 0.6421428571428571 0.7123809523809523 0.6421428571428571 0.7552380952380953 0.6578571428571428 0.7552380952380953
7 0.6642857142857143 0.7066666666666668 0.6492857142857142 0.7066666666666667 0.6492857142857142 0.7495238095238096 0.6642857142857143 0.7495238095238097
7 0.6721428571428572 0.6971428571428573 0.6564285714285715 0.6971428571428572 0.6564285714285715 0.7400000000000001 0.6721428571428572 0.7400000000000002
7 0.7214285714285714 0.6885714285714288 0.7071428571428572 0.6885714285714288 0.7071428571428572 0.7276190476190478 0.7214285714285714 0.7276190476190478
7 0.725 0.6895238095238098 0.7121428571428572 0.6895238095238098 0.7121428571428572 0.7219047619047622 0.725 0.7219047619047622
7 0.7285714285714285 0.6704761904761907 0.7135714285714285 0.6704761904761907 0.7135714285714285 0.7095238095238098 0.7285714285714285 0.7095238095238098
7 0.5692857142857143 0.3523809523809525 0.5621428571428572 0.3523809523809525 0.5621428571428572 0.3761904761904763 0.5692857142857143 0.3761904761904763
7 0.675 0.32285714285714295 0.6671428571428571 0.32285714285714295 0.6671428571428571 0.3447619047619049 0.675 0.3447619047619049
7 0.6892857142857143 0.31904761904761914 0.6842857142857143 0.31904761904761914 0.6842857142857143 0.33904761904761915 0.6892857142857143 0.33904761904761915
7 0.715 0.4085714285714287 0.7064285714285714 0.4085714285714287 0.7064285714285714 0.4323809523809525 0.715 0.4323809523809525
7 0.7471428571428571 0.5219047619047621 0.7342857142857143 0.5219047619047621 0.7342857142857143 0.5514285714285716 0.7471428571428571 0.5514285714285716
7 0.8 0.784761904761905 0.7821428571428571 0.784761904761905 0.7821428571428571 0.8333333333333336 0.8 0.8333333333333336
7 0.8135714285714286 0.743809523809524 0.7878571428571428 0.743809523809524 0.7878571428571428 0.7819047619047621 0.8135714285714286 0.7819047619047621
7 0.8378571428571429 0.7961904761904764 0.8142857142857143 0.7961904761904764 0.8142857142857143 0.8342857142857145 0.8378571428571429 0.8342857142857145
7 0.8464285714285714 0.7685714285714288 0.83 0.7685714285714288 0.83 0.802857142857143 0.8464285714285714 0.802857142857143
7 0.8085714285714286 0.8695238095238097 0.7885714285714286 0.8695238095238097 0.7885714285714286 0.9142857142857145 0.8085714285714286 0.9142857142857145
7 0.8157142857142857 0.863809523809524 0.7985714285714286 0.863809523809524 0.7985714285714286 0.904761904761905 0.8157142857142857 0.904761904761905
7 0.895 0.8019047619047621 0.8678571428571429 0.8019047619047621 0.8678571428571429 0.8466666666666669 0.895 0.8466666666666669
7 0.9064285714285715 0.963809523809524 0.8742857142857143 0.963809523809524 0.8742857142857143 1 0.9064285714285715 1
7 0.9042857142857142 0.9295238095238098 0.8757142857142857 0.9295238095238098 0.8757142857142857 0.9704761904761907 0.9042857142857142 0.9704761904761907
7 0.9257142857142857 0.9000000000000002 0.8957142857142857 0.9000000000000002 0.8957142857142857 0.9400000000000002 0.9257142857142857 0.9400000000000002
7 0.9685714285714285 0.9285714285714288 0.9321428571428572 0.9285714285714288 0.9321428571428572 0.9857142857142858 0.9685714285714285 0.9857142857142858
7 0.9821428571428571 0.9152380952380954 0.965 0.9152380952380954 0.965 0.9666666666666669 0.9821428571428571 0.9666666666666669
8 0.9428571428571428 0.664761904761905 0.9185714285714286 0.664761904761905 0.9185714285714286 0.6952380952380954 0.9428571428571428 0.6952380952380954
5 0.9464285714285714 0.664761904761905 0.9192857142857143 0.664761904761905 0.9192857142857143 0.7066666666666669 0.9464285714285714 0.7066666666666669