8 0.45720250521920675 0.8413729128014842 0.44572025052192066 0.8413729128014842 0.4457202505219207 0.8896103896103896 0.4572025052192068 0.8896103896103896
8 0.5422755741127349 0.8256029684601115 0.534446764091858 0.8256029684601115 0.534446764091858 0.8487940630797776 0.5422755741127349 0.8487940630797776
8 0.5433194154488518 0.8153988868274584 0.534446764091858 0.8153988868274584 0.534446764091858 0.8506493506493509 0.5433194154488518 0.8506493506493509
8 0.5276617954070981 0.7643784786641932 0.5187891440501043 0.7643784786641932 0.5187891440501043 0.7922077922077925 0.5276617954070981 0.7922077922077925
8 0.5255741127348643 0.7606679035250465 0.5187891440501043 0.7606679035250465 0.5187891440501043 0.7912801484230058 0.5255741127348643 0.7912801484230058
5 0.528705636743215 0.7671614100185531 0.5182672233820459 0.7671614100185531 0.5182672233820459 0.8061224489795921 0.528705636743215 0.8061224489795921
5 0.5448851774530271 0.8191094619666051 0.5334029227557411 0.8191094619666051 0.5334029227557412 0.8627087198515772 0.5448851774530271 0.8627087198515772
9 0.45981210855949894 0.6901669758812616 0.4144050104384134 0.6901669758812616 0.4144050104384134 0.7328385899814471 0.45981210855949894 0.7328385899814471
0 0.46346555323590816 0.647495361781076 0.44258872651356995 0.647495361781076 0.44258872651356995 0.7003710575139147 0.46346555323590816 0.7003710575139147
0 0.4561586638830898 0.5760667903525046 0.42693110647181626 0.5760667903525046 0.42693110647181626 0.6168831168831169 0.4561586638830898 0.6168831168831169
5 0.4519832985386221 0.5296846011131725 0.4352818371607516 0.5296846011131725 0.4352818371607516 0.5556586270871985 0.4519832985386221 0.5556586270871985
8 0.4681628392484342 0.48608534322820035 0.4618997912317328 0.48608534322820035 0.4618997912317328 0.5102040816326531 0.4681628392484342 0.5102040816326531
5 0.4702505219206681 0.4897959183673469 0.45981210855949894 0.4897959183673469 0.45981210855949894 0.512987012987013 0.4702505219206681 0.512987012987013
5 0.4451983298538622 0.4294990723562153 0.4337160751565762 0.4294990723562153 0.4337160751565762 0.4452690166975882 0.4451983298538622 0.4452690166975882
5 0.45041753653444677 0.4165120593692023 0.43893528183716074 0.4165120593692023 0.43893528183716074 0.43506493506493515 0.45041753653444677 0.43506493506493515
5 0.44154488517745305 0.41465677179962906 0.4290187891440501 0.41465677179962906 0.4290187891440501 0.4313543599257886 0.44154488517745305 0.4313543599257886
5 0.4321503131524008 0.4137291280148424 0.418580375782881 0.4137291280148424 0.418580375782881 0.430426716141002 0.4321503131524008 0.430426716141002
9 0.453027139874739 0.3877551020408164 0.43058455114822547 0.3877551020408164 0.43058455114822547 0.41187384044526915 0.453027139874739 0.41187384044526915
5 0.4462421711899791 0.3756957328385901 0.43475991649269313 0.3756957328385901 0.43475991649269313 0.3886827458256031 0.4462421711899791 0.3886827458256031
9 0.44572025052192066 0.3664192949907237 0.4264091858037578 0.3664192949907237 0.4264091858037578 0.38404452690166985 0.44572025052192066 0.38404452690166985
11 0.4535490605427975 0.3376623376623378 0.42588726513569936 0.3376623376623378 0.42588726513569936 0.36456400742115036 0.4535490605427975 0.36456400742115036
9 0.44363256784968685 0.3228200371057515 0.4321503131524008 0.3228200371057515 0.4321503131524008 0.33858998144712443 0.44363256784968685 0.33858998144712443
8 0.4405010438413361 0.3246753246753248 0.4352818371607516 0.3246753246753248 0.4352818371607516 0.33487940630797786 0.4405010438413361 0.33487940630797786
5 0.4514613778705637 0.28385899814471255 0.4410229645093946 0.28385899814471255 0.4410229645093946 0.2959183673469389 0.4514613778705637 0.2959183673469389
6 0.4890396659707724 0.2588126159554732 0.4514613778705637 0.2588126159554732 0.4514613778705637 0.2949907235621522 0.4890396659707724 0.2949907235621522
5 0.4525052192066806 0.27087198515769956 0.4420668058455115 0.27087198515769956 0.4420668058455115 0.2829313543599259 0.4525052192066806 0.2829313543599259
5 0.45668058455114824 0.26808905380333964 0.4488517745302714 0.26808905380333964 0.4488517745302714 0.28200371057513923 0.45668058455114824 0.28200371057513923
0 0.4488517745302714 0.25324675324675333 0.43789144050104384 0.25324675324675333 0.43789144050104384 0.2736549165120595 0.4488517745302714 0.2736549165120595
9 0.4906054279749478 0.25139146567718007 0.48329853862212946 0.25139146567718007 0.48329853862212946 0.267161410018553 0.4906054279749478 0.267161410018553
5 0.4869519832985386 0.24211502782931366 0.477035490605428 0.24211502782931366 0.477035490605428 0.25324675324675333 0.4869519832985386 0.25324675324675333
8 0.5250521920668059 0.25510204081632665 0.5198329853862212 0.25510204081632665 0.5198329853862212 0.26808905380333964 0.5250521920668059 0.26808905380333964
6 0.5323590814196242 0.25324675324675333 0.5182672233820459 0.25324675324675333 0.5182672233820459 0.2875695732838591 0.5323590814196242 0.2875695732838591
8 0.5318371607515657 0.30333951762523204 0.5281837160751566 0.30333951762523204 0.5281837160751566 0.3144712430426717 0.5318371607515657 0.3144712430426717
6 0.5375782881002088 0.3024118738404454 0.5276617954070981 0.3024118738404454 0.5276617954070981 0.3302411873840446 0.5375782881002088 0.3302411873840446
3 0.5756784968684759 0.36085343228200384 0.5579331941544885 0.36085343228200384 0.5579331941544885 0.3942486085343229 0.5756784968684759 0.3942486085343229
5 0.6132567849686847 0.4109461966604825 0.598643006263048 0.4109461966604825 0.598643006263048 0.43692022263450847 0.6132567849686847 0.43692022263450847
7 0.6623173277661796 0.45640074211502796 0.6555323590814196 0.45640074211502796 0.6555323590814196 0.4795918367346941 0.6623173277661796 0.4795918367346941
7 0.6550104384133612 0.4294990723562153 0.6487473903966597 0.4294990723562153 0.6487473903966597 0.45640074211502796 0.6550104384133612 0.45640074211502796
8 0.6372651356993737 0.4378478664192951 0.6294363256784968 0.4378478664192951 0.6294363256784968 0.45732838589981456 0.6372651356993737 0.45732838589981456
5 0.656054279749478 0.49628942486085365 0.6424843423799582 0.49628942486085365 0.6424843423799582 0.5296846011131727 0.656054279749478 0.5296846011131727
3 0.6283924843423799 0.47402597402597413 0.6017745302713987 0.47402597402597413 0.6017745302713987 0.5166975881261597 0.6283924843423799 0.5166975881261597
11 0.6122129436325678 0.5064935064935067 0.5866388308977035 0.5064935064935067 0.5866388308977035 0.5547309833024121 0.6122129436325678 0.5547309833024121
9 0.5819415448851775 0.48979591836734715 0.5704592901878914 0.48979591836734715 0.5704592901878914 0.5324675324675326 0.5819415448851775 0.5324675324675326
6 0.6252609603340292 0.42578849721706874 0.5615866388308977 0.42578849721706874 0.5615866388308977 0.49257884972170707 0.6252609603340292 0.49257884972170707
5 0.6847599164926931 0.6372912801484232 0.6633611691022965 0.6372912801484232 0.6633611691022965 0.6651205936920225 0.6847599164926931 0.6651205936920225
5 0.6884133611691023 0.6567717996289427 0.6774530271398748 0.6567717996289427 0.6774530271398748 0.6901669758812619 0.6884133611691023 0.6901669758812619
5 0.7082463465553236 0.6623376623376626 0.69258872651357 0.6623376623376626 0.69258872651357 0.6892393320964751 0.7082463465553236 0.6892393320964751
9 0.7317327766179541 0.6595547309833026 0.7066805845511482 0.6595547309833026 0.7066805845511482 0.6864564007421152 0.7317327766179541 0.6864564007421152
3 0.7390396659707724 0.6808905380333954 0.6842379958246346 0.6808905380333954 0.6842379958246346 0.7402597402597405 0.7390396659707724 0.7402597402597405
0 0.7416492693110647 0.743970315398887 0.7072025052192067 0.743970315398887 0.7072025052192067 0.7977736549165123 0.7416492693110647 0.7977736549165123
0 0.47494780793319413 0.21335807050092775 0.4650313152400835 0.21335807050092775 0.4650313152400835 0.23376623376623387 0.47494780793319413 0.23376623376623387
0 0.49269311064718163 0.19202226345083498 0.48538622129436326 0.19202226345083498 0.48538622129436326 0.21057513914656784 0.49269311064718163 0.21057513914656784
3 0.5323590814196242 0.16883116883116894 0.5208768267223383 0.16883116883116894 0.5208768267223383 0.1901669758812617 0.5323590814196242 0.1901669758812617
11 0.4848643006263048 0.18181818181818193 0.4754697286012526 0.18181818181818193 0.4754697286012526 0.20315398886827468 0.4848643006263048 0.20315398886827468
3 0.47286012526096033 0.18645640074211514 0.4629436325678497 0.18645640074211514 0.4629436325678497 0.20500927643784797 0.47286012526096033 0.20500927643784797
0 0.4551148225469729 0.18645640074211514 0.43893528183716074 0.18645640074211514 0.43893528183716074 0.20500927643784797 0.4551148225469729 0.20500927643784797
7 0.45876826722338204 0.17625231910946207 0.4545929018789144 0.17625231910946207 0.4545929018789144 0.18738404452690177 0.45876826722338204 0.18738404452690177
7 0.453027139874739 0.1725417439703155 0.45041753653444677 0.1725417439703155 0.45041753653444677 0.18552875695732848 0.453027139874739 0.18552875695732848
7 0.45668058455114824 0.17346938775510215 0.4525052192066806 0.17346938775510215 0.4525052192066806 0.18552875695732848 0.45668058455114824 0.18552875695732848
0 0.4848643006263048 0.15862708719851587 0.4754697286012526 0.15862708719851587 0.4754697286012526 0.17717996289424873 0.4848643006263048 0.17717996289424873
0 0.4754697286012526 0.16883116883116894 0.46450939457202506 0.16883116883116894 0.46450939457202506 0.1836734693877552 0.4754697286012526 0.1836734693877552
4 0.4744258872651357 0.15398886827458266 0.4639874739039666 0.15398886827458266 0.4639874739039666 0.16975881261595557 0.4744258872651357 0.16975881261595557
9 0.46085594989561585 0.12059369202226355 0.44937369519832987 0.12059369202226355 0.44937369519832987 0.1326530612244899 0.46085594989561585 0.1326530612244899
0 0.494258872651357 0.10760667903525056 0.48851774530271397 0.10760667903525056 0.48851774530271397 0.12059369202226355 0.494258872651357 0.12059369202226355
9 0.5046972860125261 0.12708719851577005 0.5 0.12708719851577005 0.5 0.14100185528756967 0.5046972860125261 0.14100185528756967
8 0.5052192066805845 0.14100185528756967 0.5020876826722338 0.14100185528756967 0.5020876826722338 0.14935064935064946 0.5052192066805845 0.14935064935064946
5 0.5052192066805845 0.14192949907235633 0.5015657620041754 0.14192949907235633 0.5015657620041754 0.15213358070500937 0.5052192066805845 0.15213358070500937
8 0.5104384133611691 0.13172541743970326 0.5067849686847599 0.13172541743970326 0.5067849686847599 0.13914656771799638 0.5104384133611691 0.13914656771799638
9 0.511482254697286 0.13358070500927655 0.5062630480167014 0.13358070500927655 0.5062630480167014 0.14378478664192962 0.511482254697286 0.14378478664192962
9 0.5506263048016702 0.19387755102040827 0.5323590814196242 0.19387755102040827 0.5323590814196242 0.20964749536178118 0.5506263048016702 0.20964749536178118
5 0.5318371607515657 0.13079777365491663 0.5250521920668059 0.13079777365491663 0.5250521920668059 0.13914656771799638 0.5318371607515657 0.13914656771799638
0 0.5276617954070981 0.12244897959183684 0.5219206680584552 0.12244897959183684 0.5219206680584552 0.13729128014842312 0.5276617954070981 0.13729128014842312
5 0.5120041753653445 0.10946196660482385 0.5083507306889353 0.10946196660482385 0.5083507306889353 0.11873840445269027 0.5120041753653445 0.11873840445269027
8 0.4848643006263048 0.11224489795918378 0.482776617954071 0.11224489795918378 0.482776617954071 0.11966604823747691 0.4848643006263048 0.11966604823747691
5 0.4848643006263048 0.11410018552875706 0.4822546972860125 0.11410018552875706 0.4822546972860125 0.1215213358070502 0.4848643006263048 0.1215213358070502
8 0.49947807933194155 0.09554730983302423 0.4968684759916493 0.09554730983302423 0.4968684759916493 0.10296846011131736 0.49947807933194155 0.10296846011131736
5 0.5 0.0974025974025975 0.4968684759916493 0.0974025974025975 0.4968684759916493 0.103896103896104 0.5 0.103896103896104
9 0.5250521920668059 0.11131725417439714 0.5208768267223383 0.11131725417439714 0.5208768267223383 0.11966604823747691 0.5250521920668059 0.11966604823747691
7 0.46450939457202506 0.09369202226345094 0.4618997912317328 0.09369202226345094 0.4618997912317328 0.10482374768089064 0.46450939457202506 0.10482374768089064
5 0.45981210855949894 0.10296846011131736 0.4561586638830898 0.10296846011131736 0.4561586638830898 0.11224489795918378 0.45981210855949894 0.11224489795918378
7 0.4707724425887265 0.09461966604823759 0.46764091858037576 0.09461966604823759 0.46764091858037576 0.10482374768089064 0.4707724425887265 0.10482374768089064
9 0.47390396659707723 0.0974025974025975 0.4681628392484342 0.0974025974025975 0.4681628392484342 0.10575139146567729 0.47390396659707723 0.10575139146567729
11 0.4660751565762004 0.07606679035250474 0.4545929018789144 0.07606679035250474 0.4545929018789144 0.08998144712430438 0.4660751565762004 0.08998144712430438
5 0.558455114822547 0.20408163265306134 0.5548016701461378 0.20408163265306134 0.5548016701461378 0.21614100185528767 0.558455114822547 0.21614100185528767
5 0.5532359081419624 0.24025974025974037 0.5490605427974948 0.24025974025974037 0.5490605427974948 0.25231910946196673 0.5532359081419624 0.25231910946196673
9 0.47755741127348644 0.048237476808905486 0.47286012526096033 0.048237476808905486 0.47286012526096033 0.05936920222634519 0.47755741127348644 0.05936920222634519
8 0.48068893528183715 0.05102040816326541 0.47860125260960334 0.05102040816326541 0.47860125260960334 0.05658627087198526 0.48068893528183715 0.05658627087198526
5 0.4812108559498956 0.05287569573283869 0.47860125260960334 0.05287569573283869 0.47860125260960334 0.058441558441558544 0.4812108559498956 0.058441558441558544
6 0.5046972860125261 0.05287569573283869 0.5 0.05287569573283869 0.5 0.06493506493506504 0.5046972860125261 0.06493506493506504
8 0.4859081419624217 0.038961038961039064 0.4838204592901879 0.038961038961039064 0.4838204592901879 0.04359925788497228 0.4859081419624217 0.04359925788497228
5 0.4859081419624217 0.04081632653061235 0.4838204592901879 0.04081632653061235 0.4838204592901879 0.046382189239332204 0.4859081419624217 0.046382189239332204
8 0.4890396659707724 0.032467532467532575 0.48747390396659707 0.032467532467532575 0.48747390396659707 0.03617810760667914 0.4890396659707724 0.03617810760667914
5 0.48956158663883087 0.03339517625231921 0.48747390396659707 0.03339517625231921 0.48747390396659707 0.038961038961039064 0.48956158663883087 0.038961038961039064
11 0.5073068893528184 0.03432282003710586 0.49947807933194155 0.03432282003710586 0.49947807933194155 0.04359925788497228 0.5073068893528184 0.04359925788497228
11 0.511482254697286 0.05009276437847877 0.5046972860125261 0.05009276437847877 0.5046972860125261 0.06122448979591847 0.511482254697286 0.06122448979591847
0 0.8836116910229646 0.2736549165120596 0.8679540709812108 0.2736549165120596 0.8679540709812108 0.29962894248608557 0.8836116910229646 0.29962894248608557
3 0.8449895615866388 0.269944341372913 0.8241127348643006 0.269944341372913 0.8241127348643006 0.29128014842300576 0.8449895615866388 0.29128014842300576
1 0.8522964509394572 0.22077922077922096 0.8465553235908142 0.22077922077922094 0.8465553235908142 0.23654916512059387 0.8522964509394572 0.2365491651205939
5 0.8689979123173278 0.2346938775510206 0.860125260960334 0.2346938775510206 0.860125260960334 0.24675324675324697 0.8689979123173278 0.24675324675324697
6 0.8460334029227558 0.1706864564007423 0.8282881002087683 0.1706864564007423 0.8282881002087683 0.20686456400742131 0.8460334029227558 0.20686456400742131
9 0.7118997912317327 0.22170686456400757 0.6993736951983298 0.22170686456400757 0.6993736951983298 0.23469387755102056 0.7118997912317327 0.23469387755102056