3 0.3408141962421713 0.8775510204081632 0.28340292275574125 0.8775510204081632 0.28340292275574125 0.9406307977736549 0.3408141962421713 0.9406307977736549
3 0.47964509394572025 0.22077922077922088 0.4702505219206681 0.22077922077922088 0.4702505219206681 0.2365491651205938 0.47964509394572025 0.2365491651205938
3 0.4707724425887265 0.2393320964749537 0.4629436325678497 0.2393320964749537 0.4629436325678497 0.25510204081632665 0.4707724425887265 0.25510204081632665
3 0.4650313152400835 0.25788497217068657 0.45563674321503134 0.25788497217068657 0.45563674321503134 0.2764378478664194 0.4650313152400835 0.2764378478664194
3 0.5292275574112735 0.30983302411873853 0.517223382045929 0.30983302411873853 0.517223382045929 0.33580705009276446 0.5292275574112735 0.33580705009276446
5 0.505741127348643 0.32189239332096486 0.494258872651357 0.32189239332096486 0.494258872651357 0.33302411873840454 0.505741127348643 0.33302411873840454
11 0.5631524008350731 0.2987012987012988 0.5521920668058455 0.2987012987012988 0.5521920668058455 0.3302411873840446 0.5631524008350731 0.3302411873840446
3 0.5730688935281837 0.27458256029684613 0.5542797494780793 0.27458256029684613 0.5542797494780793 0.2894248608534324 0.5730688935281837 0.2894248608534324
3 0.5751565762004175 0.2699443413729129 0.5568893528183716 0.2699443413729129 0.5568893528183716 0.28200371057513923 0.5751565762004175 0.28200371057513923
3 0.5720250521920668 0.26252319109461975 0.5548016701461378 0.26252319109461975 0.5548016701461378 0.27551020408163274 0.5720250521920668 0.27551020408163274
3 0.5965553235908142 0.3116883116883118 0.5855949895615866 0.3116883116883118 0.5855949895615866 0.3302411873840446 0.5965553235908142 0.3302411873840446
3 0.6231732776617954 0.3116883116883118 0.6122129436325678 0.3116883116883118 0.6122129436325678 0.3311688311688313 0.6231732776617954 0.3311688311688313
3 0.6362212943632568 0.3116883116883118 0.6247390396659708 0.3116883116883118 0.6247390396659708 0.33209647495361794 0.6362212943632568 0.33209647495361794
3 0.6346555323590815 0.38033395176252327 0.622651356993737 0.38033395176252327 0.622651356993737 0.4025974025974027 0.6346555323590815 0.4025974025974027
3 0.6012526096033403 0.38033395176252327 0.574634655532359 0.38033395176252327 0.574634655532359 0.39981447124304276 0.6012526096033403 0.39981447124304276
3 0.55741127348643 0.47402597402597413 0.524008350730689 0.47402597402597413 0.524008350730689 0.4981447124304269 0.55741127348643 0.4981447124304269
3 0.5600208768267223 0.4461966604823749 0.5307933194154488 0.4461966604823749 0.5307933194154488 0.47031539888682755 0.5600208768267223 0.47031539888682755
3 0.5668058455114823 0.42207792207792216 0.5370563674321504 0.42207792207792216 0.5370563674321504 0.44434137291280157 0.5668058455114823 0.44434137291280157
3 0.5652400835073069 0.40909090909090917 0.5391440501043842 0.40909090909090917 0.5391440501043842 0.42764378478664206 0.5652400835073069 0.42764378478664206
3 0.5647181628392485 0.4007421150278294 0.5360125260960334 0.4007421150278294 0.5360125260960334 0.4230055658627088 0.5647181628392485 0.4230055658627088
3 0.5704592901878914 0.38961038961038974 0.5422755741127349 0.38961038961038974 0.5422755741127349 0.40909090909090917 0.5704592901878914 0.40909090909090917
3 0.5720250521920668 0.37384044526901683 0.545929018789144 0.37384044526901683 0.545929018789144 0.39888682745825615 0.5720250521920668 0.39888682745825615
3 0.5715031315240083 0.36178107606679044 0.5454070981210856 0.36178107606679044 0.5454070981210856 0.38033395176252327 0.5715031315240083 0.38033395176252327
11 0.5735908141962421 0.34508348794063093 0.5438413361169102 0.34508348794063093 0.5438413361169102 0.3664192949907237 0.5735908141962421 0.3664192949907237
3 0.6022964509394572 0.3692022263450836 0.5751565762004175 0.3692022263450836 0.5751565762004175 0.38961038961038974 0.6022964509394572 0.38961038961038974
11 0.5955114822546973 0.36178107606679044 0.5782881002087683 0.36178107606679044 0.5782881002087683 0.37940630797773667 0.5955114822546973 0.37940630797773667
3 0.5991649269311065 0.35807050092764386 0.5735908141962421 0.35807050092764386 0.5735908141962421 0.37662337662337675 0.5991649269311065 0.37662337662337675
3 0.6002087682672234 0.3497217068645641 0.5741127348643006 0.3497217068645641 0.5741127348643006 0.3692022263450836 0.6002087682672234 0.3692022263450836
8 0.5897703549060542 0.33209647495361794 0.5850730688935282 0.33209647495361794 0.5850730688935282 0.34415584415584427 0.5897703549060542 0.34415584415584427
5 0.592901878914405 0.3367346938775511 0.5824634655532359 0.3367346938775511 0.5824634655532359 0.34601113172541753 0.592901878914405 0.34601113172541753
5 0.5756784968684759 0.31725417439703163 0.5725469728601252 0.31725417439703163 0.5725469728601252 0.32931354359925796 0.5756784968684759 0.32931354359925796
5 0.5720250521920668 0.2987012987012988 0.5683716075156576 0.2987012987012988 0.5683716075156576 0.30983302411873853 0.5720250521920668 0.30983302411873853
5 0.5678496868475992 0.2949907235621522 0.5647181628392485 0.2949907235621522 0.5647181628392485 0.30612244897959195 0.5678496868475992 0.30612244897959195
9 0.605427974947808 0.29313543599257896 0.5949895615866388 0.29313543599257896 0.5949895615866388 0.3079777365491652 0.605427974947808 0.3079777365491652
3 0.4081419624217119 0.6632653061224489 0.3663883089770355 0.6632653061224489 0.3663883089770355 0.7040816326530612 0.4081419624217119 0.7040816326530612
3 0.3930062630480167 0.7059369202226345 0.3465553235908142 0.7059369202226345 0.3465553235908142 0.7421150278293135 0.3930062630480167 0.7421150278293135
3 0.37995824634655534 0.735621521335807 0.33716075156576203 0.735621521335807 0.33716075156576203 0.774582560296846 0.37995824634655534 0.774582560296846
3 0.37160751565762007 0.7912801484230055 0.3188935281837161 0.7912801484230055 0.3188935281837161 0.8348794063079777 0.37160751565762007 0.8348794063079777
3 0.3590814196242172 0.8246753246753247 0.3048016701461378 0.8246753246753247 0.30480167014613785 0.8738404452690167 0.35908141962421725 0.8738404452690167
11 0.2635699373695199 0.8153988868274582 0.23068893528183723 0.8153988868274582 0.23068893528183723 0.9128014842300557 0.2635699373695199 0.9128014842300557
3 0.303757828810021 0.974025974025974 0.25000000000000006 0.974025974025974 0.25000000000000006 0.9990723562152134 0.303757828810021 0.9990723562152134
11 0.47912317327766185 0.8200371057513914 0.42693110647181626 0.8200371057513914 0.42693110647181637 0.8766233766233766 0.4791231732776619 0.8766233766233766
3 0.4859081419624217 0.7968460111317255 0.4410229645093946 0.7968460111317254 0.4410229645093946 0.8358070500927645 0.4859081419624217 0.8358070500927646
3 0.5026096033402923 0.7217068645640076 0.45563674321503134 0.7217068645640075 0.45563674321503134 0.7569573283858999 0.5026096033402923 0.7569573283859
3 0.5026096033402923 0.689239332096475 0.45772442588726514 0.6892393320964749 0.45772442588726514 0.7217068645640076 0.5026096033402923 0.7217068645640077
3 0.5501043841336117 0.534322820037106 0.5182672233820459 0.534322820037106 0.5182672233820459 0.5593692022263453 0.5501043841336117 0.5593692022263453
3 0.5521920668058455 0.5176252319109464 0.5229645093945721 0.5176252319109464 0.5229645093945721 0.5417439703153991 0.5521920668058455 0.5417439703153991
3 0.45876826722338204 0.49443413729128016 0.42484342379958245 0.49443413729128016 0.42484342379958245 0.5269016697588126 0.45876826722338204 0.5269016697588126
3 0.46242171189979125 0.4749536178107607 0.43162839248434237 0.4749536178107607 0.43162839248434237 0.5046382189239332 0.46242171189979125 0.5046382189239332
3 0.46764091858037576 0.46753246753246763 0.43475991649269313 0.46753246753246763 0.43475991649269313 0.4907235621521336 0.46764091858037576 0.4907235621521336
3 0.46764091858037576 0.4517625231910947 0.4384133611691023 0.4517625231910947 0.4384133611691023 0.47866419294990725 0.46764091858037576 0.47866419294990725
8 0.4660751565762004 0.538961038961039 0.4603340292275574 0.538961038961039 0.4603340292275574 0.5538033395176253 0.4660751565762004 0.5538033395176253
5 0.4650313152400835 0.5463821892393321 0.45981210855949894 0.5463821892393321 0.45981210855949894 0.5640074211502782 0.4650313152400835 0.5640074211502782
7 0.5093945720250522 0.37847866419295 0.505741127348643 0.37847866419295 0.505741127348643 0.39610389610389624 0.5093945720250522 0.39610389610389624