2 0.24928571428571433 0.5583756345177665 0.16714285714285718 0.5583756345177665 0.16714285714285718 0.8197969543147208 0.24928571428571436 0.8197969543147208
2 0.29928571428571427 0.18908629441624372 0.21428571428571427 0.18908629441624372 0.21428571428571427 0.47715736040609136 0.29928571428571427 0.47715736040609136
2 0.9707142857142858 0.22335025380710682 0.8885714285714286 0.22335025380710682 0.8885714285714286 0.46192893401015245 0.9707142857142858 0.46192893401015245
2 0.7992857142857143 0.7918781725888328 0.6921428571428572 0.7918781725888328 0.6921428571428572 0.9302030456852795 0.7992857142857143 0.9302030456852795
3 0.06642857142857145 0.3147208121827411 0.004285714285714308 0.3147208121827411 0.00428571428571431 0.3819796954314721 0.06642857142857145 0.3819796954314721
3 0.8821428571428571 0.4263959390862946 0.8392857142857143 0.4263959390862946 0.8392857142857143 0.5266497461928935 0.8821428571428571 0.5266497461928935
7 0.235 0.25634517766497467 0.22285714285714286 0.25634517766497467 0.22285714285714286 0.2931472081218275 0.235 0.2931472081218275
7 0.45 0.17258883248730972 0.44 0.17258883248730972 0.44 0.20812182741116758 0.45 0.20812182741116758
7 0.09142857142857143 0.17385786802030456 0.08142857142857145 0.17385786802030456 0.08142857142857145 0.19796954314720813 0.09142857142857143 0.19796954314720813
7 0.21071428571428572 0.18401015228426404 0.2 0.18401015228426404 0.2 0.2258883248730965 0.21071428571428572 0.2258883248730965
7 0.0742857142857143 0.19543147208121828 0.062142857142857166 0.19543147208121828 0.062142857142857166 0.22461928934010153 0.0742857142857143 0.22461928934010153
7 0.06500000000000002 0.19543147208121828 0.04928571428571431 0.19543147208121828 0.04928571428571431 0.22588832487309646 0.06500000000000002 0.22588832487309646
7 0.06142857142857145 0.20812182741116753 0.05285714285714288 0.20812182741116753 0.05285714285714288 0.2296954314720812 0.06142857142857145 0.2296954314720812
7 0.1657142857142857 0.22842639593908629 0.15785714285714286 0.22842639593908629 0.15785714285714286 0.2550761421319797 0.1657142857142857 0.2550761421319797
7 0.09000000000000002 0.2131979695431472 0.0785714285714286 0.2131979695431472 0.0785714285714286 0.24492385786802032 0.09000000000000002 0.24492385786802032
6 0.18071428571428572 0.23096446700507617 0.16357142857142856 0.23096446700507614 0.16357142857142856 0.2588832487309645 0.18071428571428572 0.2588832487309645
5 0.20428571428571438 0.9403553299492385 0.13857142857142865 0.9403553299492385 0.13857142857142865 0.9720812182741116 0.20428571428571438 0.9720812182741116
5 0.2007142857142858 0.9111675126903553 0.14285714285714293 0.9111675126903553 0.14285714285714293 0.950507614213198 0.2007142857142858 0.950507614213198
5 0.2000000000000001 0.8743654822335025 0.1521428571428572 0.8743654822335025 0.1521428571428572 0.9175126903553299 0.2000000000000001 0.9175126903553299
2 0.32142857142857145 0.0012690355329949884 0.27071428571428574 0.001269035532994983 0.27071428571428574 0.13197969543147214 0.32142857142857145 0.13197969543147214
7 0.25 5.330632640958657e-17 0.24 5.221844219714602e-17 0.24 0.026649746192893457 0.25 0.026649746192893457
7 0.5342857142857143 0.4720812182741118 0.5264285714285715 0.4720812182741118 0.5264285714285715 0.49619289340101536 0.5342857142857143 0.49619289340101536
7 0.5007142857142857 0.5431472081218276 0.49357142857142855 0.5431472081218276 0.49357142857142855 0.5710659898477158 0.5007142857142857 0.5710659898477158
7 0.41785714285714287 0.5774111675126905 0.4064285714285714 0.5774111675126905 0.4064285714285714 0.6053299492385789 0.41785714285714287 0.6053299492385789
7 0.495 0.5368020304568529 0.4878571428571429 0.5368020304568529 0.4878571428571429 0.5609137055837565 0.495 0.5609137055837565
7 0.5178571428571429 0.5393401015228427 0.5085714285714286 0.5393401015228427 0.5085714285714286 0.5672588832487311 0.5178571428571429 0.5672588832487311
7 0.535 0.5431472081218276 0.5285714285714286 0.5431472081218276 0.5285714285714286 0.5710659898477158 0.535 0.5710659898477158
7 0.5785714285714286 0.5520304568527921 0.5721428571428572 0.5520304568527921 0.5721428571428572 0.5736040609137057 0.5785714285714286 0.5736040609137057
7 0.6828571428571428 0.48350253807106613 0.6742857142857143 0.48350253807106613 0.6742857142857143 0.5114213197969545 0.6828571428571428 0.5114213197969545
7 0.6885714285714286 0.4923857868020306 0.6792857142857143 0.4923857868020306 0.6792857142857143 0.5228426395939088 0.6885714285714286 0.5228426395939088
7 0.7071428571428572 0.4124365482233504 0.6971428571428572 0.4124365482233504 0.6971428571428572 0.44162436548223366 0.7071428571428572 0.44162436548223366
7 0.7242857142857143 0.37055837563451793 0.7128571428571429 0.37055837563451793 0.7128571428571429 0.39847715736040623 0.7242857142857143 0.39847715736040623
7 0.7335714285714285 0.4010152284263961 0.7242857142857143 0.4010152284263961 0.7242857142857143 0.4289340101522844 0.7335714285714285 0.4289340101522844
7 0.7271428571428571 0.3934010152284265 0.72 0.3934010152284265 0.72 0.43020304568527934 0.7271428571428571 0.43020304568527934
7 0.7914285714285715 0.21192893401015242 0.7814285714285715 0.21192893401015242 0.7814285714285715 0.236040609137056 0.7914285714285715 0.236040609137056
7 0.5828571428571429 0.4657360406091372 0.5714285714285714 0.4657360406091372 0.5714285714285714 0.48857868020304585 0.5828571428571429 0.48857868020304585
7 0.515 0.5063451776649748 0.5057142857142857 0.5063451776649748 0.5057142857142857 0.5368020304568529 0.515 0.5368020304568529
7 0.5128571428571429 0.5076142131979697 0.5057142857142857 0.5076142131979697 0.5057142857142857 0.5304568527918783 0.5128571428571429 0.5304568527918783
7 0.5335714285714286 0.5317258883248732 0.5235714285714286 0.5317258883248732 0.5235714285714286 0.5532994923857869 0.5335714285714286 0.5532994923857869
7 0.7314285714285714 0.3794416243654824 0.7228571428571429 0.3794416243654824 0.7228571428571429 0.4073604060913707 0.7314285714285714 0.4073604060913707
7 0.7557142857142857 0.2842639593908631 0.7478571428571429 0.2842639593908631 0.7478571428571429 0.3109137055837565 0.7557142857142857 0.3109137055837565
7 0.7514285714285714 0.30456852791878186 0.7457142857142857 0.30456852791878186 0.7457142857142857 0.3159898477157362 0.7514285714285714 0.3159898477157362
6 0.7521428571428571 0.302030456852792 0.7428571428571429 0.302030456852792 0.7428571428571429 0.3223350253807108 0.7521428571428571 0.3223350253807108
5 0.5721428571428572 0.43781725888324885 0.5442857142857143 0.43781725888324885 0.5442857142857143 0.4720812182741118 0.5721428571428572 0.4720812182741118
5 0.5814285714285714 0.4073604060913707 0.5535714285714286 0.4073604060913707 0.5535714285714286 0.4403553299492387 0.5814285714285714 0.4403553299492387
5 0.6292857142857143 0.34390862944162454 0.6 0.34390862944162454 0.6 0.37309644670050773 0.6292857142857143 0.37309644670050773
5 0.6628571428571428 0.3654822335025382 0.6371428571428571 0.3654822335025382 0.6371428571428571 0.3959390862944164 0.6628571428571428 0.3959390862944164
11 0.9621428571428572 0.1434010152284266 0.9328571428571428 0.1434010152284266 0.9328571428571428 0.23477157360406112 0.9621428571428572 0.23477157360406112
3 0.9771428571428571 0.0685279187817261 0.9521428571428572 0.06852791878172608 0.9521428571428572 0.1269035532994926 0.9771428571428571 0.1269035532994926
3 0.9857142857142858 2.1143806728933678e-16 0.9578571428571429 2.0840753269753816e-16 0.9578571428571429 0.0469543147208124 0.9857142857142858 0.0469543147208124
11 0.9528571428571428 2.0351205374155574e-16 0.9178571428571428 1.9970445899801383e-16 0.9178571428571428 0.05837563451776669 0.9528571428571428 0.05837563451776669
7 0.4742857142857143 0.8642131979695431 0.46285714285714286 0.8642131979695431 0.46285714285714286 0.883248730964467 0.4742857142857143 0.883248730964467
7 0.46214285714285713 0.8553299492385786 0.45285714285714285 0.8553299492385786 0.45285714285714285 0.8705583756345178 0.46214285714285713 0.8705583756345178