11 0.5857142857142857 0.5342639593908631 0.5592857142857143 0.5342639593908631 0.5592857142857143 0.634517766497462 0.5857142857142857 0.634517766497462
11 0.475 0.44289340101522856 0.45071428571428573 0.44289340101522856 0.45071428571428573 0.5164974619289342 0.475 0.5164974619289342
3 0.5292857142857142 0.23857868020304582 0.51 0.23857868020304582 0.51 0.29187817258883264 0.5292857142857142 0.29187817258883264
3 0.4742857142857143 0.18654822335025387 0.4585714285714286 0.18654822335025387 0.4585714285714286 0.23096446700507622 0.4742857142857143 0.23096446700507622
5 0.43857142857142856 0.19162436548223358 0.4278571428571429 0.19162436548223358 0.4278571428571429 0.22335025380710666 0.43857142857142856 0.22335025380710666
11 0.42142857142857143 0.13071065989847724 0.4007142857142857 0.13071065989847722 0.4007142857142857 0.18527918781725897 0.42142857142857143 0.18527918781725897
11 0.585 0.1154822335025382 0.5635714285714286 0.11548223350253818 0.5635714285714286 0.17766497461928948 0.585 0.17766497461928948
11 0.5235714285714286 0.054568527918781834 0.5035714285714286 0.054568527918781834 0.5035714285714286 0.11548223350253818 0.5235714285714286 0.11548223350253818
3 0.55 0.044416243654822454 0.535 0.04441624365482244 0.535 0.08629441624365493 0.55 0.08629441624365493
10 0.45571428571428574 0.011421319796954411 0.43214285714285716 0.01142131979695441 0.43214285714285716 0.08121827411167523 0.45571428571428574 0.08121827411167523
10 0.88 0.6434010152284265 0.7978571428571428 0.6434010152284265 0.7978571428571428 0.8236040609137059 0.88 0.8236040609137059
11 0.9807142857142858 0.705583756345178 0.9414285714285714 0.705583756345178 0.9414285714285714 0.7982233502538074 0.9807142857142858 0.7982233502538074
11 0.8992857142857142 0.4911167512690357 0.8628571428571429 0.4911167512690357 0.8628571428571429 0.5659898477157362 0.8992857142857142 0.5659898477157362
11 0.8771428571428571 0.42512690355329963 0.8442857142857143 0.42512690355329963 0.8442857142857143 0.48857868020304585 0.8771428571428571 0.48857868020304585
11 0.8528571428571429 0.37309644670050773 0.8257142857142857 0.37309644670050773 0.8257142857142857 0.4390862944162438 0.8528571428571429 0.4390862944162438
11 0.7864285714285715 0.4606598984771575 0.7528571428571429 0.4606598984771575 0.7528571428571429 0.5304568527918783 0.7864285714285715 0.5304568527918783
11 0.7292857142857143 0.24365482233502553 0.7035714285714286 0.24365482233502553 0.7035714285714286 0.2944162436548225 0.7292857142857143 0.2944162436548225
11 0.7 0.18020304568527934 0.6785714285714286 0.18020304568527934 0.6785714285714286 0.2220812182741118 0.7 0.2220812182741118
11 0.8364285714285714 0.33121827411167526 0.8092857142857143 0.33121827411167526 0.8092857142857143 0.3807106598984773 0.8364285714285714 0.3807106598984773
11 0.82 0.2893401015228428 0.7971428571428572 0.2893401015228428 0.7971428571428572 0.3388324873096448 0.82 0.3388324873096448
11 0.805 0.2423857868020306 0.7807142857142857 0.2423857868020306 0.7807142857142857 0.29314720812182754 0.805 0.29314720812182754
3 0.7785714285714286 0.21319796954314735 0.7478571428571429 0.21319796954314735 0.7478571428571429 0.25126903553299507 0.7785714285714286 0.25126903553299507
3 0.8042857142857143 0.1789340101522844 0.77 0.1789340101522844 0.77 0.21319796954314735 0.8042857142857143 0.21319796954314735
3 0.7571428571428571 0.135786802030457 0.7371428571428571 0.135786802030457 0.7371428571428571 0.18020304568527934 0.7571428571428571 0.18020304568527934
3 0.665 0.003807106598984914 0.6471428571428571 0.0038071065989849127 0.6471428571428571 0.03807106598984786 0.665 0.03807106598984786
7 0.1185714285714286 0.799492385786802 0.10500000000000004 0.799492385786802 0.10500000000000004 0.8299492385786802 0.1185714285714286 0.8299492385786802
7 0.21142857142857144 0.46573604060913704 0.20142857142857143 0.46573604060913704 0.20142857142857143 0.49238578680203043 0.21142857142857144 0.49238578680203043
7 0.2785714285714286 0.40482233502538073 0.27071428571428574 0.40482233502538073 0.27071428571428574 0.4289340101522843 0.2785714285714286 0.4289340101522843
7 0.3078571428571429 0.383248730964467 0.3 0.383248730964467 0.3 0.4073604060913706 0.3078571428571429 0.4073604060913706
7 0.31142857142857144 0.35786802030456855 0.30428571428571427 0.35786802030456855 0.30428571428571427 0.3769035532994924 0.31142857142857144 0.3769035532994924
7 0.29642857142857143 0.38071065989847713 0.29 0.38071065989847713 0.29 0.40609137055837563 0.29642857142857143 0.40609137055837563
7 0.25357142857142856 0.32233502538071074 0.24571428571428572 0.32233502538071074 0.24571428571428572 0.3426395939086294 0.25357142857142856 0.3426395939086294
7 0.2757142857142857 0.2360406091370559 0.26785714285714285 0.2360406091370559 0.26785714285714285 0.2614213197969544 0.2757142857142857 0.2614213197969544
7 0.24857142857142858 0.22715736040609144 0.24214285714285713 0.22715736040609144 0.24214285714285713 0.25507614213197977 0.24857142857142858 0.25507614213197977
7 0.3385714285714286 0.01903553299492393 0.3314285714285714 0.01903553299492393 0.3314285714285714 0.03934010152284271 0.3385714285714286 0.03934010152284271
7 0.31285714285714283 0.005076142131979763 0.3078571428571429 0.005076142131979763 0.3078571428571429 0.025380710659898546 0.31285714285714283 0.02538071065989855
7 0.36 7.739519111362715e-17 0.3514285714285714 7.646271893153525e-17 0.3514285714285714 0.015228426395939163 0.36 0.015228426395939163
7 0.3 0.12182741116751276 0.2935714285714286 0.12182741116751276 0.2935714285714286 0.1408629441624366 0.3 0.1408629441624366
7 0.37142857142857144 0.26903553299492394 0.36357142857142855 0.26903553299492394 0.36357142857142855 0.2931472081218275 0.37142857142857144 0.2931472081218275
7 0.29285714285714287 0.37817258883248733 0.2857142857142857 0.37817258883248733 0.2857142857142857 0.399746192893401 0.29285714285714287 0.399746192893401
7 0.30214285714285716 0.3565989847715736 0.29714285714285715 0.3565989847715736 0.29714285714285715 0.3730964467005076 0.30214285714285716 0.3730964467005076
7 0.30642857142857144 0.35279187817258884 0.3 0.35279187817258884 0.3 0.3730964467005076 0.30642857142857144 0.3730964467005076
7 0.30714285714285716 0.3680203045685279 0.3 0.3680203045685279 0.3 0.3870558375634518 0.30714285714285716 0.3870558375634518
7 0.255 0.31345177664974627 0.24857142857142858 0.31345177664974627 0.24857142857142858 0.33375634517766495 0.255 0.33375634517766495
7 0.24928571428571428 0.3159898477157361 0.24428571428571427 0.3159898477157361 0.24428571428571427 0.3350253807106599 0.24928571428571428 0.3350253807106599
7 0.205 0.467005076142132 0.195 0.467005076142132 0.195 0.4885786802030457 0.205 0.4885786802030457
7 0.12357142857142861 0.7829949238578681 0.10857142857142861 0.7829949238578681 0.10857142857142861 0.8121827411167513 0.12357142857142861 0.8121827411167513
7 0.7521428571428571 0.05456852791878189 0.7464285714285714 0.05456852791878189 0.7464285714285714 0.07741116751269052 0.7521428571428571 0.07741116751269052
7 0.7014285714285714 0.03934010152284279 0.6935714285714286 0.03934010152284279 0.6935714285714286 0.06598984771573618 0.7014285714285714 0.06598984771573618
7 0.6971428571428572 0.07233502538071081 0.6892857142857143 0.07233502538071081 0.6892857142857143 0.09263959390862958 0.6971428571428572 0.09263959390862958