3 0.21398747390396666 0.8868274582560297 0.15501043841336123 0.8868274582560297 0.15501043841336123 0.9434137291280148 0.21398747390396666 0.9434137291280148
11 0.25365344467640927 0.8107606679035251 0.20824634655532365 0.8107606679035251 0.20824634655532365 0.8664192949907236 0.25365344467640927 0.8664192949907236
3 0.296972860125261 0.7235621521335807 0.24895615866388315 0.7235621521335807 0.24895615866388315 0.7755102040816326 0.296972860125261 0.7755102040816326
3 0.3188935281837161 0.6966604823747681 0.27505219206680587 0.6966604823747681 0.27505219206680587 0.7402597402597403 0.3188935281837161 0.7402597402597403
3 0.35177453027139877 0.6595547309833024 0.3058455114822547 0.6595547309833024 0.3058455114822547 0.7031539888682746 0.35177453027139877 0.7031539888682746
3 0.35490605427974947 0.6289424860853432 0.31315240083507306 0.6289424860853432 0.31315240083507306 0.6688311688311688 0.35490605427974947 0.6688311688311688
3 0.3721294363256785 0.6094619666048238 0.3324634655532359 0.6094619666048238 0.3324634655532359 0.6437847866419295 0.3721294363256785 0.6437847866419295
3 0.8611691022964509 0.3868274582560299 0.8282881002087683 0.3868274582560299 0.8282881002087683 0.4146567717996292 0.8611691022964509 0.4146567717996292
3 0.4859081419624217 0.29777365491651214 0.4629436325678497 0.29777365491651214 0.4629436325678497 0.316326530612245 0.4859081419624217 0.316326530612245
3 0.48173277661795405 0.29128014842300565 0.46659707724425886 0.29128014842300565 0.46659707724425886 0.30705009276437856 0.48173277661795405 0.30705009276437856
3 0.494258872651357 0.2782931354359927 0.47286012526096033 0.2782931354359927 0.47286012526096033 0.29777365491651214 0.494258872651357 0.29777365491651214
3 0.4989561586638831 0.2736549165120595 0.4812108559498956 0.2736549165120595 0.4812108559498956 0.28664192949907247 0.4989561586638831 0.28664192949907247
3 0.5031315240083507 0.26901669758812624 0.48434237995824636 0.26901669758812624 0.48434237995824636 0.2829313543599259 0.5031315240083507 0.2829313543599259
3 0.5052192066805845 0.2597402597402598 0.48851774530271397 0.2597402597402598 0.48851774530271397 0.2717996289424862 0.5052192066805845 0.2717996289424862
3 0.5104384133611691 0.25510204081632665 0.4953027139874739 0.25510204081632665 0.4953027139874739 0.26808905380333964 0.5104384133611691 0.26808905380333964
3 0.5156576200417536 0.2476808905380335 0.4989561586638831 0.2476808905380335 0.4989561586638831 0.26159554730983314 0.5156576200417536 0.26159554730983314
3 0.639874739039666 0.181818181818182 0.6320459290187892 0.181818181818182 0.6320459290187892 0.19202226345083503 0.639874739039666 0.19202226345083503
11 0.6033402922755741 0.1502782931354361 0.5960334029227558 0.1502782931354361 0.5960334029227558 0.16790352504638228 0.6033402922755741 0.16790352504638228
3 0.6059498956158664 0.1679035250463823 0.5897703549060542 0.16790352504638228 0.5897703549060542 0.17996289424860867 0.6059498956158664 0.1799628942486087
3 0.6231732776617954 0.15677179962894264 0.6169102296450939 0.15677179962894264 0.6169102296450939 0.16790352504638234 0.6231732776617954 0.16790352504638234
3 0.6393528183716075 0.15862708719851593 0.6336116910229646 0.15862708719851593 0.6336116910229646 0.168831168831169 0.6393528183716075 0.168831168831169
3 0.6471816283924844 0.1576994434137293 0.6414405010438413 0.1576994434137293 0.6414405010438413 0.16975881261595563 0.6471816283924844 0.16975881261595563
3 0.6200417536534447 0.18089053803339533 0.6059498956158664 0.18089053803339533 0.6059498956158664 0.1910946196660484 0.6200417536534447 0.1910946196660484
3 0.6195198329853863 0.17625231910946212 0.6069937369519833 0.17625231910946212 0.6069937369519833 0.18923933209647512 0.6195198329853863 0.18923933209647512
3 0.6205636743215032 0.1706864564007423 0.6064718162839249 0.1706864564007423 0.6064718162839249 0.181818181818182 0.6205636743215032 0.181818181818182
3 0.6022964509394572 0.17810760667903536 0.5892484342379958 0.17810760667903536 0.5892484342379958 0.18923933209647506 0.6022964509394572 0.18923933209647506
3 0.6043841336116911 0.17532467532467544 0.5897703549060542 0.17532467532467544 0.5897703549060542 0.18460111317254185 0.6043841336116911 0.18460111317254185
4 0.6393528183716075 0.15027829313543614 0.6231732776617954 0.15027829313543614 0.6231732776617954 0.1576994434137293 0.6393528183716075 0.1576994434137293
3 0.5401878914405011 0.20408163265306134 0.5281837160751566 0.20408163265306134 0.5281837160751566 0.21521335807050104 0.5401878914405011 0.21521335807050104
3 0.9363256784968684 0.33209647495361805 0.9201461377870563 0.33209647495361805 0.9201461377870563 0.35435992578849745 0.9363256784968684 0.35435992578849745
3 0.9530271398747391 0.30983302411873864 0.9243215031315241 0.30983302411873864 0.9243215031315241 0.33024118738404473 0.9530271398747391 0.33024118738404473
3 0.93580375782881 0.2931354359925791 0.912839248434238 0.2931354359925791 0.912839248434238 0.30983302411873864 0.93580375782881 0.30983302411873864
3 0.7891440501043842 0.30333951762523215 0.7677453027139874 0.30333951762523215 0.7677453027139874 0.32003710575139166 0.7891440501043842 0.32003710575139166
3 0.7901878914405011 0.2931354359925791 0.7667014613778705 0.2931354359925791 0.7667014613778705 0.3116883116883119 0.7901878914405011 0.3116883116883119
3 0.7823590814196242 0.2653061224489798 0.7604384133611691 0.2653061224489798 0.7604384133611691 0.28200371057513934 0.7823590814196242 0.28200371057513934
3 0.7734864300626305 0.2476808905380336 0.7552192066805845 0.2476808905380336 0.7552192066805845 0.26252319109461986 0.7734864300626305 0.26252319109461986
3 0.9399791231732777 0.7615955473098333 0.8763048016701461 0.7615955473098333 0.8763048016701461 0.8191094619666051 0.9399791231732777 0.8191094619666051