3 0.45714285714285724 0.7895238095238095 0.3064285714285715 0.7895238095238095 0.3064285714285715 1 0.4571428571428573 1
3 0.13785714285714293 0.7742857142857142 7.111698912191415e-17 0.7742857142857142 7.785254651722459e-17 0.920952380952381 0.13785714285714293 0.920952380952381
3 0.20357142857142865 0.7 0.03428571428571435 0.7 0.03428571428571436 0.8361904761904762 0.20357142857142865 0.8361904761904762
3 0.30785714285714294 0.6190476190476191 0.17000000000000004 0.6190476190476191 0.17000000000000007 0.7180952380952381 0.30785714285714294 0.7180952380952381
3 0.6128571428571429 0.6704761904761904 0.5335714285714286 0.6704761904761904 0.5335714285714286 0.8019047619047619 0.6128571428571429 0.8019047619047619
3 0.445 0.5685714285714286 0.33357142857142863 0.5685714285714286 0.33357142857142863 0.638095238095238 0.445 0.638095238095238
3 0.42714285714285716 0.5371428571428571 0.3164285714285715 0.5371428571428571 0.3164285714285715 0.5923809523809523 0.42714285714285716 0.5923809523809523
3 0.4692857142857143 0.4847619047619049 0.37214285714285716 0.4847619047619049 0.37214285714285716 0.5371428571428571 0.4692857142857143 0.5371428571428571
3 0.5935714285714285 0.5476190476190477 0.5171428571428571 0.5476190476190477 0.5171428571428571 0.6533333333333333 0.5935714285714285 0.6533333333333333
3 0.6614285714285715 0.5495238095238095 0.6042857142857143 0.5495238095238095 0.6042857142857143 0.6247619047619047 0.6614285714285715 0.6247619047619047
3 0.8407142857142857 0.5542857142857145 0.7721428571428571 0.5542857142857145 0.7721428571428571 0.6352380952380955 0.8407142857142857 0.6352380952380955
3 0.9128571428571428 0.5152380952380955 0.8135714285714286 0.5152380952380955 0.8135714285714286 0.5704761904761907 0.9128571428571428 0.5704761904761907
3 0.9157142857142857 0.48857142857142877 0.8128571428571428 0.48857142857142877 0.8128571428571428 0.544761904761905 0.9157142857142857 0.544761904761905
3 0.8985714285714286 0.4704761904761906 0.8021428571428572 0.4704761904761906 0.8021428571428572 0.5152380952380955 0.8985714285714286 0.5152380952380955
3 0.8778571428571429 0.4514285714285715 0.7771428571428571 0.4514285714285715 0.7771428571428571 0.504761904761905 0.8778571428571429 0.504761904761905
3 0.8814285714285715 0.4323809523809525 0.7835714285714286 0.4323809523809525 0.7835714285714286 0.47714285714285726 0.8814285714285715 0.47714285714285726
3 0.6807142857142857 0.47904761904761917 0.635 0.47904761904761917 0.635 0.5447619047619049 0.6807142857142857 0.544761904761905
11 0.6142857142857143 0.48857142857142855 0.5685714285714286 0.48857142857142855 0.5685714285714286 0.5666666666666667 0.6142857142857143 0.5666666666666667
3 0.6235714285714286 0.4561904761904763 0.5771428571428572 0.4561904761904763 0.5771428571428572 0.5076190476190476 0.6235714285714286 0.5076190476190476
3 0.6364285714285715 0.4057142857142858 0.605 0.4057142857142858 0.605 0.4561904761904763 0.6364285714285715 0.4561904761904763
3 0.6771428571428572 0.401904761904762 0.6442857142857142 0.401904761904762 0.6442857142857142 0.44666666666666677 0.6771428571428572 0.44666666666666677
3 0.555 0.42761904761904773 0.5121428571428571 0.42761904761904773 0.5121428571428571 0.4847619047619049 0.555 0.4847619047619049
3 0.6428571428571429 0.35142857142857153 0.6142857142857143 0.35142857142857153 0.6142857142857143 0.38095238095238104 0.6428571428571429 0.38095238095238104
3 0.6478571428571429 0.3057142857142858 0.6242857142857143 0.3057142857142858 0.6242857142857143 0.33523809523809533 0.6478571428571429 0.33523809523809533
3 0.5607142857142857 0.4104761904761906 0.5278571428571428 0.4104761904761906 0.5278571428571428 0.44571428571428584 0.5607142857142857 0.44571428571428584
3 0.5685714285714286 0.381904761904762 0.5392857142857143 0.381904761904762 0.5392857142857143 0.4180952380952382 0.5685714285714286 0.4180952380952382
11 0.5771428571428572 0.3504761904761906 0.5535714285714286 0.3504761904761906 0.5535714285714286 0.3933333333333334 0.5771428571428572 0.3933333333333334
3 0.5885714285714285 0.3304761904761906 0.565 0.3304761904761906 0.565 0.36476190476190484 0.5885714285714285 0.36476190476190484
7 0.5978571428571429 0.33714285714285724 0.5892857142857143 0.33714285714285724 0.5892857142857143 0.35714285714285726 0.5978571428571429 0.35714285714285726
7 0.6078571428571429 0.33714285714285724 0.5985714285714285 0.33714285714285724 0.5985714285714285 0.3609523809523811 0.6078571428571429 0.3609523809523811
3 0.835 0.39523809523809533 0.7571428571428571 0.39523809523809533 0.7571428571428571 0.42857142857142866 0.835 0.42857142857142866
3 0.8207142857142857 0.38285714285714295 0.7521428571428571 0.38285714285714295 0.7521428571428571 0.41904761904761917 0.8207142857142857 0.41904761904761917
3 0.8 0.3523809523809525 0.7357142857142858 0.3523809523809525 0.7357142857142858 0.38380952380952393 0.8 0.38380952380952393
3 0.7835714285714286 0.341904761904762 0.7257142857142858 0.341904761904762 0.7257142857142858 0.37142857142857155 0.7835714285714286 0.37142857142857155
3 0.7678571428571429 0.3200000000000001 0.7221428571428572 0.3200000000000001 0.7221428571428572 0.3476190476190477 0.7678571428571429 0.3476190476190477
3 0.7514285714285714 0.30666666666666675 0.7107142857142857 0.30666666666666675 0.7107142857142857 0.3342857142857144 0.7514285714285714 0.3342857142857144
3 0.7407142857142858 0.301904761904762 0.7007142857142857 0.301904761904762 0.7007142857142857 0.3304761904761906 0.7407142857142858 0.3304761904761906
3 0.6728571428571428 0.2961904761904763 0.6507142857142857 0.2961904761904763 0.6507142857142857 0.3152380952380954 0.6728571428571428 0.3152380952380954
3 0.6021428571428571 0.2857142857142858 0.5828571428571429 0.2857142857142858 0.5828571428571429 0.31142857142857155 0.6021428571428571 0.31142857142857155
3 0.6521428571428571 0.282857142857143 0.6357142857142857 0.282857142857143 0.6357142857142857 0.3009523809523811 0.6521428571428571 0.3009523809523811
11 0.8071428571428572 0.8761904761904764 0.7114285714285714 0.8761904761904764 0.7114285714285715 1 0.8071428571428572 1