3 0.19571428571428579 0.9019047619047619 0.12428571428571436 0.9019047619047619 0.12428571428571436 1 0.19571428571428579 1
3 0.45 0.10000000000000007 0.4278571428571429 0.10000000000000007 0.4278571428571429 0.15238095238095242 0.45 0.15238095238095242
3 0.4442857142857143 0.04476190476190483 0.42642857142857143 0.04476190476190483 0.42642857142857143 0.08380952380952389 0.4442857142857143 0.08380952380952389
3 0.5542857142857143 0.026666666666666755 0.5364285714285715 0.026666666666666755 0.5364285714285715 0.060952380952381036 0.5542857142857143 0.060952380952381036
3 0.57 0.10190476190476198 0.5485714285714286 0.10190476190476198 0.5485714285714286 0.13714285714285726 0.57 0.13714285714285726
3 0.5985714285714285 0.22285714285714298 0.5757142857142857 0.22285714285714298 0.5757142857142857 0.29238095238095246 0.5985714285714285 0.29238095238095246
3 0.5821428571428572 0.1542857142857144 0.5614285714285714 0.1542857142857144 0.5614285714285714 0.19333333333333344 0.5821428571428572 0.19333333333333344
3 0.5635714285714286 0.06476190476190484 0.5428571428571428 0.06476190476190484 0.5428571428571428 0.10000000000000007 0.5635714285714286 0.10000000000000007
5 0.4471428571428571 0.0019047619047619768 0.435 0.0019047619047619759 0.435 0.043809523809523875 0.4471428571428571 0.043809523809523875
5 0.5478571428571428 0.14952380952380964 0.5378571428571428 0.14952380952380964 0.5378571428571428 0.16761904761904772 0.5478571428571428 0.16761904761904772
3 0.6335714285714286 0.41333333333333344 0.5992857142857143 0.41333333333333344 0.5992857142857143 0.49523809523809526 0.6335714285714286 0.49523809523809526
3 0.6621428571428571 0.5095238095238095 0.62 0.5095238095238095 0.62 0.6057142857142858 0.6621428571428571 0.6057142857142858
7 0.6285714285714286 0.39714285714285724 0.6207142857142857 0.39714285714285724 0.6207142857142857 0.41904761904761917 0.6285714285714286 0.41904761904761917
3 0.835 0.4380952380952382 0.815 0.4380952380952382 0.815 0.4809523809523811 0.835 0.4809523809523811
3 0.8364285714285714 0.2847619047619049 0.81 0.2847619047619049 0.81 0.31142857142857155 0.8364285714285714 0.31142857142857155
5 0.9007142857142857 0.5723809523809525 0.8714285714285714 0.5723809523809525 0.8714285714285714 0.6314285714285717 0.9007142857142857 0.6314285714285717