10 0.1521428571428572 0.42952380952380953 0.1378571428571429 0.42952380952380953 0.1378571428571429 0.44857142857142857 0.1521428571428572 0.44857142857142857
11 0.1585714285714286 0.43523809523809526 0.15071428571428575 0.43523809523809526 0.15071428571428575 0.44571428571428573 0.1585714285714286 0.44571428571428573
3 0.522857142857143 0.8980952380952381 0.48928571428571443 0.8980952380952381 0.48928571428571443 0.9514285714285714 0.522857142857143 0.9514285714285714
3 0.6921428571428572 0.5714285714285716 0.6792857142857143 0.5714285714285716 0.6792857142857143 0.585714285714286 0.6921428571428572 0.585714285714286
3 0.9057142857142857 0.44761904761904775 0.8892857142857142 0.44761904761904775 0.8892857142857142 0.4580952380952382 0.9057142857142857 0.4580952380952382
3 0.9014285714285715 0.43333333333333346 0.8885714285714286 0.43333333333333346 0.8885714285714286 0.441904761904762 0.9014285714285715 0.441904761904762
3 0.8057142857142857 0.42952380952380964 0.7985714285714286 0.42952380952380964 0.7985714285714286 0.4361904761904763 0.8057142857142857 0.4361904761904763
3 0.8107142857142857 0.4209523809523811 0.8042857142857143 0.4209523809523811 0.8042857142857143 0.42761904761904773 0.8107142857142857 0.42761904761904773
3 0.8078571428571428 0.4123809523809525 0.8021428571428572 0.4123809523809525 0.8021428571428572 0.4200000000000001 0.8078571428571428 0.4200000000000001
3 0.9614285714285714 0.41904761904761917 0.955 0.41904761904761917 0.955 0.42666666666666675 0.9614285714285714 0.42666666666666675
3 0.97 0.41904761904761917 0.9628571428571429 0.41904761904761917 0.9628571428571429 0.42666666666666675 0.97 0.42666666666666675
3 0.9771428571428571 0.4209523809523811 0.9707142857142858 0.4209523809523811 0.9707142857142858 0.42761904761904773 0.9771428571428571 0.42761904761904773
3 0.9207142857142857 0.41428571428571437 0.9164285714285715 0.41428571428571437 0.9164285714285715 0.421904761904762 0.9207142857142857 0.421904761904762
3 0.9285714285714286 0.41523809523809535 0.9235714285714286 0.41523809523809535 0.9235714285714286 0.421904761904762 0.9285714285714286 0.421904761904762
3 0.9407142857142857 0.4104761904761906 0.9321428571428572 0.4104761904761906 0.9321428571428572 0.41714285714285726 0.9407142857142857 0.41714285714285726
3 0.9685714285714285 0.41333333333333344 0.9557142857142857 0.41333333333333344 0.9557142857142857 0.4200000000000001 0.9685714285714285 0.4200000000000001
10 0.9157142857142857 0.4085714285714287 0.9085714285714286 0.4085714285714287 0.9085714285714286 0.421904761904762 0.9157142857142857 0.421904761904762
10 0.5878571428571429 0.4638095238095239 0.5514285714285714 0.4638095238095239 0.5514285714285714 0.4895238095238095 0.5878571428571429 0.4895238095238095
5 0.6114285714285714 0.7790476190476191 0.6021428571428571 0.7790476190476191 0.6021428571428571 0.799047619047619 0.6114285714285714 0.799047619047619
5 0.6057142857142858 0.7228571428571429 0.5971428571428572 0.7228571428571429 0.5971428571428572 0.7428571428571429 0.6057142857142858 0.7428571428571429
5 0.7464285714285714 0.5085714285714288 0.7414285714285714 0.5085714285714288 0.7414285714285714 0.5190476190476193 0.7464285714285714 0.5190476190476193
4 0.8628571428571429 0.30666666666666675 0.8457142857142858 0.30666666666666675 0.8457142857142858 0.3485714285714287 0.8628571428571429 0.3485714285714287
8 0.6092857142857143 0.78 0.6035714285714285 0.78 0.6035714285714285 0.7952380952380952 0.6092857142857143 0.7952380952380952
8 0.6042857142857143 0.7247619047619047 0.5992857142857143 0.7247619047619047 0.5992857142857143 0.7361904761904762 0.6042857142857143 0.7361904761904762