3 0.026096033402922783 0.36641929499072357 0.0010438413361169353 0.36641929499072357 0.001043841336116937 0.41929499072356213 0.026096033402922787 0.41929499072356213
6 0.12369519832985389 0.2690166975881262 0.057411273486430076 0.2690166975881262 0.057411273486430076 0.3181818181818182 0.12369519832985389 0.3181818181818182
2 0.21555323590814196 0.15677179962894253 0.19102296450939457 0.15677179962894253 0.19102296450939457 0.2179962894248609 0.21555323590814196 0.2179962894248609
5 0.47651356993736954 0.21335807050092775 0.46659707724425886 0.21335807050092775 0.46659707724425886 0.23283858998144724 0.47651356993736954 0.23283858998144724
8 0.4754697286012526 0.20871985157699455 0.4702505219206681 0.20871985157699455 0.4702505219206681 0.22727272727272738 0.4754697286012526 0.22727272727272738
10 0.4253653444676409 0.1289424860853433 0.3559498956158664 0.12894248608534328 0.3559498956158664 0.17903525046382196 0.4253653444676409 0.179035250463822
10 0.5334029227557411 0.10575139146567729 0.4331941544885177 0.10575139146567729 0.4331941544885177 0.16512059369202237 0.5334029227557411 0.16512059369202237
7 0.5407098121085595 0.13172541743970326 0.535490605427975 0.13172541743970326 0.535490605427975 0.15120593692022274 0.5407098121085595 0.15120593692022274
7 0.5730688935281837 0.03617810760667915 0.5694154488517745 0.03617810760667915 0.5694154488517745 0.05380333951762535 0.5730688935281837 0.05380333951762535
10 0.517223382045929 0.055658627087198626 0.4671189979123173 0.05565862708719862 0.4671189979123173 0.10296846011131736 0.517223382045929 0.10296846011131736
6 0.4968684759916493 0.021335807050092866 0.46555323590814196 0.021335807050092862 0.46555323590814196 0.05287569573283869 0.4968684759916493 0.05287569573283869
6 0.5501043841336117 1.171253107533322e-16 0.5260960334029228 1.1451242797222004e-16 0.5260960334029228 0.03896103896103908 0.5501043841336117 0.03896103896103908
6 0.5683716075156576 1.214990493217156e-16 0.5480167014613778 1.192837791377292e-16 0.5480167014613778 0.03339517625231923 0.5683716075156576 0.03339517625231923
5 0.6028183716075156 0.04916512059369215 0.5934237995824635 0.04916512059369215 0.5934237995824635 0.06215213358070514 0.6028183716075156 0.06215213358070514
3 0.4859081419624217 0.25324675324675333 0.46764091858037576 0.25324675324675333 0.46764091858037576 0.2949907235621522 0.4859081419624217 0.2949907235621522
3 0.5636743215031316 0.23191094619666058 0.5433194154488518 0.23191094619666058 0.5433194154488518 0.2727272727272728 0.5636743215031316 0.2727272727272728
3 0.6737995824634656 0.6901669758812619 0.6210855949895616 0.6901669758812619 0.6210855949895616 0.7365491651205939 0.6737995824634656 0.7365491651205939
3 0.6711899791231732 0.7384044526901672 0.6236951983298539 0.7384044526901672 0.6236951983298539 0.7838589981447126 0.6711899791231732 0.7838589981447126
3 0.7014613778705637 0.9350649350649353 0.6419624217118998 0.9350649350649353 0.6419624217118998 0.9851576994434137 0.7014613778705637 0.9851576994434137
7 0.7687891440501043 0.048237476808905555 0.7635699373695198 0.048237476808905555 0.7635699373695198 0.0649350649350651 0.7687891440501043 0.0649350649350651
3 0.9994780793319415 0.8033395176252321 0.9728601252609603 0.8033395176252321 0.9728601252609603 0.8525046382189242 0.9994780793319415 0.8525046382189242
6 0.05427974947807935 0.20871985157699444 1.4381290699799293e-17 0.20871985157699444 1.62987961264392e-17 0.26437847866419295 0.05427974947807935 0.26437847866419295