3 0.5501043841336117 0.9183673469387758 0.4885177453027141 0.9183673469387758 0.4885177453027141 0.9684601113172542 0.5501043841336117 0.9684601113172542
11 0.5511482254697286 0.832096474953618 0.48747390396659707 0.832096474953618 0.4874739039665971 0.8905380333951765 0.5511482254697286 0.8905380333951765
11 0.6200417536534447 0.9647495361781077 0.5563674321503131 0.9647495361781077 0.5563674321503131 0.9990723562152134 0.6200417536534447 0.9990723562152134
11 0.6059498956158664 0.9211502782931357 0.5548016701461378 0.9211502782931357 0.5548016701461378 0.974025974025974 0.6059498956158664 0.974025974025974
3 0.6127348643006263 0.8942486085343231 0.5537578288100209 0.8942486085343231 0.5537578288100209 0.9443413729128017 0.6127348643006263 0.9443413729128017
3 0.6127348643006263 0.8469387755102042 0.5532359081419624 0.8469387755102042 0.5532359081419624 0.8979591836734696 0.6127348643006263 0.8979591836734696
11 0.5307933194154488 0.6502782931354362 0.5067849686847599 0.6502782931354362 0.5067849686847599 0.7263450834879408 0.5307933194154488 0.7263450834879408
3 0.5955114822546973 0.6706864564007423 0.5735908141962421 0.6706864564007423 0.5735908141962421 0.7217068645640077 0.5955114822546973 0.7217068645640077
3 0.6508350730688935 0.668831168831169 0.6283924843423799 0.668831168831169 0.6283924843423799 0.7300556586270874 0.6508350730688935 0.7300556586270874
3 0.6779749478079332 0.6706864564007423 0.6529227557411273 0.6706864564007423 0.6529227557411273 0.730983302411874 0.6779749478079332 0.730983302411874
3 0.7406054279749478 0.6836734693877553 0.7103340292275574 0.6836734693877553 0.7103340292275574 0.7384044526901672 0.7406054279749478 0.7384044526901672
3 0.36116910229645094 0.5009276437847866 0.34133611691022964 0.5009276437847866 0.34133611691022964 0.5380333951762524 0.36116910229645094 0.5380333951762524
3 0.3778705636743215 0.4489795918367348 0.3627348643006263 0.4489795918367348 0.3627348643006263 0.4805194805194805 0.3778705636743215 0.4805194805194805
3 0.3977035490605428 0.3979591836734695 0.38204592901878914 0.3979591836734695 0.38204592901878914 0.4267161410018554 0.3977035490605428 0.4267161410018554
7 0.5709812108559499 0.7059369202226348 0.56419624217119 0.7059369202226348 0.56419624217119 0.7356215213358073 0.5709812108559499 0.7356215213358073
8 0.5558455114822547 0.6957328385899817 0.5506263048016702 0.6957328385899817 0.5506263048016702 0.7115027829313546 0.5558455114822547 0.7115027829313546
5 0.5553235908141962 0.7040816326530615 0.5501043841336117 0.7040816326530615 0.5501043841336117 0.7254174397031542 0.5553235908141962 0.7254174397031542
7 0.5683716075156576 0.7087198515769947 0.5647181628392485 0.7087198515769947 0.5647181628392485 0.720779220779221 0.5683716075156576 0.720779220779221
5 0.5480167014613778 0.6280148423005568 0.5407098121085595 0.6280148423005568 0.5407098121085595 0.6502782931354362 0.5480167014613778 0.6502782931354362
9 0.6090814196242171 0.6113172541743972 0.5902922755741128 0.6113172541743972 0.5902922755741128 0.6400742115027831 0.6090814196242171 0.6400742115027831
3 0.5506263048016702 0.5510204081632655 0.5135699373695198 0.5510204081632655 0.5135699373695198 0.5816326530612247 0.5506263048016702 0.5816326530612247
3 0.5537578288100209 0.5287569573283861 0.5203549060542797 0.5287569573283861 0.5203549060542797 0.557513914656772 0.5537578288100209 0.557513914656772
3 0.5490605427974948 0.5129870129870132 0.5167014613778705 0.5129870129870132 0.5167014613778705 0.5389610389610392 0.5490605427974948 0.5389610389610392
5 0.41179540709812107 0.7179962894248608 0.39196242171189977 0.7179962894248608 0.39196242171189977 0.7439703153988868 0.41179540709812107 0.7439703153988868
3 0.56419624217119 0.3024118738404454 0.5542797494780793 0.3024118738404454 0.5542797494780793 0.32560296846011144 0.56419624217119 0.32560296846011144
3 0.7411273486430062 0.4638218923933211 0.7171189979123174 0.46382189239332106 0.7171189979123174 0.4842300556586273 0.7411273486430062 0.4842300556586273
3 0.7588726513569938 0.48979591836734715 0.7286012526096033 0.48979591836734715 0.7286012526096033 0.5111317254174399 0.7588726513569938 0.5111317254174399
3 0.7687891440501043 0.5194805194805197 0.7343423799582464 0.5194805194805197 0.7343423799582464 0.547309833024119 0.7687891440501043 0.547309833024119
3 0.778705636743215 0.5417439703153991 0.7421711899791231 0.5417439703153991 0.7421711899791231 0.5695732838589983 0.778705636743215 0.5695732838589983
5 0.27609603340292277 0.7170686456400742 0.25939457202505223 0.7170686456400742 0.25939457202505223 0.7346938775510204 0.27609603340292277 0.7346938775510204