3 0.2307142857142858 0.6371428571428571 0.1950000000000001 0.6371428571428571 0.1950000000000001 0.6847619047619048 0.2307142857142858 0.6847619047619048
3 0.45714285714285713 0.3657142857142858 0.4492857142857143 0.3657142857142858 0.4492857142857143 0.3780952380952382 0.45714285714285713 0.3780952380952382
3 0.4642857142857143 0.35333333333333344 0.45714285714285713 0.35333333333333344 0.45714285714285713 0.3638095238095239 0.4642857142857143 0.3638095238095239
10 0.44357142857142856 0.37904761904761913 0.43214285714285716 0.37904761904761913 0.43214285714285716 0.40285714285714297 0.44357142857142856 0.40285714285714297
2 0.37785714285714284 0.4561904761904763 0.3357142857142858 0.4561904761904763 0.3357142857142858 0.5123809523809524 0.37785714285714284 0.5123809523809524
6 0.5121428571428571 0.3761904761904763 0.48714285714285716 0.3761904761904763 0.48714285714285716 0.4076190476190477 0.5121428571428571 0.4076190476190477
10 0.63 0.321904761904762 0.62 0.321904761904762 0.62 0.34095238095238106 0.63 0.34095238095238106
10 0.575 0.32761904761904775 0.5685714285714286 0.32761904761904775 0.5685714285714286 0.34285714285714297 0.575 0.34285714285714297
10 0.6028571428571429 0.2990476190476192 0.595 0.2990476190476192 0.595 0.3171428571428572 0.6028571428571429 0.3171428571428572
3 0.5707142857142857 0.341904761904762 0.5657142857142857 0.341904761904762 0.5657142857142857 0.3504761904761906 0.5707142857142857 0.3504761904761906
3 0.5707142857142857 0.3476190476190477 0.565 0.3476190476190477 0.565 0.35428571428571437 0.5707142857142857 0.35428571428571437
10 0.6485714285714286 0.36666666666666675 0.6271428571428571 0.36666666666666675 0.6271428571428571 0.37904761904761913 0.6485714285714286 0.37904761904761913
10 0.6414285714285715 0.35904761904761917 0.6185714285714285 0.35904761904761917 0.6185714285714285 0.37047619047619057 0.6414285714285715 0.37047619047619057
4 0.5871428571428572 0.2323809523809525 0.5614285714285714 0.2323809523809525 0.5614285714285714 0.26571428571428585 0.5871428571428572 0.26571428571428585
4 0.5942857142857143 0.2685714285714287 0.585 0.2685714285714287 0.585 0.2904761904761906 0.5942857142857143 0.2904761904761906
3 0.7185714285714285 0.5457142857142859 0.685 0.5457142857142859 0.685 0.5628571428571431 0.7185714285714285 0.5628571428571431
3 0.7171428571428572 0.5314285714285717 0.6821428571428572 0.5314285714285717 0.6821428571428572 0.5485714285714288 0.7171428571428572 0.5485714285714288
3 0.7228571428571429 0.522857142857143 0.6914285714285714 0.522857142857143 0.6914285714285714 0.5409523809523812 0.7228571428571429 0.5409523809523812
3 0.7242857142857143 0.48761904761904784 0.6928571428571428 0.48761904761904784 0.6928571428571428 0.503809523809524 0.7242857142857143 0.503809523809524
3 0.7228571428571429 0.4800000000000001 0.6921428571428572 0.4800000000000001 0.6921428571428572 0.4923809523809526 0.7228571428571429 0.4923809523809526
3 0.7157142857142857 0.5000000000000002 0.6871428571428572 0.5000000000000002 0.6871428571428572 0.5161904761904764 0.7157142857142857 0.5161904761904764
3 0.8157142857142857 0.5666666666666669 0.7942857142857143 0.5666666666666669 0.7942857142857143 0.5914285714285716 0.8157142857142857 0.5914285714285716
3 0.7921428571428571 0.5695238095238098 0.7714285714285715 0.5695238095238098 0.7714285714285715 0.5942857142857145 0.7921428571428571 0.5942857142857145
3 0.76 0.45904761904761915 0.7371428571428571 0.45904761904761915 0.7371428571428571 0.4742857142857144 0.76 0.4742857142857144
3 0.755 0.4542857142857144 0.7321428571428571 0.4542857142857144 0.7321428571428571 0.4676190476190477 0.755 0.4676190476190477
3 0.685 0.4257142857142858 0.6721428571428572 0.4257142857142858 0.6721428571428572 0.44095238095238104 0.685 0.44095238095238104
3 0.7485714285714286 0.44571428571428584 0.7242857142857143 0.44571428571428584 0.7242857142857143 0.4580952380952382 0.7485714285714286 0.4580952380952382
7 0.7671428571428571 0.5257142857142859 0.7614285714285715 0.5257142857142859 0.7614285714285715 0.5438095238095241 0.7671428571428571 0.5438095238095241
7 0.7757142857142857 0.5266666666666668 0.7728571428571429 0.5266666666666668 0.7728571428571429 0.5409523809523812 0.7757142857142857 0.5409523809523812
5 0.7985714285714286 0.5400000000000003 0.7885714285714286 0.5400000000000003 0.7885714285714286 0.5504761904761907 0.7985714285714286 0.5504761904761907
3 0.6885714285714286 0.34000000000000014 0.6757142857142857 0.34000000000000014 0.6757142857142857 0.3466666666666668 0.6885714285714286 0.3466666666666668
4 0.66 0.32380952380952394 0.63 0.32380952380952394 0.63 0.35904761904761917 0.66 0.35904761904761917
11 0.6435714285714286 0.30761904761904774 0.6314285714285715 0.30761904761904774 0.6314285714285715 0.3152380952380954 0.6435714285714286 0.3152380952380954
2 0.10500000000000008 0.800952380952381 0.001428571428571502 0.800952380952381 0.001428571428571511 0.9971428571428571 0.10500000000000008 0.9971428571428571
11 0.15071428571428575 0.43142857142857144 0.13071428571428576 0.43142857142857144 0.13071428571428576 0.44666666666666666 0.15071428571428575 0.44666666666666666
3 0.15428571428571433 0.42952380952380953 0.13571428571428576 0.42952380952380953 0.13571428571428576 0.4419047619047619 0.15428571428571433 0.4419047619047619
4 0.48714285714285716 0.302857142857143 0.4392857142857143 0.302857142857143 0.4392857142857143 0.3323809523809525 0.48714285714285716 0.3323809523809525
10 0.5428571428571428 0.34000000000000014 0.535 0.34000000000000014 0.535 0.3561904761904763 0.5428571428571428 0.3561904761904763
10 0.6678571428571428 0.43047619047619057 0.64 0.43047619047619057 0.64 0.44571428571428584 0.6678571428571428 0.44571428571428584
11 0.6842857142857143 0.32761904761904775 0.675 0.32761904761904775 0.675 0.3361904761904763 0.6842857142857143 0.3361904761904763
11 0.6735714285714286 0.3200000000000001 0.6685714285714286 0.3200000000000001 0.6685714285714286 0.32666666666666677 0.6735714285714286 0.32666666666666677
10 0.6828571428571428 0.41428571428571437 0.6614285714285715 0.41428571428571437 0.6614285714285715 0.42761904761904773 0.6828571428571428 0.42761904761904773