2 0.5878571428571429 0.4974619289340103 0.52 0.4974619289340103 0.52 0.5520304568527921 0.5878571428571429 0.5520304568527921
2 0.5471428571428572 0.4010152284263961 0.5135714285714286 0.4010152284263961 0.5135714285714286 0.4467005076142133 0.5471428571428572 0.4467005076142133
2 0.5664285714285714 0.40862944162436565 0.5292857142857142 0.40862944162436565 0.5292857142857142 0.45812182741116764 0.5664285714285714 0.45812182741116764
2 0.5807142857142857 0.418781725888325 0.5485714285714286 0.418781725888325 0.5485714285714286 0.46827411167512706 0.5807142857142857 0.46827411167512706
2 0.6142857142857143 0.41497461928934026 0.5828571428571429 0.41497461928934026 0.5828571428571429 0.4644670050761423 0.6142857142857143 0.4644670050761423
2 0.6307142857142857 0.418781725888325 0.6007142857142858 0.418781725888325 0.6007142857142858 0.47335025380710677 0.6307142857142857 0.47335025380710677
2 0.6535714285714286 0.4225888324873098 0.6207142857142857 0.4225888324873098 0.6207142857142857 0.4784263959390864 0.6535714285714286 0.4784263959390864
2 0.6728571428571428 0.4289340101522844 0.6435714285714286 0.4289340101522844 0.6435714285714286 0.48477157360406103 0.6728571428571428 0.48477157360406103
2 0.6921428571428572 0.43654822335025395 0.6635714285714286 0.43654822335025395 0.6635714285714286 0.48984771573604075 0.6921428571428572 0.48984771573604075
10 0.6957142857142857 0.5088832487309646 0.6342857142857142 0.5088832487309646 0.6342857142857142 0.5571065989847718 0.6957142857142857 0.5571065989847718
10 0.6957142857142857 0.4974619289340103 0.6378571428571429 0.4974619289340103 0.6378571428571429 0.5342639593908631 0.6957142857142857 0.5342639593908631
10 0.7014285714285714 0.47461928934010167 0.6114285714285714 0.47461928934010167 0.6114285714285714 0.5266497461928935 0.7014285714285714 0.5266497461928935
10 0.7128571428571429 0.4505076142131981 0.69 0.4505076142131981 0.69 0.5000000000000001 0.7128571428571429 0.5000000000000001
10 0.6121428571428571 0.4771573604060915 0.5571428571428572 0.4771573604060915 0.5571428571428572 0.5164974619289342 0.6121428571428571 0.5164974619289342
10 0.6107142857142858 0.4644670050761423 0.5578571428571428 0.4644670050761423 0.5578571428571428 0.50253807106599 0.6107142857142858 0.50253807106599
10 0.6185714285714285 0.44796954314720827 0.57 0.44796954314720827 0.57 0.48984771573604075 0.6185714285714285 0.48984771573604075
10 0.5614285714285714 0.48857868020304585 0.5021428571428571 0.48857868020304585 0.5021428571428571 0.5241116751269037 0.5614285714285714 0.5241116751269037
10 0.34785714285714286 0.45177664974619297 0.29642857142857143 0.4517766497461929 0.29642857142857143 0.49238578680203055 0.34785714285714286 0.4923857868020306
2 0.4735714285714286 0.40482233502538084 0.44 0.40482233502538084 0.44 0.4555837563451778 0.4735714285714286 0.4555837563451778
2 0.49857142857142855 0.37690355329949254 0.46214285714285713 0.37690355329949254 0.46214285714285713 0.43020304568527934 0.49857142857142855 0.43020304568527934
10 0.49214285714285716 0.41624365482233516 0.4585714285714286 0.41624365482233516 0.4585714285714286 0.46319796954314735 0.49214285714285716 0.46319796954314735
10 0.5042857142857143 0.4276649746192895 0.47285714285714286 0.4276649746192895 0.47285714285714286 0.4670050761421321 0.5042857142857143 0.4670050761421321
10 0.5128571428571429 0.3870558375634519 0.4835714285714286 0.3870558375634519 0.4835714285714286 0.43020304568527934 0.5128571428571429 0.43020304568527934
10 0.5285714285714286 0.3997461928934012 0.49714285714285716 0.3997461928934012 0.49714285714285716 0.4467005076142133 0.5285714285714286 0.4467005076142133
11 0.11714285714285715 0.1814720812182741 0.105 0.1814720812182741 0.105 0.19289340101522842 0.11714285714285715 0.19289340101522842
3 0.3414285714285714 0.20812182741116758 0.3271428571428571 0.20812182741116758 0.3271428571428571 0.2195431472081219 0.3414285714285714 0.2195431472081219
3 0.34785714285714286 0.20558375634517773 0.335 0.20558375634517773 0.335 0.21700507614213205 0.34785714285714286 0.21700507614213205
3 0.3585714285714286 0.20050761421319804 0.34785714285714286 0.20050761421319804 0.34785714285714286 0.21192893401015236 0.3585714285714286 0.21192893401015236
3 0.36142857142857143 0.1979695431472082 0.3514285714285714 0.1979695431472082 0.3514285714285714 0.20812182741116758 0.36142857142857143 0.20812182741116758
3 0.3678571428571429 0.19543147208121833 0.35642857142857143 0.19543147208121833 0.35642857142857143 0.20558375634517773 0.3678571428571429 0.20558375634517773
11 0.35285714285714287 0.20050761421319804 0.3407142857142857 0.20050761421319804 0.3407142857142857 0.2144670050761422 0.35285714285714287 0.2144670050761422
10 0.09000000000000004 0.5152284263959391 0.05714285714285718 0.5152284263959391 0.05714285714285718 0.5596446700507615 0.09000000000000004 0.5596446700507615
3 0.5357142857142857 0.3058375634517768 0.5214285714285715 0.3058375634517768 0.5214285714285715 0.3223350253807108 0.5357142857142857 0.3223350253807108
3 0.6828571428571428 0.33629441624365497 0.6607142857142857 0.33629441624365497 0.6607142857142857 0.35152284263959405 0.6828571428571428 0.35152284263959405
3 0.7142857142857143 0.3426395939086296 0.6921428571428572 0.3426395939086296 0.6921428571428572 0.3591370558375636 0.7142857142857143 0.3591370558375636
3 0.7307142857142858 0.33756345177664987 0.7185714285714285 0.33756345177664987 0.7185714285714285 0.35659898477157376 0.7307142857142858 0.35659898477157376
3 0.7635714285714286 0.3477157360406093 0.7471428571428571 0.3477157360406093 0.7471428571428571 0.3680203045685281 0.7635714285714286 0.3680203045685281
3 0.79 0.36421319796954327 0.7721428571428571 0.36421319796954327 0.7721428571428571 0.38451776649746205 0.79 0.38451776649746205
7 0.5535714285714286 0.4670050761421321 0.5507142857142857 0.4670050761421321 0.5507142857142857 0.48477157360406103 0.5535714285714286 0.48477157360406103
7 0.525 0.47461928934010167 0.5207142857142857 0.47461928934010167 0.5207142857142857 0.4923857868020306 0.525 0.4923857868020306
7 0.5292857142857142 0.47335025380710677 0.5242857142857142 0.47335025380710677 0.5242857142857142 0.4936548223350255 0.5292857142857142 0.4936548223350255
7 0.52 0.4809644670050763 0.515 0.4809644670050763 0.515 0.5000000000000001 0.52 0.5000000000000001
10 0.6407142857142857 0.5000000000000001 0.565 0.5000000000000001 0.565 0.5520304568527921 0.6407142857142857 0.5520304568527921
11 0.6385714285714286 0.3274111675126905 0.6192857142857143 0.3274111675126905 0.6192857142857143 0.3489847715736042 0.6385714285714286 0.3489847715736042
3 0.41214285714285714 0.2728426395939087 0.395 0.2728426395939087 0.395 0.2880710659898478 0.41214285714285714 0.2880710659898478
3 0.42428571428571427 0.2918781725888326 0.4064285714285714 0.2918781725888326 0.4064285714285714 0.30710659898477166 0.42428571428571427 0.30710659898477166
3 0.44285714285714284 0.1827411167512691 0.4328571428571429 0.1827411167512691 0.4328571428571429 0.19416243654822343 0.44285714285714284 0.19416243654822343
3 0.45 0.1827411167512691 0.44285714285714284 0.1827411167512691 0.44285714285714284 0.19416243654822343 0.45 0.19416243654822343
3 0.45714285714285713 0.18401015228426404 0.44785714285714284 0.18401015228426404 0.44785714285714284 0.19543147208121833 0.45714285714285713 0.19543147208121833
3 0.47214285714285714 0.16878172588832493 0.46285714285714286 0.16878172588832493 0.46285714285714286 0.1776649746192894 0.47214285714285714 0.1776649746192894
3 0.4807142857142857 0.16878172588832493 0.4707142857142857 0.16878172588832493 0.4707142857142857 0.18020304568527926 0.4807142857142857 0.18020304568527926
2 0.4714285714285714 0.11421319796954325 0.45 0.11421319796954325 0.45 0.13071065989847727 0.4714285714285714 0.13071065989847727
3 0.3757142857142857 0.10406091370558383 0.36642857142857144 0.10406091370558383 0.36642857142857144 0.11167512690355337 0.3757142857142857 0.11167512690355337
3 0.4092857142857143 0.11421319796954323 0.4035714285714286 0.11421319796954323 0.4035714285714286 0.12055837563451784 0.4092857142857143 0.12055837563451784
3 0.41928571428571426 0.10786802030456862 0.41285714285714287 0.1078680203045686 0.41285714285714287 0.11421319796954324 0.41928571428571426 0.11421319796954325
3 0.3842857142857143 0.09010152284263967 0.3757142857142857 0.09010152284263967 0.3757142857142857 0.09771573604060921 0.3842857142857143 0.09771573604060921
3 0.46214285714285713 0.09771573604060925 0.4521428571428571 0.09771573604060925 0.4521428571428571 0.10279187817258895 0.46214285714285713 0.10279187817258895
2 0.3871428571428571 0.11421319796954323 0.3657142857142857 0.11421319796954323 0.3657142857142857 0.1281725888324874 0.3871428571428571 0.1281725888324874
2 0.5021428571428571 0.10279187817258895 0.4807142857142857 0.10279187817258895 0.4807142857142857 0.11802030456852802 0.5021428571428571 0.11802030456852802
2 0.5014285714285714 0.10786802030456863 0.48142857142857143 0.10786802030456863 0.48142857142857143 0.12309644670050772 0.5014285714285714 0.12309644670050772
10 0.49214285714285716 0.11421319796954325 0.4735714285714286 0.11421319796954325 0.4735714285714286 0.12817258883248742 0.49214285714285716 0.12817258883248742
2 0.5707142857142857 0.12309644670050772 0.5521428571428572 0.12309644670050772 0.5521428571428572 0.1421319796954316 0.5707142857142857 0.1421319796954316
2 0.58 0.12055837563451788 0.5621428571428572 0.12055837563451788 0.5621428571428572 0.14467005076142142 0.58 0.14467005076142142
2 0.6135714285714285 0.12309644670050776 0.5957142857142858 0.12309644670050776 0.5957142857142858 0.1472081218274113 0.6135714285714285 0.1472081218274113
3 0.635 0.14213197969543162 0.6292857142857143 0.14213197969543162 0.6292857142857143 0.14847715736040623 0.635 0.14847715736040623
3 0.645 0.14593908629441638 0.6378571428571429 0.14593908629441638 0.6378571428571429 0.15355329949238594 0.645 0.15355329949238594
3 0.7221428571428572 0.1370558375634519 0.7107142857142857 0.1370558375634519 0.7107142857142857 0.14340101522842655 0.7221428571428572 0.14340101522842655
3 0.7292857142857143 0.13197969543147223 0.7192857142857143 0.13197969543147223 0.7192857142857143 0.14213197969543162 0.7292857142857143 0.14213197969543162
3 0.82 0.3591370558375636 0.8007142857142857 0.3591370558375636 0.8007142857142857 0.37690355329949254 0.82 0.37690355329949254
3 0.8292857142857143 0.35786802030456866 0.815 0.35786802030456866 0.815 0.3756345177664976 0.8292857142857143 0.3756345177664976
3 0.8564285714285714 0.35152284263959405 0.8335714285714285 0.35152284263959405 0.8335714285714285 0.369289340101523 0.8564285714285714 0.369289340101523
3 0.8657142857142858 0.34644670050761434 0.8471428571428572 0.34644670050761434 0.8471428571428572 0.36421319796954327 0.8657142857142858 0.36421319796954327
3 0.8928571428571429 0.3274111675126905 0.8721428571428571 0.3274111675126905 0.8721428571428571 0.34644670050761434 0.8928571428571429 0.34644670050761434
3 0.8957142857142857 0.30076142131979716 0.875 0.30076142131979716 0.875 0.31598984771573624 0.8957142857142857 0.31598984771573624
3 0.8985714285714286 0.29568527918781745 0.8785714285714286 0.29568527918781745 0.8785714285714286 0.3109137055837566 0.8985714285714286 0.3109137055837566
3 0.8978571428571429 0.2855329949238581 0.8757142857142857 0.2855329949238581 0.8757142857142857 0.30076142131979716 0.8978571428571429 0.30076142131979716
3 0.9021428571428571 0.27411167512690376 0.8821428571428571 0.27411167512690376 0.8821428571428571 0.2918781725888327 0.9021428571428571 0.2918781725888327
3 0.9042857142857142 0.2715736040609139 0.885 0.2715736040609139 0.885 0.286802030456853 0.9042857142857142 0.286802030456853
3 0.9 0.2601522842639596 0.8814285714285715 0.2601522842639596 0.8814285714285715 0.27284263959390886 0.9 0.27284263959390886
3 0.8992857142857142 0.25507614213197993 0.88 0.25507614213197993 0.88 0.26903553299492405 0.8992857142857142 0.26903553299492405
3 0.905 0.2500000000000002 0.8864285714285715 0.2500000000000002 0.8864285714285715 0.2639593908629444 0.905 0.2639593908629444
3 0.9028571428571428 0.23730964467005097 0.8842857142857142 0.23730964467005097 0.8842857142857142 0.2512690355329951 0.9028571428571428 0.2512690355329951
3 0.9035714285714286 0.24238578680203068 0.885 0.24238578680203068 0.885 0.25761421319796973 0.9035714285714286 0.25761421319796973
3 0.9814285714285714 0.2969543147208124 0.96 0.2969543147208124 0.96 0.3121827411167515 0.9814285714285714 0.3121827411167515
3 0.9778571428571429 0.2779187817258885 0.9564285714285714 0.2779187817258885 0.9564285714285714 0.2918781725888327 0.9778571428571429 0.2918781725888327
3 0.9814285714285714 0.28299492385786823 0.96 0.28299492385786823 0.96 0.2982233502538073 0.9814285714285714 0.2982233502538073
3 0.9828571428571429 0.29441624365482255 0.9607142857142857 0.29441624365482255 0.9607142857142857 0.30964467005076163 0.9828571428571429 0.30964467005076163
3 0.9228571428571428 0.27284263959390886 0.9142857142857143 0.27284263959390886 0.9142857142857143 0.28807106598984794 0.9228571428571428 0.28807106598984794
3 0.9171428571428571 0.2220812182741119 0.91 0.2220812182741119 0.91 0.23604060913705605 0.9171428571428571 0.23604060913705605
3 0.9464285714285714 0.21700507614213219 0.9385714285714286 0.21700507614213219 0.9385714285714286 0.23096446700507636 0.9464285714285714 0.23096446700507636
3 0.97 0.19923857868020325 0.9557142857142857 0.19923857868020325 0.9557142857142857 0.2068527918781728 0.97 0.2068527918781728
3 0.9721428571428572 0.19670050761421343 0.9564285714285714 0.19670050761421343 0.9564285714285714 0.2055837563451779 0.9721428571428572 0.2055837563451779
3 0.9171428571428571 0.19162436548223372 0.9021428571428571 0.19162436548223372 0.9021428571428571 0.2017766497461931 0.9171428571428571 0.2017766497461931
3 0.9185714285714286 0.18401015228426418 0.9035714285714286 0.18401015228426418 0.9035714285714286 0.19670050761421343 0.9185714285714286 0.19670050761421343
3 0.9192857142857143 0.17893401015228447 0.9035714285714286 0.17893401015228447 0.9035714285714286 0.1903553299492388 0.9192857142857143 0.1903553299492388
3 0.9107142857142857 0.21065989847715758 0.8928571428571429 0.21065989847715758 0.8928571428571429 0.22335025380710682 0.9107142857142857 0.22335025380710682
3 0.9128571428571428 0.20812182741116772 0.8964285714285715 0.20812182741116772 0.8964285714285715 0.22081218274111697 0.9128571428571428 0.22081218274111697
10 0.9035714285714286 0.17893401015228447 0.8778571428571429 0.17893401015228447 0.8778571428571429 0.20431472081218296 0.9035714285714286 0.20431472081218296
3 0.875 0.17005076142132 0.8678571428571429 0.17005076142132 0.8678571428571429 0.18274111675126925 0.875 0.18274111675126925
10 0.9628571428571429 0.09263959390862966 0.9542857142857143 0.09263959390862966 0.9542857142857143 0.11421319796954336 0.9628571428571429 0.11421319796954336
3 0.9535714285714286 0.09263959390862966 0.9478571428571428 0.09263959390862966 0.9478571428571428 0.10659898477157383 0.9535714285714286 0.10659898477157383
7 0.9471428571428572 0.1852791878172591 0.9442857142857143 0.1852791878172591 0.9442857142857143 0.1954314720812185 0.9471428571428572 0.1954314720812185
7 0.9442857142857143 0.09644670050761443 0.9407142857142857 0.09644670050761443 0.9407142857142857 0.10406091370558397 0.9442857142857143 0.10406091370558397
7 0.9371428571428572 0.2918781725888327 0.9328571428571428 0.2918781725888327 0.9328571428571428 0.30964467005076163 0.9371428571428572 0.30964467005076163
7 0.9078571428571428 0.32994923857868036 0.9028571428571428 0.32994923857868036 0.9028571428571428 0.34517766497461944 0.9078571428571428 0.34517766497461944
7 0.8942857142857142 0.3388324873096448 0.8907142857142857 0.3388324873096448 0.8907142857142857 0.3540609137055839 0.8942857142857142 0.3540609137055839
7 0.9078571428571428 0.22335025380710682 0.905 0.22335025380710682 0.905 0.2322335025380713 0.9078571428571428 0.2322335025380713