11 0.5771428571428572 0.6714285714285714 0.485 0.6714285714285714 0.485 0.7428571428571429 0.5771428571428572 0.7428571428571429
11 0.9257142857142857 0.8228571428571431 0.7985714285714286 0.8228571428571431 0.7985714285714286 0.9276190476190478 0.9257142857142857 0.9276190476190478
11 0.039285714285714333 0.5371428571428571 0.0007142857142857637 0.5371428571428571 0.0007142857142857663 0.5923809523809523 0.039285714285714333 0.5923809523809523
3 0.059285714285714344 0.6114285714285714 5.615880321804292e-17 0.6114285714285714 5.834567250223461e-17 0.659047619047619 0.059285714285714344 0.659047619047619
10 0.21142857142857152 0.6228571428571429 0.0928571428571429 0.6228571428571429 0.09285714285714292 0.6971428571428572 0.21142857142857152 0.6971428571428572
8 0.10428571428571433 0.6323809523809524 0.08928571428571434 0.6323809523809524 0.08928571428571434 0.6571428571428571 0.10428571428571433 0.6571428571428571
1 0.11428571428571435 0.6476190476190476 0.0864285714285715 0.6476190476190476 0.0864285714285715 0.6685714285714286 0.11428571428571437 0.6685714285714286
3 0.06500000000000004 0.5457142857142857 0.028571428571428623 0.5457142857142857 0.028571428571428623 0.5828571428571429 0.06500000000000006 0.5828571428571429
1 0.040714285714285765 0.580952380952381 0.02357142857142862 0.580952380952381 0.02357142857142862 0.5980952380952381 0.040714285714285765 0.5980952380952381
1 0.04357142857142863 0.5980952380952381 0.03642857142857148 0.5980952380952381 0.036428571428571484 0.6161904761904762 0.04357142857142863 0.6161904761904762
11 0.11214285714285718 0.540952380952381 0.07642857142857147 0.540952380952381 0.07642857142857148 0.579047619047619 0.11214285714285718 0.579047619047619
3 0.13857142857142862 0.5485714285714286 0.10428571428571433 0.5485714285714286 0.10428571428571433 0.5876190476190476 0.13857142857142862 0.5876190476190476
3 0.17571428571428577 0.540952380952381 0.1342857142857143 0.540952380952381 0.1342857142857143 0.5847619047619048 0.17571428571428577 0.5847619047619048
3 0.20642857142857152 0.5523809523809524 0.17142857142857146 0.5523809523809524 0.17142857142857146 0.5876190476190476 0.20642857142857152 0.5876190476190476
8 0.16857142857142862 0.5971428571428572 0.1585714285714286 0.5971428571428572 0.1585714285714286 0.621904761904762 0.16857142857142862 0.621904761904762
9 0.19214285714285723 0.5742857142857143 0.1435714285714286 0.5742857142857143 0.1435714285714286 0.6114285714285714 0.19214285714285723 0.6114285714285714
3 0.1228571428571429 0.621904761904762 0.05500000000000006 0.621904761904762 0.05500000000000006 0.66 0.1228571428571429 0.66
3 0.2407142857142858 0.6142857142857143 0.18000000000000005 0.6142857142857143 0.18000000000000005 0.6580952380952381 0.2407142857142858 0.6580952380952381
3 0.2071428571428572 0.7247619047619047 0.0957142857142858 0.7247619047619047 0.0957142857142858 0.7761904761904762 0.2071428571428572 0.7761904761904762
3 0.2585714285714287 0.7561904761904762 0.15000000000000008 0.7561904761904762 0.15000000000000008 0.8104761904761905 0.2585714285714287 0.8104761904761905
8 0.24142857142857152 0.6457142857142857 0.2314285714285715 0.6457142857142857 0.2314285714285715 0.6723809523809524 0.24142857142857152 0.6723809523809524
5 0.25500000000000006 0.6523809523809524 0.21928571428571436 0.6523809523809524 0.21928571428571436 0.6761904761904762 0.25500000000000006 0.6761904761904762
7 0.21285714285714294 0.5857142857142857 0.20285714285714293 0.5857142857142857 0.20285714285714293 0.621904761904762 0.21285714285714294 0.621904761904762
8 0.20428571428571438 0.5466666666666666 0.19357142857142864 0.5466666666666666 0.19357142857142864 0.5676190476190476 0.20428571428571438 0.5676190476190476
7 0.2714285714285715 0.599047619047619 0.26000000000000006 0.599047619047619 0.26000000000000006 0.6333333333333333 0.2714285714285715 0.6333333333333333
7 0.25357142857142867 0.5885714285714285 0.24428571428571436 0.5885714285714285 0.24428571428571436 0.6228571428571429 0.25357142857142867 0.6228571428571429
7 0.24285714285714294 0.5961904761904762 0.23428571428571437 0.5961904761904762 0.23428571428571437 0.6180952380952381 0.24285714285714294 0.6180952380952381
7 0.24214285714285722 0.56 0.23357142857142865 0.56 0.23357142857142865 0.5876190476190476 0.24214285714285722 0.5876190476190476
7 0.23785714285714293 0.5514285714285714 0.22714285714285723 0.5514285714285714 0.22714285714285723 0.5780952380952381 0.23785714285714293 0.5780952380952381
7 0.2585714285714287 0.5219047619047619 0.2514285714285715 0.5219047619047619 0.2514285714285715 0.5457142857142857 0.2585714285714287 0.5457142857142857
7 0.2664285714285715 0.5142857142857142 0.25714285714285723 0.5142857142857142 0.25714285714285723 0.5371428571428571 0.2664285714285715 0.5371428571428571
7 0.2557142857142858 0.4742857142857143 0.2507142857142858 0.4742857142857143 0.2507142857142858 0.49142857142857144 0.2557142857142858 0.49142857142857144
7 0.2585714285714287 0.4580952380952381 0.2514285714285715 0.4580952380952381 0.2514285714285715 0.47619047619047616 0.2585714285714287 0.47619047619047616
7 0.27357142857142863 0.44 0.2692857142857143 0.44 0.26928571428571435 0.4542857142857143 0.27357142857142863 0.4542857142857143
7 0.2792857142857143 0.4361904761904762 0.2735714285714286 0.4361904761904762 0.27357142857142863 0.44952380952380955 0.27928571428571436 0.44952380952380955
7 0.2807142857142857 0.4095238095238095 0.27785714285714286 0.4095238095238095 0.27785714285714286 0.4180952380952381 0.2807142857142857 0.4180952380952381
7 0.27785714285714286 0.4104761904761905 0.2757142857142857 0.4104761904761905 0.2757142857142857 0.41904761904761906 0.27785714285714286 0.41904761904761906
10 0.30357142857142855 0.3980952380952381 0.27714285714285714 0.3980952380952381 0.27714285714285714 0.41619047619047617 0.30357142857142855 0.41619047619047617
9 0.23357142857142865 0.6047619047619047 0.18714285714285722 0.6047619047619047 0.18714285714285722 0.6323809523809524 0.23357142857142865 0.6323809523809524
3 0.395 0.6714285714285714 0.3114285714285715 0.6714285714285714 0.3114285714285715 0.7152380952380952 0.395 0.7152380952380952
3 0.46714285714285714 0.6533333333333333 0.3921428571428571 0.6533333333333333 0.3921428571428571 0.7057142857142857 0.46714285714285714 0.7057142857142857
3 0.46 0.6028571428571429 0.4164285714285714 0.6028571428571429 0.4164285714285714 0.6447619047619048 0.46 0.6447619047619048
3 0.47714285714285715 0.5695238095238095 0.4471428571428571 0.5695238095238095 0.4471428571428571 0.6123809523809524 0.47714285714285715 0.6123809523809524
3 0.5071428571428571 0.559047619047619 0.4764285714285714 0.559047619047619 0.4764285714285714 0.5942857142857143 0.5071428571428571 0.5942857142857143
11 0.4135714285714286 0.6171428571428571 0.3407142857142858 0.6171428571428571 0.3407142857142858 0.6723809523809524 0.4135714285714286 0.6723809523809524
7 0.425 0.5838095238095238 0.4157142857142857 0.5838095238095238 0.4157142857142857 0.6152380952380953 0.425 0.6152380952380953
7 0.44571428571428573 0.5628571428571428 0.43642857142857144 0.5628571428571428 0.43642857142857144 0.5904761904761905 0.44571428571428573 0.5904761904761905
7 0.43857142857142856 0.5657142857142857 0.43 0.5657142857142857 0.43 0.5895238095238096 0.43857142857142856 0.5895238095238096
7 0.4442857142857143 0.5542857142857143 0.4357142857142857 0.5542857142857143 0.4357142857142857 0.5761904761904761 0.4442857142857143 0.5761904761904761
7 0.43714285714285717 0.5533333333333333 0.42928571428571427 0.5533333333333333 0.42928571428571427 0.579047619047619 0.43714285714285717 0.579047619047619
3 0.5657142857142857 0.5657142857142857 0.5257142857142857 0.5657142857142857 0.5257142857142857 0.6095238095238096 0.5657142857142857 0.6095238095238096
3 0.6028571428571429 0.5685714285714286 0.565 0.5685714285714286 0.565 0.6066666666666667 0.6028571428571429 0.6066666666666667
3 0.5721428571428572 0.5495238095238095 0.5385714285714286 0.5495238095238095 0.5385714285714286 0.5838095238095238 0.5721428571428572 0.5838095238095238
3 0.5378571428571428 0.5457142857142857 0.5057142857142857 0.5457142857142857 0.5057142857142857 0.5780952380952381 0.5378571428571428 0.5780952380952381
3 0.5028571428571429 0.5380952380952381 0.48 0.5380952380952381 0.48 0.5647619047619048 0.5028571428571429 0.5647619047619048
3 0.5035714285714286 0.52 0.47714285714285715 0.52 0.47714285714285715 0.5476190476190477 0.5035714285714286 0.5476190476190477
3 0.5228571428571429 0.5133333333333333 0.49714285714285716 0.5133333333333333 0.49714285714285716 0.54 0.5228571428571429 0.54
10 0.5492857142857143 0.518095238095238 0.5142857142857142 0.518095238095238 0.5142857142857142 0.5580952380952381 0.5492857142857143 0.5580952380952381
3 0.47714285714285715 0.5266666666666666 0.4521428571428571 0.5266666666666666 0.4521428571428571 0.5533333333333333 0.47714285714285715 0.5533333333333333
3 0.56 0.4800000000000001 0.5357142857142857 0.4800000000000001 0.5357142857142857 0.5047619047619047 0.56 0.5047619047619047
3 0.5042857142857143 0.5028571428571429 0.48428571428571426 0.5028571428571429 0.48428571428571426 0.5238095238095238 0.5042857142857143 0.5238095238095238
3 0.49142857142857144 0.4876190476190476 0.4742857142857143 0.4876190476190476 0.4742857142857143 0.5104761904761905 0.49142857142857144 0.5104761904761905
3 0.48142857142857143 0.4809523809523811 0.46214285714285713 0.4809523809523811 0.46214285714285713 0.4990476190476191 0.48142857142857143 0.4990476190476191
3 0.4685714285714286 0.4704761904761906 0.45 0.4704761904761906 0.45 0.4876190476190476 0.4685714285714286 0.4876190476190476
3 0.45 0.47714285714285726 0.43214285714285716 0.47714285714285726 0.43214285714285716 0.49523809523809526 0.45 0.49523809523809526
3 0.43642857142857144 0.4857142857142858 0.41785714285714287 0.4857142857142858 0.41785714285714287 0.5057142857142857 0.43642857142857144 0.5057142857142857
3 0.46 0.4876190476190476 0.44285714285714284 0.4876190476190476 0.44285714285714284 0.5066666666666667 0.46 0.5066666666666667
7 0.45357142857142857 0.49238095238095236 0.44785714285714284 0.49238095238095236 0.44785714285714284 0.5104761904761905 0.45357142857142857 0.5104761904761905
3 0.425 0.4761904761904763 0.40785714285714286 0.4761904761904763 0.40785714285714286 0.4942857142857143 0.425 0.4942857142857143
3 0.44642857142857145 0.49714285714285716 0.43142857142857144 0.49714285714285716 0.43142857142857144 0.5152380952380953 0.44642857142857145 0.5152380952380953
3 0.4592857142857143 0.5095238095238095 0.44 0.5095238095238095 0.44 0.5352380952380953 0.4592857142857143 0.5352380952380953
3 0.475 0.4980952380952381 0.45714285714285713 0.4980952380952381 0.45714285714285713 0.5152380952380953 0.475 0.5152380952380953
3 0.4835714285714286 0.5057142857142857 0.4635714285714286 0.5057142857142857 0.4635714285714286 0.5333333333333333 0.4835714285714286 0.5333333333333333
3 0.4257142857142857 0.5028571428571429 0.4042857142857143 0.5028571428571429 0.4042857142857143 0.5285714285714286 0.4257142857142857 0.5285714285714286
11 0.44357142857142856 0.5133333333333333 0.4157142857142857 0.5133333333333333 0.4157142857142857 0.5514285714285714 0.44357142857142856 0.5514285714285714
11 0.4407142857142857 0.4657142857142858 0.42214285714285715 0.4657142857142858 0.42214285714285715 0.48857142857142855 0.4407142857142857 0.48857142857142855
7 0.645 0.6228571428571429 0.63 0.6228571428571429 0.63 0.659047619047619 0.645 0.659047619047619
7 0.6578571428571428 0.6133333333333333 0.6492857142857142 0.6133333333333333 0.6492857142857142 0.6466666666666666 0.6578571428571428 0.6466666666666666
7 0.7721428571428571 0.6200000000000002 0.7621428571428571 0.6200000000000002 0.7621428571428571 0.6523809523809526 0.7721428571428571 0.6523809523809526
7 0.79 0.6209523809523811 0.7757142857142857 0.6209523809523811 0.7757142857142857 0.6580952380952383 0.79 0.6580952380952383
7 0.695 0.5257142857142859 0.6878571428571428 0.5257142857142859 0.6878571428571428 0.5476190476190478 0.695 0.5476190476190478
7 0.8242857142857143 0.6352380952380955 0.8142857142857143 0.6352380952380955 0.8142857142857143 0.6676190476190479 0.8242857142857143 0.6676190476190479
7 0.8171428571428572 0.6333333333333335 0.8092857142857143 0.6333333333333335 0.8092857142857143 0.6657142857142859 0.8171428571428572 0.6657142857142859
8 0.7678571428571429 0.6523809523809526 0.755 0.6523809523809526 0.755 0.6876190476190478 0.7678571428571429 0.6876190476190478
5 0.7742857142857142 0.6600000000000003 0.7435714285714285 0.6600000000000003 0.7435714285714285 0.6895238095238098 0.7742857142857142 0.6895238095238098
3 0.7235714285714285 0.7180952380952382 0.625 0.7180952380952381 0.625 0.7980952380952382 0.7235714285714285 0.7980952380952383
3 0.8657142857142858 0.8790476190476193 0.7285714285714285 0.8790476190476193 0.7285714285714286 1 0.8657142857142858 1
3 0.9385714285714286 0.7723809523809526 0.8278571428571428 0.7723809523809526 0.8278571428571428 0.8590476190476193 0.9385714285714286 0.8590476190476193
8 0.6214285714285716 0.8838095238095238 0.6057142857142858 0.8838095238095238 0.6057142857142858 0.920952380952381 0.6214285714285716 0.920952380952381
5 0.6357142857142859 0.8952380952380953 0.5992857142857144 0.8952380952380953 0.5992857142857144 0.9476190476190476 0.6357142857142859 0.9476190476190476
7 0.8442857142857143 0.6457142857142859 0.8285714285714286 0.6457142857142859 0.8285714285714286 0.6819047619047621 0.8442857142857143 0.6819047619047621
7 0.9014285714285715 0.6314285714285717 0.8907142857142857 0.6314285714285717 0.8907142857142857 0.6676190476190479 0.9014285714285715 0.6676190476190479
5 0.9228571428571428 0.6390476190476193 0.8971428571428571 0.6390476190476193 0.8971428571428571 0.6666666666666669 0.9228571428571428 0.6666666666666669
7 0.9842857142857143 0.6790476190476192 0.9707142857142858 0.6790476190476192 0.9707142857142858 0.7200000000000002 0.9842857142857143 0.7200000000000002
7 0.9771428571428571 0.6600000000000003 0.9657142857142857 0.6600000000000003 0.9657142857142857 0.6914285714285716 0.9771428571428571 0.6914285714285716
7 0.9642857142857143 0.6514285714285717 0.9557142857142857 0.6514285714285717 0.9557142857142857 0.6857142857142859 0.9642857142857143 0.6857142857142859
5 0.9885714285714285 0.6266666666666669 0.9542857142857143 0.6266666666666669 0.9542857142857143 0.6495238095238097 0.9885714285714285 0.6495238095238097
7 0.9842857142857143 0.5800000000000002 0.9735714285714285 0.5800000000000002 0.9735714285714285 0.6114285714285717 0.9842857142857143 0.6114285714285717
1 1 0.5990476190476193 0.9885714285714285 0.5990476190476193 0.9885714285714285 0.6171428571428573 1 0.6171428571428573
1 0.9728571428571429 0.5866666666666669 0.9592857142857143 0.5866666666666669 0.9592857142857143 0.605714285714286 0.9728571428571429 0.605714285714286
7 0.8 0.5514285714285716 0.7914285714285715 0.5514285714285716 0.7914285714285715 0.5809523809523812 0.8 0.5809523809523812
7 0.79 0.5523809523809526 0.78 0.5523809523809526 0.78 0.5752380952380954 0.79 0.5752380952380954
1 0.9071428571428571 0.563809523809524 0.8921428571428571 0.563809523809524 0.8921428571428571 0.5800000000000002 0.9071428571428571 0.5800000000000002
7 0.6807142857142857 0.504761904761905 0.6728571428571428 0.504761904761905 0.6728571428571428 0.5257142857142859 0.6807142857142857 0.5257142857142859
7 0.6757142857142857 0.4952380952380955 0.6714285714285714 0.4952380952380955 0.6714285714285714 0.5104761904761906 0.6757142857142857 0.5104761904761906
7 0.6678571428571428 0.49142857142857155 0.6621428571428571 0.49142857142857144 0.6621428571428571 0.5095238095238096 0.6678571428571428 0.5095238095238097
7 0.6642857142857143 0.4923809523809525 0.6578571428571428 0.49238095238095236 0.6578571428571428 0.5066666666666668 0.6642857142857143 0.5066666666666669
7 0.6878571428571428 0.5028571428571431 0.6807142857142857 0.5028571428571431 0.6807142857142857 0.5219047619047621 0.6878571428571428 0.5219047619047621
7 0.6814285714285714 0.48666666666666675 0.675 0.48666666666666675 0.675 0.503809523809524 0.6814285714285714 0.503809523809524
7 0.6314285714285715 0.47714285714285726 0.6264285714285714 0.47714285714285726 0.6264285714285714 0.49238095238095236 0.6314285714285715 0.49238095238095236
8 0.6314285714285715 0.49047619047619045 0.6264285714285714 0.49047619047619045 0.6264285714285714 0.5028571428571429 0.6314285714285715 0.5028571428571429
8 0.62 0.4857142857142858 0.6171428571428571 0.4857142857142858 0.6171428571428571 0.4980952380952381 0.62 0.4980952380952381
1 0.6214285714285714 0.49047619047619045 0.6142857142857143 0.49047619047619045 0.6142857142857143 0.5009523809523809 0.6214285714285714 0.5009523809523809
5 0.6357142857142857 0.49523809523809526 0.6257142857142857 0.49523809523809526 0.6257142857142857 0.5057142857142857 0.6357142857142857 0.5057142857142857
7 0.6157142857142858 0.4742857142857144 0.6114285714285714 0.4742857142857144 0.6114285714285714 0.4876190476190476 0.6157142857142858 0.4876190476190476
7 0.61 0.47523809523809535 0.6071428571428571 0.47523809523809535 0.6071428571428571 0.4895238095238095 0.61 0.4895238095238095
7 0.5985714285714285 0.4723809523809525 0.5942857142857143 0.4723809523809525 0.5942857142857143 0.4847619047619049 0.5985714285714285 0.4847619047619049
7 0.5928571428571429 0.4685714285714287 0.5885714285714285 0.4685714285714287 0.5885714285714285 0.4838095238095239 0.5928571428571429 0.4838095238095239
7 0.5842857142857143 0.4676190476190477 0.5792857142857143 0.4676190476190477 0.5792857142857143 0.482857142857143 0.5842857142857143 0.482857142857143
7 0.5885714285714285 0.4676190476190477 0.585 0.4676190476190477 0.585 0.4809523809523811 0.5885714285714285 0.4809523809523811
7 0.5857142857142857 0.46000000000000013 0.5821428571428572 0.46000000000000013 0.5821428571428572 0.4723809523809525 0.5857142857142857 0.4723809523809525
7 0.5778571428571428 0.46000000000000013 0.5728571428571428 0.46000000000000013 0.5728571428571428 0.47333333333333344 0.5778571428571428 0.47333333333333344
7 0.5671428571428572 0.4514285714285715 0.5621428571428572 0.4514285714285715 0.5621428571428572 0.4647619047619049 0.5671428571428572 0.4647619047619049
3 0.6328571428571429 0.4685714285714287 0.6057142857142858 0.4685714285714287 0.6057142857142858 0.482857142857143 0.6328571428571429 0.482857142857143
3 0.6157142857142858 0.4647619047619049 0.59 0.4647619047619049 0.59 0.4761904761904763 0.6157142857142858 0.4761904761904763
3 0.61 0.45904761904761915 0.5857142857142857 0.45904761904761915 0.5857142857142857 0.47333333333333344 0.61 0.47333333333333344
7 0.5392857142857143 0.43523809523809537 0.5335714285714286 0.43523809523809537 0.5335714285714286 0.44952380952380966 0.5392857142857143 0.44952380952380966
7 0.5314285714285715 0.4400000000000001 0.5271428571428571 0.4400000000000001 0.5271428571428571 0.44952380952380966 0.5314285714285715 0.44952380952380966
7 0.5285714285714286 0.44095238095238104 0.525 0.44095238095238104 0.525 0.4485714285714287 0.5285714285714286 0.4485714285714287
8 0.5214285714285715 0.43904761904761913 0.5171428571428571 0.43904761904761913 0.5171428571428571 0.44952380952380966 0.5214285714285715 0.44952380952380966
5 0.5221428571428571 0.44285714285714295 0.5164285714285715 0.44285714285714295 0.5164285714285715 0.4504761904761906 0.5221428571428571 0.4504761904761906
3 0.5135714285714286 0.4361904761904763 0.5 0.4361904761904763 0.5 0.4504761904761906 0.5135714285714286 0.4504761904761906
8 0.4807142857142857 0.4361904761904763 0.47785714285714287 0.4361904761904763 0.47785714285714287 0.44476190476190486 0.4807142857142857 0.44476190476190486
1 0.48428571428571426 0.4400000000000001 0.4764285714285714 0.4400000000000001 0.4764285714285714 0.4504761904761906 0.48428571428571426 0.4504761904761906
7 0.49214285714285716 0.4247619047619049 0.4878571428571429 0.4247619047619049 0.4878571428571429 0.43333333333333346 0.49214285714285716 0.43333333333333346
7 0.4878571428571429 0.42666666666666675 0.4857142857142857 0.42666666666666675 0.4857142857142857 0.43333333333333346 0.4878571428571429 0.43333333333333346
8 0.48428571428571426 0.42857142857142866 0.48214285714285715 0.42857142857142866 0.48214285714285715 0.43523809523809537 0.48428571428571426 0.43523809523809537
5 0.4857142857142857 0.4323809523809525 0.48 0.4323809523809525 0.48 0.4371428571428573 0.4857142857142857 0.4371428571428573
8 0.4607142857142857 0.4104761904761906 0.45714285714285713 0.4104761904761906 0.45714285714285713 0.4180952380952382 0.4607142857142857 0.4180952380952382
3 0.4235714285714286 0.4209523809523811 0.4135714285714286 0.4209523809523811 0.4135714285714286 0.4323809523809525 0.4235714285714286 0.4323809523809525
3 0.4057142857142857 0.4085714285714287 0.3964285714285714 0.4085714285714287 0.3964285714285714 0.4180952380952382 0.4057142857142857 0.4180952380952382
11 0.41 0.4180952380952382 0.4 0.4180952380952382 0.4 0.42952380952380964 0.41 0.42952380952380964
8 0.4521428571428571 0.41333333333333344 0.4492857142857143 0.41333333333333344 0.4492857142857143 0.422857142857143 0.4521428571428571 0.422857142857143
1 0.45285714285714285 0.41714285714285726 0.44785714285714284 0.41714285714285726 0.44785714285714284 0.4238095238095239 0.45285714285714285 0.4238095238095239
1 0.42928571428571427 0.4066666666666668 0.4257142857142857 0.4066666666666668 0.4257142857142857 0.4104761904761906 0.42928571428571427 0.4104761904761906
1 0.4107142857142857 0.3980952380952382 0.40785714285714286 0.3980952380952382 0.40785714285714286 0.40095238095238106 0.4107142857142857 0.40095238095238106
5 0.385 0.4514285714285715 0.38142857142857145 0.4514285714285715 0.38142857142857145 0.45714285714285724 0.385 0.45714285714285724
8 0.42857142857142855 0.40285714285714297 0.42642857142857143 0.40285714285714297 0.42642857142857143 0.4085714285714287 0.42857142857142855 0.4085714285714287
8 0.4114285714285714 0.3961904761904763 0.4085714285714286 0.3961904761904763 0.4085714285714286 0.40000000000000013 0.4114285714285714 0.40000000000000013
8 0.385 0.44571428571428584 0.38142857142857145 0.44571428571428584 0.38142857142857145 0.4533333333333334 0.385 0.4533333333333334
8 0.40214285714285714 0.4961904761904762 0.3985714285714286 0.4961904761904762 0.3985714285714286 0.5057142857142857 0.40214285714285714 0.5057142857142857
8 0.39571428571428574 0.48857142857142855 0.39 0.48857142857142855 0.39 0.5 0.39571428571428574 0.5
8 0.3742857142857143 0.4580952380952382 0.37 0.4580952380952382 0.37 0.4666666666666668 0.3742857142857143 0.4666666666666668
5 0.3757142857142857 0.46285714285714297 0.37 0.46285714285714297 0.37 0.47142857142857153 0.3757142857142857 0.47142857142857153
5 0.3964285714285714 0.4942857142857143 0.3892857142857143 0.4942857142857143 0.3892857142857143 0.5028571428571429 0.3964285714285714 0.5028571428571429
5 0.4035714285714286 0.5028571428571429 0.39571428571428574 0.5028571428571429 0.39571428571428574 0.5133333333333333 0.4035714285714286 0.5133333333333333
7 0.43357142857142855 0.401904761904762 0.43142857142857144 0.401904761904762 0.43142857142857144 0.4095238095238096 0.43357142857142855 0.4095238095238096
7 0.38785714285714284 0.38476190476190486 0.385 0.38476190476190486 0.385 0.3914285714285715 0.38785714285714284 0.3914285714285715
7 0.35214285714285715 0.42857142857142866 0.3492857142857143 0.42857142857142866 0.3492857142857143 0.43904761904761913 0.35214285714285715 0.43904761904761913
2 0.37 0.4123809523809525 0.3535714285714286 0.4123809523809525 0.3535714285714286 0.44095238095238104 0.37 0.44095238095238104
2 0.38142857142857145 0.4104761904761906 0.365 0.4104761904761906 0.365 0.4342857142857144 0.38142857142857145 0.4342857142857144
3 0.38285714285714284 0.3942857142857144 0.37714285714285717 0.3942857142857144 0.37714285714285717 0.40095238095238106 0.38285714285714284 0.40095238095238106
3 0.3678571428571429 0.3923809523809525 0.36214285714285716 0.3923809523809525 0.36214285714285716 0.39904761904761915 0.3678571428571429 0.39904761904761915
3 0.37142857142857144 0.3904761904761906 0.36642857142857144 0.3904761904761906 0.36642857142857144 0.3980952380952382 0.37142857142857144 0.3980952380952382
3 0.375 0.3885714285714287 0.3707142857142857 0.3885714285714287 0.3707142857142857 0.39523809523809533 0.375 0.39523809523809533
3 0.36357142857142855 0.38571428571428584 0.35928571428571426 0.38571428571428584 0.35928571428571426 0.3923809523809525 0.36357142857142855 0.3923809523809525
11 0.37 0.38285714285714295 0.365 0.38285714285714295 0.365 0.3895238095238096 0.37 0.3895238095238096
2 0.3628571428571429 0.3761904761904763 0.35285714285714287 0.3761904761904763 0.35285714285714287 0.38476190476190486 0.3628571428571429 0.38476190476190486
2 0.3578571428571429 0.37142857142857155 0.3507142857142857 0.37142857142857155 0.3507142857142857 0.38095238095238104 0.3578571428571429 0.38095238095238104
3 0.3492857142857143 0.40095238095238106 0.3414285714285714 0.40095238095238106 0.3414285714285714 0.4123809523809525 0.3492857142857143 0.4123809523809525
3 0.3442857142857143 0.3885714285714287 0.3385714285714286 0.3885714285714287 0.3385714285714286 0.3942857142857144 0.3442857142857143 0.3942857142857144
3 0.3271428571428571 0.38 0.32071428571428573 0.38 0.32071428571428573 0.38761904761904764 0.3271428571428571 0.38761904761904764
2 0.3435714285714286 0.37904761904761913 0.335 0.37904761904761913 0.335 0.3914285714285715 0.3435714285714286 0.3914285714285715
2 0.3357142857142857 0.37809523809523815 0.3264285714285714 0.3780952380952381 0.3264285714285714 0.3895238095238096 0.3357142857142857 0.3895238095238096
2 0.32785714285714285 0.37333333333333335 0.32142857142857145 0.37333333333333335 0.32142857142857145 0.3819047619047619 0.32785714285714285 0.3819047619047619
3 0.32142857142857145 0.37047619047619046 0.31642857142857145 0.37047619047619046 0.31642857142857145 0.37523809523809526 0.32142857142857145 0.37523809523809526
7 0.3314285714285714 0.3952380952380952 0.3271428571428571 0.3952380952380952 0.3271428571428571 0.40476190476190477 0.3314285714285714 0.40476190476190477
7 0.32571428571428573 0.38666666666666666 0.32285714285714284 0.38666666666666666 0.32285714285714284 0.3942857142857143 0.32571428571428573 0.3942857142857143
3 0.3492857142857143 0.3771428571428572 0.345 0.3771428571428572 0.345 0.38285714285714295 0.3492857142857143 0.38285714285714295
4 0.3492857142857143 0.3657142857142858 0.3335714285714286 0.3657142857142858 0.3335714285714286 0.3761904761904763 0.3492857142857143 0.3761904761904763
4 0.3142857142857143 0.37047619047619046 0.3 0.37047619047619046 0.3 0.38285714285714284 0.3142857142857143 0.38285714285714284
1 0.09857142857142866 0.8809523809523809 0.040000000000000084 0.8809523809523809 0.040000000000000084 0.9257142857142857 0.09857142857142866 0.9257142857142857
1 0.13071428571428578 0.8819047619047619 0.0857142857142858 0.8819047619047619 0.0857142857142858 0.9266666666666666 0.13071428571428578 0.9266666666666666