3 0.49785714285714283 0.950507614213198 0.48428571428571426 0.950507614213198 0.48428571428571426 0.9873096446700508 0.49785714285714283 0.9873096446700508
3 0.45 0.7093908629441624 0.43785714285714283 0.7093908629441624 0.43785714285714283 0.7385786802030457 0.45 0.7385786802030457
3 0.4442857142857143 0.6751269035532995 0.4307142857142857 0.6751269035532995 0.4307142857142857 0.7055837563451777 0.4442857142857143 0.7055837563451777
11 0.485 0.6522842639593909 0.47 0.6522842639593909 0.47 0.6865482233502538 0.485 0.6865482233502538
3 0.43857142857142856 0.6459390862944164 0.4257142857142857 0.6459390862944164 0.4257142857142857 0.6738578680203046 0.43857142857142856 0.6738578680203046
3 0.4442857142857143 0.6154822335025382 0.4328571428571429 0.6154822335025382 0.4328571428571429 0.6421319796954316 0.4442857142857143 0.6421319796954316
2 0.43142857142857144 0.5647208121827413 0.40714285714285714 0.5647208121827413 0.40714285714285714 0.637055837563452 0.43142857142857144 0.637055837563452
11 0.43714285714285717 0.5786802030456855 0.425 0.5786802030456855 0.425 0.6053299492385789 0.43714285714285717 0.6053299492385789
2 0.4642857142857143 0.5050761421319798 0.43357142857142855 0.5050761421319798 0.43357142857142855 0.5710659898477158 0.4642857142857143 0.5710659898477158
2 0.5228571428571429 0.49492385786802046 0.48 0.49492385786802046 0.48 0.5329949238578682 0.5228571428571429 0.5329949238578682
2 0.5164285714285715 0.48350253807106613 0.4735714285714286 0.48350253807106613 0.4735714285714286 0.5228426395939088 0.5164285714285715 0.5228426395939088
3 0.48214285714285715 0.4987309644670052 0.4707142857142857 0.4987309644670052 0.4707142857142857 0.5126903553299493 0.48214285714285715 0.5126903553299493
3 0.48857142857142855 0.48477157360406103 0.4742857142857143 0.48477157360406103 0.4742857142857143 0.5000000000000001 0.48857142857142855 0.5000000000000001
11 0.5478571428571428 0.48984771573604075 0.5278571428571428 0.48984771573604075 0.5278571428571428 0.5114213197969545 0.5478571428571428 0.5114213197969545
3 0.5628571428571428 0.47335025380710677 0.5435714285714286 0.47335025380710677 0.5435714285714286 0.49492385786802046 0.5628571428571428 0.49492385786802046
3 0.5671428571428572 0.4263959390862946 0.55 0.4263959390862946 0.55 0.44162436548223366 0.5671428571428572 0.44162436548223366
3 0.5014285714285714 0.453045685279188 0.48642857142857143 0.453045685279188 0.48642857142857143 0.46827411167512706 0.5014285714285714 0.46827411167512706
3 0.4607142857142857 0.45812182741116764 0.44571428571428573 0.45812182741116764 0.44571428571428573 0.4720812182741118 0.4607142857142857 0.4720812182741118
3 0.42642857142857143 0.4911167512690357 0.4064285714285714 0.4911167512690357 0.4064285714285714 0.5088832487309646 0.42642857142857143 0.5088832487309646
3 0.3678571428571429 0.5088832487309646 0.3492857142857143 0.5088832487309646 0.3492857142857143 0.5266497461928935 0.3678571428571429 0.5266497461928935
2 0.4107142857142857 0.4796954314720814 0.3821428571428571 0.4796954314720814 0.3821428571428571 0.5038071065989849 0.4107142857142857 0.5038071065989849
3 0.41928571428571426 0.47335025380710677 0.4014285714285714 0.47335025380710677 0.4014285714285714 0.486040609137056 0.41928571428571426 0.486040609137056
3 0.36357142857142855 0.49492385786802046 0.34214285714285714 0.49492385786802046 0.34214285714285714 0.5139593908629443 0.36357142857142855 0.5139593908629443
11 0.23642857142857143 0.5088832487309645 0.21714285714285714 0.5088832487309645 0.21714285714285714 0.5279187817258884 0.23642857142857143 0.5279187817258884
3 0.26142857142857145 0.5355329949238579 0.24142857142857144 0.5355329949238579 0.24142857142857144 0.550761421319797 0.26142857142857145 0.550761421319797
3 0.31 0.5114213197969543 0.28785714285714287 0.5114213197969543 0.28785714285714287 0.5291878172588832 0.31 0.5291878172588832
3 0.29642857142857143 0.501269035532995 0.275 0.501269035532995 0.275 0.5215736040609137 0.29642857142857143 0.5215736040609137
3 0.6942857142857143 0.4175126903553301 0.6785714285714286 0.4175126903553301 0.6785714285714286 0.4340101522842641 0.6942857142857143 0.4340101522842641
3 0.795 0.3794416243654824 0.7828571428571428 0.3794416243654824 0.7828571428571428 0.3921319796954316 0.795 0.3921319796954316
3 0.9235714285714286 0.2017766497461931 0.9157142857142857 0.2017766497461931 0.9157142857142857 0.21319796954314743 0.9235714285714286 0.21319796954314743
7 0.38785714285714284 0.451776649746193 0.38357142857142856 0.451776649746193 0.38357142857142856 0.46192893401015245 0.38785714285714284 0.46192893401015245
3 0.4057142857142857 0.42385786802030473 0.3964285714285714 0.42385786802030473 0.3964285714285714 0.4467005076142133 0.4057142857142857 0.4467005076142133
10 0.415 0.4010152284263961 0.40285714285714286 0.4010152284263961 0.40285714285714286 0.4390862944162438 0.415 0.4390862944162438
3 0.4257142857142857 0.418781725888325 0.4164285714285714 0.418781725888325 0.4164285714285714 0.4390862944162438 0.4257142857142857 0.4390862944162438
3 0.4207142857142857 0.402284263959391 0.4114285714285714 0.402284263959391 0.4114285714285714 0.4200507614213199 0.4207142857142857 0.4200507614213199
3 0.40785714285714286 0.3870558375634519 0.4 0.3870558375634519 0.4 0.4073604060913707 0.40785714285714286 0.4073604060913707
3 0.4164285714285714 0.3819796954314722 0.40714285714285714 0.3819796954314722 0.40714285714285714 0.4010152284263961 0.4164285714285714 0.4010152284263961
3 0.41285714285714287 0.3667512690355331 0.405 0.3667512690355331 0.405 0.385786802030457 0.41285714285714287 0.385786802030457
3 0.405 0.36421319796954327 0.39714285714285713 0.36421319796954327 0.39714285714285713 0.3870558375634519 0.405 0.3870558375634519
3 0.40214285714285714 0.35152284263959405 0.3942857142857143 0.35152284263959405 0.3942857142857143 0.369289340101523 0.40214285714285714 0.369289340101523
3 0.4114285714285714 0.3489847715736042 0.4014285714285714 0.3489847715736042 0.4014285714285714 0.369289340101523 0.4114285714285714 0.369289340101523
10 0.4085714285714286 0.318527918781726 0.3992857142857143 0.318527918781726 0.3992857142857143 0.352791878172589 0.4085714285714286 0.352791878172589
3 0.37857142857142856 0.32994923857868036 0.37214285714285716 0.32994923857868036 0.37214285714285716 0.3477157360406093 0.37857142857142856 0.3477157360406093
2 0.12785714285714286 0.2563451776649746 0.10785714285714286 0.2563451776649746 0.10785714285714287 0.29949238578680204 0.1278571428571429 0.29949238578680204
2 0.10785714285714287 0.2614213197969543 0.08857142857142859 0.2614213197969543 0.08857142857142859 0.30456852791878175 0.1078571428571429 0.30456852791878175
3 0.15142857142857147 0.3401015228426396 0.14142857142857146 0.3401015228426396 0.14142857142857146 0.3565989847715736 0.15142857142857147 0.3565989847715736
3 0.13000000000000003 0.35786802030456855 0.12142857142857147 0.35786802030456855 0.12142857142857147 0.3730964467005076 0.13000000000000003 0.3730964467005076
3 0.13642857142857148 0.3426395939086294 0.12500000000000003 0.3426395939086294 0.12500000000000003 0.3604060913705584 0.13642857142857148 0.3604060913705584
3 0.13928571428571432 0.33248730964467005 0.13000000000000003 0.33248730964467005 0.13000000000000003 0.3477157360406091 0.13928571428571432 0.3477157360406091
3 0.14500000000000005 0.3197969543147208 0.13571428571428576 0.3197969543147208 0.13571428571428576 0.33375634517766495 0.14500000000000005 0.33375634517766495
3 0.14928571428571433 0.30583756345177665 0.14000000000000004 0.30583756345177665 0.14000000000000004 0.3223350253807107 0.14928571428571433 0.3223350253807107
3 0.15500000000000005 0.32614213197969544 0.1471428571428572 0.32614213197969544 0.1471428571428572 0.3426395939086294 0.15500000000000005 0.3426395939086294
3 0.16000000000000003 0.3147208121827411 0.15000000000000005 0.3147208121827411 0.15000000000000005 0.33248730964467005 0.16000000000000003 0.33248730964467005
3 0.16500000000000004 0.3032994923857868 0.15571428571428575 0.3032994923857868 0.15571428571428575 0.31852791878172587 0.16500000000000004 0.31852791878172587
3 0.17 0.2880710659898478 0.16071428571428573 0.2880710659898477 0.16071428571428573 0.30456852791878175 0.17000000000000004 0.3045685279187818
3 0.15571428571428572 0.29314720812182743 0.145 0.29314720812182743 0.14500000000000002 0.3096446700507614 0.15571428571428575 0.3096446700507614
3 0.1592857142857143 0.2817258883248731 0.15071428571428572 0.2817258883248731 0.15071428571428575 0.2969543147208122 0.15928571428571434 0.2969543147208122
3 0.16285714285714287 0.27284263959390864 0.155 0.27284263959390864 0.155 0.2868020304568528 0.16285714285714287 0.2868020304568528
3 0.16642857142857143 0.2588832487309645 0.15785714285714286 0.25888324873096447 0.15785714285714286 0.27664974619289345 0.16642857142857143 0.27664974619289345
3 0.17142857142857143 0.25000000000000006 0.16285714285714287 0.25 0.16285714285714287 0.26522842639593913 0.17142857142857143 0.26522842639593913
3 0.17285714285714285 0.2791878172588833 0.1657142857142857 0.27918781725888325 0.1657142857142857 0.29314720812182743 0.17285714285714285 0.2931472081218275
3 0.1757142857142857 0.26903553299492394 0.16857142857142857 0.26903553299492394 0.16857142857142857 0.2829949238578681 0.1757142857142857 0.2829949238578681
10 0.1792857142857143 0.2880710659898478 0.16785714285714284 0.2880710659898478 0.16785714285714287 0.318527918781726 0.17928571428571433 0.318527918781726
3 0.09714285714285714 0.22588832487309646 0.08071428571428574 0.22588832487309646 0.08071428571428574 0.23730964467005075 0.09714285714285714 0.23730964467005075