3 0.7250000000000001 0.7076190476190477 0.5814285714285714 0.7076190476190476 0.5814285714285715 1 0.7250000000000002 1
11 1 0.41047619047619066 0.9321428571428572 0.4104761904761906 0.9321428571428572 0.5571428571428574 1 0.5571428571428574
7 0.855 0.3038095238095239 0.83 0.3038095238095239 0.83 0.3742857142857144 0.855 0.3742857142857144
7 0.8771428571428571 0.42761904761904773 0.8457142857142858 0.42761904761904773 0.8457142857142858 0.5066666666666669 0.8771428571428571 0.5066666666666669
3 0.445 0.5266666666666666 0.28214285714285725 0.5266666666666666 0.28214285714285725 0.7676190476190476 0.445 0.7676190476190476
3 0.5192857142857142 0.3780952380952382 0.4085714285714286 0.3780952380952382 0.4085714285714286 0.5285714285714286 0.5192857142857142 0.5285714285714286
3 0.5757142857142857 0.2866666666666668 0.4942857142857143 0.2866666666666668 0.4942857142857143 0.3895238095238096 0.5757142857142857 0.3895238095238096
3 0.61 0.22380952380952393 0.5521428571428572 0.22380952380952393 0.5521428571428572 0.301904761904762 0.61 0.301904761904762
3 0.71 0.2742857142857144 0.6457142857142857 0.2742857142857144 0.6457142857142857 0.3780952380952382 0.71 0.3780952380952382
3 0.6378571428571429 0.16190476190476202 0.5771428571428572 0.16190476190476202 0.5771428571428572 0.23523809523809536 0.6378571428571429 0.23523809523809536
3 0.7371428571428571 0.1400000000000001 0.6971428571428572 0.1400000000000001 0.6971428571428572 0.20285714285714296 0.7371428571428571 0.20285714285714296
3 0.7921428571428571 0.13904761904761914 0.7485714285714286 0.13904761904761914 0.7485714285714286 0.20761904761904773 0.7921428571428571 0.20761904761904773
3 0.6492857142857142 0.11904761904761915 0.605 0.11904761904761915 0.605 0.1742857142857144 0.6492857142857142 0.1742857142857144
11 0.6771428571428572 0.041904761904762014 0.6457142857142857 0.041904761904762014 0.6457142857142857 0.09428571428571439 0.6771428571428572 0.09428571428571439
3 0.7521428571428571 0.09142857142857155 0.715 0.09142857142857154 0.715 0.14761904761904773 0.7521428571428571 0.14761904761904773
3 0.9257142857142857 0.2190476190476192 0.8685714285714285 0.2190476190476192 0.8685714285714285 0.30476190476190484 0.9257142857142857 0.30476190476190484
3 0.92 0.16857142857142873 0.8657142857142858 0.16857142857142873 0.8657142857142858 0.23619047619047634 0.92 0.23619047619047634
3 0.9007142857142857 0.12952380952380968 0.8535714285714285 0.12952380952380968 0.8535714285714285 0.1790476190476192 0.9007142857142857 0.1790476190476192
3 0.8907142857142857 0.09619047619047633 0.8457142857142858 0.09619047619047633 0.8457142857142858 0.1495238095238097 0.8907142857142857 0.1495238095238097
3 0.7964285714285714 0.09904761904761919 0.755 0.09904761904761919 0.755 0.15333333333333343 0.7964285714285714 0.15333333333333343
3 0.8 0.07428571428571443 0.7614285714285715 0.07428571428571443 0.7614285714285715 0.11333333333333347 0.8 0.11333333333333347
3 0.7514285714285714 0.06952380952380964 0.7192857142857143 0.06952380952380963 0.7192857142857143 0.10380952380952393 0.7514285714285714 0.10380952380952395
3 0.7535714285714286 0.044761904761904885 0.7264285714285714 0.044761904761904885 0.7264285714285714 0.08000000000000013 0.7535714285714286 0.08000000000000014
3 0.7628571428571429 0.02761904761904774 0.7335714285714285 0.02761904761904774 0.7335714285714285 0.06571428571428584 0.7628571428571429 0.06571428571428585
3 0.8785714285714286 0.06761904761904776 0.8392857142857143 0.06761904761904776 0.8392857142857143 0.11333333333333347 0.8785714285714286 0.11333333333333347
3 0.8721428571428571 0.03333333333333348 0.8371428571428572 0.03333333333333347 0.8371428571428572 0.07619047619047632 0.8721428571428571 0.07619047619047632
3 0.8585714285714285 0.013333333333333471 0.8271428571428572 0.01333333333333347 0.8271428571428572 0.047619047619047755 0.8585714285714285 0.047619047619047755
3 0.7557142857142857 0.0009523809523810738 0.7307142857142858 0.0009523809523810716 0.7307142857142858 0.03142857142857155 0.7557142857142857 0.03142857142857155
3 0.7864285714285715 1.261969368264225e-16 0.7592857142857142 1.2398090928510822e-16 0.7592857142857142 0.020952380952381076 0.7864285714285715 0.02095238095238108
3 1 0.5542857142857145 0.9407142857142857 0.5542857142857145 0.9407142857142857 0.7390476190476193 1 0.7390476190476193