2 0.39714285714285713 0.21192893401015236 0.38 0.21192893401015236 0.38 0.23477157360406098 0.39714285714285713 0.23477157360406098
3 0.40285714285714286 0.23223350253807115 0.39571428571428574 0.23223350253807115 0.39571428571428574 0.2398477157360407 0.40285714285714286 0.2398477157360407
3 0.4092857142857143 0.23477157360406098 0.40214285714285714 0.23477157360406098 0.40214285714285714 0.24492385786802037 0.4092857142857143 0.24492385786802037
3 0.4157142857142857 0.2398477157360407 0.4085714285714286 0.2398477157360407 0.4085714285714286 0.24746192893401023 0.4157142857142857 0.24746192893401023
3 0.4235714285714286 0.24492385786802037 0.4157142857142857 0.24492385786802037 0.4157142857142857 0.25507614213197977 0.4235714285714286 0.25507614213197977
3 0.4207142857142857 0.22715736040609144 0.4135714285714286 0.22715736040609144 0.4135714285714286 0.2360406091370559 0.4207142857142857 0.2360406091370559
3 0.4135714285714286 0.2144670050761422 0.40285714285714286 0.2144670050761422 0.40285714285714286 0.22081218274111683 0.4135714285714286 0.22081218274111683
4 0.37285714285714283 0.22461928934010159 0.3657142857142857 0.22461928934010159 0.3657142857142857 0.23730964467005083 0.37285714285714283 0.23730964467005083
3 0.38142857142857145 0.28045685279187826 0.3678571428571429 0.28045685279187826 0.3678571428571429 0.29695431472081224 0.38142857142857145 0.29695431472081224
3 0.3692857142857143 0.35152284263959405 0.35714285714285715 0.35152284263959405 0.35714285714285715 0.3667512690355331 0.3692857142857143 0.3667512690355331
2 0.44642857142857145 0.2791878172588833 0.4235714285714286 0.2791878172588833 0.4235714285714286 0.31472081218274117 0.44642857142857145 0.31472081218274117
10 0.48928571428571427 0.2588832487309645 0.47785714285714287 0.2588832487309645 0.47785714285714287 0.2741116751269036 0.48928571428571427 0.2741116751269036
10 0.5085714285714286 0.27918781725888336 0.4942857142857143 0.2791878172588833 0.4942857142857143 0.2969543147208123 0.5085714285714286 0.29695431472081235
10 0.5192857142857142 0.2893401015228428 0.5064285714285715 0.2893401015228428 0.5064285714285715 0.3083756345177666 0.5192857142857142 0.3083756345177666
3 0.5335714285714286 0.30329949238578696 0.5164285714285715 0.30329949238578696 0.5164285714285715 0.3159898477157362 0.5335714285714286 0.3159898477157362
3 0.5471428571428572 0.3223350253807108 0.5364285714285715 0.3223350253807108 0.5364285714285715 0.33502538071066007 0.5471428571428572 0.33502538071066007
11 0.5571428571428572 0.3274111675126905 0.5478571428571428 0.3274111675126905 0.5478571428571428 0.34390862944162454 0.5571428571428572 0.34390862944162454
11 0.5621428571428572 0.33629441624365497 0.5542857142857143 0.33629441624365497 0.5542857142857143 0.35659898477157376 0.5621428571428572 0.35659898477157376
11 0.5664285714285714 0.352791878172589 0.5571428571428572 0.352791878172589 0.5571428571428572 0.37055837563451793 0.5664285714285714 0.37055837563451793
3 0.6285714285714286 0.3794416243654824 0.6042857142857143 0.3794416243654824 0.6042857142857143 0.39847715736040623 0.6285714285714286 0.39847715736040623
2 0.5392857142857143 0.3756345177664976 0.4928571428571429 0.3756345177664976 0.4928571428571429 0.40862944162436565 0.5392857142857143 0.40862944162436565
2 0.6114285714285714 0.3540609137055839 0.5521428571428572 0.3540609137055839 0.5521428571428572 0.39720812182741133 0.6114285714285714 0.39720812182741133
2 0.67 0.3540609137055839 0.6271428571428571 0.3540609137055839 0.6271428571428571 0.38324873096446715 0.67 0.38324873096446715
2 0.7257142857142858 0.34517766497461944 0.6864285714285714 0.34517766497461944 0.6864285714285714 0.3743654822335027 0.7257142857142858 0.3743654822335027
7 0.6835714285714286 0.35025380710659915 0.6792857142857143 0.35025380710659915 0.6792857142857143 0.36294416243654837 0.6835714285714286 0.36294416243654837
7 0.685 0.35025380710659915 0.6814285714285714 0.35025380710659915 0.6814285714285714 0.36421319796954327 0.685 0.36421319796954327
7 0.6764285714285714 0.38959390862944177 0.6735714285714286 0.38959390862944177 0.6735714285714286 0.4060913705583758 0.6764285714285714 0.4060913705583758
7 0.5785714285714286 0.40862944162436565 0.5742857142857143 0.40862944162436565 0.5742857142857143 0.4263959390862946 0.5785714285714286 0.4263959390862946
11 0.3871428571428571 0.4060913705583758 0.35642857142857143 0.4060913705583758 0.35642857142857143 0.4340101522842641 0.3871428571428571 0.4340101522842641
5 0.3964285714285714 0.40862944162436565 0.3842857142857143 0.40862944162436565 0.3842857142857143 0.418781725888325 0.3964285714285714 0.418781725888325
5 0.3985714285714286 0.40989847715736055 0.39285714285714285 0.40989847715736055 0.39285714285714285 0.4263959390862946 0.3985714285714286 0.4263959390862946
5 0.40714285714285714 0.40862944162436565 0.39785714285714285 0.40862944162436565 0.39785714285714285 0.42385786802030473 0.40714285714285714 0.42385786802030473
5 0.4092857142857143 0.40482233502538084 0.40214285714285714 0.40482233502538084 0.40214285714285714 0.42385786802030473 0.4092857142857143 0.42385786802030473
5 0.415 0.40355329949238594 0.405 0.40355329949238594 0.405 0.4225888324873098 0.415 0.4225888324873098
5 0.42 0.40355329949238594 0.4114285714285714 0.40355329949238594 0.4114285714285714 0.4213197969543149 0.42 0.4213197969543149
5 0.4235714285714286 0.4073604060913707 0.4164285714285714 0.4073604060913707 0.4164285714285714 0.4200507614213199 0.4235714285714286 0.4200507614213199
5 0.4278571428571429 0.4060913705583758 0.42142857142857143 0.4060913705583758 0.42142857142857143 0.418781725888325 0.4278571428571429 0.418781725888325
5 0.4328571428571429 0.402284263959391 0.4257142857142857 0.402284263959391 0.4257142857142857 0.418781725888325 0.4328571428571429 0.418781725888325
5 0.43714285714285717 0.402284263959391 0.4307142857142857 0.402284263959391 0.4307142857142857 0.4200507614213199 0.43714285714285717 0.4200507614213199
5 0.4421428571428571 0.402284263959391 0.4357142857142857 0.402284263959391 0.4357142857142857 0.418781725888325 0.4421428571428571 0.418781725888325
5 0.45 0.4010152284263961 0.43857142857142856 0.4010152284263961 0.43857142857142856 0.4175126903553301 0.45 0.4175126903553301
5 0.45357142857142857 0.3997461928934012 0.44642857142857145 0.3997461928934012 0.44642857142857145 0.41624365482233516 0.45357142857142857 0.41624365482233516
5 0.4585714285714286 0.39720812182741133 0.4521428571428571 0.39720812182741133 0.4521428571428571 0.41624365482233516 0.4585714285714286 0.41624365482233516
5 0.46214285714285713 0.39720812182741133 0.455 0.39720812182741133 0.455 0.41497461928934026 0.46214285714285713 0.41497461928934026
5 0.46714285714285714 0.3959390862944164 0.4592857142857143 0.3959390862944164 0.4592857142857143 0.4137055837563453 0.46714285714285714 0.4137055837563453
7 0.46285714285714286 0.3807106598984773 0.46 0.3807106598984773 0.46 0.3946700507614215 0.46285714285714286 0.3946700507614215
5 0.4764285714285714 0.3934010152284265 0.46785714285714286 0.3934010152284265 0.46785714285714286 0.4124365482233504 0.4764285714285714 0.4124365482233504
5 0.4785714285714286 0.3946700507614215 0.47285714285714286 0.3946700507614215 0.47285714285714286 0.41116751269035545 0.4785714285714286 0.41116751269035545
5 0.485 0.3934010152284265 0.47785714285714287 0.3934010152284265 0.47785714285714287 0.41116751269035545 0.485 0.41116751269035545
7 0.42 0.385786802030457 0.41714285714285715 0.385786802030457 0.41714285714285715 0.3946700507614215 0.42 0.3946700507614215
7 0.4135714285714286 0.5368020304568529 0.4092857142857143 0.5368020304568529 0.4092857142857143 0.5583756345177666 0.4135714285714286 0.5583756345177666
3 0.6778571428571428 0.9238578680203047 0.65 0.9238578680203046 0.65 0.9961928934010154 0.6778571428571428 0.9961928934010155
3 0.6371428571428571 0.7893401015228426 0.6135714285714285 0.7893401015228426 0.6135714285714285 0.8439086294416244 0.6371428571428571 0.8439086294416244
3 0.6285714285714286 0.6383248730964468 0.6107142857142858 0.6383248730964468 0.6107142857142858 0.6751269035532995 0.6285714285714286 0.6751269035532995
7 0.7042857142857143 0.7576142131979698 0.6992857142857143 0.7576142131979698 0.6992857142857143 0.7829949238578683 0.7042857142857143 0.7829949238578683
7 0.71 0.7588832487309648 0.705 0.7588832487309648 0.705 0.7829949238578683 0.71 0.7829949238578683
7 0.7242857142857143 0.5901015228426397 0.7207142857142858 0.5901015228426397 0.7207142857142858 0.6065989847715737 0.7242857142857143 0.6065989847715737
7 0.7235714285714285 0.586294416243655 0.7207142857142858 0.586294416243655 0.7207142857142858 0.6053299492385789 0.7235714285714285 0.6053299492385789
5 0.6735714285714286 0.5456852791878174 0.6692857142857143 0.5456852791878174 0.6692857142857143 0.5634517766497463 0.6735714285714286 0.5634517766497463
7 0.5442857142857143 0.5456852791878174 0.5407142857142857 0.5456852791878174 0.5407142857142857 0.5609137055837565 0.5442857142857143 0.5609137055837565
7 0.5457142857142857 0.5380710659898479 0.5428571428571428 0.5380710659898479 0.5428571428571428 0.5571065989847718 0.5457142857142857 0.5571065989847718
7 0.6178571428571429 0.5279187817258885 0.615 0.5279187817258885 0.615 0.5469543147208124 0.6178571428571429 0.5469543147208124
7 0.6235714285714286 0.5279187817258885 0.6207142857142857 0.5279187817258885 0.6207142857142857 0.5482233502538072 0.6235714285714286 0.5482233502538072
7 0.6342857142857142 0.5126903553299493 0.63 0.5126903553299493 0.63 0.5291878172588834 0.6342857142857142 0.5291878172588834
5 0.6778571428571428 0.5456852791878174 0.6735714285714286 0.5456852791878174 0.6735714285714286 0.5634517766497463 0.6778571428571428 0.5634517766497463
1 0.715 0.569796954314721 0.71 0.569796954314721 0.71 0.58502538071066 0.715 0.58502538071066
1 0.71 0.5571065989847718 0.705 0.5571065989847718 0.705 0.5736040609137057 0.71 0.5736040609137057
7 0.6128571428571429 0.47335025380710677 0.6092857142857143 0.47335025380710677 0.6092857142857143 0.4923857868020306 0.6128571428571429 0.4923857868020306
7 0.6171428571428571 0.4771573604060915 0.6142857142857143 0.4771573604060915 0.6142857142857143 0.4911167512690357 0.6171428571428571 0.4911167512690357
5 0.6264285714285714 0.451776649746193 0.62 0.451776649746193 0.62 0.4657360406091372 0.6264285714285714 0.4657360406091372
7 0.46214285714285713 0.6167512690355331 0.4585714285714286 0.6167512690355331 0.4585714285714286 0.6383248730964468 0.46214285714285713 0.6383248730964468
7 0.4657142857142857 0.619289340101523 0.4614285714285714 0.619289340101523 0.4614285714285714 0.6383248730964468 0.4657142857142857 0.6383248730964468
7 0.4564285714285714 0.6472081218274113 0.4521428571428571 0.6472081218274113 0.4521428571428571 0.6687817258883249 0.4564285714285714 0.6687817258883249
7 0.4514285714285714 0.6510152284263959 0.4471428571428571 0.6510152284263959 0.4471428571428571 0.6713197969543148 0.4514285714285714 0.6713197969543148
7 0.4564285714285714 0.7271573604060914 0.45071428571428573 0.7271573604060914 0.45071428571428573 0.7538071065989848 0.4564285714285714 0.7538071065989848
7 0.4471428571428571 0.766497461928934 0.44357142857142856 0.766497461928934 0.44357142857142856 0.7906091370558376 0.4471428571428571 0.7906091370558376
7 0.44285714285714284 0.7614213197969543 0.43857142857142856 0.7614213197969543 0.43857142857142856 0.7855329949238579 0.44285714285714284 0.7855329949238579
7 0.46 0.5710659898477158 0.45571428571428574 0.5710659898477158 0.45571428571428574 0.5901015228426397 0.46 0.5901015228426397
7 0.46214285714285713 0.5469543147208124 0.45785714285714285 0.5469543147208124 0.45785714285714285 0.5659898477157362 0.46214285714285713 0.5659898477157362
7 0.4714285714285714 0.5723350253807108 0.46785714285714286 0.5723350253807108 0.46785714285714286 0.5926395939086296 0.4714285714285714 0.5926395939086296
6 0.7692857142857142 0.5710659898477158 0.7257142857142858 0.5710659898477158 0.7257142857142858 0.6319796954314723 0.7692857142857142 0.6319796954314723
7 0.5728571428571428 0.3388324873096448 0.5707142857142857 0.3388324873096448 0.5707142857142857 0.35025380710659915 0.5728571428571428 0.35025380710659915
5 0.6392857142857142 0.4974619289340103 0.6342857142857142 0.4974619289340103 0.6342857142857142 0.5152284263959392 0.6392857142857142 0.5152284263959392
7 0.6535714285714286 0.5317258883248732 0.65 0.5317258883248732 0.65 0.5482233502538072 0.6535714285714286 0.5482233502538072