10 0.04571428571428574 0.4022842639593909 0.025714285714285745 0.4022842639593909 0.025714285714285745 0.4517766497461929 0.045714285714285756 0.4517766497461929
3 0.011428571428571463 0.5152284263959391 3.5514757175273244e-17 0.5152284263959391 3.67394039744206e-17 0.550761421319797 0.011428571428571463 0.550761421319797
10 0.3021428571428572 0.6281725888324873 0.2564285714285715 0.6281725888324873 0.2564285714285715 0.7170050761421319 0.3021428571428572 0.7170050761421319
3 0.35714285714285715 0.5038071065989849 0.3392857142857143 0.5038071065989849 0.3392857142857143 0.5380710659898479 0.35714285714285715 0.5380710659898479
10 0.4328571428571429 0.6218274111675128 0.4035714285714286 0.6218274111675128 0.4035714285714286 0.7322335025380711 0.4328571428571429 0.7322335025380711
3 0.45071428571428573 0.6421319796954316 0.43357142857142855 0.6421319796954316 0.43357142857142855 0.6852791878172588 0.45071428571428573 0.6852791878172588
3 0.4828571428571429 0.5901015228426397 0.4692857142857143 0.5901015228426397 0.4692857142857143 0.6294416243654823 0.4828571428571429 0.6294416243654823
10 0.405 0.9467005076142132 0.375 0.9467005076142132 0.375 0.9974619289340102 0.405 0.9974619289340102
10 0.47714285714285715 0.029187817258883354 0.4685714285714286 0.029187817258883347 0.4685714285714286 0.05964467005076153 0.47714285714285715 0.05964467005076153
3 0.4735714285714286 0.08121827411167523 0.46714285714285714 0.08121827411167523 0.46714285714285714 0.09771573604060925 0.4735714285714286 0.09771573604060925
3 0.46214285714285713 0.1484771573604062 0.4521428571428571 0.1484771573604062 0.4521428571428571 0.17005076142131986 0.46214285714285713 0.17005076142131986
3 0.43714285714285717 0.25380710659898487 0.42642857142857143 0.25380710659898487 0.42642857142857143 0.27538071065989855 0.43714285714285717 0.27538071065989855
3 0.465 0.11421319796954325 0.45571428571428574 0.11421319796954325 0.45571428571428574 0.13324873096446713 0.465 0.13324873096446713
11 0.47785714285714287 1.0334900018185151e-16 0.47214285714285714 1.0272735206045691e-16 0.47214285714285714 0.020304568527918884 0.47785714285714287 0.02030456852791889
2 0.4907142857142857 1.0568018063708124e-16 0.4807142857142857 1.045922964246407e-16 0.4807142857142857 0.01776649746192904 0.4907142857142857 0.017766497461929043
10 0.4942857142857143 0.04314720812182752 0.48642857142857143 0.04314720812182752 0.48642857142857143 0.06598984771573616 0.4942857142857143 0.06598984771573616
3 0.5014285714285714 0.02664974619289351 0.4957142857142857 0.02664974619289351 0.4957142857142857 0.04060913705583767 0.5014285714285714 0.04060913705583767
3 0.5335714285714286 0.010152284263959506 0.5271428571428571 0.010152284263959503 0.5271428571428571 0.03299492385786814 0.5335714285714286 0.03299492385786814
11 0.4942857142857143 0.0951776649746194 0.48714285714285716 0.0951776649746194 0.48714285714285716 0.11294416243654833 0.4942857142857143 0.11294416243654833
11 0.505 0.11294416243654833 0.49642857142857144 0.11294416243654833 0.49642857142857144 0.13324873096446713 0.505 0.13324873096446713
11 0.52 0.28680203045685293 0.5085714285714286 0.28680203045685293 0.5085714285714286 0.31852791878172604 0.52 0.31852791878172604
2 0.495 0.3159898477157361 0.48214285714285715 0.3159898477157361 0.48214285714285715 0.36421319796954327 0.495 0.36421319796954327
8 0.45571428571428574 0.1827411167512691 0.45357142857142857 0.1827411167512691 0.45357142857142857 0.19162436548223358 0.45571428571428574 0.19162436548223358
8 0.5021428571428571 0.05710659898477168 0.5 0.05710659898477168 0.5 0.06598984771573616 0.5021428571428571 0.06598984771573616
8 0.5142857142857142 0.021573604060913815 0.5114285714285715 0.021573604060913815 0.5114285714285715 0.027918781725888433 0.5142857142857142 0.027918781725888433
5 0.5028571428571429 0.0583756345177666 0.4992857142857143 0.0583756345177666 0.4992857142857143 0.06725888324873107 0.5028571428571429 0.06725888324873107
5 0.515 0.021573604060913815 0.5121428571428571 0.021573604060913815 0.5121428571428571 0.032994923857868126 0.515 0.032994923857868126
5 0.45714285714285713 0.18527918781725897 0.45357142857142857 0.18527918781725897 0.45357142857142857 0.19416243654822343 0.45714285714285713 0.19416243654822343
3 0.425 0.2994923857868021 0.4142857142857143 0.2994923857868021 0.4142857142857143 0.3197969543147209 0.425 0.3197969543147209
3 0.5235714285714286 0.12436548223350265 0.5164285714285715 0.12436548223350265 0.5164285714285715 0.14467005076142142 0.5235714285714286 0.14467005076142142
3 0.5321428571428571 0.08502538071066 0.5257142857142857 0.08502538071066 0.5257142857142857 0.10406091370558386 0.5321428571428571 0.10406091370558386
3 0.5735714285714286 0.1624365482233504 0.5635714285714286 0.1624365482233504 0.5635714285714286 0.18654822335025395 0.5735714285714286 0.18654822335025395
3 0.4714285714285714 0.49492385786802046 0.4585714285714286 0.49492385786802046 0.4585714285714286 0.5304568527918783 0.4714285714285714 0.5304568527918783
10 0.52 0.40482233502538084 0.5028571428571429 0.40482233502538084 0.5028571428571429 0.47461928934010167 0.52 0.47461928934010167
7 0.012142857142857193 0.7423857868020305 0.007142857142857194 0.7423857868020305 0.007142857142857195 0.7563451776649747 0.012142857142857193 0.7563451776649747
7 0.012142857142857193 0.7284263959390863 0.00642857142857148 0.7284263959390863 0.00642857142857148 0.7385786802030457 0.012142857142857193 0.7385786802030457
2 0.6421428571428571 0.4276649746192895 0.6142857142857143 0.4276649746192895 0.6142857142857143 0.517766497461929 0.6421428571428571 0.517766497461929
3 0.6085714285714285 0.352791878172589 0.5957142857142858 0.352791878172589 0.5957142857142858 0.3819796954314722 0.6085714285714285 0.3819796954314722
10 0.6064285714285714 0.2576142131979697 0.59 0.2576142131979697 0.59 0.3007614213197971 0.6064285714285714 0.3007614213197971