3 1 0.336294416243655 0.9392857142857143 0.33629441624365497 0.9392857142857143 0.4733502538071068 1 0.4733502538071069
3 0.7428571428571429 0.0609137055837565 0.6828571428571428 0.060913705583756486 0.6828571428571428 0.12944162436548237 0.7428571428571429 0.12944162436548237
3 0.6685714285714286 0.19543147208121842 0.6078571428571429 0.19543147208121842 0.6078571428571429 0.2639593908629443 0.6685714285714286 0.2639593908629443
3 0.645 0.2423857868020306 0.5828571428571429 0.2423857868020306 0.5828571428571429 0.3159898477157362 0.645 0.3159898477157362
3 0.5607142857142857 0.3959390862944164 0.49642857142857144 0.3959390862944164 0.49642857142857144 0.4708121827411169 0.5607142857142857 0.4708121827411169
3 0.5342857142857143 0.4454314720812184 0.47214285714285714 0.4454314720812184 0.47214285714285714 0.5304568527918783 0.5342857142857143 0.5304568527918783
3 0.4342857142857143 0.4809644670050763 0.3842857142857143 0.4809644670050763 0.3842857142857143 0.5939086294416245 0.4342857142857143 0.5939086294416245
3 0.5521428571428572 0.2233502538071067 0.49357142857142855 0.22335025380710666 0.49357142857142855 0.3096446700507615 0.5521428571428572 0.3096446700507616
3 0.39714285714285713 0.6637055837563451 0.3414285714285715 0.6637055837563451 0.3414285714285715 0.7563451776649747 0.39714285714285713 0.7563451776649747
3 0.1471428571428572 0.7068527918781726 0.07357142857142861 0.7068527918781726 0.07357142857142862 0.8375634517766497 0.1471428571428572 0.8375634517766497
2 0.1735714285714286 0.2817258883248731 0.03642857142857145 0.2817258883248731 0.036428571428571456 0.5038071065989848 0.1735714285714286 0.5038071065989848
11 0.14142857142857143 0.060913705583756375 0.075 0.06091370558375636 0.075 0.14593908629441626 0.14142857142857143 0.1459390862944163
11 0.13714285714285715 2.362262861299463e-17 0.08 1.7406147399048674e-17 0.08 0.06345177664974622 0.13714285714285715 0.06345177664974623
10 0.08857142857142858 0.09644670050761422 6.648082623942774e-18 0.09644670050761421 1.1984043677370529e-17 0.2512690355329949 0.08857142857142859 0.2512690355329949
10 0.05714285714285716 0.18401015228426396 1.2683841848311873e-17 0.18401015228426396 1.7013843031011444e-17 0.3096446700507614 0.05714285714285716 0.3096446700507614
5 0.5164285714285715 0.586294416243655 0.49214285714285716 0.586294416243655 0.49214285714285716 0.6269035532994925 0.5164285714285715 0.6269035532994925
11 0.05500000000000006 0.8591370558375635 0.0014285714285714876 0.8591370558375635 0.0014285714285714923 0.9936548223350253 0.05500000000000006 0.9936548223350253
7 0.3614285714285715 0.6383248730964468 0.3478571428571429 0.6383248730964468 0.3478571428571429 0.6675126903553299 0.3614285714285715 0.6675126903553299
7 0.7307142857142858 0.24365482233502553 0.7178571428571429 0.24365482233502553 0.7178571428571429 0.27791878172588846 0.7307142857142858 0.27791878172588846
7 0.5628571428571428 0.8071065989847716 0.5507142857142857 0.8071065989847716 0.5507142857142857 0.8312182741116751 0.5628571428571428 0.8312182741116751
7 0.3692857142857143 0.8286802030456852 0.35857142857142865 0.8286802030456852 0.35857142857142865 0.8477157360406091 0.3692857142857143 0.8477157360406091