3 0.31928571428571434 0.5038095238095238 0.1578571428571429 0.5038095238095238 0.1578571428571429 0.599047619047619 0.31928571428571434 0.599047619047619
3 1 0.8409523809523811 0.8392857142857143 0.8409523809523811 0.8392857142857143 0.9971428571428571 1 0.9971428571428571
3 0.9428571428571428 0.6000000000000002 0.8328571428571429 0.6000000000000002 0.8328571428571429 0.8228571428571431 0.9428571428571428 0.8228571428571431
7 0.13714285714285718 0.2819047619047619 0.11571428571428576 0.2819047619047619 0.11571428571428576 0.32761904761904764 0.13714285714285718 0.32761904761904764
7 0.13642857142857148 0.3923809523809524 0.10642857142857147 0.3923809523809524 0.10642857142857147 0.4438095238095238 0.13642857142857148 0.4438095238095238
7 0.20785714285714285 0.30666666666666664 0.18714285714285714 0.30666666666666664 0.18714285714285714 0.35333333333333333 0.20785714285714285 0.35333333333333333
7 0.2257142857142857 0.3047619047619048 0.20714285714285716 0.3047619047619048 0.20714285714285716 0.3514285714285714 0.2257142857142857 0.3514285714285714
8 0.19714285714285715 0.3 0.18571428571428572 0.3 0.18571428571428572 0.32285714285714284 0.19714285714285715 0.32285714285714284
11 0.3157142857142857 0.2838095238095238 0.23214285714285715 0.2838095238095238 0.23214285714285715 0.3952380952380952 0.3157142857142857 0.3952380952380952
3 0.3992857142857143 0.3085714285714286 0.325 0.30857142857142855 0.325 0.40571428571428575 0.3992857142857143 0.4057142857142858
0 0.4664285714285714 0.3904761904761906 0.3985714285714286 0.3904761904761906 0.3985714285714286 0.43904761904761913 0.4664285714285714 0.43904761904761913
8 0.4114285714285714 0.4485714285714287 0.39 0.4485714285714287 0.39 0.4838095238095239 0.4114285714285714 0.4838095238095239
11 0.5921428571428572 0.3171428571428572 0.48857142857142855 0.3171428571428572 0.48857142857142855 0.4057142857142858 0.5921428571428572 0.4057142857142858
11 0.9942857142857143 0.41428571428571437 0.9192857142857143 0.41428571428571437 0.9192857142857143 0.5466666666666669 0.9942857142857143 0.5466666666666669
3 0.8564285714285714 0.341904761904762 0.7907142857142857 0.341904761904762 0.7907142857142857 0.44095238095238104 0.8564285714285714 0.44095238095238104
3 0.9014285714285715 0.4580952380952382 0.8128571428571428 0.4580952380952382 0.8128571428571428 0.5952380952380955 0.9014285714285715 0.5952380952380955
3 0.9507142857142857 0.30952380952380965 0.8792857142857143 0.30952380952380965 0.8792857142857143 0.4161904761904763 0.9507142857142857 0.4161904761904763
3 0.9128571428571428 0.202857142857143 0.87 0.202857142857143 0.87 0.2847619047619049 0.9128571428571428 0.2847619047619049
3 0.8285714285714286 0.2561904761904763 0.775 0.2561904761904763 0.775 0.3323809523809525 0.8285714285714286 0.3323809523809525
11 0.8157142857142857 0.19714285714285726 0.77 0.19714285714285726 0.77 0.2600000000000001 0.8157142857142857 0.2600000000000001
3 0.7607142857142857 0.15523809523809534 0.7107142857142857 0.15523809523809534 0.7107142857142857 0.20952380952380964 0.7607142857142857 0.20952380952380964
3 0.8028571428571428 0.14571428571428582 0.7642857142857142 0.14571428571428582 0.7642857142857142 0.19904761904761917 0.8028571428571428 0.19904761904761917
8 0.735 0.16095238095238107 0.7221428571428572 0.16095238095238107 0.7221428571428572 0.18095238095238106 0.735 0.18095238095238106
3 0.7935714285714286 0.102857142857143 0.7607142857142857 0.102857142857143 0.7607142857142857 0.14571428571428582 0.7935714285714286 0.14571428571428582
5 0.9928571428571429 0.12380952380952397 0.9642857142857143 0.12380952380952397 0.9642857142857143 0.15809523809523826 0.9928571428571429 0.15809523809523826
5 0.9821428571428571 0.11142857142857159 0.9542857142857143 0.11142857142857159 0.9542857142857143 0.14190476190476206 0.9821428571428571 0.14190476190476206
5 0.975 0.08761904761904778 0.955 0.08761904761904778 0.955 0.10857142857142874 0.975 0.10857142857142874
5 0.9335714285714286 0.033333333333333486 0.9178571428571428 0.033333333333333486 0.9178571428571428 0.05428571428571444 0.9335714285714286 0.05428571428571444
7 0.9314285714285714 0.06000000000000015 0.9171428571428571 0.06000000000000015 0.9171428571428571 0.09428571428571444 0.9314285714285714 0.09428571428571444
7 0.9121428571428571 0.05619047619047634 0.8992857142857142 0.05619047619047634 0.8992857142857142 0.09047619047619063 0.9121428571428571 0.09047619047619064
3 0.7457142857142857 0.06857142857142869 0.7142857142857143 0.06857142857142869 0.7142857142857143 0.11142857142857154 0.7457142857142857 0.11142857142857154
11 0.7821428571428571 0.053333333333333455 0.75 0.053333333333333455 0.75 0.10000000000000013 0.7821428571428571 0.10000000000000013
11 0.7742857142857142 0.0009523809523810767 0.7485714285714286 0.0009523809523810746 0.7485714285714286 0.03904761904761917 0.7742857142857142 0.03904761904761917
3 0.7764285714285715 0.03142857142857155 0.7485714285714286 0.03142857142857155 0.7485714285714286 0.06761904761904776 0.7764285714285715 0.06761904761904776
3 0.6421428571428571 0.08380952380952392 0.6071428571428571 0.08380952380952392 0.6071428571428571 0.13142857142857153 0.6421428571428571 0.13142857142857153
3 0.5728571428571428 0.2323809523809525 0.5228571428571429 0.2323809523809525 0.5228571428571429 0.31142857142857155 0.5728571428571428 0.31142857142857155
11 0.5842857142857143 0.1485714285714287 0.5485714285714286 0.1485714285714287 0.5485714285714286 0.2257142857142858 0.5842857142857143 0.2257142857142858
5 0.3364285714285714 0.1828571428571429 0.31 0.1828571428571429 0.31 0.22285714285714292 0.3364285714285714 0.22285714285714292
1 0.3578571428571429 0.15428571428571433 0.3435714285714286 0.15428571428571433 0.3435714285714286 0.18476190476190482 0.3578571428571429 0.18476190476190482
5 0.43214285714285716 0.08857142857142865 0.4228571428571429 0.08857142857142865 0.4228571428571429 0.11428571428571437 0.43214285714285716 0.11428571428571437
7 0.4585714285714286 0.05714285714285722 0.44642857142857145 0.05714285714285721 0.44642857142857145 0.0895238095238096 0.4585714285714286 0.0895238095238096
7 0.4757142857142857 0.0495238095238096 0.4664285714285714 0.0495238095238096 0.4664285714285714 0.08666666666666675 0.4757142857142857 0.08666666666666675
7 0.4692857142857143 0.048571428571428654 0.4607142857142857 0.048571428571428654 0.4607142857142857 0.08190476190476198 0.4692857142857143 0.08190476190476198
3 0.49785714285714283 0.08857142857142865 0.4592857142857143 0.08857142857142865 0.4592857142857143 0.14666666666666675 0.49785714285714283 0.14666666666666678
3 0.5242857142857142 0.050476190476190556 0.49214285714285716 0.050476190476190556 0.49214285714285716 0.0876190476190477 0.5242857142857142 0.0876190476190477
11 0.6021428571428571 0.11428571428571438 0.5678571428571428 0.11428571428571437 0.5678571428571428 0.16285714285714298 0.6021428571428571 0.16285714285714298
11 0.6092857142857143 0.07619047619047628 0.5764285714285714 0.07619047619047627 0.5764285714285714 0.11523809523809533 0.6092857142857143 0.11523809523809535
3 0.6178571428571429 0.040952380952381046 0.5892857142857143 0.040952380952381046 0.5892857142857143 0.08285714285714296 0.6178571428571429 0.08285714285714296
3 0.6242857142857143 0.01714285714285724 0.5971428571428572 0.017142857142857237 0.5971428571428572 0.05523809523809534 0.6242857142857143 0.05523809523809534
3 0.6307142857142857 0.0009523809523810536 0.6078571428571429 0.0009523809523810518 0.6078571428571429 0.024761904761904863 0.6307142857142857 0.024761904761904863