3 0.14142857142857146 0.28095238095238095 0.09571428571428575 0.28095238095238095 0.09571428571428575 0.3076190476190476 0.14142857142857146 0.3076190476190476
3 0.16928571428571432 0.38095238095238093 0.11214285714285718 0.38095238095238093 0.11214285714285718 0.41523809523809524 0.16928571428571432 0.41523809523809524
3 0.1821428571428572 0.3628571428571429 0.12500000000000003 0.3628571428571429 0.12500000000000003 0.3923809523809524 0.1821428571428572 0.3923809523809524
3 0.18000000000000005 0.3523809523809524 0.12857142857142861 0.3523809523809524 0.12857142857142861 0.37714285714285717 0.18000000000000005 0.37714285714285717
3 0.20214285714285715 0.2580952380952381 0.1571428571428572 0.2580952380952381 0.1571428571428572 0.2838095238095238 0.20214285714285715 0.2838095238095238
3 0.22214285714285714 0.2780952380952381 0.17571428571428577 0.2780952380952381 0.17571428571428577 0.3028571428571429 0.22214285714285714 0.3028571428571429
3 0.19214285714285714 0.29333333333333333 0.14571428571428577 0.29333333333333333 0.14571428571428577 0.3142857142857143 0.19214285714285714 0.3142857142857143
3 0.2392857142857143 0.3161904761904762 0.2007142857142857 0.3161904761904762 0.2007142857142857 0.3352380952380952 0.2392857142857143 0.3352380952380952
3 0.1778571428571429 0.32761904761904764 0.13000000000000003 0.32761904761904764 0.13000000000000003 0.35619047619047617 0.1778571428571429 0.35619047619047617
3 0.2357142857142857 0.32666666666666666 0.18571428571428572 0.32666666666666666 0.18571428571428572 0.35523809523809524 0.2357142857142857 0.35523809523809524
7 0.24285714285714294 0.540952380952381 0.23785714285714293 0.540952380952381 0.23785714285714293 0.5638095238095238 0.24285714285714294 0.5638095238095238
7 0.23928571428571438 0.539047619047619 0.23357142857142865 0.539047619047619 0.23357142857142865 0.56 0.23928571428571438 0.56
7 0.29857142857142865 0.6257142857142857 0.2907142857142858 0.6257142857142857 0.2907142857142858 0.6552380952380953 0.29857142857142865 0.6552380952380953
7 0.25785714285714295 0.6228571428571429 0.24785714285714294 0.6228571428571429 0.24785714285714294 0.6514285714285715 0.25785714285714295 0.6514285714285715
7 0.2714285714285715 0.6895238095238095 0.26214285714285723 0.6895238095238095 0.26214285714285723 0.7161904761904762 0.2714285714285715 0.7161904761904762
7 0.3650000000000001 0.7171428571428572 0.3550000000000001 0.7171428571428572 0.3550000000000001 0.7485714285714286 0.3650000000000001 0.7485714285714286
7 0.3621428571428572 0.6666666666666666 0.3521428571428572 0.6666666666666666 0.3521428571428572 0.700952380952381 0.3621428571428572 0.700952380952381
7 0.38142857142857145 0.6495238095238095 0.37214285714285716 0.6495238095238095 0.37214285714285716 0.6857142857142857 0.38142857142857145 0.6857142857142857
7 0.4157142857142857 0.5828571428571429 0.4035714285714286 0.5828571428571429 0.4035714285714286 0.6152380952380953 0.4157142857142857 0.6152380952380953
8 0.3914285714285714 0.41428571428571437 0.38357142857142856 0.41428571428571437 0.38357142857142856 0.43047619047619057 0.3914285714285714 0.43047619047619057
8 0.3607142857142857 0.39904761904761915 0.355 0.39904761904761915 0.355 0.41333333333333344 0.3607142857142857 0.41333333333333344
5 0.3921428571428571 0.41904761904761917 0.38357142857142856 0.41904761904761917 0.38357142857142856 0.44380952380952393 0.3921428571428571 0.44380952380952393
5 0.36214285714285716 0.40285714285714297 0.3535714285714286 0.40285714285714297 0.3535714285714286 0.42857142857142866 0.36214285714285716 0.42857142857142866
3 0.38 0.04952380952380959 0.365 0.04952380952380958 0.365 0.06857142857142863 0.38 0.06857142857142863
3 0.4257142857142857 0.16952380952380958 0.40785714285714286 0.16952380952380958 0.40785714285714286 0.19333333333333338 0.4257142857142857 0.19333333333333338
3 0.415 0.19333333333333338 0.3985714285714286 0.19333333333333338 0.3985714285714286 0.22000000000000006 0.415 0.22000000000000006
3 0.4307142857142857 0.2552380952380953 0.41285714285714287 0.2552380952380953 0.41285714285714287 0.2838095238095239 0.4307142857142857 0.2838095238095239
3 0.4735714285714286 0.3038095238095239 0.4521428571428571 0.3038095238095239 0.4521428571428571 0.34000000000000014 0.4735714285714286 0.34000000000000014
3 0.4564285714285714 0.3485714285714287 0.4342857142857143 0.3485714285714287 0.4342857142857143 0.3895238095238096 0.4564285714285714 0.3895238095238096
3 0.5107142857142857 0.41333333333333344 0.4828571428571429 0.41333333333333344 0.4828571428571429 0.4676190476190477 0.5107142857142857 0.4676190476190477
10 0.4807142857142857 0.39714285714285724 0.44785714285714284 0.39714285714285724 0.44785714285714284 0.4847619047619049 0.4807142857142857 0.4847619047619049
3 0.48857142857142855 0.6647619047619048 0.42214285714285715 0.6647619047619048 0.42214285714285715 0.7323809523809524 0.48857142857142855 0.7323809523809524
3 0.6492857142857142 0.7019047619047619 0.6028571428571429 0.7019047619047619 0.6028571428571429 0.7876190476190477 0.6492857142857142 0.7876190476190477
8 0.6528571428571428 0.441904761904762 0.6464285714285715 0.441904761904762 0.6464285714285715 0.4561904761904763 0.6528571428571428 0.4561904761904763
5 0.6521428571428571 0.44476190476190486 0.6442857142857142 0.44476190476190486 0.6442857142857142 0.4695238095238096 0.6521428571428571 0.4695238095238096
7 0.645 0.32095238095238104 0.6421428571428571 0.32095238095238104 0.6421428571428571 0.3380952380952382 0.645 0.3380952380952382
7 0.5828571428571429 0.3485714285714287 0.5771428571428572 0.3485714285714287 0.5771428571428572 0.3657142857142858 0.5828571428571429 0.3657142857142858
7 0.6271428571428571 0.31333333333333346 0.6214285714285714 0.31333333333333346 0.6214285714285714 0.3285714285714287 0.6271428571428571 0.3285714285714287
3 0.7007142857142857 0.5476190476190477 0.6342857142857142 0.5476190476190477 0.6342857142857142 0.5961904761904763 0.7007142857142857 0.5961904761904764
3 0.7214285714285716 0.9133333333333336 0.6642857142857145 0.9133333333333336 0.6642857142857145 1 0.7214285714285716 1
8 0.7457142857142857 0.6923809523809527 0.74 0.6923809523809527 0.74 0.7076190476190478 0.7457142857142857 0.7076190476190478
5 0.7464285714285714 0.6895238095238098 0.7335714285714285 0.6895238095238098 0.7335714285714285 0.7209523809523811 0.7464285714285714 0.7209523809523811
7 0.735 0.441904761904762 0.7264285714285714 0.441904761904762 0.7264285714285714 0.46285714285714297 0.735 0.46285714285714297
3 0.8735714285714286 0.5085714285714288 0.8171428571428572 0.5085714285714288 0.8171428571428572 0.5457142857142859 0.8735714285714286 0.5457142857142859
7 0.8771428571428571 0.7923809523809526 0.8657142857142858 0.7923809523809526 0.8657142857142858 0.824761904761905 0.8771428571428571 0.824761904761905
8 0.9928571428571429 0.7704761904761906 0.9821428571428571 0.7704761904761906 0.9821428571428571 0.7866666666666668 0.9928571428571429 0.7866666666666668
5 0.9971428571428571 0.7704761904761906 0.9692857142857143 0.7704761904761906 0.9692857142857143 0.7904761904761907 0.9971428571428571 0.7904761904761907
3 0.9992857142857143 0.4771428571428573 0.9671428571428572 0.47714285714285726 0.9671428571428572 0.5190476190476193 0.9992857142857143 0.5190476190476193