3 0.057857142857142864 0.1019047619047619 0.019285714285714295 0.1019047619047619 0.019285714285714295 0.13714285714285715 0.05785714285714288 0.13714285714285715
3 0.06857142857142859 0.1523809523809524 0.042142857142857156 0.1523809523809524 0.042142857142857156 0.19047619047619047 0.06857142857142859 0.19047619047619047
5 0.030714285714285736 0.20285714285714285 0.014285714285714306 0.20285714285714285 0.014285714285714306 0.23142857142857143 0.030714285714285736 0.23142857142857143
7 0.07000000000000002 0.20285714285714285 0.06142857142857145 0.20285714285714285 0.06142857142857145 0.22476190476190477 0.07000000000000002 0.22476190476190477
8 0.08500000000000002 0.2361904761904762 0.07642857142857144 0.2361904761904762 0.07642857142857144 0.24952380952380954 0.08500000000000002 0.24952380952380954
8 0.11142857142857147 0.379047619047619 0.10571428571428576 0.379047619047619 0.10571428571428576 0.3904761904761905 0.11142857142857147 0.3904761904761905
5 0.1185714285714286 0.3761904761904762 0.10500000000000004 0.3761904761904762 0.10500000000000004 0.4038095238095238 0.1185714285714286 0.4038095238095238
5 0.08857142857142859 0.24095238095238095 0.0785714285714286 0.24095238095238095 0.0785714285714286 0.259047619047619 0.08857142857142859 0.259047619047619
3 0.1521428571428572 0.43238095238095237 0.11500000000000005 0.43238095238095237 0.11500000000000005 0.4895238095238095 0.1521428571428572 0.4895238095238095
4 0.11214285714285718 0.46095238095238095 0.09357142857142861 0.46095238095238095 0.09357142857142861 0.48857142857142855 0.11214285714285718 0.48857142857142855
3 0.2307142857142858 0.7942857142857143 0.15142857142857152 0.7942857142857143 0.15142857142857152 0.8628571428571429 0.2307142857142858 0.8628571428571429
3 0.4207142857142857 0.6961904761904761 0.36857142857142855 0.6961904761904761 0.36857142857142855 0.7904761904761904 0.4207142857142857 0.7904761904761904
11 0.27285714285714296 0.9257142857142857 0.21857142857142867 0.9257142857142857 0.21857142857142867 0.9990476190476191 0.27285714285714296 0.9990476190476191
11 0.385 0.49047619047619045 0.3428571428571429 0.49047619047619045 0.3428571428571429 0.560952380952381 0.385 0.560952380952381
11 0.40785714285714286 0.4371428571428573 0.3657142857142857 0.4371428571428573 0.3657142857142857 0.5228571428571429 0.40785714285714286 0.5228571428571429
3 0.445 0.4514285714285715 0.41 0.4514285714285715 0.41 0.5133333333333333 0.445 0.5133333333333333
1 0.4 0.41904761904761917 0.3921428571428571 0.41904761904761917 0.3921428571428571 0.43904761904761913 0.4 0.43904761904761913
1 0.42142857142857143 0.42761904761904773 0.4092857142857143 0.42761904761904773 0.4092857142857143 0.4514285714285715 0.42142857142857143 0.4514285714285715
1 0.42857142857142855 0.4380952380952382 0.4157142857142857 0.4380952380952382 0.4157142857142857 0.4514285714285715 0.42857142857142855 0.4514285714285715
1 0.4085714285714286 0.41904761904761917 0.4014285714285714 0.41904761904761917 0.4014285714285714 0.4400000000000001 0.4085714285714286 0.4400000000000001
5 0.45285714285714285 0.41904761904761917 0.435 0.41904761904761917 0.435 0.44571428571428584 0.45285714285714285 0.44571428571428584
5 0.4342857142857143 0.40285714285714297 0.4228571428571429 0.40285714285714297 0.4228571428571429 0.421904761904762 0.4342857142857143 0.421904761904762
3 0.54 0.4247619047619049 0.5 0.4247619047619049 0.5 0.4838095238095239 0.54 0.4838095238095239
3 0.5435714285714286 0.37047619047619057 0.5021428571428571 0.37047619047619057 0.5021428571428571 0.4200000000000001 0.5435714285714286 0.4200000000000001
11 0.7071428571428572 0.30857142857142866 0.6485714285714286 0.30857142857142866 0.6485714285714286 0.37904761904761913 0.7071428571428572 0.37904761904761913
5 0.6978571428571428 0.27809523809523823 0.6807142857142857 0.27809523809523823 0.6807142857142857 0.29523809523809535 0.6978571428571428 0.29523809523809535
11 0.7742857142857142 0.49904761904761924 0.7085714285714285 0.49904761904761924 0.7085714285714285 0.5742857142857145 0.7742857142857142 0.5742857142857145
8 0.8264285714285714 0.4942857142857145 0.8164285714285714 0.4942857142857145 0.8164285714285714 0.5076190476190479 0.8264285714285714 0.5076190476190479
3 0.8928571428571429 0.3800000000000001 0.835 0.3800000000000001 0.835 0.43523809523809537 0.8928571428571429 0.43523809523809537
3 0.9414285714285714 0.3361904761904763 0.8885714285714286 0.3361904761904763 0.8885714285714286 0.38285714285714295 0.9414285714285714 0.38285714285714295
3 0.975 0.32571428571428584 0.9192857142857143 0.32571428571428584 0.9192857142857143 0.37904761904761913 0.975 0.37904761904761913
11 0.9757142857142858 0.45904761904761915 0.9214285714285714 0.45904761904761915 0.9214285714285714 0.5219047619047621 0.9757142857142858 0.5219047619047621
11 1 0.4447619047619049 0.9492857142857143 0.44476190476190486 0.9492857142857143 0.5095238095238097 1 0.5095238095238097
11 0.9521428571428572 0.23428571428571446 0.8942857142857142 0.23428571428571446 0.8942857142857142 0.29523809523809535 0.9521428571428572 0.29523809523809535
3 0.8721428571428571 0.22952380952380969 0.8371428571428572 0.22952380952380969 0.8371428571428572 0.26571428571428585 0.8721428571428571 0.26571428571428585
5 0.8028571428571428 0.2857142857142858 0.7835714285714286 0.2857142857142858 0.7835714285714286 0.30666666666666675 0.8028571428571428 0.30666666666666675