3 0.047857142857142876 0.33248730964467005 0.03857142857142859 0.33248730964467005 0.03857142857142859 0.3464467005076142 0.047857142857142876 0.3464467005076142
3 0.33785714285714286 0.2576142131979696 0.33071428571428574 0.2576142131979696 0.33071428571428574 0.267766497461929 0.33785714285714286 0.267766497461929
11 0.3171428571428571 0.23477157360406098 0.31214285714285717 0.23477157360406098 0.31214285714285717 0.24111675126903562 0.3171428571428571 0.24111675126903562
10 0.21 0.06091370558375639 0.1992857142857143 0.06091370558375638 0.1992857142857143 0.07360406091370562 0.21 0.07360406091370564
3 0.24714285714285714 0.07614213197969548 0.24214285714285713 0.07614213197969548 0.24214285714285713 0.08121827411167516 0.24714285714285714 0.08121827411167516
3 0.3792857142857143 0.32360406091370564 0.375 0.32360406091370564 0.375 0.3324873096446702 0.3792857142857143 0.3324873096446702
3 0.3914285714285714 0.34644670050761434 0.38642857142857145 0.34644670050761434 0.38642857142857145 0.3591370558375636 0.3914285714285714 0.3591370558375636
3 0.37142857142857144 0.34644670050761434 0.36714285714285716 0.34644670050761434 0.36714285714285716 0.35659898477157376 0.37142857142857144 0.35659898477157376
3 0.35642857142857143 0.3667512690355331 0.3514285714285714 0.3667512690355331 0.3514285714285714 0.37690355329949254 0.35642857142857143 0.37690355329949254
2 0.36642857142857144 0.32487309644670065 0.355 0.32487309644670065 0.355 0.3553299492385788 0.36642857142857144 0.3553299492385788
3 0.35928571428571426 0.38324873096446715 0.35428571428571426 0.38324873096446715 0.35428571428571426 0.3959390862944164 0.35928571428571426 0.3959390862944164
4 0.40214285714285714 0.37690355329949254 0.3964285714285714 0.37690355329949254 0.3964285714285714 0.39086294416243667 0.40214285714285714 0.39086294416243667
3 0.36214285714285716 0.4137055837563453 0.3585714285714286 0.4137055837563453 0.3585714285714286 0.4225888324873098 0.36214285714285716 0.4225888324873098
2 0.42642857142857143 0.3921319796954316 0.4164285714285714 0.3921319796954316 0.4164285714285714 0.4225888324873098 0.42642857142857143 0.4225888324873098
2 0.39357142857142857 0.40355329949238594 0.3892857142857143 0.40355329949238594 0.3892857142857143 0.4200507614213199 0.39357142857142857 0.4200507614213199
10 0.45785714285714285 0.26395939086294423 0.44285714285714284 0.26395939086294423 0.44285714285714284 0.30837563451776656 0.45785714285714285 0.30837563451776656
4 0.5314285714285715 0.23984771573604075 0.5221428571428571 0.23984771573604075 0.5221428571428571 0.2550761421319798 0.5314285714285715 0.2550761421319798
4 0.5271428571428571 0.26015228426395953 0.5178571428571429 0.26015228426395953 0.5178571428571429 0.2741116751269037 0.5271428571428571 0.2741116751269037
4 0.5385714285714286 0.2576142131979697 0.5314285714285715 0.2576142131979697 0.5314285714285715 0.27157360406091385 0.5385714285714286 0.27157360406091385
3 0.4014285714285714 0.22081218274111683 0.3942857142857143 0.22081218274111683 0.3942857142857143 0.2258883248730965 0.4014285714285714 0.2258883248730965
3 0.485 0.22461928934010159 0.4757142857142857 0.22461928934010159 0.4757142857142857 0.23223350253807115 0.485 0.23223350253807115
3 0.5521428571428572 0.2157360406091372 0.5442857142857143 0.2157360406091372 0.5442857142857143 0.22081218274111689 0.5521428571428572 0.22081218274111689
4 0.5564285714285714 0.14974619289340113 0.5535714285714286 0.14974619289340113 0.5535714285714286 0.15736040609137067 0.5564285714285714 0.15736040609137067
4 0.7771428571428571 0.3058375634517768 0.7557142857142857 0.3058375634517768 0.7557142857142857 0.33629441624365497 0.7771428571428571 0.33629441624365497
2 0.5885714285714285 0.17512690355329963 0.5842857142857143 0.17512690355329963 0.5842857142857143 0.18527918781725902 0.5885714285714285 0.18527918781725902
3 0.5764285714285714 0.22461928934010167 0.5707142857142857 0.22461928934010167 0.5707142857142857 0.2322335025380712 0.5764285714285714 0.2322335025380712
3 0.5814285714285714 0.25126903553299507 0.5785714285714286 0.25126903553299507 0.5785714285714286 0.2576142131979697 0.5814285714285714 0.2576142131979697
3 0.5678571428571428 0.2791878172588834 0.5621428571428572 0.2791878172588834 0.5621428571428572 0.2880710659898479 0.5678571428571428 0.2880710659898479
11 0.5378571428571428 0.32487309644670065 0.535 0.32487309644670065 0.535 0.3324873096446702 0.5378571428571428 0.3324873096446702
2 0.5378571428571428 0.35152284263959405 0.5264285714285715 0.35152284263959405 0.5264285714285715 0.3807106598984773 0.5378571428571428 0.3807106598984773
11 0.575 0.4200507614213199 0.5664285714285714 0.4200507614213199 0.5664285714285714 0.4340101522842641 0.575 0.4340101522842641
11 0.6057142857142858 0.44796954314720827 0.5942857142857143 0.44796954314720827 0.5942857142857143 0.4644670050761423 0.6057142857142858 0.4644670050761423
3 0.5864285714285714 0.4796954314720814 0.5792857142857143 0.4796954314720814 0.5792857142857143 0.48984771573604075 0.5864285714285714 0.48984771573604075
4 0.575 0.4593908629441626 0.5707142857142857 0.4593908629441626 0.5707142857142857 0.4657360406091372 0.575 0.4657360406091372
4 0.575 0.4720812182741118 0.5721428571428572 0.4720812182741118 0.5721428571428572 0.4784263959390864 0.575 0.4784263959390864
3 0.5721428571428572 0.49492385786802046 0.5621428571428572 0.49492385786802046 0.5621428571428572 0.5038071065989849 0.5721428571428572 0.5038071065989849
3 0.5578571428571428 0.5050761421319798 0.5492857142857143 0.5050761421319798 0.5492857142857143 0.5139593908629443 0.5578571428571428 0.5139593908629443
3 0.53 0.5482233502538072 0.5242857142857142 0.5482233502538072 0.5242857142857142 0.5609137055837565 0.53 0.5609137055837565
3 0.5292857142857142 0.602791878172589 0.5235714285714286 0.602791878172589 0.5235714285714286 0.6180203045685281 0.5292857142857142 0.6180203045685281
3 0.4092857142857143 0.43781725888324885 0.4057142857142857 0.43781725888324885 0.4057142857142857 0.44796954314720827 0.4092857142857143 0.44796954314720827
3 0.4057142857142857 0.4543147208121829 0.4014285714285714 0.4543147208121829 0.4014285714285714 0.46954314720812196 0.4057142857142857 0.46954314720812196
10 0.36857142857142855 0.4670050761421321 0.3628571428571429 0.4670050761421321 0.3628571428571429 0.4809644670050763 0.36857142857142855 0.4809644670050763
2 0.385 0.44923857868020317 0.37714285714285717 0.44923857868020317 0.37714285714285717 0.486040609137056 0.385 0.486040609137056
3 0.3792857142857143 0.5000000000000001 0.375 0.5000000000000001 0.375 0.5114213197969545 0.3792857142857143 0.5114213197969545
3 0.3964285714285714 0.5215736040609138 0.3921428571428571 0.5215736040609138 0.3921428571428571 0.5329949238578682 0.3964285714285714 0.5329949238578682
2 0.375 0.5164974619289342 0.3657142857142857 0.5164974619289342 0.3657142857142857 0.5558375634517768 0.375 0.5558375634517768
11 0.3914285714285714 0.5393401015228427 0.38571428571428573 0.5393401015228427 0.38571428571428573 0.5558375634517768 0.3914285714285714 0.5558375634517768
3 0.3821428571428571 0.569796954314721 0.37714285714285717 0.569796954314721 0.37714285714285717 0.5837563451776652 0.3821428571428571 0.5837563451776652
11 0.4185714285714286 0.5418781725888326 0.4135714285714286 0.5418781725888326 0.4135714285714286 0.5596446700507616 0.4185714285714286 0.5596446700507616
3 0.4164285714285714 0.5761421319796955 0.4114285714285714 0.5761421319796955 0.4114285714285714 0.5939086294416245 0.4164285714285714 0.5939086294416245
3 0.405 0.586294416243655 0.4 0.586294416243655 0.4 0.6015228426395941 0.405 0.6015228426395941
11 0.4357142857142857 0.6002538071065991 0.4307142857142857 0.6002538071065991 0.4307142857142857 0.619289340101523 0.4357142857142857 0.619289340101523
3 0.4307142857142857 0.619289340101523 0.42428571428571427 0.619289340101523 0.42428571428571427 0.637055837563452 0.4307142857142857 0.637055837563452
3 0.44857142857142857 0.50253807106599 0.44357142857142856 0.50253807106599 0.44357142857142856 0.520304568527919 0.44857142857142857 0.520304568527919
11 0.3821428571428571 0.6078680203045687 0.37714285714285717 0.6078680203045687 0.37714285714285717 0.6230964467005078 0.3821428571428571 0.6230964467005078
11 0.395 0.6269035532994925 0.38857142857142857 0.6269035532994925 0.38857142857142857 0.6446700507614215 0.395 0.6446700507614215
3 0.38357142857142856 0.6383248730964468 0.3792857142857143 0.6383248730964468 0.3792857142857143 0.6535532994923858 0.38357142857142856 0.6535532994923858
3 0.4257142857142857 0.6548223350253807 0.4207142857142857 0.6548223350253807 0.4207142857142857 0.6687817258883249 0.4257142857142857 0.6687817258883249
11 0.44142857142857145 0.7081218274111675 0.4357142857142857 0.7081218274111675 0.4357142857142857 0.7284263959390863 0.44142857142857145 0.7284263959390863
11 0.3914285714285714 0.7055837563451777 0.38571428571428573 0.7055837563451777 0.38571428571428573 0.7208121827411168 0.3914285714285714 0.7208121827411168
11 0.39357142857142857 0.7423857868020305 0.38857142857142857 0.7423857868020305 0.38857142857142857 0.7626903553299492 0.39357142857142857 0.7626903553299492
11 0.405 0.7474619289340102 0.3992857142857143 0.7474619289340102 0.3992857142857143 0.7626903553299492 0.405 0.7626903553299492
3 0.4521428571428571 0.7208121827411168 0.44642857142857145 0.7208121827411168 0.44642857142857145 0.7411167512690355 0.4521428571428571 0.7411167512690355
11 0.4007142857142857 0.7956852791878173 0.395 0.7956852791878173 0.395 0.815989847715736 0.4007142857142857 0.815989847715736
2 0.415 0.8426395939086294 0.4092857142857143 0.8426395939086294 0.4092857142857143 0.8642131979695431 0.415 0.8642131979695431
2 0.4357142857142857 0.8439086294416244 0.43 0.8439086294416244 0.43 0.8629441624365483 0.4357142857142857 0.8629441624365483
3 0.4514285714285714 0.8312182741116751 0.44357142857142856 0.8312182741116751 0.44357142857142856 0.8565989847715736 0.4514285714285714 0.8565989847715736
2 0.4764285714285714 0.7741116751269036 0.46214285714285713 0.7741116751269036 0.46214285714285713 0.8286802030456852 0.4764285714285714 0.8286802030456852
3 0.37142857142857144 0.9416243654822335 0.3607142857142858 0.9416243654822335 0.3607142857142858 0.9682741116751269 0.37142857142857144 0.9682741116751269
3 0.3792857142857143 0.949238578680203 0.3707142857142857 0.949238578680203 0.3707142857142857 0.9733502538071066 0.3792857142857143 0.9733502538071066
11 0.39 0.9454314720812182 0.3807142857142857 0.9454314720812182 0.3807142857142857 0.9670050761421319 0.39 0.9670050761421319
3 0.37142857142857144 0.9860406091370558 0.3650000000000001 0.9860406091370558 0.3650000000000001 0.998730964467005 0.37142857142857144 0.998730964467005
11 0.38642857142857145 0.9670050761421319 0.37214285714285716 0.9670050761421319 0.37214285714285716 0.998730964467005 0.38642857142857145 0.998730964467005
11 0.43142857142857144 0.9720812182741116 0.4235714285714286 0.9720812182741116 0.4235714285714286 0.998730964467005 0.43142857142857144 0.998730964467005
3 0.46785714285714286 0.8807106598984772 0.4607142857142857 0.8807106598984772 0.4607142857142857 0.9035532994923858 0.46785714285714286 0.9035532994923858
3 0.4707142857142857 0.9175126903553299 0.4642857142857143 0.9175126903553299 0.4642857142857143 0.9378172588832487 0.4707142857142857 0.9378172588832487
11 0.48642857142857143 0.9543147208121827 0.4785714285714286 0.9543147208121827 0.4785714285714286 0.983502538071066 0.48642857142857143 0.983502538071066
2 0.5342857142857143 0.9137055837563451 0.5128571428571429 0.9137055837563451 0.5128571428571429 0.9758883248730964 0.5342857142857143 0.9758883248730964
2 0.5457142857142857 0.9022842639593909 0.5235714285714286 0.9022842639593909 0.5235714285714286 0.9682741116751269 0.5457142857142857 0.9682741116751269
2 0.53 0.8515228426395939 0.5071428571428571 0.8515228426395939 0.5071428571428571 0.9137055837563451 0.53 0.9137055837563451
11 0.6764285714285714 0.9530456852791881 0.665 0.9530456852791881 0.665 0.9771573604060917 0.6764285714285714 0.9771573604060917
3 0.65 0.8984771573604061 0.6385714285714286 0.8984771573604061 0.6385714285714286 0.9225888324873096 0.65 0.9225888324873096
3 0.6214285714285714 0.8236040609137056 0.6107142857142858 0.8236040609137056 0.6107142857142858 0.8426395939086294 0.6214285714285714 0.8426395939086294
3 0.6114285714285714 0.8032994923857868 0.6007142857142858 0.8032994923857868 0.6007142857142858 0.8236040609137056 0.6114285714285714 0.8236040609137056
3 0.5985714285714285 0.7791878172588832 0.5878571428571429 0.7791878172588832 0.5878571428571429 0.799492385786802 0.5985714285714285 0.799492385786802
3 0.5878571428571429 0.7601522842639594 0.5764285714285714 0.7601522842639594 0.5764285714285714 0.7766497461928934 0.5878571428571429 0.7766497461928934
3 0.4835714285714286 0.6002538071065991 0.4757142857142857 0.6002538071065991 0.4757142857142857 0.6154822335025382 0.4835714285714286 0.6154822335025382
3 0.5028571428571429 0.6269035532994925 0.49214285714285716 0.6269035532994925 0.49214285714285716 0.6408629441624367 0.5028571428571429 0.6408629441624367
3 0.5385714285714286 0.6725888324873096 0.5314285714285715 0.6725888324873096 0.5314285714285715 0.6890862944162437 0.5385714285714286 0.6890862944162437
3 0.5642857142857143 0.6598984771573604 0.5535714285714286 0.6598984771573604 0.5535714285714286 0.6713197969543148 0.5642857142857143 0.6713197969543148
3 0.5771428571428572 0.6472081218274113 0.5657142857142857 0.6472081218274113 0.5657142857142857 0.6611675126903553 0.5771428571428572 0.6611675126903553
3 0.5978571428571429 0.6319796954314723 0.5857142857142857 0.6319796954314723 0.5857142857142857 0.6459390862944164 0.5978571428571429 0.6459390862944164
2 0.6064285714285714 0.50253807106599 0.5828571428571429 0.50253807106599 0.5828571428571429 0.5317258883248732 0.6064285714285714 0.5317258883248732
3 0.6014285714285714 0.48477157360406103 0.5914285714285714 0.48477157360406103 0.5914285714285714 0.4974619289340103 0.6014285714285714 0.4974619289340103
3 0.5642857142857143 0.5088832487309646 0.5535714285714286 0.5088832487309646 0.5535714285714286 0.520304568527919 0.5642857142857143 0.520304568527919
2 0.6171428571428571 0.486040609137056 0.5928571428571429 0.486040609137056 0.5928571428571429 0.5139593908629443 0.6171428571428571 0.5139593908629443
2 0.6278571428571429 0.48857868020304585 0.6035714285714285 0.48857868020304585 0.6035714285714285 0.5164974619289342 0.6278571428571429 0.5164974619289342
2 0.6285714285714286 0.50253807106599 0.6028571428571429 0.50253807106599 0.6028571428571429 0.5304568527918783 0.6285714285714286 0.5304568527918783
2 0.6228571428571429 0.5418781725888326 0.5971428571428572 0.5418781725888326 0.5971428571428572 0.5723350253807108 0.6228571428571429 0.5723350253807108
2 0.6442857142857142 0.5279187817258885 0.62 0.5279187817258885 0.62 0.5583756345177666 0.6442857142857142 0.5583756345177666
2 0.6664285714285715 0.5279187817258885 0.6421428571428571 0.5279187817258885 0.6421428571428571 0.5558375634517768 0.6664285714285715 0.5558375634517768
2 0.6821428571428572 0.44923857868020317 0.66 0.44923857868020317 0.66 0.4771573604060915 0.6821428571428572 0.4771573604060915
2 0.6964285714285714 0.4467005076142133 0.6735714285714286 0.4467005076142133 0.6735714285714286 0.47335025380710677 0.6964285714285714 0.47335025380710677
2 0.7135714285714285 0.453045685279188 0.6914285714285714 0.453045685279188 0.6914285714285714 0.47588832487309657 0.7135714285714285 0.47588832487309657
2 0.7521428571428571 0.4606598984771575 0.7285714285714285 0.4606598984771575 0.7285714285714285 0.48984771573604075 0.7521428571428571 0.48984771573604075
3 0.6835714285714286 0.43147208121827424 0.6764285714285714 0.43147208121827424 0.6764285714285714 0.43654822335025395 0.6835714285714286 0.43654822335025395
2 0.7614285714285715 0.4137055837563453 0.7471428571428571 0.4137055837563453 0.7471428571428571 0.43147208121827424 0.7614285714285715 0.43147208121827424
3 0.7142857142857143 0.40482233502538084 0.7057142857142857 0.40482233502538084 0.7057142857142857 0.41116751269035545 0.7142857142857143 0.41116751269035545
2 0.8007142857142857 0.4454314720812184 0.7742857142857142 0.4454314720812184 0.7742857142857142 0.4720812182741118 0.8007142857142857 0.4720812182741118
3 0.8042857142857143 0.453045685279188 0.7957142857142857 0.453045685279188 0.7957142857142857 0.4670050761421321 0.8042857142857143 0.4670050761421321
3 0.8807142857142857 0.5228426395939088 0.87 0.5228426395939088 0.87 0.5342639593908631 0.8807142857142857 0.5342639593908631
3 0.8542857142857143 0.5304568527918783 0.8478571428571429 0.5304568527918783 0.8478571428571429 0.5444162436548224 0.8542857142857143 0.5444162436548224
11 0.8407142857142857 0.5304568527918783 0.8321428571428572 0.5304568527918783 0.8321428571428572 0.5469543147208124 0.8407142857142857 0.5469543147208124
3 0.8514285714285714 0.5456852791878174 0.8414285714285714 0.5456852791878174 0.8414285714285714 0.5583756345177666 0.8514285714285714 0.5583756345177666
3 0.86 0.5456852791878174 0.8507142857142858 0.5456852791878174 0.8507142857142858 0.5596446700507616 0.86 0.5596446700507616
3 0.8614285714285714 0.5583756345177666 0.8521428571428571 0.5583756345177666 0.8521428571428571 0.5710659898477158 0.8614285714285714 0.5710659898477158
3 0.8728571428571429 0.5621827411167514 0.8628571428571429 0.5621827411167514 0.8628571428571429 0.5748730964467007 0.8728571428571429 0.5748730964467007
3 0.885 0.5736040609137057 0.8742857142857143 0.5736040609137057 0.8742857142857143 0.5888324873096448 0.885 0.5888324873096448
3 0.8992857142857142 0.5989847715736042 0.8885714285714286 0.5989847715736042 0.8885714285714286 0.6167512690355331 0.8992857142857142 0.6167512690355331
3 0.9092857142857143 0.6053299492385789 0.9 0.6053299492385789 0.9 0.619289340101523 0.9092857142857143 0.619289340101523
3 0.9171428571428571 0.6408629441624367 0.9064285714285715 0.6408629441624367 0.9064285714285715 0.6573604060913708 0.9171428571428571 0.6573604060913708
3 0.9278571428571428 0.6256345177664976 0.9164285714285715 0.6256345177664976 0.9164285714285715 0.6408629441624367 0.9278571428571428 0.6408629441624367
11 0.9728571428571429 0.671319796954315 0.9585714285714285 0.671319796954315 0.9585714285714285 0.6903553299492389 0.9728571428571429 0.6903553299492389
2 0.9885714285714285 0.6573604060913708 0.9692857142857143 0.6573604060913708 0.9692857142857143 0.6865482233502541 0.9885714285714285 0.6865482233502541
2 0.9585714285714285 0.6205583756345179 0.9407142857142857 0.6205583756345179 0.9407142857142857 0.6484771573604062 0.9585714285714285 0.6484771573604062
2 0.94 0.5989847715736042 0.9214285714285714 0.5989847715736042 0.9214285714285714 0.6269035532994925 0.94 0.6269035532994925
2 0.7571428571428571 0.2906091370558377 0.7492857142857143 0.2906091370558377 0.7492857142857143 0.3096446700507616 0.7571428571428571 0.3096446700507616
2 0.7507142857142857 0.32360406091370575 0.7414285714285714 0.32360406091370575 0.7414285714285714 0.34644670050761434 0.7507142857142857 0.34644670050761434