3 0.5042857142857143 0.7542857142857143 0.46714285714285714 0.7542857142857143 0.46714285714285714 0.8257142857142857 0.5042857142857143 0.8257142857142857
3 0.45785714285714285 0.7114285714285714 0.41928571428571426 0.7114285714285714 0.41928571428571426 0.7923809523809524 0.45785714285714285 0.7923809523809524
3 0.43642857142857144 0.6285714285714286 0.40785714285714286 0.6285714285714286 0.40785714285714286 0.6895238095238095 0.43642857142857144 0.6895238095238095
3 0.41714285714285715 0.5714285714285714 0.3921428571428571 0.5714285714285714 0.3921428571428571 0.6228571428571429 0.41714285714285715 0.6228571428571429
3 0.3707142857142857 0.5019047619047619 0.34928571428571437 0.5019047619047619 0.34928571428571437 0.5476190476190477 0.3707142857142857 0.5476190476190477
3 0.2671428571428571 0.04666666666666671 0.25857142857142856 0.04666666666666671 0.25857142857142856 0.059047619047619085 0.2671428571428571 0.059047619047619085
3 0.2571428571428571 0.059047619047619085 0.24928571428571428 0.059047619047619085 0.24928571428571428 0.07238095238095243 0.2571428571428571 0.07238095238095243
3 0.26071428571428573 0.09428571428571433 0.25214285714285717 0.09428571428571433 0.25214285714285717 0.10476190476190482 0.26071428571428573 0.10476190476190482
3 0.2764285714285714 0.10190476190476196 0.26571428571428574 0.10190476190476196 0.26571428571428574 0.11619047619047625 0.2764285714285714 0.11619047619047625
3 0.2621428571428571 0.11047619047619053 0.25142857142857145 0.11047619047619053 0.25142857142857145 0.12380952380952387 0.2621428571428571 0.12380952380952387
3 0.265 0.1666666666666667 0.25285714285714284 0.1666666666666667 0.25285714285714284 0.18476190476190482 0.265 0.18476190476190482
3 0.2835714285714286 0.17142857142857149 0.2714285714285714 0.17142857142857149 0.2714285714285714 0.1885714285714286 0.2835714285714286 0.1885714285714286
3 0.3007142857142857 0.17047619047619053 0.29 0.17047619047619053 0.29 0.18666666666666673 0.3007142857142857 0.18666666666666673
3 0.29714285714285715 0.1514285714285715 0.2864285714285714 0.1514285714285715 0.2864285714285714 0.16952380952380958 0.29714285714285715 0.16952380952380958
3 0.28285714285714286 0.15523809523809529 0.2714285714285714 0.15523809523809529 0.2714285714285714 0.17047619047619053 0.28285714285714286 0.17047619047619053
5 0.3157142857142857 0.032380952380952434 0.31285714285714283 0.032380952380952434 0.31285714285714283 0.040952380952381004 0.3157142857142857 0.040952380952381004
5 0.22214285714285714 0.19619047619047625 0.215 0.19619047619047625 0.215 0.2028571428571429 0.22214285714285714 0.2028571428571429
3 0.12071428571428576 0.27904761904761904 0.09357142857142861 0.27904761904761904 0.09357142857142861 0.3 0.12071428571428576 0.3
3 0.1871428571428572 0.43333333333333335 0.16142857142857148 0.43333333333333335 0.16142857142857148 0.47714285714285715 0.18714285714285722 0.47714285714285715
3 0.08642857142857147 0.36666666666666664 0.0578571428571429 0.36666666666666664 0.0578571428571429 0.4038095238095238 0.08642857142857147 0.4038095238095238
3 0.12428571428571433 0.38857142857142857 0.09071428571428576 0.38857142857142857 0.09071428571428576 0.4238095238095238 0.12428571428571433 0.4238095238095238
11 0.10714285714285718 0.44 0.0778571428571429 0.44 0.0778571428571429 0.4847619047619048 0.10714285714285718 0.4847619047619048
3 0.3414285714285714 0.35238095238095246 0.325 0.3523809523809524 0.325 0.38190476190476197 0.3414285714285714 0.381904761904762
3 0.345 0.3828571428571429 0.3271428571428571 0.38285714285714284 0.3271428571428571 0.4152380952380953 0.345 0.41523809523809535
3 0.3528571428571429 0.4161904761904763 0.3335714285714286 0.4161904761904763 0.33357142857142863 0.4580952380952382 0.3528571428571429 0.4580952380952382
3 0.3621428571428572 0.45904761904761915 0.3400000000000001 0.45904761904761915 0.3400000000000001 0.5 0.3621428571428572 0.5
3 0.36714285714285716 0.3504761904761906 0.3492857142857143 0.3504761904761906 0.3492857142857143 0.37904761904761913 0.36714285714285716 0.37904761904761913
3 0.23357142857142865 0.5771428571428572 0.20857142857142866 0.5771428571428572 0.20857142857142866 0.6428571428571429 0.23357142857142865 0.6428571428571429
5 0.11357142857142861 0.5628571428571428 0.09142857142857147 0.5628571428571428 0.09142857142857147 0.5866666666666667 0.11357142857142861 0.5866666666666667
5 0.15428571428571433 0.5076190476190476 0.12857142857142861 0.5076190476190476 0.12857142857142861 0.5238095238095238 0.15428571428571433 0.5238095238095238
5 0.0771428571428572 0.5476190476190477 0.054285714285714326 0.5476190476190477 0.05428571428571434 0.5657142857142857 0.07714285714285721 0.5657142857142857
5 0.07857142857142861 0.4866666666666667 0.06357142857142861 0.4866666666666667 0.06357142857142861 0.5 0.07857142857142861 0.5
4 0.12071428571428576 0.49238095238095236 0.0578571428571429 0.49238095238095236 0.0578571428571429 0.5495238095238095 0.12071428571428576 0.5495238095238095
7 0.1478571428571429 0.6352380952380953 0.13857142857142862 0.6352380952380953 0.13857142857142862 0.6619047619047619 0.1478571428571429 0.6619047619047619
4 0.13928571428571437 0.6904761904761905 0.07428571428571434 0.6904761904761905 0.07428571428571434 0.7285714285714285 0.13928571428571437 0.7285714285714285
3 0.44785714285714284 0.54 0.42142857142857143 0.54 0.42142857142857143 0.5923809523809523 0.44785714285714284 0.5923809523809523
3 0.41 0.5219047619047619 0.38642857142857145 0.5219047619047619 0.38642857142857145 0.5695238095238095 0.41 0.5695238095238095
3 0.4342857142857143 0.48857142857142855 0.4092857142857143 0.48857142857142855 0.4092857142857143 0.5295238095238095 0.4342857142857143 0.5295238095238095
3 0.45357142857142857 0.4533333333333334 0.4278571428571429 0.4533333333333334 0.4278571428571429 0.4895238095238095 0.45357142857142857 0.4895238095238095
3 0.41928571428571426 0.44761904761904775 0.39785714285714285 0.44761904761904775 0.39785714285714285 0.48857142857142855 0.41928571428571426 0.48857142857142855
3 0.3964285714285714 0.4647619047619049 0.3742857142857143 0.4647619047619049 0.3742857142857143 0.5095238095238095 0.3964285714285714 0.5095238095238095
3 0.385 0.4200000000000001 0.3628571428571429 0.4200000000000001 0.3628571428571429 0.45904761904761915 0.385 0.45904761904761915
3 0.4085714285714286 0.4123809523809525 0.38642857142857145 0.4123809523809525 0.38642857142857145 0.4485714285714287 0.4085714285714286 0.4485714285714287
3 0.3992857142857143 0.3780952380952382 0.37714285714285717 0.3780952380952382 0.37714285714285717 0.41142857142857153 0.3992857142857143 0.41142857142857153
3 0.3742857142857143 0.38285714285714295 0.35428571428571426 0.38285714285714295 0.35428571428571426 0.4161904761904763 0.3742857142857143 0.4161904761904763
3 0.38857142857142857 0.34095238095238106 0.37142857142857144 0.34095238095238106 0.37142857142857144 0.37047619047619057 0.38857142857142857 0.37047619047619057
5 0.42 0.341904761904762 0.41285714285714287 0.341904761904762 0.41285714285714287 0.3609523809523811 0.42 0.3609523809523811
5 0.435 0.3485714285714287 0.4307142857142857 0.3485714285714287 0.4307142857142857 0.3657142857142858 0.435 0.3657142857142858
5 0.41928571428571426 0.301904761904762 0.4142857142857143 0.301904761904762 0.4142857142857143 0.3152380952380954 0.41928571428571426 0.3152380952380954
5 0.4085714285714286 0.3123809523809525 0.4035714285714286 0.3123809523809525 0.4035714285714286 0.321904761904762 0.4085714285714286 0.321904761904762
3 0.48642857142857143 0.21619047619047624 0.4607142857142857 0.21619047619047624 0.4607142857142857 0.23238095238095244 0.48642857142857143 0.23238095238095244
3 0.48428571428571426 0.20857142857142863 0.4564285714285714 0.20857142857142863 0.4564285714285714 0.22476190476190483 0.48428571428571426 0.22476190476190483
3 0.5264285714285715 0.20857142857142869 0.4992857142857143 0.20857142857142869 0.4992857142857143 0.2257142857142858 0.5264285714285715 0.2257142857142858
7 0.4421428571428571 0.17428571428571435 0.43857142857142856 0.17428571428571435 0.43857142857142856 0.18761904761904769 0.4421428571428571 0.18761904761904769
7 0.4228571428571429 0.17619047619047626 0.4185714285714286 0.17619047619047626 0.4185714285714286 0.19047619047619052 0.4228571428571429 0.19047619047619052
5 0.5378571428571428 0.441904761904762 0.5314285714285715 0.441904761904762 0.5314285714285715 0.45714285714285724 0.5378571428571428 0.45714285714285724
3 0.71 0.644761904761905 0.6678571428571428 0.644761904761905 0.6678571428571428 0.7171428571428573 0.71 0.7171428571428573
8 0.3157142857142857 0.032380952380952434 0.31357142857142856 0.032380952380952434 0.31357142857142856 0.0371428571428572 0.3157142857142857 0.0371428571428572
8 0.22071428571428572 0.1952380952380953 0.21642857142857144 0.1952380952380953 0.21642857142857144 0.200952380952381 0.22071428571428572 0.200952380952381
8 0.4185714285714286 0.3000000000000001 0.415 0.3000000000000001 0.415 0.30857142857142866 0.4185714285714286 0.30857142857142866
8 0.40785714285714286 0.31142857142857155 0.4042857142857143 0.31142857142857155 0.4042857142857143 0.31904761904761914 0.40785714285714286 0.31904761904761914
8 0.41928571428571426 0.34000000000000014 0.4142857142857143 0.34000000000000014 0.4142857142857143 0.3523809523809525 0.41928571428571426 0.3523809523809525
8 0.43642857142857144 0.3485714285714287 0.43142857142857144 0.3485714285714287 0.43142857142857144 0.3600000000000001 0.43642857142857144 0.3600000000000001