3 0.24947807933194158 0.42022263450834885 0.2139874739039666 0.4202226345083488 0.21398747390396664 0.44526901669758817 0.2494780793319416 0.4452690166975882
3 0.25521920668058456 0.4081632653061225 0.22025052192066805 0.40816326530612246 0.22025052192066805 0.427643784786642 0.25521920668058456 0.42764378478664206
3 0.49947807933194155 0.6743970315398888 0.47286012526096033 0.6743970315398887 0.47286012526096033 0.7439703153988869 0.49947807933194155 0.743970315398887
3 0.5391440501043842 0.6437847866419297 0.5177453027139874 0.6437847866419297 0.5177453027139874 0.705009276437848 0.5391440501043842 0.705009276437848
3 0.5636743215031316 0.6706864564007423 0.5422755741127349 0.6706864564007423 0.5422755741127349 0.7346938775510207 0.5636743215031316 0.7346938775510207
3 0.5965553235908142 0.6530612244897961 0.574634655532359 0.6530612244897961 0.574634655532359 0.7161410018552877 0.5965553235908142 0.7161410018552877
3 0.5334029227557411 0.5871985157699445 0.5161795407098121 0.5871985157699445 0.5161795407098121 0.63543599257885 0.5334029227557411 0.63543599257885
3 0.5908141962421712 0.5844155844155846 0.5725469728601252 0.5844155844155846 0.5725469728601252 0.6419294990723564 0.5908141962421712 0.6419294990723564
3 0.5360125260960334 0.5231910946196663 0.5193110647181628 0.5231910946196663 0.5193110647181628 0.5677179962894251 0.5360125260960334 0.5677179962894251
11 0.5631524008350731 0.5714285714285716 0.5417536534446764 0.5714285714285716 0.5417536534446764 0.6382189239332099 0.5631524008350731 0.6382189239332099
10 0.5626304801670147 0.5018552875695735 0.5438413361169102 0.5018552875695735 0.5438413361169102 0.5630797773654919 0.5626304801670147 0.5630797773654919
3 0.5370563674321504 0.47217068645640087 0.5203549060542797 0.47217068645640087 0.5203549060542797 0.5157699443413731 0.5370563674321504 0.5157699443413731
3 0.581419624217119 0.4294990723562153 0.5668058455114823 0.4294990723562153 0.5668058455114823 0.47402597402597413 0.581419624217119 0.47402597402597413
3 0.5365344467640919 0.430426716141002 0.5208768267223383 0.430426716141002 0.5208768267223383 0.47402597402597413 0.5365344467640919 0.47402597402597413
3 0.5579331941544885 0.4332096474953619 0.5422755741127349 0.4332096474953619 0.5422755741127349 0.47309833024118747 0.5579331941544885 0.47309833024118747
3 0.5568893528183716 0.39053803339517634 0.5417536534446764 0.39053803339517634 0.5417536534446764 0.42578849721706874 0.5568893528183716 0.42578849721706874
3 0.5167014613778705 0.39053803339517634 0.5031315240083507 0.39053803339517634 0.5031315240083507 0.4239332096474955 0.5167014613778705 0.4239332096474955
3 0.5334029227557411 0.391465677179963 0.5203549060542797 0.391465677179963 0.5203549060542797 0.4230055658627088 0.5334029227557411 0.4230055658627088
3 0.5365344467640919 0.352504638218924 0.5229645093945721 0.352504638218924 0.5229645093945721 0.38961038961038974 0.5365344467640919 0.38961038961038974
3 0.5375782881002088 0.32653061224489804 0.5271398747390397 0.32653061224489804 0.5271398747390397 0.35435992578849734 0.5375782881002088 0.35435992578849734
3 0.5563674321503131 0.3311688311688313 0.5438413361169102 0.3311688311688313 0.5438413361169102 0.36363636363636376 0.5563674321503131 0.36363636363636376
3 0.5542797494780793 0.2764378478664194 0.5417536534446764 0.2764378478664194 0.5417536534446764 0.3014842300556587 0.5542797494780793 0.3014842300556587
3 0.5923799582463466 0.2597402597402598 0.5798538622129437 0.2597402597402598 0.5798538622129437 0.2829313543599259 0.5923799582463466 0.2829313543599259
2 0.5438413361169102 0.12894248608534334 0.5313152400835073 0.12894248608534334 0.5313152400835073 0.16883116883116894 0.5438413361169102 0.16883116883116894
3 0.535490605427975 0.07142857142857154 0.5271398747390397 0.07142857142857154 0.5271398747390397 0.08534322820037116 0.535490605427975 0.08534322820037116
8 0.40553235908141977 0.8896103896103896 0.3935281837160753 0.8896103896103896 0.3935281837160753 0.9128014842300557 0.40553235908141977 0.9128014842300557
8 0.40292275574112746 0.8812615955473099 0.39509394572025064 0.8812615955473099 0.39509394572025064 0.9044526901669759 0.40292275574112746 0.9044526901669759
8 0.40657620041753656 0.7328385899814471 0.4003131524008351 0.7328385899814471 0.4003131524008351 0.7662337662337663 0.40657620041753656 0.7662337662337663
8 0.4264091858037578 0.7068645640074211 0.4175365344467641 0.7068645640074211 0.4175365344467641 0.7337662337662337 0.4264091858037578 0.7337662337662337
5 0.4264091858037578 0.7198515769944341 0.4164926931106472 0.7198515769944341 0.4164926931106472 0.7393320964749536 0.4264091858037578 0.7393320964749536
5 0.40970772442588727 0.7476808905380334 0.3977035490605428 0.7476808905380334 0.3977035490605428 0.7662337662337663 0.40970772442588727 0.7662337662337663
5 0.4034446764091859 0.9007421150278293 0.3935281837160753 0.9007421150278293 0.3935281837160753 0.9332096474953617 0.4034446764091859 0.9332096474953617
8 0.48173277661795405 0.2634508348794064 0.4780793319415449 0.2634508348794064 0.4780793319415449 0.27458256029684613 0.48173277661795405 0.27458256029684613
5 0.4822546972860125 0.2717996289424862 0.4780793319415449 0.2717996289424862 0.4780793319415449 0.28107606679035263 0.4822546972860125 0.28107606679035263
8 0.5010438413361169 0.12801484230055668 0.49843423799582465 0.12801484230055668 0.49843423799582465 0.1326530612244899 0.5010438413361169 0.1326530612244899
5 0.5015657620041754 0.13172541743970326 0.49843423799582465 0.13172541743970326 0.49843423799582465 0.13914656771799638 0.5015657620041754 0.13914656771799638
4 0.5062630480167014 0.0862708719851578 0.5026096033402923 0.0862708719851578 0.5026096033402923 0.0974025974025975 0.5062630480167014 0.0974025974025975
4 0.5088726513569938 0.058441558441558544 0.5067849686847599 0.058441558441558544 0.5067849686847599 0.06771799628942497 0.5088726513569938 0.06771799628942497