10 0.501 0.3253333333333334 0.4875 0.3253333333333334 0.4875 0.34800000000000014 0.501 0.34800000000000014
10 0.5855 0.38533333333333347 0.568 0.38533333333333347 0.568 0.40600000000000014 0.5855 0.40600000000000014
10 0.992 0.7946666666666669 0.8585 0.7946666666666666 0.8585 0.9460000000000002 0.992 0.9460000000000003
0 0.698 0.5060000000000001 0.6795 0.5060000000000001 0.6795 0.5340000000000001 0.698 0.5340000000000001
3 0.5275 0.3293333333333334 0.518 0.3293333333333334 0.518 0.3380000000000001 0.5275 0.3380000000000001
3 0.5365 0.3293333333333334 0.5285 0.3293333333333334 0.5285 0.33933333333333343 0.5365 0.33933333333333343
3 0.548 0.3380000000000001 0.54 0.3380000000000001 0.54 0.3506666666666668 0.548 0.3506666666666668
3 0.54 0.34800000000000014 0.5305 0.34800000000000014 0.5305 0.36000000000000015 0.54 0.36000000000000015
3 0.549 0.3646666666666668 0.5365 0.3646666666666668 0.5365 0.37800000000000017 0.549 0.37800000000000017
3 0.5125 0.36600000000000016 0.5015 0.36600000000000016 0.5015 0.3806666666666668 0.5125 0.3806666666666668
3 0.598 0.4406666666666668 0.5815 0.4406666666666668 0.5815 0.46466666666666684 0.598 0.46466666666666684
3 0.6375 0.46866666666666684 0.617 0.46866666666666684 0.617 0.4933333333333335 0.6375 0.4933333333333335
11 0.5815 0.4146666666666668 0.566 0.4146666666666668 0.566 0.4406666666666668 0.5815 0.4406666666666668
11 0.776 0.37133333333333346 0.7535 0.37133333333333346 0.7535 0.3840000000000002 0.776 0.3840000000000002
11 0.817 0.3820000000000002 0.79 0.3820000000000002 0.79 0.39866666666666684 0.817 0.39866666666666684
3 1 0.5546666666666669 0.9605 0.5546666666666669 0.9605 0.5833333333333335 1 0.5833333333333335
3 0.967 0.5213333333333335 0.925 0.5213333333333335 0.925 0.5480000000000002 0.967 0.5480000000000002
3 0.948 0.47800000000000015 0.918 0.47800000000000015 0.918 0.49600000000000016 0.948 0.49600000000000016
3 0.817 0.40066666666666684 0.799 0.40066666666666684 0.799 0.4126666666666668 0.817 0.4126666666666668
3 0.6275 0.37333333333333346 0.596 0.37333333333333346 0.596 0.39066666666666683 0.6275 0.39066666666666683
8 0.574 0.36800000000000016 0.5705 0.36800000000000016 0.5705 0.3766666666666668 0.574 0.3766666666666668
10 0.5325 0.31066666666666676 0.521 0.31066666666666676 0.521 0.32600000000000007 0.5325 0.32600000000000007
3 0.522 0.32000000000000006 0.5145 0.32000000000000006 0.5145 0.3293333333333334 0.522 0.3293333333333334
3 0.5185 0.31466666666666676 0.51 0.31466666666666676 0.51 0.32266666666666677 0.5185 0.32266666666666677
3 0.511 0.3033333333333334 0.5045 0.3033333333333334 0.5045 0.31000000000000005 0.511 0.31000000000000005
3 0.501 0.2933333333333334 0.496 0.2933333333333334 0.496 0.2993333333333334 0.501 0.2993333333333334
3 0.506 0.2900000000000001 0.502 0.2900000000000001 0.502 0.2973333333333334 0.506 0.2973333333333334
3 0.5335 0.2953333333333334 0.519 0.2953333333333334 0.519 0.30266666666666675 0.5335 0.30266666666666675
3 0.4825 0.2893333333333334 0.478 0.2893333333333334 0.478 0.29666666666666675 0.4825 0.29666666666666675
3 0.484 0.27866666666666673 0.48 0.27866666666666673 0.48 0.28466666666666673 0.484 0.28466666666666673
3 0.477 0.28066666666666673 0.4725 0.28066666666666673 0.4725 0.28466666666666673 0.477 0.28466666666666673
3 0.4765 0.2746666666666667 0.472 0.2746666666666667 0.472 0.2800000000000001 0.4765 0.2800000000000001
3 0.513 0.2980000000000001 0.506 0.2980000000000001 0.506 0.30466666666666675 0.513 0.30466666666666675
10 0.495 0.3053333333333334 0.4815 0.3053333333333334 0.4815 0.3193333333333334 0.495 0.3193333333333334
5 0.5755 0.3746666666666668 0.57 0.3746666666666668 0.57 0.38000000000000017 0.5755 0.38000000000000017
10 0.5005 0.28066666666666673 0.4925 0.28066666666666673 0.4925 0.2933333333333334 0.5005 0.2933333333333334
10 0.5015 0.2766666666666667 0.4955 0.2766666666666667 0.4955 0.2853333333333334 0.5015 0.2853333333333334
10 0.4795 0.2686666666666667 0.473 0.2686666666666667 0.473 0.2766666666666667 0.4795 0.2766666666666667
10 0.478 0.26400000000000007 0.4725 0.26400000000000007 0.4725 0.2720000000000001 0.478 0.2720000000000001
4 0.4905 0.24800000000000008 0.4615 0.24800000000000008 0.4615 0.2673333333333334 0.4905 0.2673333333333334
8 0.511 0.29066666666666674 0.5085 0.29066666666666674 0.5085 0.2960000000000001 0.511 0.2960000000000001
8 0.4725 0.3000000000000001 0.471 0.3000000000000001 0.471 0.30466666666666675 0.4725 0.30466666666666675
8 0.4675 0.2993333333333334 0.4655 0.2993333333333334 0.4655 0.3040000000000001 0.4675 0.3040000000000001
5 0.469 0.30266666666666675 0.4665 0.30266666666666675 0.4665 0.30800000000000005 0.469 0.30800000000000005
5 0.4735 0.30266666666666675 0.4705 0.30266666666666675 0.4705 0.3073333333333334 0.4735 0.3073333333333334
5 0.512 0.2913333333333334 0.5085 0.2913333333333334 0.5085 0.2980000000000001 0.512 0.2980000000000001