10 0.45714285714285724 0.8809523809523809 0.39785714285714285 0.8809523809523809 0.39785714285714296 1 0.4571428571428573 1
7 0.512857142857143 0.9761904761904762 0.5014285714285716 0.9761904761904762 0.5014285714285716 1 0.512857142857143 1
6 0.45000000000000007 0.88 0.41 0.88 0.4100000000000001 0.9552380952380952 0.4500000000000002 0.9552380952380952
3 0.44357142857142867 0.839047619047619 0.42 0.839047619047619 0.4200000000000001 0.8904761904761904 0.4435714285714287 0.8904761904761904
3 0.47714285714285715 0.7752380952380953 0.45357142857142857 0.7752380952380953 0.45357142857142857 0.8161904761904762 0.47714285714285715 0.8161904761904762
3 0.46214285714285713 0.7352380952380952 0.4407142857142857 0.7352380952380952 0.4407142857142857 0.7704761904761904 0.46214285714285713 0.7704761904761904
3 0.4835714285714286 0.7323809523809524 0.4664285714285714 0.7323809523809524 0.4664285714285714 0.7666666666666667 0.4835714285714286 0.7666666666666667
11 0.5164285714285715 0.6876190476190476 0.5 0.6876190476190476 0.5 0.7171428571428572 0.5164285714285715 0.7171428571428572
11 0.5007142857142857 0.6342857142857142 0.49 0.6342857142857142 0.49 0.6533333333333333 0.5007142857142857 0.6533333333333333
11 0.56 0.560952380952381 0.5535714285714286 0.560952380952381 0.5535714285714286 0.5714285714285714 0.56 0.5714285714285714
3 0.5692857142857143 0.6504761904761904 0.555 0.6504761904761904 0.555 0.6676190476190477 0.5692857142857143 0.6676190476190477
3 0.5885714285714285 0.6238095238095238 0.5757142857142857 0.6238095238095238 0.5757142857142857 0.6419047619047619 0.5885714285714285 0.6419047619047619
10 0.5707142857142857 0.579047619047619 0.56 0.579047619047619 0.56 0.599047619047619 0.5707142857142857 0.599047619047619
3 0.5192857142857142 0.6180952380952381 0.5085714285714286 0.6180952380952381 0.5085714285714286 0.6371428571428571 0.5192857142857142 0.6371428571428571
3 0.4828571428571429 0.6447619047619048 0.4707142857142857 0.6447619047619048 0.4707142857142857 0.6619047619047619 0.4828571428571429 0.6619047619047619
3 0.49142857142857144 0.6142857142857143 0.48 0.6142857142857143 0.48 0.6295238095238095 0.49142857142857144 0.6295238095238095
3 0.505 0.5971428571428572 0.495 0.5971428571428572 0.495 0.6123809523809524 0.505 0.6123809523809524
3 0.5235714285714286 0.5895238095238096 0.5135714285714286 0.5895238095238096 0.5135714285714286 0.6038095238095238 0.5235714285714286 0.6038095238095238
3 0.5007142857142857 0.579047619047619 0.49142857142857144 0.579047619047619 0.49142857142857144 0.5923809523809523 0.5007142857142857 0.5923809523809523
3 0.5207142857142857 0.5714285714285714 0.5128571428571429 0.5714285714285714 0.5128571428571429 0.580952380952381 0.5207142857142857 0.580952380952381
3 0.5142857142857142 0.5533333333333333 0.5064285714285715 0.5533333333333333 0.5064285714285715 0.5638095238095238 0.5142857142857142 0.5638095238095238
3 0.525 0.5447619047619048 0.52 0.5447619047619048 0.52 0.5514285714285714 0.525 0.5514285714285714
3 0.51 0.5428571428571428 0.5028571428571429 0.5428571428571428 0.5028571428571429 0.5514285714285714 0.51 0.5514285714285714
3 0.5678571428571428 0.5152380952380953 0.5592857142857143 0.5152380952380953 0.5592857142857143 0.5219047619047619 0.5678571428571428 0.5219047619047619
3 0.5121428571428571 0.5304761904761904 0.5071428571428571 0.5304761904761904 0.5071428571428571 0.5380952380952381 0.5121428571428571 0.5380952380952381
11 0.52 0.5276190476190477 0.5157142857142857 0.5276190476190477 0.5157142857142857 0.5342857142857143 0.52 0.5342857142857143
3 0.5278571428571428 0.52 0.5228571428571429 0.52 0.5228571428571429 0.5257142857142857 0.5278571428571428 0.5257142857142857
3 0.5207142857142857 0.518095238095238 0.5164285714285715 0.518095238095238 0.5164285714285715 0.5247619047619048 0.5207142857142857 0.5247619047619048
3 0.5157142857142857 0.5152380952380953 0.5121428571428571 0.5152380952380953 0.5121428571428571 0.52 0.5157142857142857 0.52
3 0.5185714285714286 0.5104761904761905 0.515 0.5104761904761905 0.515 0.5142857142857142 0.5185714285714286 0.5142857142857142
3 0.5292857142857142 0.5123809523809524 0.525 0.5123809523809524 0.525 0.5171428571428571 0.5292857142857142 0.5171428571428571
2 0.5292857142857142 0.5038095238095238 0.5257142857142857 0.5038095238095238 0.5257142857142857 0.5104761904761905 0.5292857142857142 0.5104761904761905
3 0.5228571428571429 0.5057142857142857 0.52 0.5057142857142857 0.52 0.5104761904761905 0.5228571428571429 0.5104761904761905
3 0.5242857142857142 0.4990476190476191 0.5207142857142857 0.4990476190476191 0.5207142857142857 0.5038095238095238 0.5242857142857142 0.5038095238095238
3 0.54 0.4800000000000001 0.5371428571428571 0.4800000000000001 0.5371428571428571 0.482857142857143 0.54 0.482857142857143
3 0.5285714285714286 0.4761904761904763 0.5264285714285715 0.4761904761904763 0.5264285714285715 0.47904761904761917 0.5285714285714286 0.47904761904761917
10 0.5378571428571428 0.4761904761904763 0.5357142857142857 0.4761904761904763 0.5357142857142857 0.47904761904761917 0.5378571428571428 0.47904761904761917
10 0.5371428571428571 0.4723809523809525 0.535 0.4723809523809525 0.535 0.4761904761904763 0.5371428571428571 0.4761904761904763
10 0.5407142857142857 0.47142857142857153 0.5378571428571428 0.47142857142857153 0.5378571428571428 0.47523809523809535 0.5407142857142857 0.47523809523809535
4 0.7292857142857143 0.5209523809523812 0.6778571428571428 0.5209523809523812 0.6778571428571428 0.5419047619047621 0.7292857142857143 0.5419047619047621
4 0.7292857142857143 0.5066666666666669 0.715 0.5066666666666669 0.715 0.524761904761905 0.7292857142857143 0.524761904761905