3 0.03928571428571433 0.6256345177664975 0.008571428571428615 0.6256345177664975 0.008571428571428615 0.6472081218274112 0.03928571428571433 0.6472081218274112
3 0.07428571428571433 0.5799492385786802 0.05142857142857147 0.5799492385786802 0.05142857142857147 0.5989847715736041 0.07428571428571433 0.5989847715736041
3 0.22785714285714292 0.666243654822335 0.2007142857142858 0.666243654822335 0.2007142857142858 0.6967005076142132 0.22785714285714292 0.6967005076142132
3 0.2521428571428572 0.6383248730964467 0.23357142857142865 0.6383248730964467 0.23357142857142865 0.666243654822335 0.2521428571428572 0.666243654822335
3 0.2164285714285715 0.6281725888324873 0.1964285714285715 0.6281725888324873 0.1964285714285715 0.6535532994923858 0.2164285714285715 0.6535532994923858
3 0.2557142857142858 0.8591370558375635 0.22785714285714292 0.8591370558375635 0.22785714285714292 0.9111675126903553 0.2557142857142858 0.9111675126903553
3 0.62 0.7271573604060914 0.5964285714285714 0.7271573604060914 0.5964285714285714 0.7690355329949239 0.62 0.7690355329949239
3 0.7585714285714286 0.7982233502538074 0.7321428571428571 0.7982233502538074 0.7321428571428571 0.8477157360406095 0.7585714285714286 0.8477157360406095
3 0.7921428571428571 0.7741116751269038 0.7628571428571429 0.7741116751269038 0.7628571428571429 0.8261421319796958 0.7921428571428571 0.8261421319796958
3 0.725 0.5507614213197971 0.7064285714285714 0.5507614213197971 0.7064285714285714 0.5812182741116753 0.725 0.5812182741116753
3 0.6685714285714286 0.4340101522842641 0.6535714285714286 0.4340101522842641 0.6535714285714286 0.4593908629441626 0.6685714285714286 0.4593908629441626
3 0.6142857142857143 0.36167512690355347 0.6007142857142858 0.36167512690355347 0.6007142857142858 0.37817258883248744 0.6142857142857143 0.37817258883248744
3 0.6557142857142857 0.38324873096446715 0.6435714285714286 0.38324873096446715 0.6435714285714286 0.402284263959391 0.6557142857142857 0.402284263959391
10 0.17714285714285719 0.49238578680203043 0.14428571428571432 0.49238578680203043 0.14428571428571432 0.5317258883248731 0.17714285714285719 0.5317258883248731
10 0.19000000000000009 0.5901015228426396 0.16571428571428576 0.5901015228426396 0.16571428571428576 0.6281725888324873 0.19000000000000009 0.6281725888324873
10 0.18142857142857147 0.5951776649746193 0.14000000000000004 0.5951776649746193 0.14000000000000004 0.6573604060913706 0.18142857142857147 0.6573604060913706
3 0.24000000000000007 0.6395939086294417 0.21428571428571436 0.6395939086294417 0.21428571428571436 0.6763959390862944 0.24000000000000007 0.6763959390862944
3 0.26785714285714296 0.6218274111675127 0.24357142857142866 0.6218274111675127 0.24357142857142866 0.6573604060913706 0.26785714285714296 0.6573604060913706
3 0.24000000000000007 0.6269035532994924 0.21928571428571436 0.6269035532994924 0.21928571428571436 0.6548223350253807 0.24000000000000007 0.6548223350253807
3 0.2371428571428572 0.5951776649746193 0.20857142857142866 0.5951776649746193 0.20857142857142866 0.6294416243654822 0.2371428571428572 0.6294416243654822
3 0.2542857142857144 0.5913705583756346 0.2300000000000001 0.5913705583756346 0.2300000000000001 0.6192893401015228 0.2542857142857144 0.6192893401015228
3 0.2807142857142858 0.5913705583756346 0.2557142857142858 0.5913705583756346 0.2557142857142858 0.6243654822335025 0.2807142857142858 0.6243654822335025
3 0.2842857142857143 0.5799492385786802 0.2592857142857143 0.5799492385786802 0.25928571428571434 0.5977157360406091 0.28428571428571436 0.5977157360406091
3 0.24142857142857146 0.5723350253807107 0.22071428571428572 0.5723350253807107 0.22071428571428575 0.5913705583756346 0.24142857142857152 0.5913705583756346
3 0.3614285714285715 0.5926395939086296 0.33285714285714296 0.5926395939086296 0.33285714285714296 0.6116751269035534 0.3614285714285715 0.6116751269035534
3 0.37142857142857144 0.5977157360406092 0.3450000000000001 0.5977157360406092 0.3450000000000001 0.6180203045685281 0.37142857142857144 0.6180203045685281
3 0.3657142857142857 0.6218274111675128 0.3407142857142858 0.6218274111675128 0.3407142857142858 0.6421319796954316 0.3657142857142857 0.6421319796954316
3 0.26857142857142857 0.5697969543147208 0.24857142857142858 0.5697969543147208 0.24857142857142858 0.5850253807106599 0.26857142857142857 0.5850253807106599
3 0.2778571428571429 0.5710659898477157 0.2507142857142857 0.5710659898477157 0.2507142857142858 0.5964467005076142 0.2778571428571429 0.5964467005076142
3 0.30571428571428577 0.8553299492385786 0.25785714285714295 0.8553299492385786 0.25785714285714295 0.883248730964467 0.30571428571428577 0.883248730964467
3 0.30857142857142866 0.8350253807106599 0.2700000000000001 0.8350253807106599 0.2700000000000001 0.8604060913705583 0.30857142857142866 0.8604060913705583
3 0.31285714285714294 0.815989847715736 0.27285714285714296 0.815989847715736 0.27285714285714296 0.8451776649746193 0.31285714285714294 0.8451776649746193
3 0.31357142857142867 0.799492385786802 0.27428571428571435 0.799492385786802 0.27428571428571435 0.8274111675126904 0.31357142857142867 0.8274111675126904
3 0.31857142857142867 0.7779187817258884 0.28142857142857153 0.7779187817258884 0.28142857142857153 0.8071065989847716 0.31857142857142867 0.8071065989847716
3 0.30571428571428577 0.7715736040609137 0.27214285714285724 0.7715736040609137 0.27214285714285724 0.7956852791878173 0.30571428571428577 0.7956852791878173
3 0.3092857142857144 0.7550761421319797 0.2757142857142858 0.7550761421319797 0.2757142857142858 0.7791878172588832 0.3092857142857144 0.7791878172588832
3 0.2357142857142858 0.9213197969543148 0.2057142857142858 0.9213197969543148 0.2057142857142858 0.9860406091370558 0.2357142857142858 0.9860406091370558
3 0.03857142857142861 0.5888324873096447 0.022142857142857183 0.5888324873096447 0.022142857142857183 0.6091370558375635 0.03857142857142861 0.6091370558375635
3 0.027142857142857184 0.5964467005076142 0.01000000000000004 0.5964467005076142 0.010000000000000042 0.6205583756345178 0.027142857142857184 0.6205583756345178
3 0.054285714285714326 0.5862944162436549 0.035714285714285754 0.5862944162436549 0.035714285714285754 0.6078680203045685 0.054285714285714326 0.6078680203045685
3 0.035714285714285754 0.6116751269035533 0.017857142857142898 0.6116751269035533 0.0178571428571429 0.633248730964467 0.035714285714285754 0.633248730964467
3 0.04642857142857147 0.6053299492385786 0.030714285714285756 0.6053299492385786 0.030714285714285756 0.6256345177664975 0.04642857142857147 0.6256345177664975
3 0.00928571428571433 0.6142131979695431 4.2337789341951355e-17 0.6142131979695431 4.334374921267954e-17 0.6434010152284264 0.00928571428571433 0.6434010152284264
3 0.011428571428571468 0.5939086294416244 4.0938193000068664e-17 0.5939086294416244 4.194415287079685e-17 0.6230964467005076 0.011428571428571468 0.6230964467005076
2 0.15500000000000003 0.2779187817258883 0.13285714285714287 0.2779187817258883 0.13285714285714287 0.3032994923857868 0.15500000000000005 0.3032994923857868
3 0.08071428571428574 0.25888324873096447 0.07214285714285716 0.25888324873096447 0.07214285714285716 0.2715736040609137 0.08071428571428574 0.2715736040609137
3 0.04857142857142859 0.23857868020304568 0.04285714285714288 0.23857868020304568 0.04285714285714288 0.24746192893401014 0.04857142857142859 0.24746192893401014
10 0.5978571428571429 0.815989847715736 0.555 0.815989847715736 0.555 0.9238578680203046 0.5978571428571429 0.9238578680203046
10 0.7907142857142857 0.5139593908629443 0.7585714285714286 0.5139593908629443 0.7585714285714286 0.5786802030456855 0.7907142857142857 0.5786802030456855
10 0.735 0.4441624365482235 0.7135714285714285 0.4441624365482235 0.7135714285714285 0.4784263959390864 0.735 0.4784263959390864
10 0.5707142857142857 0.30329949238578696 0.5571428571428572 0.30329949238578696 0.5571428571428572 0.32487309644670065 0.5707142857142857 0.32487309644670065
10 0.6421428571428571 0.4606598984771575 0.6228571428571429 0.4606598984771575 0.6228571428571429 0.5038071065989849 0.6421428571428571 0.5038071065989849
3 0.6464285714285715 0.5469543147208124 0.6285714285714286 0.5469543147208124 0.6285714285714286 0.5799492385786803 0.6464285714285715 0.5799492385786803
3 0.7014285714285714 0.4340101522842641 0.6885714285714286 0.4340101522842641 0.6885714285714286 0.45685279187817274 0.7014285714285714 0.45685279187817274
3 0.6335714285714286 0.3591370558375636 0.6214285714285714 0.3591370558375636 0.6214285714285714 0.3743654822335027 0.6335714285714286 0.3743654822335027
3 0.62 0.33629441624365497 0.6092857142857143 0.33629441624365497 0.6092857142857143 0.35025380710659915 0.62 0.35025380710659915
3 0.5978571428571429 0.3680203045685281 0.5864285714285714 0.3680203045685281 0.5864285714285714 0.3807106598984773 0.5978571428571429 0.3807106598984773
3 0.5592857142857143 0.3413705583756347 0.5485714285714286 0.3413705583756347 0.5485714285714286 0.3540609137055839 0.5592857142857143 0.3540609137055839
3 0.5428571428571428 0.3121827411167514 0.5335714285714286 0.3121827411167514 0.5335714285714286 0.32360406091370575 0.5428571428571428 0.32360406091370575
3 0.5378571428571428 0.28553299492385803 0.5257142857142857 0.28553299492385803 0.5257142857142857 0.3007614213197971 0.5378571428571428 0.3007614213197971
3 0.5171428571428571 0.302030456852792 0.5085714285714286 0.302030456852792 0.5085714285714286 0.3121827411167514 0.5171428571428571 0.3121827411167514
3 0.45785714285714285 0.28172588832487316 0.44857142857142857 0.28172588832487316 0.44857142857142857 0.2918781725888326 0.45785714285714285 0.2918781725888326
3 0.48 0.2715736040609138 0.47214285714285714 0.2715736040609138 0.47214285714285714 0.2829949238578681 0.48 0.2829949238578681
3 0.4692857142857143 0.27538071065989855 0.46214285714285713 0.27538071065989855 0.46214285714285713 0.284263959390863 0.4692857142857143 0.284263959390863
5 0.5264285714285715 0.3096446700507616 0.5221428571428571 0.3096446700507616 0.5221428571428571 0.31979695431472094 0.5264285714285715 0.31979695431472094
5 0.5321428571428571 0.32360406091370575 0.5271428571428571 0.32360406091370575 0.5271428571428571 0.33502538071066007 0.5321428571428571 0.33502538071066007
3 0.42928571428571427 0.2614213197969544 0.42142857142857143 0.2614213197969544 0.42142857142857143 0.27030456852791884 0.42928571428571427 0.27030456852791884
3 0.40714285714285714 0.25634517766497467 0.3985714285714286 0.25634517766497467 0.3985714285714286 0.26395939086294423 0.40714285714285714 0.26395939086294423
3 0.4357142857142857 0.2576142131979696 0.42857142857142855 0.2576142131979696 0.42857142857142855 0.2664974619289341 0.4357142857142857 0.2664974619289341
3 0.4035714285714286 0.24873096446700516 0.395 0.24873096446700516 0.395 0.25634517766497467 0.4035714285714286 0.25634517766497467
10 0.5014285714285714 0.2829949238578681 0.4857142857142857 0.2829949238578681 0.4857142857142857 0.302030456852792 0.5014285714285714 0.302030456852792
2 0.5864285714285714 0.32487309644670065 0.5635714285714286 0.32487309644670065 0.5635714285714286 0.36421319796954327 0.5864285714285714 0.36421319796954327
2 0.6264285714285714 0.3959390862944164 0.6057142857142858 0.3959390862944164 0.6057142857142858 0.451776649746193 0.6264285714285714 0.451776649746193
11 0.3335714285714286 0.3705583756345178 0.32142857142857145 0.37055837563451777 0.32142857142857145 0.38705583756345185 0.3335714285714286 0.3870558375634519
11 0.705 0.5596446700507616 0.6864285714285714 0.5596446700507616 0.6864285714285714 0.5977157360406092 0.705 0.5977157360406092
5 0.6035714285714285 0.3743654822335027 0.5992857142857143 0.3743654822335027 0.5992857142857143 0.3870558375634519 0.6035714285714285 0.3870558375634519
5 0.4092857142857143 0.24492385786802037 0.4007142857142857 0.24492385786802037 0.4007142857142857 0.25507614213197977 0.4092857142857143 0.25507614213197977
3 0.38357142857142856 0.24873096446700516 0.37714285714285717 0.24873096446700516 0.37714285714285717 0.25634517766497467 0.38357142857142856 0.25634517766497467
3 0.3964285714285714 0.2588832487309645 0.38857142857142857 0.2588832487309645 0.38857142857142857 0.2664974619289341 0.3964285714285714 0.2664974619289341
3 0.35428571428571426 0.24492385786802037 0.34714285714285714 0.24492385786802037 0.34714285714285714 0.2525380710659899 0.35428571428571426 0.2525380710659899
3 0.35285714285714287 0.2398477157360407 0.3457142857142857 0.2398477157360407 0.3457142857142857 0.24746192893401023 0.35285714285714287 0.24746192893401023
3 0.3628571428571429 0.23730964467005083 0.35428571428571426 0.23730964467005083 0.35428571428571426 0.2461928934010153 0.3628571428571429 0.2461928934010153
3 0.3171428571428571 0.23477157360406098 0.31 0.23477157360406098 0.31 0.24238578680203052 0.3171428571428571 0.24238578680203052
10 0.3335714285714286 0.22842639593908637 0.32071428571428573 0.22842639593908637 0.32071428571428573 0.24365482233502544 0.3335714285714286 0.24365482233502544
10 0.2985714285714286 0.22208121827411176 0.28714285714285714 0.22208121827411176 0.28714285714285714 0.23350253807106605 0.2985714285714286 0.23350253807106605
10 0.27785714285714286 0.21192893401015236 0.26785714285714285 0.21192893401015236 0.26785714285714285 0.22335025380710666 0.27785714285714286 0.22335025380710666
11 0.30642857142857144 0.2258883248730965 0.29928571428571427 0.2258883248730965 0.29928571428571427 0.23477157360406098 0.30642857142857144 0.23477157360406098
3 0.2857142857142857 0.21827411167512697 0.28 0.21827411167512697 0.28 0.2258883248730965 0.2857142857142857 0.2258883248730965
4 0.2892857142857143 0.1763959390862945 0.2571428571428571 0.1763959390862945 0.2571428571428571 0.21065989847715744 0.2892857142857143 0.21065989847715744
4 0.6742857142857143 0.11802030456852805 0.5085714285714286 0.11802030456852802 0.5085714285714286 0.20812182741116766 0.6742857142857143 0.20812182741116766