3 0.46428571428571447 0.9304761904761905 0.3407142857142858 0.9304761904761905 0.3407142857142858 1 0.46428571428571447 1
11 0.2614285714285715 0.96 0.14214285714285724 0.96 0.14214285714285724 1 0.2614285714285715 1
3 0.22714285714285723 0.6009523809523809 0.10714285714285718 0.6009523809523809 0.1071428571428572 0.7047619047619048 0.22714285714285723 0.7047619047619048
3 0.2978571428571429 0.32095238095238093 0.2292857142857143 0.32095238095238093 0.22928571428571431 0.46095238095238095 0.29785714285714293 0.46095238095238095
11 0.4228571428571429 0.17047619047619053 0.3507142857142857 0.17047619047619053 0.3507142857142857 0.30666666666666675 0.4228571428571429 0.30666666666666675
3 0.6535714285714286 0.24571428571428583 0.5792857142857143 0.24571428571428583 0.5792857142857143 0.3980952380952382 0.6535714285714286 0.3980952380952382
3 0.7164285714285714 0.27333333333333343 0.6442857142857142 0.27333333333333343 0.6442857142857142 0.4238095238095239 0.7164285714285714 0.4238095238095239
3 0.7757142857142857 0.31047619047619057 0.7021428571428572 0.31047619047619057 0.7021428571428572 0.4533333333333334 0.7757142857142857 0.4533333333333334
3 0.835 0.11904761904761917 0.7228571428571429 0.11904761904761915 0.7228571428571429 0.2047619047619049 0.835 0.20476190476190492
3 0.5657142857142857 0.0257142857142858 0.46785714285714286 0.02571428571428579 0.46785714285714286 0.11809523809523817 0.5657142857142857 0.11809523809523817
3 0.98 0.36666666666666675 0.9 0.36666666666666675 0.9 0.524761904761905 0.98 0.524761904761905
7 0.855 0.4257142857142858 0.83 0.4257142857142858 0.83 0.4561904761904763 0.855 0.4561904761904763
7 0.6035714285714285 0.49523809523809526 0.5821428571428572 0.49523809523809526 0.5821428571428572 0.5219047619047619 0.6035714285714285 0.5219047619047619
7 0.7042857142857143 0.12571428571428583 0.6821428571428572 0.12571428571428583 0.6821428571428572 0.16571428571428581 0.7042857142857143 0.16571428571428581
7 0.8335714285714285 0.07428571428571443 0.815 0.07428571428571443 0.815 0.11523809523809538 0.8335714285714285 0.11523809523809538
5 0.6928571428571428 0.22476190476190486 0.655 0.22476190476190486 0.655 0.2704761904761906 0.6928571428571428 0.2704761904761906
1 0.7514285714285714 0.2666666666666668 0.7157142857142857 0.2666666666666668 0.7157142857142857 0.301904761904762 0.7514285714285714 0.301904761904762
1 0.8028571428571428 0.29142857142857154 0.7635714285714286 0.29142857142857154 0.7635714285714286 0.32666666666666677 0.8028571428571428 0.32666666666666677
3 0.5464285714285714 0.21809523809523818 0.48714285714285716 0.21809523809523815 0.48714285714285716 0.32571428571428584 0.5464285714285714 0.32571428571428584
3 0.4957142857142857 0.19238095238095243 0.4278571428571429 0.19238095238095243 0.4278571428571429 0.32571428571428584 0.4957142857142857 0.32571428571428584
7 0.6607142857142857 0.5447619047619048 0.64 0.5447619047619048 0.64 0.5657142857142857 0.6607142857142857 0.5657142857142857
5 0.9935714285714285 0.301904761904762 0.9528571428571428 0.301904761904762 0.9528571428571428 0.3447619047619049 0.9935714285714285 0.3447619047619049
8 0.1578571428571429 0.35333333333333333 0.13500000000000004 0.35333333333333333 0.13500000000000004 0.38 0.1578571428571429 0.38
7 0.15071428571428575 0.28285714285714286 0.1185714285714286 0.28285714285714286 0.1185714285714286 0.31333333333333335 0.15071428571428575 0.31333333333333335
8 0.05142857142857147 0.35714285714285715 0.009285714285714319 0.35714285714285715 0.00928571428571432 0.38285714285714284 0.05142857142857147 0.38285714285714284
1 0.17642857142857146 0.35428571428571426 0.1342857142857143 0.35428571428571426 0.1342857142857143 0.38285714285714284 0.17642857142857146 0.38285714285714284
1 0.05000000000000004 0.35428571428571426 0.012142857142857174 0.35428571428571426 0.012142857142857176 0.40095238095238095 0.05000000000000004 0.40095238095238095