3 0.15142857142857147 0.43238095238095237 0.13357142857142862 0.43238095238095237 0.13357142857142862 0.44952380952380955 0.15142857142857147 0.44952380952380955
10 0.20928571428571438 0.4685714285714286 0.17928571428571433 0.4685714285714286 0.17928571428571433 0.5019047619047619 0.20928571428571438 0.5019047619047619
3 0.23285714285714293 0.5085714285714286 0.2014285714285715 0.5085714285714286 0.2014285714285715 0.5352380952380953 0.23285714285714293 0.5352380952380953
3 0.25285714285714295 0.5238095238095238 0.2164285714285715 0.5238095238095238 0.2164285714285715 0.5495238095238095 0.25285714285714295 0.5495238095238095
3 0.28142857142857153 0.5276190476190477 0.24928571428571436 0.5276190476190477 0.24928571428571436 0.5561904761904762 0.28142857142857153 0.5561904761904762
3 0.3207142857142858 0.5276190476190477 0.2878571428571429 0.5276190476190477 0.2878571428571429 0.5552380952380952 0.3207142857142858 0.5552380952380952
3 0.34928571428571437 0.5247619047619048 0.3214285714285715 0.5247619047619048 0.3214285714285715 0.5523809523809524 0.34928571428571437 0.5523809523809524
3 0.3792857142857143 0.5228571428571429 0.3571428571428572 0.5228571428571429 0.3571428571428572 0.5495238095238095 0.3792857142857143 0.5495238095238095
3 0.41 0.5123809523809524 0.3892857142857143 0.5123809523809524 0.3892857142857143 0.5419047619047619 0.41 0.5419047619047619
3 0.40285714285714286 0.5942857142857143 0.34214285714285725 0.5942857142857143 0.34214285714285725 0.6342857142857142 0.40285714285714286 0.6342857142857142
3 0.44285714285714284 0.5704761904761905 0.3842857142857143 0.5704761904761905 0.3842857142857143 0.6038095238095238 0.44285714285714284 0.6038095238095238
3 0.49714285714285716 0.5495238095238095 0.44285714285714284 0.5495238095238095 0.44285714285714284 0.5819047619047619 0.49714285714285716 0.5819047619047619
3 0.6678571428571428 0.4485714285714287 0.6371428571428571 0.4485714285714287 0.6371428571428571 0.47142857142857153 0.6678571428571428 0.47142857142857153
7 0.64 0.44571428571428584 0.6328571428571429 0.44571428571428584 0.6328571428571429 0.46285714285714297 0.64 0.46285714285714297
3 0.41285714285714287 0.66 0.3500000000000001 0.66 0.3500000000000001 0.7142857142857143 0.41285714285714287 0.7142857142857143
3 0.4742857142857143 0.7209523809523809 0.40285714285714286 0.7209523809523809 0.40285714285714286 0.7866666666666666 0.4742857142857143 0.7866666666666666
3 0.07428571428571433 0.47333333333333333 0.05500000000000004 0.47333333333333333 0.05500000000000004 0.49523809523809526 0.07428571428571433 0.49523809523809526
3 0.0885714285714286 0.5057142857142857 0.06500000000000004 0.5057142857142857 0.06500000000000004 0.5304761904761904 0.0885714285714286 0.5304761904761904
3 0.09857142857142862 0.5266666666666666 0.07000000000000003 0.5266666666666666 0.07000000000000005 0.5561904761904762 0.09857142857142862 0.5561904761904762
3 0.11642857142857146 0.5438095238095239 0.08428571428571432 0.5438095238095239 0.08428571428571434 0.5780952380952381 0.11642857142857146 0.5780952380952381
3 0.12428571428571433 0.5771428571428572 0.08857142857142863 0.5771428571428572 0.08857142857142863 0.6180952380952381 0.12428571428571433 0.6180952380952381
3 0.1564285714285715 0.6580952380952381 0.11285714285714289 0.6580952380952381 0.11285714285714292 0.7047619047619048 0.1564285714285715 0.7047619047619048
10 0.05428571428571435 0.6228571428571429 5.720850047445493e-17 0.6228571428571429 6.228203721377968e-17 0.7333333333333333 0.05428571428571435 0.7333333333333333
3 0.2928571428571429 0.9 0.21214285714285722 0.9 0.21214285714285722 0.9942857142857143 0.2928571428571429 0.9942857142857143
3 0.7378571428571429 0.9514285714285715 0.6357142857142859 0.9514285714285714 0.6357142857142859 1 0.7378571428571429 1
3 0.9671428571428572 0.7000000000000002 0.8664285714285714 0.7000000000000002 0.8664285714285714 0.7685714285714288 0.9671428571428572 0.7685714285714288