3 0.9942857142857143 0.503809523809524 0.84 0.503809523809524 0.84 0.6285714285714288 0.9942857142857143 0.6285714285714288
3 1 0.34761904761904777 0.9185714285714286 0.3476190476190477 0.9185714285714286 0.46761904761904777 1 0.4676190476190478
2 1 0.162857142857143 0.845 0.162857142857143 0.845 0.37238095238095253 1 0.3723809523809526
10 1 0.25619047619047636 0.9278571428571428 0.2561904761904763 0.9278571428571428 0.38857142857142873 1 0.3885714285714288
3 0.8642857142857143 0.4666666666666668 0.7478571428571429 0.4666666666666668 0.7478571428571429 0.5723809523809525 0.8642857142857143 0.5723809523809525
3 0.8464285714285714 0.4066666666666668 0.7485714285714286 0.4066666666666668 0.7485714285714286 0.5085714285714288 0.8464285714285714 0.5085714285714288
3 0.6892857142857143 0.4666666666666668 0.6207142857142857 0.4666666666666668 0.6207142857142857 0.5400000000000001 0.6892857142857143 0.5400000000000003
3 0.7178571428571429 0.561904761904762 0.64 0.5619047619047619 0.64 0.641904761904762 0.7178571428571429 0.6419047619047621
3 0.6328571428571429 0.6647619047619048 0.5578571428571428 0.6647619047619048 0.5578571428571428 0.7466666666666667 0.6328571428571429 0.7466666666666667
3 0.6121428571428571 0.6190476190476191 0.54 0.6190476190476191 0.54 0.6942857142857143 0.6121428571428571 0.6942857142857143
3 0.505 0.679047619047619 0.4492857142857143 0.679047619047619 0.4492857142857143 0.7428571428571429 0.505 0.7428571428571429
10 0.5164285714285715 0.7304761904761905 0.4471428571428571 0.7304761904761905 0.4471428571428571 0.8066666666666666 0.5164285714285715 0.8066666666666666
2 0.6107142857142858 0.5285714285714286 0.46 0.5285714285714286 0.46 0.6771428571428572 0.6107142857142858 0.6771428571428572
3 0.5428571428571428 0.54 0.4942857142857143 0.54 0.4942857142857143 0.5933333333333334 0.5428571428571428 0.5933333333333334
10 0.12142857142857151 0.8419047619047619 0.09857142857142866 0.8419047619047619 0.09857142857142866 0.8752380952380953 0.12142857142857151 0.8752380952380953
3 0.3821428571428571 0.6466666666666666 0.3457142857142858 0.6466666666666666 0.3457142857142858 0.6980952380952381 0.3821428571428571 0.6980952380952381
11 0.40714285714285714 0.5457142857142857 0.37785714285714284 0.5457142857142857 0.37785714285714284 0.5933333333333334 0.40714285714285714 0.5933333333333334
3 0.45 0.518095238095238 0.42142857142857143 0.518095238095238 0.42142857142857143 0.56 0.45 0.56
3 0.5007142857142857 0.4238095238095239 0.47785714285714287 0.4238095238095239 0.47785714285714287 0.45904761904761915 0.5007142857142857 0.45904761904761915
3 0.5028571428571429 0.3761904761904763 0.485 0.3761904761904763 0.485 0.4076190476190477 0.5028571428571429 0.4076190476190477
3 0.48214285714285715 0.4161904761904763 0.46285714285714286 0.4161904761904763 0.46285714285714286 0.4514285714285715 0.48214285714285715 0.4514285714285715
3 0.46 0.47523809523809535 0.4357142857142857 0.47523809523809535 0.4357142857142857 0.5133333333333333 0.46 0.5133333333333333
3 0.38857142857142857 0.5685714285714286 0.3692857142857143 0.5685714285714286 0.3692857142857143 0.6047619047619047 0.38857142857142857 0.6047619047619047
3 0.43142857142857144 0.5228571428571429 0.40714285714285714 0.5228571428571429 0.40714285714285714 0.5647619047619048 0.43142857142857144 0.5647619047619048
3 0.41714285714285715 0.5190476190476191 0.39571428571428574 0.5190476190476191 0.39571428571428574 0.5504761904761905 0.41714285714285715 0.5504761904761905
3 0.43857142857142856 0.4980952380952381 0.4157142857142857 0.4980952380952381 0.4157142857142857 0.5276190476190477 0.43857142857142856 0.5276190476190477
3 0.4392857142857143 0.4809523809523811 0.41928571428571426 0.4809523809523811 0.41928571428571426 0.5114285714285715 0.4392857142857143 0.5114285714285715
3 0.4592857142857143 0.4580952380952382 0.4357142857142857 0.4580952380952382 0.4357142857142857 0.49333333333333335 0.4592857142857143 0.49333333333333335
3 0.46285714285714286 0.43523809523809537 0.44571428571428573 0.43523809523809537 0.44571428571428573 0.4676190476190477 0.46285714285714286 0.4676190476190477
10 0.4857142857142857 0.38380952380952393 0.4564285714285714 0.38380952380952393 0.4564285714285714 0.4371428571428573 0.4857142857142857 0.4371428571428573
11 0.39071428571428574 0.4742857142857144 0.3678571428571429 0.4742857142857144 0.3678571428571429 0.49714285714285716 0.39071428571428574 0.49714285714285716
11 0.35785714285714293 0.4942857142857143 0.3457142857142858 0.4942857142857143 0.3457142857142858 0.5142857142857142 0.35785714285714293 0.5142857142857142
10 0.3414285714285715 0.49714285714285716 0.2957142857142858 0.49714285714285716 0.2957142857142858 0.5666666666666667 0.3414285714285715 0.5666666666666667
10 0.3650000000000001 0.46095238095238106 0.33857142857142863 0.46095238095238106 0.33857142857142863 0.5019047619047619 0.3650000000000001 0.5019047619047619
11 0.39571428571428574 0.46095238095238106 0.37785714285714284 0.46095238095238106 0.37785714285714284 0.47523809523809535 0.39571428571428574 0.47523809523809535
3 0.3942857142857143 0.4485714285714287 0.3807142857142857 0.4485714285714287 0.3807142857142857 0.4666666666666668 0.3942857142857143 0.4666666666666668
11 0.4235714285714286 0.4209523809523811 0.41 0.4209523809523811 0.41 0.44285714285714295 0.4235714285714286 0.44285714285714295
11 0.4092857142857143 0.422857142857143 0.3964285714285714 0.422857142857143 0.3964285714285714 0.44476190476190486 0.4092857142857143 0.44476190476190486
10 0.445 0.3895238095238096 0.425 0.3895238095238096 0.425 0.4161904761904763 0.445 0.4161904761904763
3 0.4342857142857143 0.39523809523809533 0.42 0.39523809523809533 0.42 0.41142857142857153 0.4342857142857143 0.41142857142857153
7 0.4407142857142857 0.3723809523809525 0.4357142857142857 0.3723809523809525 0.4357142857142857 0.38095238095238104 0.4407142857142857 0.38095238095238104
3 0.42142857142857143 0.401904761904762 0.4085714285714286 0.401904761904762 0.4085714285714286 0.41714285714285726 0.42142857142857143 0.41714285714285726
7 0.4142857142857143 0.4104761904761906 0.40785714285714286 0.4104761904761906 0.40785714285714286 0.4209523809523811 0.4142857142857143 0.4209523809523811
10 0.5192857142857142 0.34000000000000014 0.5 0.34000000000000014 0.5 0.3723809523809525 0.5192857142857142 0.3723809523809525
3 0.5085714285714286 0.35428571428571437 0.4957142857142857 0.35428571428571437 0.4957142857142857 0.37523809523809537 0.5085714285714286 0.37523809523809537
3 0.5685714285714286 0.3057142857142858 0.5478571428571428 0.3057142857142858 0.5478571428571428 0.3323809523809525 0.5685714285714286 0.3323809523809525
3 0.5421428571428571 0.30857142857142866 0.5271428571428571 0.30857142857142866 0.5271428571428571 0.33523809523809533 0.5421428571428571 0.33523809523809533
3 0.5357142857142857 0.31333333333333346 0.5192857142857142 0.31333333333333346 0.5192857142857142 0.3361904761904763 0.5357142857142857 0.3361904761904763
3 0.5571428571428572 0.27523809523809534 0.5407142857142857 0.27523809523809534 0.5407142857142857 0.301904761904762 0.5571428571428572 0.301904761904762
3 0.5635714285714286 0.20857142857142869 0.5535714285714286 0.20857142857142869 0.5535714285714286 0.22857142857142868 0.5635714285714286 0.22857142857142868
10 0.5878571428571429 0.21523809523809534 0.5714285714285714 0.21523809523809534 0.5714285714285714 0.24666666666666678 0.5878571428571429 0.24666666666666678
3 0.5992857142857143 0.24095238095238106 0.5807142857142857 0.24095238095238106 0.5807142857142857 0.26476190476190486 0.5992857142857143 0.26476190476190486
3 0.7171428571428572 0.020000000000000115 0.705 0.020000000000000115 0.705 0.03809523809523822 0.7171428571428572 0.03809523809523822
3 0.7142857142857143 0.010476190476190592 0.7035714285714286 0.010476190476190592 0.7035714285714286 0.02571428571428583 0.7142857142857143 0.02571428571428583
3 0.705 0.014285714285714401 0.6957142857142857 0.014285714285714401 0.6957142857142857 0.03047619047619059 0.705 0.030476190476190598
3 0.6907142857142857 0.035238095238095346 0.6814285714285714 0.035238095238095346 0.6814285714285714 0.04761904761904773 0.6907142857142857 0.04761904761904773
3 0.6657142857142857 0.07523809523809534 0.655 0.07523809523809534 0.655 0.0923809523809525 0.6657142857142857 0.0923809523809525
3 0.6614285714285715 0.08952380952380963 0.6492857142857142 0.08952380952380963 0.6492857142857142 0.10666666666666677 0.6614285714285715 0.10666666666666677
3 0.6285714285714286 0.11523809523809535 0.6157142857142858 0.11523809523809535 0.6157142857142858 0.13333333333333344 0.6285714285714286 0.13333333333333344
10 0.5821428571428572 0.16000000000000011 0.5514285714285714 0.16000000000000011 0.5514285714285714 0.20095238095238105 0.5821428571428572 0.20095238095238105
10 0.5707142857142857 0.17523809523809536 0.5442857142857143 0.17523809523809536 0.5442857142857143 0.20095238095238105 0.5707142857142857 0.20095238095238105
10 0.5642857142857143 0.18476190476190488 0.5307142857142857 0.18476190476190488 0.5307142857142857 0.22380952380952393 0.5642857142857143 0.22380952380952393