0 0.5668058455114823 0.9239332096474956 0.5375782881002088 0.9239332096474956 0.5375782881002088 0.9879406307977736 0.5668058455114823 0.9879406307977736
3 0.5454070981210856 0.950834879406308 0.5036534446764093 0.950834879406308 0.5036534446764093 0.9990723562152134 0.5454070981210856 0.9990723562152134
3 0.4765135699373696 0.7699443413729128 0.42745302713987476 0.7699443413729128 0.4274530271398748 0.8692022263450835 0.47651356993736965 0.8692022263450835
3 0.43475991649269313 0.6753246753246753 0.3893528183716075 0.6753246753246753 0.3893528183716075 0.7708719851576994 0.43475991649269313 0.7708719851576994
3 0.48329853862212946 1.0161841946542741e-16 0.45041753653444677 9.803990609129554e-17 0.45041753653444677 0.04359925788497227 0.48329853862212946 0.04359925788497228
3 0.30845511482254695 0.40909090909090917 0.27139874739039666 0.40909090909090917 0.27139874739039666 0.48144712430426717 0.30845511482254695 0.48144712430426717
3 0.28235908141962424 0.34601113172541753 0.24478079331941544 0.34601113172541753 0.24478079331941544 0.4165120593692023 0.28235908141962424 0.4165120593692023
3 0.2588726513569938 0.3738404452690168 0.22129436325678498 0.3738404452690167 0.221294363256785 0.44619666048237483 0.2588726513569938 0.4461966604823749
11 0.22912317327766182 0.3970315398886827 0.18789144050104384 0.3970315398886827 0.18789144050104387 0.47680890538033394 0.22912317327766185 0.47680890538033394
3 0.20198329853862215 0.424860853432282 0.16336116910229645 0.424860853432282 0.16336116910229648 0.4935064935064935 0.20198329853862218 0.4935064935064935
1 0.1858037578288101 0.5037105751391465 0.17118997912317332 0.5037105751391465 0.17118997912317332 0.5352504638218923 0.1858037578288101 0.5352504638218923
5 0.17588726513569944 0.5055658627087198 0.16283924843423805 0.5055658627087198 0.16283924843423805 0.5398886827458256 0.17588726513569944 0.5398886827458256
10 0.22494780793319416 0.17068645640074218 0.17066805845511482 0.17068645640074218 0.17066805845511482 0.27736549165120594 0.22494780793319416 0.27736549165120594
10 0.13517745302713988 0.2690166975881262 0.06158663883089772 0.2690166975881262 0.061586638830897725 0.34786641929499074 0.13517745302713988 0.34786641929499074
3 0.11325678496868478 0.26159554730983303 0.06471816283924844 0.26159554730983303 0.06471816283924844 0.30890538033395176 0.11325678496868478 0.30890538033395176
3 0.10177453027139878 0.24025974025974026 0.06106471816283926 0.24025974025974026 0.06106471816283926 0.2820037105751391 0.10177453027139878 0.2820037105751391
11 0.09655532359081422 0.20500927643784786 0.04331941544885179 0.20500927643784786 0.04331941544885179 0.25139146567717996 0.09655532359081423 0.25139146567717996
3 0.0793319415448852 0.18645640074211503 0.03757828810020878 0.18645640074211503 0.03757828810020878 0.22170686456400743 0.07933194154488521 0.22170686456400743
3 0.07411273486430063 0.16326530612244897 0.024530271398747406 0.16326530612244897 0.024530271398747406 0.2077922077922078 0.07411273486430063 0.2077922077922078
3 0.174321503131524 0.1799628942486086 0.14248434237995825 0.1799628942486086 0.14248434237995825 0.23191094619666053 0.174321503131524 0.23191094619666053
3 0.151356993736952 0.12801484230055665 0.12212943632567849 0.12801484230055665 0.12212943632567849 0.18089053803339522 0.151356993736952 0.18089053803339522
3 0.17484342379958245 0.11131725417439706 0.1403966597077244 0.11131725417439706 0.1403966597077244 0.1623376623376624 0.17484342379958245 0.1623376623376624
3 0.18684759916492694 0.1539888682745826 0.1638830897703549 0.1539888682745826 0.1638830897703549 0.19666048237476813 0.18684759916492694 0.19666048237476813
11 0.13100208768267224 0.07328385899814474 0.09864300626304802 0.07328385899814474 0.09864300626304802 0.13729128014842304 0.13100208768267224 0.13729128014842307
10 0.15501043841336118 0.038961038961038995 0.11534446764091857 0.03896103896103899 0.11534446764091857 0.11502782931354362 0.15501043841336118 0.11502782931354362
10 0.12630480167014613 0.00742115027829316 0.10490605427974947 0.007421150278293158 0.10490605427974947 0.0547309833024119 0.12630480167014613 0.0547309833024119
4 0.07515657620041753 1.0678738322806233e-17 0.022964509394572025 4.998558363866748e-18 0.02296450939457203 0.09554730983302413 0.07515657620041753 0.09554730983302415
5 0.025052192066805853 0.12152133580705009 0.009916492693110655 0.12152133580705009 0.009916492693110656 0.15584415584415584 0.025052192066805853 0.15584415584415584
5 0.19676409185803764 0.9202226345083488 0.1299582463465554 0.9202226345083488 0.1299582463465554 0.9990723562152134 0.19676409185803764 0.9990723562152134