4 0.4692857142857143 0.1514285714285715 0.46214285714285713 0.1514285714285715 0.46214285714285713 0.16285714285714292 0.4692857142857143 0.16285714285714292
3 0.5035714285714286 0.18285714285714297 0.5014285714285714 0.18285714285714297 0.5014285714285714 0.1866666666666668 0.5035714285714286 0.1866666666666668
3 0.5042857142857143 0.1942857142857144 0.5014285714285714 0.1942857142857144 0.5014285714285714 0.19714285714285726 0.5042857142857143 0.19714285714285726
10 0.51 0.18761904761904774 0.5064285714285715 0.18761904761904774 0.5064285714285715 0.19714285714285726 0.51 0.19714285714285726
10 0.5128571428571429 0.19523809523809535 0.5085714285714286 0.19523809523809535 0.5085714285714286 0.20476190476190487 0.5128571428571429 0.20476190476190487
3 0.5092857142857142 0.1961904761904763 0.5057142857142857 0.1961904761904763 0.5057142857142857 0.20095238095238105 0.5092857142857142 0.20095238095238105
2 0.5257142857142857 0.18761904761904774 0.5214285714285715 0.18761904761904774 0.5214285714285715 0.19523809523809535 0.5257142857142857 0.19523809523809535
7 0.475 0.3009523809523811 0.4735714285714286 0.3009523809523811 0.4735714285714286 0.30857142857142866 0.475 0.30857142857142866
7 0.5178571428571429 0.3295238095238096 0.5157142857142857 0.3295238095238096 0.5157142857142857 0.3361904761904763 0.5178571428571429 0.3361904761904763
8 0.38642857142857145 0.8133333333333334 0.37857142857142856 0.8133333333333334 0.37857142857142856 0.8276190476190476 0.38642857142857145 0.8276190476190476
5 0.3871428571428571 0.8152380952380952 0.3792857142857143 0.8152380952380952 0.3792857142857143 0.839047619047619 0.3871428571428571 0.839047619047619
3 0.3428571428571429 0.7895238095238095 0.3164285714285715 0.7895238095238095 0.3164285714285715 0.84 0.3428571428571429 0.84
10 0.39285714285714285 0.47904761904761917 0.3478571428571429 0.47904761904761917 0.3478571428571429 0.5742857142857143 0.39285714285714285 0.5742857142857143
4 0.54 0.4838095238095239 0.5285714285714286 0.4838095238095239 0.5285714285714286 0.5457142857142857 0.54 0.5457142857142857
3 0.6107142857142858 0.5466666666666666 0.5835714285714285 0.5466666666666666 0.5835714285714285 0.5628571428571428 0.6107142857142858 0.5628571428571428
3 0.6357142857142857 0.6247619047619047 0.615 0.6247619047619047 0.615 0.6523809523809524 0.6357142857142857 0.6523809523809524
3 0.6542857142857142 0.6171428571428571 0.6307142857142857 0.6171428571428571 0.6307142857142857 0.6457142857142857 0.6542857142857142 0.6457142857142857
3 0.6992857142857143 0.5123809523809526 0.6771428571428572 0.5123809523809526 0.6771428571428572 0.5285714285714288 0.6992857142857143 0.5285714285714288
3 0.7085714285714285 0.522857142857143 0.6885714285714286 0.522857142857143 0.6885714285714286 0.5361904761904764 0.7085714285714285 0.5361904761904764
3 0.6921428571428572 0.5057142857142859 0.67 0.5057142857142859 0.67 0.5190476190476193 0.6921428571428572 0.5190476190476193
3 0.6857142857142857 0.4971428571428573 0.6628571428571428 0.49714285714285716 0.6628571428571428 0.5114285714285716 0.6857142857142857 0.5114285714285717
3 0.675 0.49047619047619057 0.6557142857142857 0.49047619047619045 0.6557142857142857 0.502857142857143 0.675 0.5028571428571431
3 0.6814285714285714 0.47142857142857153 0.6635714285714286 0.47142857142857153 0.6635714285714286 0.48666666666666675 0.6814285714285714 0.48666666666666675
3 0.6121428571428571 0.5066666666666667 0.5921428571428572 0.5066666666666667 0.5921428571428572 0.5228571428571429 0.6121428571428571 0.5228571428571429
3 0.6114285714285714 0.4990476190476191 0.5935714285714285 0.4990476190476191 0.5935714285714285 0.5104761904761905 0.6114285714285714 0.5104761904761905
3 0.6085714285714285 0.49142857142857144 0.5907142857142857 0.49142857142857144 0.5907142857142857 0.5019047619047619 0.6085714285714285 0.5019047619047619
11 0.6664285714285715 0.6057142857142859 0.6442857142857142 0.6057142857142858 0.6442857142857142 0.6361904761904763 0.6664285714285715 0.6361904761904764
3 0.835 0.8590476190476193 0.7985714285714286 0.8590476190476193 0.7985714285714286 0.8961904761904764 0.835 0.8961904761904764
3 0.8742857142857143 0.8361904761904764 0.8357142857142857 0.8361904761904764 0.8357142857142857 0.8714285714285717 0.8742857142857143 0.8714285714285717
11 0.7457142857142857 0.8752380952380955 0.7057142857142857 0.8752380952380955 0.7057142857142858 0.9152380952380954 0.7457142857142857 0.9152380952380954
10 0.69 0.4371428571428573 0.6628571428571428 0.4371428571428573 0.6628571428571428 0.4657142857142858 0.69 0.4657142857142858
4 0.465 0.2704761904761906 0.41214285714285714 0.2704761904761906 0.41214285714285714 0.3295238095238096 0.465 0.3295238095238096
4 0.4928571428571429 0.20952380952380958 0.4742857142857143 0.20952380952380958 0.4742857142857143 0.26285714285714296 0.4928571428571429 0.26285714285714296