11 0.44857142857142857 0.6466666666666666 0.3964285714285714 0.6466666666666666 0.3964285714285714 0.7638095238095238 0.44857142857142857 0.7638095238095238
3 0.61 0.49523809523809526 0.5421428571428571 0.49523809523809526 0.5421428571428571 0.6152380952380953 0.61 0.6152380952380953
3 0.3807142857142857 0.6571428571428571 0.28214285714285725 0.6571428571428571 0.28214285714285725 0.8104761904761905 0.3807142857142857 0.8104761904761905
3 0.3357142857142858 0.6285714285714286 0.22214285714285723 0.6285714285714286 0.22214285714285723 0.78 0.3357142857142858 0.78
3 0.8342857142857143 0.35333333333333344 0.7957142857142857 0.35333333333333344 0.7957142857142857 0.43142857142857155 0.8342857142857143 0.43142857142857155
3 0.8335714285714285 0.26571428571428585 0.8014285714285714 0.26571428571428585 0.8014285714285714 0.32571428571428584 0.8335714285714285 0.32571428571428584
3 0.8321428571428572 0.19619047619047633 0.8028571428571428 0.1961904761904763 0.8028571428571428 0.24190476190476204 0.8321428571428572 0.24190476190476207
3 0.85 0.142857142857143 0.825 0.14285714285714296 0.825 0.1752380952380954 0.85 0.1752380952380954
3 0.8535714285714285 0.12000000000000013 0.8321428571428572 0.12000000000000013 0.8321428571428572 0.1495238095238097 0.8535714285714285 0.1495238095238097
3 0.8478571428571429 0.08571428571428585 0.8242857142857143 0.08571428571428585 0.8242857142857143 0.12380952380952394 0.8478571428571429 0.12380952380952397
3 0.8728571428571429 0.0076190476190477596 0.8564285714285714 0.007619047619047758 0.8564285714285714 0.032380952380952524 0.8728571428571429 0.03238095238095253
3 1 0.013333333333333494 0.98 0.013333333333333492 0.98 0.0352380952380954 1 0.0352380952380954
3 1 0.18952380952380968 0.9878571428571429 0.18952380952380968 0.9878571428571429 0.22190476190476208 1 0.22190476190476208
3 0.6371428571428571 0.4076190476190477 0.5792857142857143 0.4076190476190477 0.5792857142857143 0.4895238095238095 0.6371428571428571 0.4895238095238095
3 0.5278571428571428 0.2942857142857144 0.4614285714285714 0.2942857142857144 0.4614285714285714 0.3466666666666668 0.5278571428571428 0.3466666666666668
3 0.525 0.26380952380952394 0.4585714285714286 0.26380952380952394 0.4585714285714286 0.30666666666666675 0.525 0.30666666666666675
3 0.5464285714285714 0.23809523809523817 0.4828571428571429 0.23809523809523814 0.4828571428571429 0.282857142857143 0.5464285714285714 0.282857142857143
3 0.46285714285714286 0.22000000000000006 0.41285714285714287 0.22000000000000006 0.41285714285714287 0.26571428571428585 0.46285714285714286 0.26571428571428585
3 0.46214285714285724 0.8533333333333334 0.3428571428571429 0.8533333333333334 0.3428571428571429 0.9990476190476191 0.4621428571428573 0.9990476190476191
3 0.08857142857142862 0.5114285714285715 4.697395222443776e-17 0.5114285714285715 5.178506464965951e-17 0.6161904761904762 0.08857142857142863 0.6161904761904762
3 0.03642857142857148 0.49333333333333335 4.531193156845207e-17 0.49333333333333335 4.9029609351577957e-17 0.5742857142857143 0.03642857142857148 0.5742857142857143
7 0.07642857142857151 0.7866666666666666 0.030000000000000072 0.7866666666666666 0.030000000000000075 0.840952380952381 0.07642857142857151 0.840952380952381
1 0.2564285714285715 0.5619047619047619 0.22285714285714295 0.5619047619047619 0.22285714285714295 0.6047619047619047 0.2564285714285715 0.6047619047619047
5 0.3021428571428572 0.5895238095238096 0.2614285714285715 0.5895238095238096 0.2614285714285715 0.6266666666666667 0.3021428571428572 0.6266666666666667
9 0.22357142857142864 0.5552380952380952 0.19357142857142864 0.5552380952380952 0.19357142857142864 0.5895238095238096 0.22357142857142864 0.5895238095238096
7 0.6078571428571429 0.7685714285714286 0.5892857142857143 0.7685714285714286 0.5892857142857143 0.8304761904761905 0.6078571428571429 0.8304761904761905
7 0.6735714285714286 0.6714285714285715 0.6514285714285715 0.6714285714285714 0.6514285714285715 0.722857142857143 0.6735714285714286 0.7228571428571431
7 0.6085714285714285 0.7076190476190476 0.5857142857142857 0.7076190476190476 0.5857142857142857 0.7571428571428571 0.6085714285714285 0.7571428571428571
7 0.6328571428571429 0.7238095238095238 0.6142857142857143 0.7238095238095238 0.6142857142857143 0.7771428571428571 0.6328571428571429 0.7771428571428571
7 0.6371428571428571 0.6904761904761905 0.6214285714285714 0.6904761904761905 0.6214285714285714 0.7457142857142857 0.6371428571428571 0.7457142857142857
8 0.6542857142857142 0.7314285714285714 0.6335714285714286 0.7314285714285714 0.6335714285714286 0.7761904761904762 0.6542857142857142 0.7761904761904762
3 0.6792857142857143 0.07047619047619058 0.6321428571428571 0.07047619047619058 0.6321428571428571 0.10761904761904773 0.6792857142857143 0.10761904761904773