5 0.92 0.8752380952380955 0.85 0.8752380952380955 0.85 1 0.92 1
7 0.7257142857142858 0.5057142857142859 0.7021428571428572 0.5057142857142859 0.7021428571428572 0.5457142857142859 0.7257142857142858 0.5457142857142859
5 0.68 0.5085714285714287 0.6492857142857142 0.5085714285714286 0.6492857142857142 0.5580952380952382 0.68 0.5580952380952383
8 0.6807142857142857 0.5095238095238096 0.6571428571428571 0.5095238095238095 0.6571428571428571 0.541904761904762 0.6807142857142857 0.5419047619047621
1 0.7021428571428572 0.4371428571428573 0.6657142857142857 0.4371428571428573 0.6657142857142857 0.48952380952380975 0.7021428571428572 0.48952380952380975
5 0.6564285714285715 0.3895238095238096 0.6207142857142857 0.3895238095238096 0.6207142857142857 0.441904761904762 0.6564285714285715 0.441904761904762
7 0.6485714285714286 0.3923809523809525 0.6264285714285714 0.3923809523809525 0.6264285714285714 0.43523809523809537 0.6485714285714286 0.43523809523809537
3 0.5435714285714286 0.3742857142857144 0.44285714285714284 0.3742857142857144 0.44285714285714284 0.5114285714285715 0.5435714285714286 0.5114285714285715
11 0.46714285714285714 0.25904761904761914 0.3842857142857143 0.25904761904761914 0.3842857142857143 0.38380952380952393 0.46714285714285714 0.38380952380952393
3 0.4085714285714286 0.1666666666666667 0.3357142857142857 0.1666666666666667 0.3357142857142857 0.2800000000000001 0.4085714285714286 0.2800000000000001
7 0.3414285714285714 0.024761904761904815 0.3292857142857143 0.024761904761904815 0.3292857142857143 0.06857142857142863 0.3414285714285714 0.06857142857142863
6 0.3392857142857143 0.022857142857142913 0.3157142857142857 0.022857142857142913 0.3157142857142857 0.053333333333333385 0.3392857142857143 0.053333333333333385
3 0.2557142857142857 3.568970671800858e-17 0.18142857142857144 2.9624789236516924e-17 0.18142857142857144 0.07047619047619051 0.2557142857142857 0.07047619047619053