3 0.12571428571428572 0.15482233502538073 0.07785714285714287 0.1548223350253807 0.07785714285714287 0.2436548223350254 0.12571428571428572 0.2436548223350254
3 0.040000000000000015 0.14213197969543148 9.797174393178826e-18 0.14213197969543148 1.277131661967954e-17 0.22842639593908629 0.04000000000000002 0.22842639593908629
3 0.06642857142857143 0.0634517766497462 0.016428571428571435 0.06345177664974619 0.016428571428571435 0.14213197969543148 0.06642857142857143 0.14213197969543148
3 0.09428571428571429 1.546349701969056e-17 0.047857142857142855 1.0412606033359474e-17 0.047857142857142855 0.03934010152284265 0.09428571428571429 0.03934010152284266
11 0.054285714285714326 0.4530456852791878 3.1228493378257505e-17 0.4530456852791878 3.6214555346214584e-17 0.5977157360406091 0.054285714285714326 0.5977157360406091
11 0.08571428571428574 0.33121827411167515 0.022857142857142878 0.33121827411167515 0.02285714285714288 0.45558375634517767 0.08571428571428576 0.45558375634517767
7 0.19000000000000003 0.5571065989847716 0.16642857142857148 0.5571065989847716 0.16642857142857148 0.6129441624365483 0.19000000000000009 0.6129441624365483
7 0.21928571428571428 0.4885786802030457 0.20214285714285715 0.4885786802030457 0.20214285714285715 0.5266497461928934 0.21928571428571428 0.5266497461928934
7 0.4235714285714286 0.6053299492385789 0.40714285714285714 0.6053299492385789 0.40714285714285714 0.6484771573604062 0.4235714285714286 0.6484771573604062
7 0.37142857142857144 0.5342639593908631 0.35714285714285715 0.5342639593908631 0.35714285714285715 0.5736040609137057 0.37142857142857144 0.5736040609137057
7 0.39 0.5114213197969545 0.375 0.5114213197969545 0.375 0.5583756345177666 0.39 0.5583756345177666
7 0.4257142857142857 0.5101522842639595 0.4107142857142857 0.5101522842639595 0.4107142857142857 0.5520304568527921 0.4257142857142857 0.5520304568527921
7 0.44571428571428573 0.5317258883248732 0.43642857142857144 0.5317258883248732 0.43642857142857144 0.5710659898477158 0.44571428571428573 0.5710659898477158
7 0.43857142857142856 0.4720812182741118 0.4228571428571429 0.4720812182741118 0.4228571428571429 0.5215736040609138 0.43857142857142856 0.5215736040609138
7 0.40214285714285714 0.4936548223350255 0.39071428571428574 0.4936548223350255 0.39071428571428574 0.5329949238578682 0.40214285714285714 0.5329949238578682
7 0.3921428571428571 0.42512690355329963 0.37857142857142856 0.42512690355329963 0.37857142857142856 0.4670050761421321 0.3921428571428571 0.4670050761421321
7 0.6357142857142857 0.4987309644670052 0.6221428571428571 0.4987309644670052 0.6221428571428571 0.5393401015228427 0.6357142857142857 0.5393401015228427
7 0.6764285714285714 0.46827411167512706 0.6564285714285715 0.46827411167512706 0.6564285714285715 0.5253807106598987 0.6764285714285714 0.5253807106598987
7 0.6107142857142858 0.4657360406091372 0.5964285714285714 0.4657360406091372 0.5964285714285714 0.5253807106598987 0.6107142857142858 0.5253807106598987
7 0.5871428571428572 0.41497461928934026 0.5735714285714286 0.41497461928934026 0.5735714285714286 0.4670050761421321 0.5871428571428572 0.4670050761421321
7 0.5985714285714285 0.3870558375634519 0.5878571428571429 0.3870558375634519 0.5878571428571429 0.4340101522842641 0.5985714285714285 0.4340101522842641
7 0.6821428571428572 0.44796954314720827 0.67 0.44796954314720827 0.67 0.4923857868020306 0.6821428571428572 0.4923857868020306
7 0.6592857142857143 0.4137055837563453 0.6471428571428571 0.4137055837563453 0.6471428571428571 0.4593908629441626 0.6592857142857143 0.4593908629441626
7 0.6271428571428571 0.451776649746193 0.615 0.451776649746193 0.615 0.5000000000000001 0.6271428571428571 0.5000000000000001
7 0.6185714285714285 0.4340101522842641 0.6071428571428571 0.4340101522842641 0.6071428571428571 0.47588832487309657 0.6185714285714285 0.47588832487309657
7 0.6335714285714286 0.4403553299492387 0.6257142857142857 0.4403553299492387 0.6257142857142857 0.4809644670050763 0.6335714285714286 0.4809644670050763
7 0.6414285714285715 0.43781725888324885 0.6314285714285715 0.43781725888324885 0.6314285714285715 0.4809644670050763 0.6414285714285715 0.4809644670050763
7 0.63 0.3959390862944164 0.6092857142857143 0.3959390862944164 0.6092857142857143 0.4390862944162438 0.63 0.4390862944162438
7 0.6028571428571429 0.3540609137055839 0.5921428571428572 0.3540609137055839 0.5921428571428572 0.39720812182741133 0.6028571428571429 0.39720812182741133
7 0.6271428571428571 0.3413705583756347 0.615 0.3413705583756347 0.615 0.3921319796954316 0.6271428571428571 0.3921319796954316
7 0.64 0.4200507614213199 0.625 0.4200507614213199 0.625 0.4543147208121829 0.64 0.4543147208121829
7 0.64 0.4073604060913707 0.6292857142857143 0.4073604060913707 0.6292857142857143 0.44162436548223366 0.64 0.44162436548223366
7 0.3357142857142858 0.7043147208121827 0.32214285714285723 0.7043147208121827 0.32214285714285723 0.7449238578680203 0.3357142857142858 0.7449238578680203
7 0.37142857142857144 0.7144670050761421 0.35785714285714293 0.7144670050761421 0.35785714285714293 0.7538071065989848 0.37142857142857144 0.7538071065989848
7 0.4064285714285714 0.7157360406091371 0.385 0.7157360406091371 0.385 0.7715736040609137 0.4064285714285714 0.7715736040609137
7 0.3992857142857143 0.7017766497461929 0.38785714285714284 0.7017766497461929 0.38785714285714284 0.7309644670050761 0.3992857142857143 0.7309644670050761
7 0.42857142857142855 0.7030456852791879 0.41714285714285715 0.7030456852791879 0.41714285714285715 0.7411167512690355 0.42857142857142855 0.7411167512690355
7 0.41714285714285715 0.6903553299492385 0.40214285714285714 0.6903553299492385 0.40214285714285714 0.7360406091370558 0.41714285714285715 0.7360406091370558
7 0.4835714285714286 0.6763959390862944 0.47285714285714286 0.6763959390862944 0.47285714285714286 0.7170050761421319 0.4835714285714286 0.7170050761421319
7 0.4685714285714286 0.19416243654822343 0.45785714285714285 0.19416243654822343 0.45785714285714285 0.24111675126903562 0.4685714285714286 0.24111675126903562
7 0.5057142857142857 0.15736040609137067 0.4942857142857143 0.15736040609137067 0.4942857142857143 0.18908629441624375 0.5057142857142857 0.1890862944162438
7 0.5221428571428571 0.14467005076142142 0.5085714285714286 0.14467005076142142 0.5085714285714286 0.18781725888324888 0.5221428571428571 0.18781725888324888
7 0.5878571428571429 0.13071065989847727 0.5721428571428572 0.13071065989847727 0.5721428571428572 0.1789340101522844 0.5878571428571429 0.1789340101522844
7 0.5914285714285714 0.13197969543147223 0.5835714285714285 0.13197969543147223 0.5835714285714285 0.1738578680203047 0.5914285714285714 0.1738578680203047
7 0.7714285714285715 0.12055837563451795 0.7621428571428571 0.12055837563451795 0.7621428571428571 0.15609137055837582 0.7714285714285715 0.15609137055837582
7 0.9521428571428572 0.0038071065989849786 0.9457142857142857 0.0038071065989849777 0.9457142857142857 0.036802030456853 0.9521428571428572 0.036802030456853
7 0.5764285714285714 0.04695431472081231 0.5642857142857143 0.04695431472081231 0.5642857142857143 0.07741116751269048 0.5764285714285714 0.07741116751269048
4 0.7792857142857142 0.010152284263959548 0.6621428571428571 0.010152284263959536 0.6621428571428571 0.057106598984771724 0.7792857142857142 0.05710659898477174
7 0.12428571428571433 0.6421319796954315 0.09142857142857147 0.6421319796954315 0.09142857142857147 0.6954314720812182 0.12428571428571433 0.6954314720812182