3 0.09214285714285718 0.6009523809523809 5.5196580732998566e-17 0.6009523809523809 5.790829864539628e-17 0.66 0.09214285714285718 0.66
3 0.05500000000000004 0.4685714285714286 0.0014285714285714717 0.4685714285714286 0.0014285714285714732 0.5009523809523809 0.05500000000000004 0.5009523809523809
3 0.22285714285714286 0.4057142857142857 0.17642857142857146 0.4057142857142857 0.17642857142857146 0.43714285714285717 0.22285714285714286 0.43714285714285717
3 0.2864285714285715 0.42952380952380953 0.23714285714285716 0.42952380952380953 0.23714285714285718 0.4723809523809524 0.28642857142857153 0.4723809523809524
7 0.18000000000000005 0.4942857142857143 0.17071428571428576 0.4942857142857143 0.17071428571428576 0.5219047619047619 0.18000000000000005 0.5219047619047619
7 0.18285714285714294 0.49047619047619045 0.17500000000000004 0.49047619047619045 0.17500000000000004 0.5171428571428571 0.18285714285714294 0.5171428571428571
11 0.24642857142857144 0.38666666666666666 0.20642857142857143 0.38666666666666666 0.20642857142857143 0.4219047619047619 0.24642857142857144 0.4219047619047619
11 0.30714285714285716 0.3638095238095238 0.245 0.3638095238095238 0.245 0.4085714285714286 0.30714285714285716 0.4085714285714286
3 0.33714285714285713 0.3561904761904762 0.29642857142857143 0.35619047619047617 0.29642857142857143 0.3847619047619048 0.33714285714285713 0.38476190476190486
3 0.3492857142857143 0.35238095238095246 0.3157142857142857 0.3523809523809524 0.3157142857142857 0.3733333333333334 0.3492857142857143 0.37333333333333346
3 0.3557142857142857 0.3447619047619048 0.33071428571428574 0.34476190476190477 0.33071428571428574 0.36571428571428577 0.3557142857142857 0.3657142857142858
3 0.3921428571428571 0.38285714285714295 0.3657142857142857 0.38285714285714295 0.3657142857142857 0.41142857142857153 0.3921428571428571 0.41142857142857153
3 0.4085714285714286 0.6733333333333333 0.3235714285714287 0.6733333333333333 0.3235714285714287 0.7342857142857143 0.4085714285714286 0.7342857142857143
3 0.48642857142857143 0.7609523809523809 0.3892857142857143 0.7609523809523809 0.3892857142857143 0.8266666666666667 0.48642857142857143 0.8266666666666667
3 0.4742857142857143 0.5219047619047619 0.42428571428571427 0.5219047619047619 0.42428571428571427 0.5571428571428572 0.4742857142857143 0.5571428571428572
6 0.9207142857142857 0.6990476190476193 0.7842857142857143 0.6990476190476193 0.7842857142857143 0.8114285714285716 0.9207142857142857 0.8114285714285716
7 0.6864285714285715 0.8514285714285716 0.6728571428571428 0.8514285714285716 0.6728571428571429 0.8971428571428574 0.6864285714285716 0.8971428571428574
7 0.7021428571428572 0.8676190476190478 0.69 0.8676190476190478 0.6900000000000001 0.9038095238095241 0.7021428571428573 0.9038095238095241
7 0.7078571428571429 0.8419047619047622 0.6964285714285714 0.8419047619047622 0.6964285714285714 0.883809523809524 0.7078571428571429 0.883809523809524
3 0.6678571428571428 0.441904761904762 0.6357142857142857 0.441904761904762 0.6357142857142857 0.481904761904762 0.6678571428571428 0.481904761904762
3 0.6864285714285714 0.38380952380952393 0.6592857142857143 0.38380952380952393 0.6592857142857143 0.41142857142857153 0.6864285714285714 0.41142857142857153
3 0.5114285714285715 0.2904761904761906 0.49642857142857144 0.2904761904761906 0.49642857142857144 0.30666666666666675 0.5114285714285715 0.30666666666666675
3 0.5014285714285714 0.25333333333333347 0.4757142857142857 0.25333333333333347 0.4757142857142857 0.27809523809523823 0.5014285714285714 0.27809523809523823
3 0.5578571428571428 0.29142857142857154 0.5342857142857143 0.29142857142857154 0.5342857142857143 0.3123809523809525 0.5578571428571428 0.3123809523809525
3 0.5942857142857143 0.34095238095238106 0.575 0.34095238095238106 0.575 0.3609523809523811 0.5942857142857143 0.3609523809523811
3 0.6192857142857143 0.35714285714285726 0.6 0.35714285714285726 0.6 0.3800000000000001 0.6192857142857143 0.3800000000000001
3 0.62 0.34000000000000014 0.6014285714285714 0.34000000000000014 0.6014285714285714 0.3638095238095239 0.62 0.3638095238095239
4 0.5807142857142857 0.31333333333333346 0.5642857142857143 0.31333333333333346 0.5642857142857143 0.3323809523809525 0.5807142857142857 0.3323809523809525
10 0.6578571428571428 0.3723809523809525 0.6228571428571429 0.3723809523809525 0.6228571428571429 0.4076190476190477 0.6578571428571428 0.4076190476190477
4 0.44571428571428573 0.24000000000000005 0.4342857142857143 0.24000000000000005 0.4342857142857143 0.25142857142857156 0.44571428571428573 0.25142857142857156