7 0.02357142857142861 0.600253807106599 0.012857142857142899 0.600253807106599 0.0128571428571429 0.6345177664974619 0.02357142857142861 0.6345177664974619
7 0.01071428571428576 0.6154822335025381 0.001428571428571471 0.6154822335025381 0.001428571428571472 0.6446700507614214 0.01071428571428576 0.6446700507614214
7 0.06142857142857145 0.20050761421319796 0.05571428571428574 0.20050761421319796 0.05571428571428574 0.2182741116751269 0.06142857142857145 0.2182741116751269
3 0.11857142857142858 0.11548223350253811 0.10071428571428571 0.11548223350253811 0.10071428571428571 0.14340101522842644 0.11857142857142858 0.14340101522842644
3 0.12928571428571428 0.13959390862944165 0.11285714285714285 0.13959390862944165 0.11285714285714285 0.1700507614213198 0.12928571428571428 0.1700507614213198
11 0.12928571428571428 0.1700507614213198 0.11071428571428571 0.1700507614213198 0.11071428571428571 0.2068527918781726 0.12928571428571428 0.2068527918781726
3 0.12785714285714286 0.2182741116751269 0.11 0.2182741116751269 0.11 0.25380710659898476 0.12785714285714286 0.25380710659898476
3 0.13071428571428573 0.2703045685279188 0.11071428571428571 0.2703045685279188 0.11071428571428574 0.30710659898477155 0.13071428571428576 0.30710659898477155
2 0.12714285714285717 0.2880710659898477 0.0792857142857143 0.2880710659898477 0.0792857142857143 0.4213197969543147 0.1271428571428572 0.4213197969543147
3 0.09714285714285718 0.45685279187817257 0.07000000000000003 0.45685279187817257 0.07000000000000003 0.5152284263959391 0.09714285714285718 0.5152284263959391
3 0.2307142857142857 0.01776649746192898 0.21285714285714286 0.01776649746192898 0.21285714285714286 0.03934010152284269 0.2307142857142857 0.039340101522842695
2 0.3578571428571429 0.16370558375634525 0.3264285714285714 0.16370558375634525 0.3264285714285714 0.2931472081218275 0.3578571428571429 0.2931472081218275
3 0.3792857142857143 0.4974619289340103 0.35642857142857143 0.4974619289340103 0.35642857142857143 0.5571065989847718 0.3792857142857143 0.5571065989847718
11 0.595 0.8362944162436549 0.5664285714285714 0.8362944162436549 0.5664285714285714 0.9581218274111675 0.595 0.9581218274111675
11 0.5728571428571428 0.6675126903553299 0.55 0.6675126903553299 0.55 0.7652284263959391 0.5728571428571428 0.7652284263959391
2 0.6664285714285715 0.7576142131979697 0.6278571428571429 0.7576142131979695 0.6278571428571429 0.9555837563451778 0.6664285714285715 0.955583756345178
3 0.8485714285714285 0.904822335025381 0.7978571428571428 0.904822335025381 0.7978571428571428 0.9987309644670054 0.8485714285714285 0.9987309644670054
11 0.8507142857142858 0.8401015228426398 0.7971428571428572 0.8401015228426398 0.7971428571428572 0.9365482233502541 0.8507142857142858 0.9365482233502541
10 0.9585714285714285 0.6637055837563455 0.9078571428571428 0.6637055837563455 0.9078571428571428 0.8934010152284266 0.9585714285714285 0.8934010152284266
11 0.8521428571428571 0.7614213197969546 0.7985714285714286 0.7614213197969546 0.7985714285714286 0.8629441624365485 0.8521428571428571 0.8629441624365485
11 0.8435714285714285 0.6992385786802033 0.7921428571428571 0.6992385786802033 0.7921428571428571 0.786802030456853 0.8435714285714285 0.786802030456853
11 0.8457142857142858 0.6497461928934013 0.7928571428571428 0.6497461928934013 0.7928571428571428 0.7284263959390865 0.8457142857142858 0.7284263959390865
6 0.8342857142857143 0.58502538071066 0.8 0.58502538071066 0.8 0.6611675126903556 0.8342857142857143 0.6611675126903556
3 0.9092857142857143 0.5228426395939088 0.8835714285714286 0.5228426395939088 0.8835714285714286 0.5837563451776652 0.9092857142857143 0.5837563451776652
11 0.8735714285714286 0.5000000000000001 0.8485714285714285 0.5000000000000001 0.8485714285714285 0.5571065989847718 0.8735714285714286 0.5571065989847718
11 0.8435714285714285 0.4796954314720814 0.8185714285714286 0.4796954314720814 0.8185714285714286 0.5482233502538072 0.8435714285714285 0.5482233502538072
7 0.9778571428571429 0.1751269035532997 0.9707142857142858 0.1751269035532997 0.9707142857142858 0.19416243654822357 0.9778571428571429 0.19416243654822357
8 0.9728571428571429 0.22588832487309665 0.9685714285714285 0.22588832487309665 0.9685714285714285 0.24111675126903576 0.9728571428571429 0.24111675126903576
7 0.98 0.21700507614213219 0.9735714285714285 0.21700507614213219 0.9735714285714285 0.2385786802030459 0.98 0.2385786802030459
10 0.8628571428571429 0.2753807106598987 0.8378571428571429 0.2753807106598987 0.8378571428571429 0.3426395939086296 0.8628571428571429 0.3426395939086296
3 0.8192857142857143 0.27791878172588846 0.8 0.27791878172588846 0.8 0.3210659898477159 0.8192857142857143 0.3210659898477159
6 0.7871428571428571 0.2538071065989849 0.7614285714285715 0.2538071065989849 0.7614285714285715 0.30456852791878186 0.7871428571428571 0.30456852791878186
11 0.7164285714285714 0.06725888324873112 0.7 0.06725888324873111 0.7 0.11040609137055853 0.7164285714285714 0.11040609137055853
3 0.5885714285714285 0.0012690355329950504 0.5742857142857143 0.0012690355329950489 0.5742857142857143 0.026649746192893526 0.5885714285714285 0.026649746192893526
3 0.555 0.029187817258883367 0.54 0.029187817258883367 0.54 0.05329949238578693 0.555 0.05329949238578693
11 0.5385714285714286 0.14086294416243667 0.5214285714285715 0.14086294416243667 0.5214285714285715 0.18147208121827427 0.5385714285714286 0.18147208121827427
3 0.5307142857142857 0.27030456852791895 0.5135714285714286 0.27030456852791895 0.5135714285714286 0.3109137055837565 0.5307142857142857 0.3109137055837565
3 0.6407142857142857 0.2220812182741118 0.6242857142857143 0.2220812182741118 0.6242857142857143 0.2677664974619291 0.6407142857142857 0.2677664974619291
11 0.5307142857142857 0.00888324873096458 0.5157142857142857 0.00888324873096458 0.5157142857142857 0.0368020304568529 0.5307142857142857 0.03680203045685291
11 0.6078571428571429 0.2842639593908631 0.5907142857142857 0.2842639593908631 0.5907142857142857 0.33502538071066007 0.6078571428571429 0.33502538071066007
3 0.5685714285714286 0.3159898477157362 0.5514285714285714 0.3159898477157362 0.5514285714285714 0.3680203045685281 0.5685714285714286 0.3680203045685281
11 0.6035714285714285 0.3667512690355331 0.5835714285714285 0.3667512690355331 0.5835714285714285 0.4200507614213199 0.6035714285714285 0.4200507614213199
3 0.5207142857142857 0.4390862944162438 0.4992857142857143 0.4390862944162438 0.4992857142857143 0.49619289340101536 0.5207142857142857 0.49619289340101536
3 0.58 0.48984771573604075 0.5585714285714286 0.48984771573604075 0.5585714285714286 0.5583756345177666 0.58 0.5583756345177666
3 0.6378571428571429 0.6065989847715737 0.615 0.6065989847715737 0.615 0.6852791878172588 0.6378571428571429 0.6852791878172588
10 0.9635714285714285 0.0012690355329951313 0.9435714285714286 0.0012690355329951289 0.9435714285714286 0.041878172588832696 0.9635714285714285 0.0418781725888327