7 0.545 0.8380952380952381 0.5057142857142857 0.8380952380952381 0.5057142857142858 0.900952380952381 0.5450000000000002 0.900952380952381
7 0.5185714285714286 0.7152380952380952 0.4992857142857143 0.7152380952380952 0.4992857142857143 0.7771428571428571 0.5185714285714286 0.7771428571428571
7 0.21285714285714294 0.7409523809523809 0.17928571428571435 0.7409523809523809 0.17928571428571435 0.800952380952381 0.21285714285714294 0.800952380952381
8 0.9064285714285715 0.6095238095238097 0.8821428571428571 0.6095238095238097 0.8821428571428571 0.6676190476190479 0.9064285714285715 0.6676190476190479
11 0.9092857142857143 0.6104761904761907 0.7685714285714286 0.6104761904761907 0.7685714285714286 0.7152380952380955 0.9092857142857143 0.7152380952380955
11 0.25142857142857145 0.3676190476190476 0.14142857142857146 0.3676190476190476 0.14142857142857146 0.5152380952380953 0.2514285714285715 0.5152380952380953
11 0.32428571428571434 0.38857142857142857 0.23785714285714285 0.38857142857142857 0.2378571428571429 0.5104761904761905 0.32428571428571434 0.5104761904761905
3 0.5292857142857142 0.39904761904761915 0.47785714285714287 0.39904761904761915 0.47785714285714287 0.5038095238095238 0.5292857142857142 0.5038095238095238
3 0.4635714285714286 0.41333333333333344 0.40214285714285714 0.41333333333333344 0.40214285714285714 0.5104761904761905 0.4635714285714286 0.5104761904761905
3 0.38857142857142857 0.40571428571428575 0.31285714285714283 0.4057142857142857 0.3128571428571429 0.5066666666666667 0.38857142857142857 0.5066666666666667
3 0.7742857142857142 0.3600000000000001 0.6585714285714286 0.3600000000000001 0.6585714285714286 0.4247619047619049 0.7742857142857142 0.4247619047619049
3 0.7685714285714286 0.32666666666666677 0.6592857142857143 0.32666666666666677 0.6592857142857143 0.38095238095238104 0.7685714285714286 0.38095238095238104
3 0.7635714285714286 0.2961904761904763 0.6728571428571428 0.2961904761904763 0.6728571428571428 0.3485714285714287 0.7635714285714286 0.3485714285714287
3 0.6678571428571428 0.23714285714285724 0.6321428571428571 0.23714285714285724 0.6321428571428571 0.29142857142857154 0.6678571428571428 0.29142857142857154
3 0.6157142857142858 0.2323809523809525 0.5764285714285714 0.2323809523809525 0.5764285714285714 0.29523809523809535 0.6157142857142858 0.29523809523809535
3 0.555 0.16190476190476202 0.5257142857142857 0.16190476190476202 0.5257142857142857 0.201904761904762 0.555 0.201904761904762
3 0.5564285714285714 0.2323809523809525 0.52 0.2323809523809525 0.52 0.2961904761904763 0.5564285714285714 0.2961904761904763
3 0.44 0.23047619047619053 0.3985714285714286 0.23047619047619053 0.3985714285714286 0.2961904761904763 0.44 0.2961904761904763
3 0.49357142857142855 0.2352380952380953 0.45571428571428574 0.2352380952380953 0.45571428571428574 0.29142857142857154 0.49357142857142855 0.29142857142857154
10 0.3942857142857143 0.22000000000000006 0.32785714285714285 0.22000000000000006 0.32785714285714285 0.3114285714285715 0.3942857142857143 0.31142857142857155
11 0.2692857142857143 0.2266666666666667 0.19 0.2266666666666667 0.19 0.2857142857142857 0.2692857142857143 0.2857142857142857
3 0.345 0.12761904761904766 0.30428571428571427 0.12761904761904766 0.30428571428571427 0.17428571428571435 0.345 0.17428571428571435
3 0.24571428571428572 0.26 0.1728571428571429 0.26 0.1728571428571429 0.30952380952380953 0.24571428571428572 0.30952380952380953
7 0.49357142857142855 0.2857142857142858 0.47785714285714287 0.2857142857142858 0.47785714285714287 0.3342857142857144 0.49357142857142855 0.3342857142857144
7 0.7 0.4561904761904763 0.685 0.4561904761904763 0.685 0.5104761904761906 0.7 0.5104761904761906
3 0.6035714285714285 0.16857142857142868 0.5735714285714286 0.16857142857142868 0.5735714285714286 0.21238095238095248 0.6035714285714285 0.21238095238095248
5 0.6078571428571429 0.14761904761904773 0.5978571428571429 0.14761904761904773 0.5978571428571429 0.17523809523809536 0.6078571428571429 0.17523809523809536
5 0.59 0.14761904761904773 0.5785714285714286 0.14761904761904773 0.5785714285714286 0.18095238095238106 0.59 0.18095238095238106