3 0.3414285714285715 0.7601522842639594 0.3014285714285715 0.7601522842639594 0.3014285714285715 0.8439086294416244 0.3414285714285715 0.8439086294416244
3 0.43857142857142856 0.44162436548223366 0.4135714285714286 0.44162436548223366 0.4135714285714286 0.49492385786802046 0.43857142857142856 0.49492385786802046
3 0.51 0.5659898477157362 0.4878571428571429 0.5659898477157362 0.4878571428571429 0.634517766497462 0.51 0.634517766497462
3 0.5221428571428571 0.4987309644670052 0.5 0.4987309644670052 0.5 0.5571065989847718 0.5221428571428571 0.5571065989847718
3 0.5292857142857142 0.4276649746192895 0.5085714285714286 0.4276649746192895 0.5085714285714286 0.47461928934010167 0.5292857142857142 0.47461928934010167
3 0.4992857142857143 0.6395939086294418 0.475 0.6395939086294418 0.475 0.7157360406091371 0.4992857142857143 0.7157360406091371
3 0.49357142857142855 0.7258883248730964 0.4657142857142857 0.7258883248730964 0.4657142857142857 0.8045685279187818 0.49357142857142855 0.8045685279187818
10 0.48142857142857143 0.7639593908629442 0.4328571428571429 0.7639593908629442 0.4328571428571429 0.8540609137055838 0.48142857142857143 0.8540609137055838
10 0.2542857142857143 0.4860406091370558 0.18642857142857142 0.4860406091370558 0.18642857142857142 0.549492385786802 0.2542857142857143 0.549492385786802
10 0.4164285714285714 0.09898477157360415 0.37714285714285717 0.09898477157360414 0.37714285714285717 0.14467005076142142 0.4164285714285714 0.14467005076142142
3 0.5214285714285715 0.15989847715736052 0.5035714285714286 0.15989847715736052 0.5035714285714286 0.19289340101522856 0.5214285714285715 0.19289340101522856
3 0.5621428571428572 0.18274111675126917 0.5457142857142857 0.18274111675126917 0.5457142857142857 0.21954314720812196 0.5621428571428572 0.21954314720812196
3 0.5557142857142857 0.22461928934010167 0.5371428571428571 0.22461928934010167 0.5371428571428571 0.2677664974619291 0.5557142857142857 0.2677664974619291
3 0.5507142857142857 0.2677664974619291 0.5357142857142857 0.2677664974619291 0.5357142857142857 0.3109137055837565 0.5507142857142857 0.3109137055837565
3 0.5428571428571428 0.3121827411167514 0.5271428571428571 0.3121827411167514 0.5271428571428571 0.36167512690355347 0.5428571428571428 0.36167512690355347
3 0.5357142857142857 0.36421319796954327 0.52 0.36421319796954327 0.52 0.41497461928934026 0.5357142857142857 0.41497461928934026
3 0.565 0.14467005076142142 0.5535714285714286 0.14467005076142142 0.5535714285714286 0.17639593908629456 0.565 0.17639593908629456
3 0.3964285714285714 0.16370558375634525 0.36428571428571427 0.16370558375634525 0.36428571428571427 0.1979695431472082 0.3964285714285714 0.1979695431472082
3 0.38 0.18527918781725897 0.3492857142857143 0.18527918781725897 0.3492857142857143 0.21573604060913712 0.38 0.21573604060913712
3 0.34714285714285714 0.20050761421319804 0.31642857142857145 0.20050761421319804 0.31642857142857145 0.22842639593908637 0.34714285714285714 0.22842639593908637
3 0.3335714285714286 0.23730964467005083 0.2985714285714286 0.23730964467005083 0.2985714285714286 0.26903553299492394 0.3335714285714286 0.26903553299492394
3 0.3292857142857143 0.2588832487309645 0.2935714285714286 0.2588832487309645 0.2935714285714286 0.29060913705583763 0.3292857142857143 0.29060913705583763
3 0.32142857142857145 0.2791878172588833 0.28285714285714286 0.2791878172588833 0.28285714285714286 0.3109137055837564 0.32142857142857145 0.3109137055837564
3 0.315 0.3058375634517767 0.2757142857142857 0.3058375634517767 0.2757142857142857 0.3350253807106599 0.315 0.3350253807106599
3 0.31 0.3299492385786802 0.27071428571428574 0.3299492385786802 0.27071428571428574 0.36548223350253806 0.31 0.36548223350253806
3 0.30142857142857143 0.35152284263959394 0.26357142857142857 0.35152284263959394 0.26357142857142857 0.3883248730964467 0.30142857142857143 0.3883248730964467
3 0.2885714285714286 0.3769035532994924 0.25 0.3769035532994924 0.25 0.4073604060913706 0.2885714285714286 0.4073604060913706
3 0.3464285714285714 0.36167512690355336 0.30714285714285716 0.3616751269035533 0.30714285714285716 0.39340101522842646 0.3464285714285714 0.3934010152284265
3 0.34285714285714286 0.38705583756345185 0.30142857142857143 0.3870558375634518 0.30142857142857143 0.42005076142131986 0.34285714285714286 0.4200507614213199
3 0.3221428571428571 0.46446700507614214 0.275 0.46446700507614214 0.275 0.501269035532995 0.3221428571428571 0.501269035532995
3 0.2642857142857143 0.4403553299492386 0.22142857142857142 0.4403553299492386 0.22142857142857142 0.48350253807106597 0.2642857142857143 0.48350253807106597
3 0.275 0.4035532994923858 0.235 0.4035532994923858 0.235 0.44289340101522845 0.275 0.44289340101522845
11 0.33285714285714285 0.4213197969543148 0.28 0.4213197969543147 0.28 0.468274111675127 0.33285714285714285 0.46827411167512706
3 0.2957142857142857 0.5177664974619289 0.2592857142857143 0.5177664974619289 0.2592857142857143 0.5520304568527918 0.2957142857142857 0.5520304568527918
3 0.2864285714285715 0.5799492385786802 0.24357142857142858 0.5799492385786802 0.2435714285714286 0.6192893401015228 0.28642857142857153 0.6192893401015228
3 0.2764285714285715 0.6116751269035533 0.2314285714285715 0.6116751269035533 0.2314285714285715 0.6510152284263959 0.2764285714285715 0.6510152284263959
3 0.2685714285714286 0.6484771573604061 0.2214285714285715 0.6484771573604061 0.2214285714285715 0.6890862944162437 0.2685714285714286 0.6890862944162437
3 0.2564285714285715 0.6814720812182741 0.20785714285714293 0.6814720812182741 0.20785714285714293 0.7233502538071066 0.2564285714285715 0.7233502538071066
3 0.24357142857142866 0.7182741116751269 0.19428571428571437 0.7182741116751269 0.19428571428571437 0.7639593908629442 0.24357142857142866 0.7639593908629442
3 0.2300000000000001 0.7639593908629442 0.18000000000000005 0.7639593908629442 0.18000000000000005 0.8083756345177665 0.2300000000000001 0.8083756345177665
3 0.2157142857142858 0.817258883248731 0.16571428571428576 0.817258883248731 0.16571428571428576 0.8769035532994924 0.2157142857142858 0.8769035532994924
3 0.1964285714285715 0.8743654822335025 0.14142857142857146 0.8743654822335025 0.1414285714285715 0.9289340101522843 0.1964285714285715 0.9289340101522843
3 0.17928571428571435 0.9289340101522843 0.12000000000000008 0.9289340101522843 0.12000000000000008 0.9898477157360406 0.17928571428571435 0.9898477157360406
3 0.0821428571428572 0.9098984771573604 0.029285714285714345 0.9098984771573604 0.029285714285714352 0.9758883248730964 0.0821428571428572 0.9758883248730964
11 0.10785714285714292 0.8629441624365483 0.05785714285714292 0.8629441624365483 0.05785714285714292 0.9238578680203046 0.10785714285714294 0.9238578680203046
3 0.15642857142857147 0.7322335025380711 0.10428571428571433 0.7322335025380711 0.10428571428571433 0.7791878172588832 0.15642857142857147 0.7791878172588832
3 0.17571428571428577 0.6852791878172588 0.12357142857142861 0.6852791878172588 0.12357142857142861 0.7322335025380711 0.17571428571428577 0.7322335025380711
3 0.19357142857142864 0.6421319796954315 0.14142857142857146 0.6421319796954315 0.14142857142857146 0.6878172588832487 0.19357142857142864 0.6878172588832487
3 0.2000000000000001 0.6015228426395939 0.1535714285714286 0.6015228426395939 0.1535714285714286 0.649746192893401 0.2000000000000001 0.649746192893401
3 0.20642857142857143 0.35786802030456855 0.1735714285714286 0.35786802030456855 0.1735714285714286 0.41243654822335024 0.20642857142857143 0.41243654822335024
3 0.3657142857142857 0.134517766497462 0.3314285714285714 0.134517766497462 0.3314285714285714 0.16370558375634525 0.3657142857142857 0.16370558375634525
3 0.335 0.03553299492385794 0.32142857142857145 0.03553299492385794 0.32142857142857145 0.06725888324873104 0.335 0.06725888324873104
3 0.2957142857142857 0.1408629441624366 0.26285714285714284 0.1408629441624366 0.26285714285714284 0.16751269035533004 0.2957142857142857 0.16751269035533004
3 0.3628571428571429 0.118020304568528 0.33785714285714286 0.118020304568528 0.33785714285714286 0.14213197969543154 0.3628571428571429 0.14213197969543154
3 0.37642857142857145 0.08883248730964474 0.34714285714285714 0.08883248730964474 0.34714285714285714 0.11675126903553307 0.37642857142857145 0.11675126903553307
3 0.38 0.07868020304568536 0.35214285714285715 0.07868020304568535 0.35214285714285715 0.09898477157360414 0.38 0.09898477157360414
3 0.38857142857142857 0.060913705583756424 0.3578571428571429 0.06091370558375642 0.3578571428571429 0.08502538071065997 0.38857142857142857 0.08502538071065997
3 0.3921428571428571 0.04822335025380719 0.36214285714285716 0.04822335025380718 0.36214285714285716 0.07233502538071074 0.3921428571428571 0.07233502538071075
3 0.3942857142857143 0.035532994923857954 0.3678571428571429 0.03553299492385795 0.3678571428571429 0.0596446700507615 0.3942857142857143 0.05964467005076151
3 0.40214285714285714 0.026649746192893488 0.3757142857142857 0.02664974619289348 0.3757142857142857 0.050761421319797044 0.40214285714285714 0.050761421319797044
3 0.405 0.011421319796954401 0.37857142857142856 0.011421319796954396 0.37857142857142856 0.036802030456852874 0.405 0.03680203045685288
3 0.4064285714285714 0.0012690355329950096 0.38 0.0012690355329950068 0.38 0.025380710659898564 0.4064285714285714 0.025380710659898567
3 0.42857142857142855 0.08756345177664984 0.39785714285714285 0.08756345177664981 0.39785714285714285 0.11040609137055847 0.42857142857142855 0.11040609137055848
3 0.43 0.06598984771573613 0.4 0.06598984771573613 0.4 0.08883248730964476 0.43 0.08883248730964478
3 0.4407142857142857 0.03299492385786811 0.4114285714285714 0.03299492385786811 0.4114285714285714 0.05583756345177674 0.4407142857142857 0.05583756345177674
3 0.445 0.0215736040609138 0.4164285714285714 0.021573604060913795 0.4164285714285714 0.04060913705583765 0.445 0.04060913705583765
3 0.4521428571428571 0.005076142131979791 0.42214285714285715 0.005076142131979788 0.42214285714285715 0.026649746192893495 0.4521428571428571 0.0266497461928935
3 0.5828571428571429 0.013959390862944286 0.5692857142857143 0.013959390862944284 0.5692857142857143 0.04060913705583769 0.5828571428571429 0.04060913705583769
3 0.5778571428571428 0.04441624365482246 0.5657142857142857 0.04441624365482246 0.5657142857142857 0.07614213197969556 0.5778571428571428 0.07614213197969556
11 0.5735714285714286 0.06979695431472094 0.5628571428571428 0.06979695431472094 0.5628571428571428 0.10025380710659909 0.5735714285714286 0.10025380710659909
3 0.57 0.10913705583756356 0.5571428571428572 0.10913705583756356 0.5571428571428572 0.14086294416243667 0.57 0.14086294416243667
7 0.5142857142857142 0.39847715736040623 0.5092857142857142 0.39847715736040623 0.5092857142857142 0.42385786802030473 0.5142857142857142 0.42385786802030473
7 0.38142857142857145 0.2741116751269036 0.3742857142857143 0.2741116751269036 0.3742857142857143 0.29568527918781734 0.38142857142857145 0.29568527918781734
1 0.24714285714285714 0.24746192893401023 0.24 0.24746192893401023 0.24 0.267766497461929 0.24714285714285714 0.267766497461929
5 0.24071428571428571 0.2461928934010153 0.23 0.2461928934010153 0.23 0.26522842639593913 0.24071428571428571 0.26522842639593913
5 0.29642857142857143 0.1763959390862945 0.28 0.1763959390862945 0.28 0.19162436548223358 0.29642857142857143 0.19162436548223358
5 0.25214285714285717 0.4784263959390863 0.23642857142857143 0.4784263959390863 0.23642857142857143 0.501269035532995 0.25214285714285717 0.501269035532995
5 0.16642857142857148 0.43908629441624364 0.1485714285714286 0.43908629441624364 0.1485714285714286 0.4581218274111675 0.16642857142857148 0.4581218274111675
5 0.17000000000000004 0.4276649746192893 0.15500000000000005 0.4276649746192893 0.15500000000000005 0.4479695431472081 0.17000000000000004 0.4479695431472081
7 0.1271428571428572 0.46573604060913704 0.12071428571428576 0.46573604060913704 0.12071428571428576 0.4873096446700508 0.1271428571428572 0.4873096446700508
7 0.1178571428571429 0.5456852791878173 0.1078571428571429 0.5456852791878173 0.1078571428571429 0.5697969543147208 0.1178571428571429 0.5697969543147208
7 0.5135714285714286 0.7779187817258884 0.5064285714285715 0.7779187817258884 0.5064285714285715 0.8071065989847716 0.5135714285714286 0.8071065989847716
9 0.12000000000000004 0.5520304568527918 0.09142857142857147 0.5520304568527918 0.09142857142857147 0.5862944162436549 0.12000000000000004 0.5862944162436549
5 0.07857142857142861 0.6446700507614214 0.06428571428571432 0.6446700507614214 0.06428571428571432 0.6713197969543148 0.07857142857142861 0.6713197969543148
5 0.04857142857142861 0.7030456852791879 0.03142857142857148 0.7030456852791879 0.03142857142857148 0.7322335025380711 0.04857142857142861 0.7322335025380711