3 0.5207142857142857 0.7626903553299492 0.5021428571428571 0.7626903553299492 0.5021428571428571 0.8312182741116751 0.5207142857142857 0.8312182741116751
3 0.545 0.7550761421319797 0.525 0.7550761421319797 0.525 0.8274111675126904 0.545 0.8274111675126904
3 0.57 0.7652284263959391 0.55 0.7652284263959391 0.55 0.8350253807106599 0.57 0.8350253807106599
11 0.5092857142857142 0.635786802030457 0.49 0.635786802030457 0.49 0.7043147208121827 0.5092857142857142 0.7043147208121827
11 0.5364285714285715 0.6522842639593909 0.5164285714285715 0.6522842639593909 0.5164285714285715 0.7271573604060914 0.5364285714285715 0.7271573604060914
3 0.5592857142857143 0.6700507614213198 0.5407142857142857 0.6700507614213198 0.5407142857142857 0.733502538071066 0.5592857142857143 0.733502538071066
3 0.5535714285714286 0.5901015228426397 0.535 0.5901015228426397 0.535 0.6522842639593909 0.5535714285714286 0.6522842639593909
3 0.8464285714285714 0.8362944162436551 0.8057142857142857 0.8362944162436551 0.8057142857142857 0.8756345177664977 0.8464285714285714 0.8756345177664977
4 0.695 0.5926395939086296 0.6785714285714286 0.5926395939086296 0.6785714285714286 0.6230964467005078 0.695 0.6230964467005078
2 0.5492857142857143 0.3489847715736042 0.5307142857142857 0.3489847715736042 0.5307142857142857 0.4124365482233504 0.5492857142857143 0.4124365482233504
10 0.5442857142857143 0.2741116751269037 0.5228571428571429 0.2741116751269037 0.5228571428571429 0.35025380710659915 0.5442857142857143 0.35025380710659915
3 0.5328571428571428 0.20812182741116766 0.5185714285714286 0.20812182741116766 0.5185714285714286 0.2639593908629443 0.5328571428571428 0.2639593908629443
7 0.6657142857142857 0.24111675126903567 0.6592857142857143 0.24111675126903567 0.6592857142857143 0.25888324873096463 0.6657142857142857 0.25888324873096463
7 0.6642857142857143 0.16370558375634534 0.6592857142857143 0.16370558375634534 0.6592857142857143 0.1789340101522844 0.6642857142857143 0.1789340101522844
7 0.67 0.15482233502538084 0.665 0.15482233502538084 0.665 0.16878172588832502 0.67 0.16878172588832502
7 0.6764285714285714 0.1510152284263961 0.6707142857142857 0.1510152284263961 0.6707142857142857 0.17131979695431487 0.6764285714285714 0.17131979695431487
5 0.2864285714285714 0.41116751269035534 0.27785714285714286 0.41116751269035534 0.27785714285714286 0.4416243654822335 0.2864285714285714 0.4416243654822335
7 0.135 0.2893401015228426 0.12428571428571429 0.2893401015228426 0.1242857142857143 0.30710659898477155 0.13500000000000004 0.30710659898477155
7 0.14928571428571433 0.2969543147208122 0.13714285714285718 0.2969543147208122 0.13714285714285718 0.31725888324873097 0.14928571428571433 0.31725888324873097
7 0.19428571428571428 0.0012690355329949652 0.18714285714285714 0.0012690355329949645 0.18714285714285714 0.02157360406091375 0.19428571428571428 0.02157360406091375