4 0.9055 0.27400000000000013 0.8745 0.27400000000000013 0.8745 0.2886666666666668 0.9055 0.2886666666666668
3 0.19450000000000006 0.7106666666666667 0.08200000000000006 0.7106666666666667 0.08200000000000007 0.8186666666666667 0.19450000000000006 0.8186666666666667
3 0.08100000000000006 0.596 5.4741711921886684e-17 0.596 5.817072295949927e-17 0.6706666666666666 0.08100000000000006 0.6706666666666666
7 0.14350000000000004 0.5593333333333333 0.11350000000000006 0.5593333333333333 0.11350000000000006 0.6133333333333333 0.14350000000000004 0.6133333333333333
7 0.13900000000000007 0.562 0.11850000000000006 0.562 0.11850000000000006 0.61 0.13900000000000007 0.61
3 0.22500000000000006 0.5346666666666666 0.11800000000000006 0.5346666666666666 0.11800000000000006 0.5953333333333334 0.22500000000000006 0.5953333333333334
7 0.08750000000000004 0.464 0.07400000000000002 0.464 0.07400000000000004 0.5 0.08750000000000005 0.5
7 0.09350000000000004 0.45866666666666667 0.08400000000000003 0.45866666666666667 0.08400000000000005 0.49533333333333335 0.09350000000000006 0.49533333333333335
7 0.10700000000000004 0.45666666666666667 0.09700000000000003 0.45666666666666667 0.09700000000000004 0.492 0.10700000000000005 0.492
10 0.15150000000000005 0.43266666666666664 0.07400000000000002 0.43266666666666664 0.07400000000000004 0.4746666666666667 0.15150000000000005 0.4746666666666667
10 0.19200000000000006 0.43333333333333335 0.09350000000000003 0.43333333333333335 0.09350000000000004 0.5126666666666667 0.19200000000000006 0.5126666666666667
3 0.55 0.548 0.4585 0.548 0.4585 0.6126666666666667 0.55 0.6126666666666668
3 0.4335 0.4766666666666667 0.369 0.4766666666666667 0.369 0.5253333333333333 0.4335 0.5253333333333333
11 0.325 0.4206666666666667 0.268 0.4206666666666667 0.268 0.45266666666666666 0.325 0.45266666666666666
3 0.423 0.4493333333333333 0.3595 0.4493333333333333 0.3595 0.49 0.423 0.49
10 0.6535 0.31200000000000006 0.593 0.31200000000000006 0.593 0.3506666666666668 0.6535 0.3506666666666668
2 0.662 0.3353333333333334 0.615 0.3353333333333334 0.615 0.38000000000000017 0.662 0.38000000000000017
11 0.797 0.4926666666666668 0.704 0.4926666666666668 0.704 0.5506666666666669 0.797 0.5506666666666669
3 0.8245 0.4713333333333335 0.7365 0.4713333333333335 0.7365 0.5173333333333335 0.8245 0.5173333333333335
3 0.841 0.43800000000000017 0.7675 0.43800000000000017 0.7675 0.4746666666666668 0.841 0.4746666666666668
3 0.8705 0.3973333333333335 0.8045 0.3973333333333335 0.8045 0.4273333333333335 0.8705 0.4273333333333335
11 0.876 0.3820000000000002 0.821 0.3820000000000002 0.821 0.4126666666666668 0.876 0.4126666666666668
3 0.878 0.37000000000000016 0.825 0.37000000000000016 0.825 0.39466666666666683 0.878 0.39466666666666683
3 0.893 0.3453333333333335 0.8505 0.3453333333333335 0.8505 0.3646666666666668 0.893 0.3646666666666668
3 0.8955 0.3293333333333335 0.877 0.3293333333333335 0.877 0.3493333333333335 0.8955 0.3493333333333335
3 0.878 0.2693333333333335 0.8655 0.2693333333333335 0.8655 0.2753333333333335 0.878 0.2753333333333335
3 0.9115 0.30733333333333346 0.8875 0.30733333333333346 0.8875 0.3186666666666668 0.9115 0.3186666666666668
11 0.9385 0.3233333333333335 0.9185 0.3233333333333335 0.9185 0.3453333333333335 0.9385 0.3453333333333335
3 0.923 0.2753333333333335 0.9115 0.2753333333333335 0.9115 0.28066666666666684 0.923 0.28066666666666684
3 0.9255 0.27600000000000013 0.913 0.27600000000000013 0.913 0.28200000000000014 0.9255 0.28200000000000014
11 0.936 0.27800000000000014 0.9235 0.27800000000000014 0.9235 0.2853333333333335 0.936 0.2853333333333335
3 0.94 0.28000000000000014 0.9245 0.28000000000000014 0.9245 0.2866666666666668 0.94 0.2866666666666668
11 0.961 0.27600000000000013 0.9455 0.27600000000000013 0.9455 0.2866666666666668 0.961 0.2866666666666668
3 0.9535 0.2853333333333335 0.9375 0.2853333333333335 0.9375 0.29200000000000015 0.9535 0.29200000000000015
3 0.9565 0.28800000000000014 0.9395 0.28800000000000014 0.9395 0.29600000000000015 0.9565 0.29600000000000015
11 0.963 0.2893333333333335 0.945 0.2893333333333335 0.945 0.30000000000000016 0.963 0.30000000000000016
3 0.9745 0.29200000000000015 0.949 0.29200000000000015 0.949 0.3026666666666668 0.9745 0.3026666666666668
3 0.978 0.2966666666666668 0.953 0.2966666666666668 0.953 0.30733333333333346 0.978 0.30733333333333346
3 0.9775 0.2993333333333335 0.951 0.2993333333333335 0.951 0.31000000000000016 0.9775 0.31000000000000016
3 0.991 0.31000000000000016 0.9575 0.31000000000000016 0.9575 0.3200000000000002 0.991 0.3200000000000002
3 0.994 0.31200000000000017 0.9615 0.31200000000000017 0.9615 0.3233333333333335 0.994 0.3233333333333335
3 0.9895 0.31333333333333346 0.959 0.31333333333333346 0.959 0.3233333333333335 0.9895 0.3233333333333335
3 0.9925 0.31600000000000017 0.959 0.31600000000000017 0.959 0.3280000000000001 0.9925 0.3280000000000001
3 0.9915 0.3186666666666668 0.9555 0.3186666666666668 0.9555 0.33266666666666683 0.9915 0.33266666666666683
3 0.997 0.3246666666666668 0.959 0.3246666666666668 0.959 0.34000000000000014 0.997 0.34000000000000014
3 1 0.3313333333333335 0.9585 0.3313333333333335 0.9585 0.3473333333333335 1 0.3473333333333335
3 1 0.35000000000000014 0.954 0.35000000000000014 0.954 0.3746666666666668 1 0.3746666666666668
3 1 0.36800000000000016 0.958 0.36800000000000016 0.958 0.3920000000000001 1 0.3920000000000001
11 1 0.3846666666666668 0.955 0.3846666666666668 0.955 0.4206666666666668 1 0.4206666666666668
3 1 0.4326666666666668 0.9575 0.4326666666666668 0.9575 0.46200000000000013 1 0.46200000000000013
11 1 0.43733333333333346 0.9585 0.43733333333333346 0.9585 0.48000000000000015 1 0.48000000000000015
7 0.9975 0.46800000000000014 0.986 0.46800000000000014 0.986 0.49533333333333346 0.9975 0.49533333333333346
3 1 0.4746666666666668 0.9415 0.4746666666666668 0.9415 0.5226666666666668 1 0.5226666666666668
3 1 0.5073333333333335 0.9605 0.5073333333333335 0.9605 0.5560000000000002 1 0.5560000000000002
11 0.709 0.2980000000000001 0.6885 0.2980000000000001 0.6885 0.30933333333333346 0.709 0.30933333333333346
11 0.722 0.2946666666666668 0.7055 0.2946666666666668 0.7055 0.3053333333333335 0.722 0.3053333333333335
4 0.712 0.3253333333333335 0.674 0.3253333333333334 0.674 0.3593333333333335 0.712 0.3593333333333335
11 0.8045 0.2673333333333335 0.798 0.2673333333333335 0.798 0.27200000000000013 0.8045 0.27200000000000013
3 0.813 0.26866666666666683 0.8055 0.26866666666666683 0.8055 0.2733333333333335 0.813 0.2733333333333335
8 0.781 0.27266666666666683 0.7795 0.27266666666666683 0.7795 0.2773333333333335 0.781 0.2773333333333335
5 0.7815 0.27466666666666684 0.7795 0.27466666666666684 0.7795 0.27800000000000014 0.7815 0.27800000000000014
10 0.347 0.3333333333333334 0.3095 0.3333333333333334 0.3095 0.3546666666666667 0.347 0.3546666666666667