1 0.2465000000000001 0.9526666666666667 0.2375000000000001 0.9526666666666667 0.2375000000000001 0.9766666666666667 0.2465000000000001 0.9766666666666667
8 0.2455000000000001 0.952 0.2385000000000001 0.952 0.2385000000000001 0.97 0.2455000000000001 0.97
3 0.3535000000000001 0.892 0.3240000000000001 0.892 0.3240000000000001 0.958 0.3535000000000001 0.958
7 0.22950000000000012 0.9666666666666667 0.2215000000000001 0.9666666666666667 0.2215000000000001 0.9913333333333333 0.22950000000000012 0.9913333333333333
1 0.2260000000000001 0.9153333333333333 0.21750000000000005 0.9153333333333333 0.21750000000000008 0.9413333333333334 0.22600000000000012 0.9413333333333334
8 0.2250000000000001 0.912 0.21900000000000006 0.912 0.21900000000000008 0.9346666666666666 0.22500000000000012 0.9346666666666666
1 0.28150000000000014 0.8873333333333333 0.2620000000000001 0.8873333333333333 0.2620000000000001 0.9046666666666666 0.28150000000000014 0.9046666666666666
1 0.2855000000000001 0.878 0.2685000000000001 0.878 0.2685000000000001 0.8926666666666667 0.2855000000000001 0.8926666666666667
8 0.28050000000000014 0.8653333333333333 0.27250000000000013 0.8653333333333333 0.27250000000000013 0.8873333333333333 0.28050000000000014 0.8873333333333333
8 0.27550000000000013 0.884 0.2655000000000001 0.884 0.2655000000000001 0.9 0.27550000000000013 0.9
8 0.512 0.8966666666666666 0.5040000000000001 0.8966666666666666 0.5040000000000001 0.9166666666666666 0.512 0.9166666666666666
8 0.4285000000000001 0.8053333333333333 0.4220000000000001 0.8053333333333333 0.4220000000000001 0.8273333333333334 0.4285000000000001 0.8273333333333334
8 0.5425 0.716 0.536 0.716 0.536 0.7313333333333333 0.5425 0.7313333333333333
8 0.5475 0.7093333333333334 0.5415 0.7093333333333334 0.5415 0.7253333333333334 0.5475 0.7253333333333334
8 0.539 0.6466666666666668 0.5345 0.6466666666666668 0.5345 0.6600000000000001 0.539 0.6600000000000001
8 0.5385 0.5920000000000002 0.5335 0.5920000000000002 0.5335 0.6073333333333335 0.5385 0.6073333333333335
8 0.54 0.5693333333333335 0.536 0.5693333333333335 0.536 0.5820000000000002 0.54 0.5820000000000002
8 0.543 0.5440000000000002 0.5385 0.5440000000000002 0.5385 0.5560000000000002 0.543 0.5560000000000002
8 0.541 0.5260000000000001 0.5365 0.5260000000000001 0.5365 0.5380000000000001 0.541 0.5380000000000001
8 0.547 0.4486666666666668 0.5435 0.4486666666666668 0.5435 0.45866666666666683 0.547 0.45866666666666683
8 0.5315 0.4226666666666668 0.5285 0.4226666666666668 0.5285 0.43400000000000016 0.5315 0.43400000000000016
8 0.5375 0.40266666666666684 0.534 0.40266666666666684 0.534 0.4113333333333335 0.5375 0.4113333333333335
8 0.5465 0.37933333333333347 0.543 0.37933333333333347 0.543 0.3886666666666668 0.5465 0.3886666666666668
4 0.572 0.07466666666666676 0.459 0.07466666666666674 0.459 0.26400000000000007 0.572 0.26400000000000007
8 0.378 0.5493333333333333 0.374 0.5493333333333333 0.374 0.5606666666666666 0.378 0.5606666666666666
8 0.406 0.4886666666666667 0.4025 0.4886666666666667 0.4025 0.49866666666666665 0.406 0.49866666666666665
8 0.3955 0.4866666666666667 0.393 0.4866666666666667 0.393 0.49533333333333335 0.3955 0.49533333333333335
8 0.3470000000000001 0.6546666666666666 0.34100000000000014 0.6546666666666666 0.34100000000000014 0.668 0.3470000000000001 0.668
8 0.33650000000000013 0.6553333333333333 0.33150000000000013 0.6553333333333333 0.33150000000000013 0.6693333333333333 0.33650000000000013 0.6693333333333333
8 0.3205000000000001 0.678 0.3140000000000001 0.678 0.3140000000000001 0.6933333333333334 0.3205000000000001 0.6933333333333334
8 0.2895000000000001 0.7353333333333333 0.2845000000000001 0.7353333333333333 0.2845000000000001 0.75 0.2895000000000001 0.75
8 0.3105000000000001 0.7306666666666667 0.3050000000000001 0.7306666666666667 0.3050000000000001 0.7473333333333333 0.3105000000000001 0.7473333333333333
1 0.2900000000000001 0.74 0.2845000000000001 0.74 0.2845000000000001 0.7553333333333333 0.2900000000000001 0.7553333333333333
1 0.3115000000000001 0.7346666666666667 0.3035000000000001 0.7346666666666667 0.3035000000000001 0.748 0.3115000000000001 0.748
1 0.4355000000000001 0.8093333333333333 0.4180000000000001 0.8093333333333333 0.4180000000000001 0.824 0.4355000000000001 0.824
1 0.3200000000000001 0.678 0.3135000000000001 0.678 0.3135000000000001 0.694 0.3200000000000001 0.694
1 0.33700000000000013 0.6606666666666666 0.33200000000000013 0.6606666666666666 0.33200000000000013 0.6746666666666666 0.33700000000000013 0.6746666666666666
1 0.34650000000000014 0.662 0.34150000000000014 0.662 0.34150000000000014 0.6733333333333333 0.34650000000000014 0.6733333333333333
1 0.378 0.5526666666666666 0.374 0.5526666666666666 0.374 0.5653333333333334 0.378 0.5653333333333334
1 0.3965 0.4886666666666667 0.3925 0.4886666666666667 0.3925 0.5006666666666667 0.3965 0.5006666666666667
1 0.406 0.49133333333333334 0.4025 0.49133333333333334 0.4025 0.5013333333333333 0.406 0.5013333333333333
1 0.5465 0.3820000000000002 0.543 0.3820000000000002 0.543 0.39266666666666683 0.5465 0.39266666666666683
1 0.537 0.40666666666666684 0.534 0.40666666666666684 0.534 0.4146666666666668 0.537 0.4146666666666668
1 0.5325 0.42800000000000016 0.529 0.42800000000000016 0.529 0.4346666666666668 0.5325 0.4346666666666668
1 0.547 0.45266666666666683 0.543 0.45266666666666683 0.543 0.46200000000000013 0.547 0.46200000000000013
1 0.5415 0.5306666666666668 0.537 0.5306666666666668 0.537 0.5413333333333334 0.5415 0.5413333333333334
1 0.543 0.5500000000000002 0.538 0.5500000000000002 0.538 0.5580000000000002 0.543 0.5580000000000002
1 0.5405 0.5733333333333335 0.5355 0.5733333333333335 0.5355 0.5853333333333335 0.5405 0.5853333333333335
1 0.538 0.5946666666666668 0.5335 0.5946666666666668 0.5335 0.6100000000000001 0.538 0.6100000000000001
1 0.5395 0.6486666666666668 0.5345 0.6486666666666668 0.5345 0.6653333333333334 0.5395 0.6653333333333334
1 0.5455 0.7226666666666667 0.53 0.7226666666666667 0.53 0.7326666666666667 0.5455 0.7326666666666667
1 0.552 0.7133333333333334 0.539 0.7133333333333334 0.539 0.7233333333333334 0.552 0.7233333333333334
1 0.514 0.9013333333333333 0.5015000000000002 0.9013333333333333 0.5015000000000002 0.9206666666666666 0.514 0.9206666666666666
3 0.716 0.7366666666666667 0.6715 0.7366666666666667 0.6715 0.7633333333333333 0.716 0.7633333333333333
3 0.7025 0.7006666666666667 0.663 0.7006666666666667 0.663 0.7246666666666667 0.7025 0.7246666666666667
3 0.562 0.6066666666666668 0.5485 0.6066666666666668 0.5485 0.6326666666666668 0.562 0.6326666666666668
3 0.39550000000000013 0.6966666666666667 0.3725000000000001 0.6966666666666667 0.3725000000000001 0.7373333333333333 0.39550000000000013 0.7373333333333333
3 0.3865000000000001 0.6446666666666667 0.3685000000000001 0.6446666666666667 0.3685000000000001 0.6793333333333333 0.3865000000000001 0.6793333333333333
3 0.4245 0.5593333333333333 0.408 0.5593333333333333 0.408 0.588 0.4245 0.588
3 0.3445000000000001 0.6153333333333333 0.3255 0.6153333333333333 0.32550000000000007 0.6486666666666666 0.34450000000000014 0.6486666666666666
3 0.355 0.592 0.335 0.592 0.335 0.6173333333333333 0.355 0.6173333333333333
3 0.3625 0.5646666666666667 0.345 0.5646666666666667 0.345 0.592 0.3625 0.592
3 0.372 0.5426666666666666 0.355 0.5426666666666666 0.355 0.566 0.372 0.566
3 0.3885 0.494 0.3725 0.494 0.3725 0.5186666666666667 0.3885 0.5186666666666667
3 0.4 0.45866666666666667 0.3855 0.45866666666666667 0.3855 0.4786666666666667 0.4 0.4786666666666667
3 0.394 0.47733333333333333 0.3785 0.47733333333333333 0.3785 0.5 0.394 0.5
3 0.408 0.44 0.3945 0.44 0.3945 0.458 0.408 0.458
3 0.4155 0.416 0.4045 0.416 0.4045 0.434 0.4155 0.434
3 0.4215 0.4 0.4115 0.4 0.4115 0.414 0.4215 0.414
11 0.426 0.38466666666666666 0.416 0.38466666666666666 0.416 0.4026666666666667 0.426 0.4026666666666667
3 0.4355 0.362 0.4255 0.362 0.4255 0.37666666666666665 0.4355 0.37666666666666665
3 0.504 0.3806666666666668 0.495 0.3806666666666668 0.495 0.39400000000000013 0.504 0.39400000000000013
3 0.484 0.3253333333333334 0.476 0.3253333333333334 0.476 0.33733333333333343 0.484 0.33733333333333343
2 0.488 0.26400000000000007 0.4765 0.26400000000000007 0.4765 0.2853333333333334 0.488 0.2853333333333334
3 0.5625 0.5806666666666668 0.5495 0.5806666666666668 0.5495 0.6053333333333335 0.5625 0.6053333333333335
3 0.5605 0.5566666666666669 0.5465 0.5566666666666669 0.5465 0.5813333333333335 0.5605 0.5813333333333335
3 0.5605 0.5380000000000001 0.5475 0.5380000000000001 0.5475 0.5600000000000002 0.5605 0.5600000000000002
3 0.561 0.5146666666666668 0.5475 0.5146666666666668 0.5475 0.5360000000000001 0.561 0.5360000000000001
3 0.5595 0.49533333333333346 0.549 0.49533333333333346 0.549 0.5140000000000001 0.5595 0.5140000000000001
3 0.5605 0.4773333333333335 0.5495 0.4773333333333335 0.5495 0.49400000000000016 0.5605 0.49400000000000016
3 0.5595 0.46266666666666684 0.5495 0.46266666666666684 0.5495 0.4773333333333335 0.5595 0.4773333333333335
7 0.5805 0.5073333333333335 0.5765 0.5073333333333335 0.5765 0.5213333333333335 0.5805 0.5213333333333335
7 0.5745 0.5506666666666669 0.5705 0.5506666666666669 0.5705 0.5646666666666669 0.5745 0.5646666666666669
3 0.5275 0.44533333333333347 0.517 0.44533333333333347 0.517 0.46266666666666684 0.5275 0.46266666666666684
3 0.558 0.4306666666666668 0.549 0.4306666666666668 0.549 0.44533333333333347 0.558 0.44533333333333347
3 0.559 0.41800000000000015 0.5495 0.41800000000000015 0.5495 0.43400000000000016 0.559 0.43400000000000016
3 0.558 0.40666666666666684 0.5505 0.40666666666666684 0.5505 0.4186666666666668 0.558 0.4186666666666668
3 0.5455 0.3646666666666668 0.5355 0.3646666666666668 0.5355 0.37733333333333346 0.5455 0.37733333333333346
3 0.5565 0.37733333333333346 0.5475 0.37733333333333346 0.5475 0.3893333333333335 0.5565 0.3893333333333335
3 0.58 0.3646666666666668 0.572 0.3646666666666668 0.572 0.37800000000000017 0.58 0.37800000000000017
3 0.558 0.3306666666666667 0.55 0.3306666666666667 0.55 0.3413333333333335 0.558 0.3413333333333335
3 0.5755 0.3326666666666667 0.5595 0.3326666666666667 0.5595 0.3433333333333335 0.5755 0.3433333333333335
3 0.557 0.3233333333333334 0.5515 0.3233333333333334 0.5515 0.3313333333333334 0.557 0.3313333333333334
3 0.558 0.31400000000000006 0.5515 0.31400000000000006 0.5515 0.32400000000000007 0.558 0.32400000000000007
3 0.558 0.30666666666666675 0.552 0.30666666666666675 0.552 0.31600000000000006 0.558 0.31600000000000006
3 0.558 0.2993333333333334 0.551 0.2993333333333334 0.551 0.3073333333333334 0.558 0.3073333333333334
3 0.558 0.29266666666666674 0.5515 0.29266666666666674 0.5515 0.30066666666666675 0.558 0.30066666666666675
3 0.559 0.2873333333333334 0.552 0.2873333333333334 0.552 0.2960000000000001 0.559 0.2960000000000001
3 0.558 0.28133333333333344 0.5515 0.28133333333333344 0.5515 0.2893333333333334 0.558 0.2893333333333334
3 0.558 0.27533333333333343 0.5525 0.27533333333333343 0.5525 0.2833333333333334 0.558 0.2833333333333334
3 0.5585 0.2713333333333334 0.5525 0.2713333333333334 0.5525 0.27866666666666673 0.5585 0.27866666666666673
3 0.5745 0.3233333333333334 0.561 0.3233333333333334 0.561 0.3326666666666667 0.5745 0.3326666666666667
3 0.5785 0.31800000000000006 0.563 0.31800000000000006 0.563 0.32800000000000007 0.5785 0.32800000000000007
3 0.5725 0.31000000000000005 0.5605 0.31000000000000005 0.5605 0.3193333333333334 0.5725 0.3193333333333334
3 0.574 0.3013333333333334 0.5615 0.3013333333333334 0.5615 0.31066666666666676 0.574 0.31066666666666676
4 0.546 0.34266666666666684 0.543 0.34266666666666684 0.543 0.35200000000000015 0.546 0.35200000000000015
4 0.5465 0.3313333333333334 0.5435 0.3313333333333334 0.5435 0.34200000000000014 0.5465 0.34200000000000014
4 0.549 0.2653333333333334 0.544 0.2653333333333334 0.544 0.31666666666666676 0.549 0.31666666666666676
3 0.532 0.2940000000000001 0.525 0.2940000000000001 0.525 0.3053333333333334 0.532 0.3053333333333334
3 0.466 0.2713333333333334 0.459 0.2713333333333334 0.459 0.2800000000000001 0.466 0.2800000000000001
3 0.4635 0.27733333333333343 0.457 0.27733333333333343 0.457 0.28666666666666674 0.4635 0.28666666666666674
3 0.4615 0.2833333333333334 0.4555 0.2833333333333334 0.4555 0.2920000000000001 0.4615 0.2920000000000001
2 0.46 0.28666666666666674 0.4455 0.28666666666666674 0.4455 0.3133333333333334 0.46 0.3133333333333334
3 0.453 0.31066666666666676 0.4445 0.31066666666666676 0.4445 0.32266666666666677 0.453 0.32266666666666677
7 0.462 0.3020000000000001 0.4595 0.3020000000000001 0.4595 0.31200000000000006 0.462 0.31200000000000006
8 0.4535 0.3213333333333334 0.451 0.3213333333333334 0.451 0.3293333333333334 0.4535 0.3293333333333334
1 0.4535 0.32400000000000007 0.4505 0.32400000000000007 0.4505 0.3313333333333334 0.4535 0.3313333333333334
7 0.5555 0.6653333333333334 0.55 0.6653333333333334 0.55 0.6833333333333333 0.5555 0.6833333333333333
3 0.3675 0.23200000000000007 0.3615 0.23200000000000007 0.3615 0.24000000000000007 0.3675 0.24000000000000007
3 0.3535 0.2433333333333334 0.3435 0.2433333333333334 0.3435 0.25066666666666676 0.3535 0.25066666666666676
3 0.873 0.30733333333333346 0.8535 0.30733333333333346 0.8535 0.31933333333333347 0.873 0.31933333333333347
4 0.9045 0.33466666666666683 0.8815 0.33466666666666683 0.8815 0.34400000000000014 0.9045 0.34400000000000014
3 0.256 0.35 0.24350000000000005 0.35 0.24350000000000005 0.3626666666666667 0.256 0.3626666666666667