7 0.14214285714285718 0.7093908629441624 0.1228571428571429 0.7093908629441624 0.1228571428571429 0.7652284263959391 0.14214285714285718 0.7652284263959391
7 0.4564285714285714 0.8426395939086294 0.44142857142857145 0.8426395939086294 0.44142857142857145 0.8934010152284264 0.4564285714285714 0.8934010152284264
7 0.4442857142857143 0.8286802030456852 0.43 0.8286802030456852 0.43 0.8743654822335025 0.4442857142857143 0.8743654822335025
3 0.47714285714285715 0.35786802030456866 0.40714285714285714 0.35786802030456866 0.40714285714285714 0.4276649746192895 0.47714285714285715 0.4276649746192895
11 0.3678571428571429 0.2868020304568529 0.2907142857142857 0.2868020304568529 0.2907142857142857 0.38197969543147214 0.3678571428571429 0.3819796954314722
3 0.2592857142857143 0.2525380710659899 0.185 0.2525380710659899 0.185 0.3210659898477158 0.2592857142857143 0.3210659898477158
7 0.05071428571428575 0.5038071065989848 0.03000000000000003 0.5038071065989848 0.030000000000000037 0.550761421319797 0.05071428571428575 0.550761421319797
7 0.6092857142857143 0.1992385786802032 0.5957142857142858 0.1992385786802032 0.5957142857142858 0.23857868020304582 0.6092857142857143 0.23857868020304582
7 0.6221428571428571 0.20431472081218288 0.61 0.20431472081218288 0.61 0.24619289340101538 0.6221428571428571 0.24619289340101538
7 0.68 0.1789340101522844 0.67 0.1789340101522844 0.67 0.21954314720812196 0.68 0.21954314720812196
7 0.8071428571428572 0.23350253807106613 0.7942857142857143 0.23350253807106613 0.7942857142857143 0.2753807106598986 0.8071428571428572 0.2753807106598986
3 0.8664285714285714 0.17258883248730986 0.8378571428571429 0.17258883248730986 0.8378571428571429 0.2487309644670053 0.8664285714285714 0.2487309644670053
7 0.9878571428571429 0.3071065989847718 0.9664285714285714 0.3071065989847718 0.9664285714285714 0.34517766497461944 0.9878571428571429 0.34517766497461944