11 0.5407142857142857 0.8413705583756346 0.5028571428571429 0.8413705583756346 0.5028571428571429 0.9263959390862944 0.5407142857142857 0.9263959390862944
2 0.6235714285714286 0.7677664974619289 0.52 0.7677664974619289 0.52 0.998730964467005 0.6235714285714286 0.998730964467005
3 0.6185714285714285 0.602791878172589 0.58 0.602791878172589 0.58 0.699238578680203 0.6185714285714285 0.699238578680203
3 0.7585714285714286 0.6903553299492389 0.7157142857142857 0.6903553299492389 0.7157142857142857 0.8032994923857871 0.7585714285714286 0.8032994923857871
3 0.7978571428571428 0.5964467005076144 0.7421428571428571 0.5964467005076144 0.7421428571428571 0.6941624365482236 0.7978571428571428 0.6941624365482236
10 0.8778571428571429 0.44796954314720827 0.7928571428571428 0.44796954314720827 0.7928571428571428 0.6218274111675128 0.8778571428571429 0.6218274111675128
10 1 0.32741116751269056 0.8721428571428571 0.3274111675126905 0.8721428571428571 0.5736040609137057 1 0.5736040609137059
10 0.9842857142857143 0.24238578680203068 0.8557142857142858 0.24238578680203068 0.8557142857142858 0.4606598984771575 0.9842857142857143 0.4606598984771575
10 0.9385714285714286 0.18908629441624386 0.8407142857142857 0.18908629441624386 0.8407142857142857 0.3794416243654824 0.9385714285714286 0.3794416243654824
3 0.9914285714285714 0.026649746192893613 0.935 0.02664974619289361 0.935 0.1104060913705586 0.9914285714285714 0.1104060913705586
3 1 2.1306989360799762e-16 0.9585714285714285 2.0856294472788679e-16 0.9585714285714285 0.059644670050761635 1 0.059644670050761635
11 0.8771428571428571 1.869606725094246e-16 0.8414285714285714 1.8307537175070839e-16 0.8414285714285714 0.04822335025380729 0.8771428571428571 0.04822335025380731
11 0.8285714285714286 1.763149484305422e-16 0.7921428571428571 1.7235194165665163e-16 0.7921428571428571 0.06091370558375653 0.8285714285714286 0.06091370558375653
3 0.7735714285714286 0.14720812182741133 0.7292857142857143 0.1472081218274113 0.7292857142857143 0.24619289340101538 0.7735714285714286 0.24619289340101538
3 0.8057142857142857 0.1840101522842641 0.7542857142857143 0.1840101522842641 0.7542857142857143 0.2906091370558377 0.8057142857142857 0.2906091370558377
3 0.7428571428571429 0.3870558375634519 0.6942857142857143 0.3870558375634519 0.6942857142857143 0.49492385786802046 0.7428571428571429 0.49492385786802046
3 0.6978571428571428 0.37182741116751283 0.6571428571428571 0.37182741116751283 0.6571428571428571 0.46954314720812196 0.6978571428571428 0.46954314720812196
11 0.44357142857142856 0.5634517766497463 0.40285714285714286 0.5634517766497463 0.40285714285714286 0.6598984771573604 0.44357142857142856 0.6598984771573604