3 0.2677453027139875 5.663139419062668e-17 0.25260960334029225 5.498414200253423e-17 0.25260960334029225 0.014842300556586327 0.2677453027139875 0.01484230055658633
3 0.3079331941544885 0.013914656771799693 0.29436325678496866 0.013914656771799691 0.29436325678496866 0.03896103896103903 0.3079331941544885 0.03896103896103903
3 0.27035490605427975 0.02226345083487946 0.2546972860125261 0.022263450834879458 0.2546972860125261 0.05009276437847872 0.27035490605427975 0.05009276437847872
3 0.296972860125261 0.06029684601113178 0.2797494780793319 0.06029684601113178 0.2797494780793319 0.08905380333951768 0.296972860125261 0.08905380333951768
3 0.3173277661795407 0.05009276437847873 0.3011482254697286 0.05009276437847873 0.3011482254697286 0.07513914656771806 0.3173277661795407 0.07513914656771807
3 0.3324634655532359 0.07142857142857151 0.3136743215031315 0.07142857142857151 0.3136743215031315 0.1020408163265307 0.3324634655532359 0.1020408163265307
3 0.3559498956158664 0.1363636363636364 0.3303757828810021 0.1363636363636364 0.3303757828810021 0.17439703153988872 0.3559498956158664 0.17439703153988872
3 0.34603340292275575 0.23654916512059374 0.32045929018789143 0.23654916512059374 0.32045929018789143 0.2782931354359927 0.34603340292275575 0.2782931354359927
3 0.38413361169102295 0.21799628942486093 0.3596033402922756 0.2179962894248609 0.3596033402922756 0.2634508348794064 0.38413361169102295 0.2634508348794064
3 0.407098121085595 0.12523191094619676 0.38413361169102295 0.12523191094619676 0.38413361169102295 0.15584415584415595 0.407098121085595 0.15584415584415595
7 0.2927974947807933 0.018552875695732905 0.28914405010438415 0.018552875695732905 0.28914405010438415 0.03339517625231918 0.2927974947807933 0.03339517625231918
3 0.3324634655532359 0.011131725417439774 0.3136743215031315 0.011131725417439772 0.3136743215031315 0.027829313543599327 0.3324634655532359 0.02782931354359933
5 0.43997912317327764 0.12894248608534334 0.42066805845511485 0.12894248608534334 0.42066805845511485 0.14749536178107617 0.43997912317327764 0.14749536178107617
7 0.4326722338204593 0.11781076066790364 0.42849686847599167 0.11781076066790364 0.42849686847599167 0.13079777365491663 0.4326722338204593 0.13079777365491663
7 0.44258872651356995 0.12244897959183684 0.43893528183716074 0.12244897959183684 0.43893528183716074 0.13636363636363646 0.44258872651356995 0.13636363636363646
3 0.48068893528183715 0.2949907235621522 0.45041753653444677 0.2949907235621522 0.45041753653444677 0.34415584415584427 0.48068893528183715 0.34415584415584427
3 0.45772442588726514 0.26901669758812624 0.43162839248434237 0.26901669758812624 0.43162839248434237 0.3079777365491652 0.45772442588726514 0.3079777365491652
3 0.5887265135699373 0.557513914656772 0.5480167014613778 0.557513914656772 0.5480167014613778 0.6363636363636366 0.5887265135699373 0.6363636363636366
3 0.6163883089770354 0.5769944341372915 0.5777661795407099 0.5769944341372915 0.5777661795407099 0.6549165120593694 0.6163883089770354 0.6549165120593694
3 0.6539665970772442 0.6066790352504641 0.6127348643006263 0.6066790352504641 0.6127348643006263 0.6864564007421152 0.6539665970772442 0.6864564007421152
11 0.5281837160751566 0.4944341372912804 0.4848643006263048 0.4944341372912804 0.4848643006263048 0.5677179962894251 0.5281837160751566 0.5677179962894251
3 0.8909185803757829 0.5380333951762525 0.8408141962421712 0.5380333951762525 0.8408141962421712 0.6131725417439705 0.8909185803757829 0.6131725417439705
7 0.778705636743215 0.5389610389610392 0.7734864300626305 0.5389610389610392 0.7734864300626305 0.5621521335807053 0.778705636743215 0.5621521335807053
5 0.7922755741127349 0.5324675324675326 0.7849686847599165 0.5324675324675326 0.7849686847599165 0.5565862708719854 0.7922755741127349 0.5565862708719854
3 0.9994780793319415 0.42115027829313567 0.9692066805845512 0.42115027829313567 0.9692066805845512 0.46753246753246774 0.9994780793319415 0.46753246753246774
3 0.9979123173277662 0.43506493506493527 0.9509394572025052 0.43506493506493527 0.9509394572025052 0.49907235621521356 0.9979123173277662 0.49907235621521356