3 0.5085714285714288 0.9266666666666666 0.4857142857142859 0.9266666666666666 0.4857142857142859 1 0.5085714285714288 1
3 0.5414285714285715 0.8219047619047619 0.5192857142857142 0.8219047619047619 0.5192857142857144 0.8876190476190476 0.5414285714285716 0.8876190476190476
3 0.5071428571428571 0.7047619047619048 0.48714285714285716 0.7047619047619048 0.48714285714285716 0.7704761904761904 0.5071428571428571 0.7704761904761904
3 0.44714285714285723 0.8838095238095238 0.42 0.8838095238095238 0.4200000000000001 0.9552380952380952 0.4471428571428573 0.9552380952380952
3 0.3714285714285715 0.8752380952380953 0.3235714285714287 0.8752380952380953 0.3235714285714287 0.9066666666666666 0.3714285714285716 0.9066666666666666
3 0.3757142857142857 0.8333333333333334 0.33000000000000007 0.8333333333333334 0.33000000000000007 0.86 0.3757142857142857 0.86
3 0.38285714285714284 0.7476190476190476 0.3357142857142858 0.7476190476190476 0.3357142857142858 0.7771428571428571 0.38285714285714284 0.7771428571428571
3 0.37 0.7152380952380952 0.31928571428571434 0.7152380952380952 0.31928571428571434 0.7447619047619047 0.37 0.7447619047619047
3 0.3650000000000001 0.680952380952381 0.31928571428571434 0.680952380952381 0.31928571428571434 0.7076190476190476 0.3650000000000001 0.7076190476190476
11 0.37142857142857144 0.6114285714285714 0.32214285714285723 0.6114285714285714 0.32214285714285723 0.6428571428571429 0.37142857142857144 0.6428571428571429
5 0.5507142857142857 0.62 0.5435714285714286 0.62 0.5435714285714286 0.6409523809523809 0.5507142857142857 0.6409523809523809
8 0.55 0.62 0.545 0.62 0.545 0.6342857142857142 0.55 0.6342857142857142
3 0.5128571428571429 0.47714285714285726 0.4928571428571429 0.47714285714285726 0.4928571428571429 0.5323809523809524 0.5128571428571429 0.5323809523809524
9 0.5614285714285714 0.4523809523809525 0.55 0.4523809523809525 0.55 0.481904761904762 0.5614285714285714 0.481904761904762
8 0.5578571428571428 0.4514285714285715 0.5514285714285714 0.4514285714285715 0.5514285714285714 0.4638095238095239 0.5578571428571428 0.4638095238095239
11 0.5414285714285715 0.3447619047619049 0.5228571428571429 0.3447619047619049 0.5228571428571429 0.39523809523809533 0.5414285714285715 0.39523809523809533
10 0.5414285714285715 0.25714285714285723 0.5235714285714286 0.25714285714285723 0.5235714285714286 0.31047619047619057 0.5414285714285715 0.31047619047619057
3 0.5778571428571428 0.241904761904762 0.5557142857142857 0.241904761904762 0.5557142857142857 0.2876190476190477 0.5778571428571428 0.2876190476190477
5 0.5514285714285714 0.2180952380952382 0.5435714285714286 0.2180952380952382 0.5435714285714286 0.24095238095238106 0.5514285714285714 0.24095238095238106
8 0.5078571428571429 0.13714285714285726 0.5021428571428571 0.13714285714285726 0.5021428571428571 0.1504761904761906 0.5078571428571429 0.1504761904761906
5 0.5085714285714286 0.14095238095238105 0.5021428571428571 0.14095238095238105 0.5021428571428571 0.16000000000000011 0.5085714285714286 0.16000000000000011
5 0.5 0.09333333333333342 0.49142857142857144 0.09333333333333342 0.49142857142857144 0.12000000000000008 0.5 0.12000000000000008
9 0.58 9.388958793463042e-17 0.57 9.307315673519885e-17 0.57 0.020000000000000094 0.58 0.020000000000000094
11 0.40785714285714286 0.422857142857143 0.38857142857142857 0.422857142857143 0.38857142857142857 0.4761904761904763 0.40785714285714286 0.4761904761904763
3 0.41214285714285714 0.37047619047619057 0.3914285714285714 0.37047619047619057 0.3914285714285714 0.4209523809523811 0.41214285714285714 0.4209523809523811
11 0.6907142857142858 0.882857142857143 0.6364285714285715 0.8828571428571429 0.6364285714285715 0.923809523809524 0.6907142857142858 0.9238095238095241
7 0.7664285714285715 0.7571428571428573 0.7571428571428571 0.7571428571428573 0.7571428571428571 0.7714285714285717 0.7664285714285715 0.7714285714285717
9 0.7607142857142857 0.6923809523809527 0.7364285714285714 0.6923809523809527 0.7364285714285714 0.7361904761904764 0.7607142857142857 0.7361904761904764
3 0.6792857142857143 0.6780952380952382 0.64 0.6780952380952381 0.64 0.7047619047619049 0.6792857142857143 0.704761904761905
10 0.6728571428571428 0.49523809523809537 0.6157142857142858 0.49523809523809526 0.6157142857142858 0.5266666666666667 0.6728571428571428 0.5266666666666668
11 0.665 0.46095238095238106 0.6271428571428571 0.46095238095238106 0.6271428571428571 0.4857142857142858 0.665 0.4857142857142858
3 0.7464285714285714 0.4400000000000001 0.715 0.4400000000000001 0.715 0.4666666666666668 0.7464285714285714 0.4666666666666668
3 0.6685714285714286 0.4380952380952382 0.6264285714285714 0.4380952380952382 0.6264285714285714 0.46190476190476204 0.6685714285714286 0.46190476190476204
3 0.6685714285714286 0.4104761904761906 0.6257142857142857 0.4104761904761906 0.6257142857142857 0.4361904761904763 0.6685714285714286 0.4361904761904763
3 0.6678571428571428 0.38380952380952393 0.6257142857142857 0.38380952380952393 0.6257142857142857 0.41142857142857153 0.6678571428571428 0.41142857142857153
3 0.6671428571428571 0.3523809523809525 0.625 0.3523809523809525 0.625 0.3780952380952382 0.6671428571428571 0.3780952380952382
3 0.6678571428571428 0.32761904761904775 0.625 0.32761904761904775 0.625 0.3523809523809525 0.6678571428571428 0.3523809523809525
3 0.6671428571428571 0.3000000000000001 0.6271428571428571 0.3000000000000001 0.6271428571428571 0.32666666666666677 0.6671428571428571 0.32666666666666677
3 0.7421428571428571 0.2380952380952382 0.7035714285714286 0.2380952380952382 0.7035714285714286 0.26380952380952394 0.7421428571428571 0.26380952380952394
3 0.6614285714285715 0.24666666666666678 0.6228571428571429 0.24666666666666678 0.6228571428571429 0.27523809523809534 0.6614285714285715 0.27523809523809534
3 0.6242857142857143 0.2600000000000001 0.5842857142857143 0.2600000000000001 0.5842857142857143 0.2904761904761906 0.6242857142857143 0.2904761904761906
11 0.66 0.2161904761904763 0.6214285714285714 0.2161904761904763 0.6214285714285714 0.24571428571428583 0.66 0.24571428571428583
9 0.6757142857142857 0.20952380952380964 0.6635714285714286 0.20952380952380964 0.6635714285714286 0.22952380952380963 0.6757142857142857 0.22952380952380963
7 0.6685714285714286 0.19904761904761917 0.6628571428571428 0.19904761904761917 0.6628571428571428 0.21238095238095248 0.6685714285714286 0.21238095238095248
5 0.69 0.20571428571428582 0.6835714285714286 0.20571428571428582 0.6835714285714286 0.2200000000000001 0.69 0.2200000000000001
7 0.6892857142857143 0.19904761904761917 0.6842857142857143 0.19904761904761917 0.6842857142857143 0.21142857142857155 0.6892857142857143 0.21142857142857155
4 0.7314285714285714 0.10666666666666677 0.7107142857142857 0.10666666666666677 0.7107142857142857 0.14952380952380964 0.7314285714285714 0.14952380952380964
5 0.7228571428571429 0.08952380952380963 0.7078571428571429 0.08952380952380963 0.7078571428571429 0.10380952380952392 0.7228571428571429 0.10380952380952392
9 0.7185714285714285 0.053333333333333455 0.7071428571428572 0.053333333333333455 0.7071428571428572 0.07904761904761916 0.7185714285714285 0.07904761904761916
5 0.7228571428571429 0.04380952380952393 0.7114285714285714 0.04380952380952393 0.7114285714285714 0.057142857142857266 0.7228571428571429 0.057142857142857266
7 0.7214285714285714 0.03809523809523822 0.7164285714285714 0.03809523809523822 0.7164285714285714 0.0523809523809525 0.7214285714285714 0.0523809523809525
3 0.6664285714285715 0.054285714285714395 0.6292857142857143 0.054285714285714395 0.6292857142857143 0.08190476190476201 0.6664285714285715 0.08190476190476201
3 0.6664285714285715 0.0361904761904763 0.63 0.0361904761904763 0.63 0.05714285714285725 0.6664285714285715 0.05714285714285725
3 0.6642857142857143 0.015238095238095342 0.6292857142857143 0.01523809523809534 0.6292857142857143 0.03714285714285725 0.6642857142857143 0.03714285714285725
3 0.6657142857142857 1.0596110638336861e-16 0.6321428571428571 1.0322023021384835e-16 0.6321428571428571 0.0180952380952382 0.6657142857142857 0.018095238095238202