3 0.25928571428571434 0.49142857142857144 0.11214285714285718 0.49142857142857144 0.11214285714285718 0.5857142857142857 0.25928571428571434 0.5857142857142857
3 0.3428571428571429 0.42380952380952386 0.29714285714285715 0.4238095238095238 0.2971428571428572 0.46952380952380957 0.3428571428571429 0.4695238095238096
3 0.35714285714285715 0.3866666666666667 0.2978571428571429 0.38666666666666666 0.2978571428571429 0.41238095238095246 0.35714285714285715 0.4123809523809525
3 0.4114285714285714 0.38285714285714295 0.36214285714285716 0.38285714285714295 0.36214285714285716 0.422857142857143 0.4114285714285714 0.422857142857143
3 0.5764285714285714 0.38761904761904775 0.5378571428571428 0.38761904761904775 0.5378571428571428 0.4257142857142858 0.5764285714285714 0.4257142857142858
3 0.5257142857142857 0.38285714285714295 0.4828571428571429 0.38285714285714295 0.4828571428571429 0.41428571428571437 0.5257142857142857 0.41428571428571437
3 0.5828571428571429 0.3657142857142858 0.5535714285714286 0.3657142857142858 0.5535714285714286 0.39714285714285724 0.5828571428571429 0.39714285714285724
3 0.6528571428571428 0.3485714285714287 0.6371428571428571 0.3485714285714287 0.6371428571428571 0.3638095238095239 0.6528571428571428 0.3638095238095239
3 0.7042857142857143 0.34000000000000014 0.6885714285714286 0.34000000000000014 0.6885714285714286 0.3600000000000001 0.7042857142857143 0.3600000000000001
2 0.675 0.32666666666666677 0.655 0.32666666666666677 0.655 0.3504761904761906 0.675 0.3504761904761906
3 0.6171428571428571 0.35142857142857153 0.5957142857142858 0.35142857142857153 0.5957142857142858 0.3723809523809525 0.6171428571428571 0.3723809523809525
3 0.6457142857142857 0.33904761904761915 0.6335714285714286 0.33904761904761915 0.6335714285714286 0.35333333333333344 0.6457142857142857 0.35333333333333344
3 0.6607142857142857 0.32285714285714295 0.6478571428571429 0.32285714285714295 0.6478571428571429 0.3342857142857144 0.6607142857142857 0.3342857142857144
7 0.615 0.4200000000000001 0.6014285714285714 0.4200000000000001 0.6014285714285714 0.46095238095238106 0.615 0.46095238095238106
7 0.7292857142857143 0.3761904761904763 0.7178571428571429 0.3761904761904763 0.7178571428571429 0.4047619047619049 0.7292857142857143 0.4047619047619049
7 0.925 0.47333333333333344 0.9042857142857142 0.47333333333333344 0.9042857142857142 0.5533333333333336 0.925 0.5533333333333336
7 0.9578571428571429 0.4838095238095239 0.9307142857142857 0.4838095238095239 0.9307142857142857 0.565714285714286 0.9578571428571429 0.565714285714286
8 0.8164285714285714 0.441904761904762 0.795 0.441904761904762 0.795 0.48952380952380975 0.8164285714285714 0.48952380952380975
8 0.4257142857142857 0.441904761904762 0.4057142857142857 0.441904761904762 0.4057142857142857 0.4780952380952382 0.4257142857142857 0.4780952380952382
5 0.435 0.4542857142857144 0.4007142857142857 0.4542857142857144 0.4007142857142857 0.4838095238095239 0.435 0.4838095238095239
5 0.8157142857142857 0.45523809523809533 0.7964285714285714 0.45523809523809533 0.7964285714285714 0.49904761904761924 0.8157142857142857 0.49904761904761924
5 0.8942857142857142 0.4704761904761906 0.865 0.4704761904761906 0.865 0.48952380952380975 0.8942857142857142 0.48952380952380975
8 0.8871428571428571 0.44666666666666677 0.8678571428571429 0.44666666666666677 0.8678571428571429 0.481904761904762 0.8871428571428571 0.481904761904762
7 0.2535714285714286 0.4380952380952381 0.23714285714285716 0.4380952380952381 0.23714285714285718 0.47904761904761906 0.25357142857142867 0.47904761904761906
7 0.2228571428571429 0.40476190476190477 0.20785714285714285 0.40476190476190477 0.2078571428571429 0.44476190476190475 0.22285714285714295 0.44476190476190475
8 0.17500000000000004 0.44 0.1535714285714286 0.44 0.1535714285714286 0.4704761904761905 0.17500000000000004 0.4704761904761905
8 0.09214285714285718 0.45714285714285713 0.07000000000000003 0.45714285714285713 0.07000000000000003 0.49047619047619045 0.09214285714285718 0.49047619047619045
8 0.06857142857142862 0.4638095238095238 0.05142857142857147 0.4638095238095238 0.05142857142857147 0.49333333333333335 0.06857142857142862 0.49333333333333335
8 0.045714285714285756 0.4704761904761905 0.024285714285714327 0.4704761904761905 0.02428571428571433 0.5057142857142857 0.045714285714285756 0.5057142857142857
7 0.01571428571428576 0.4666666666666667 4.2862637970157366e-17 0.4666666666666667 4.557435588255508e-17 0.5257142857142857 0.015714285714285764 0.5257142857142857
3 0.18714285714285722 0.62 5.694607616035192e-17 0.62 6.678698793921459e-17 0.8342857142857143 0.18714285714285722 0.8342857142857143
4 0.6421428571428571 0.36857142857142866 0.6278571428571429 0.36857142857142866 0.6278571428571429 0.39523809523809533 0.6421428571428571 0.39523809523809533
3 0.785 0.3476190476190477 0.7607142857142857 0.3476190476190477 0.7607142857142857 0.3638095238095239 0.785 0.3638095238095239
4 0.7578571428571429 0.3314285714285715 0.7442857142857143 0.3314285714285715 0.7442857142857143 0.3495238095238096 0.7578571428571429 0.3495238095238096
3 0.8821428571428571 0.35714285714285726 0.8464285714285714 0.35714285714285726 0.8464285714285714 0.3780952380952382 0.8821428571428571 0.3780952380952382
3 0.9071428571428571 0.3485714285714287 0.8707142857142857 0.3485714285714287 0.8707142857142857 0.3723809523809525 0.9071428571428571 0.3723809523809525