3 0.34857142857142864 0.64 0.27714285714285725 0.64 0.27714285714285725 0.6876190476190476 0.34857142857142864 0.6876190476190476
3 0.4342857142857143 0.5104761904761905 0.3792857142857143 0.5104761904761905 0.3792857142857143 0.540952380952381 0.4342857142857143 0.540952380952381
7 0.39285714285714285 0.52 0.3821428571428571 0.52 0.3821428571428571 0.5476190476190477 0.39285714285714285 0.5476190476190477
3 0.5142857142857142 0.7323809523809524 0.4035714285714286 0.7323809523809524 0.4035714285714286 0.8104761904761905 0.5142857142857142 0.8104761904761905
3 0.5192857142857142 0.6533333333333333 0.43357142857142855 0.6533333333333333 0.43357142857142855 0.7085714285714285 0.5192857142857142 0.7085714285714285
3 0.5671428571428572 0.48857142857142855 0.5221428571428571 0.48857142857142855 0.5221428571428571 0.5171428571428571 0.5671428571428572 0.5171428571428571
3 0.07857142857142864 0.5923809523809523 0.007142857142857196 0.5923809523809523 0.007142857142857199 0.6238095238095238 0.07857142857142864 0.6238095238095238
3 0.15928571428571434 0.5761904761904761 0.10071428571428576 0.5761904761904761 0.10071428571428576 0.6123809523809524 0.15928571428571434 0.6123809523809524
3 0.11285714285714289 0.5361904761904762 0.05000000000000004 0.5361904761904762 0.05000000000000005 0.5657142857142857 0.11285714285714289 0.5657142857142857
0 0.16928571428571432 0.5 0.13214285714285717 0.5 0.13214285714285717 0.540952380952381 0.16928571428571432 0.540952380952381
3 0.24714285714285722 0.44571428571428573 0.2314285714285715 0.44571428571428573 0.2314285714285715 0.46476190476190476 0.24714285714285722 0.46476190476190476
3 0.30928571428571433 0.4266666666666667 0.2857142857142857 0.4266666666666667 0.28571428571428575 0.4523809523809524 0.3092857142857144 0.4523809523809524
3 0.33642857142857147 0.42285714285714293 0.30642857142857144 0.4228571428571429 0.3064285714285715 0.4485714285714286 0.3364285714285715 0.4485714285714287
3 0.3542857142857143 0.4190476190476191 0.3271428571428571 0.41904761904761906 0.3271428571428572 0.4428571428571429 0.35428571428571437 0.44285714285714295
3 0.43642857142857144 0.43904761904761913 0.4035714285714286 0.43904761904761913 0.4035714285714286 0.46285714285714297 0.43642857142857144 0.46285714285714297
3 0.4635714285714286 0.4180952380952382 0.4421428571428571 0.4180952380952382 0.4421428571428571 0.43047619047619057 0.4635714285714286 0.43047619047619057
3 0.47214285714285714 0.4257142857142858 0.4421428571428571 0.4257142857142858 0.4421428571428571 0.44285714285714295 0.47214285714285714 0.44285714285714295
3 0.48214285714285715 0.4723809523809525 0.44285714285714284 0.4723809523809525 0.44285714285714284 0.4961904761904762 0.48214285714285715 0.4961904761904762
3 0.48642857142857143 0.44571428571428584 0.45785714285714285 0.44571428571428584 0.45785714285714285 0.46285714285714297 0.48642857142857143 0.46285714285714297
3 0.5021428571428571 0.44952380952380966 0.4692857142857143 0.44952380952380966 0.4692857142857143 0.4723809523809525 0.5021428571428571 0.4723809523809525
3 0.54 0.43047619047619057 0.5142857142857142 0.43047619047619057 0.5142857142857142 0.4504761904761906 0.54 0.4504761904761906
3 0.5685714285714286 0.41904761904761917 0.5464285714285714 0.41904761904761917 0.5464285714285714 0.441904761904762 0.5685714285714286 0.441904761904762
3 0.55 0.41428571428571437 0.525 0.41428571428571437 0.525 0.43523809523809537 0.55 0.43523809523809537
3 0.6085714285714285 0.4247619047619049 0.5807142857142857 0.4247619047619049 0.5807142857142857 0.43904761904761913 0.6085714285714285 0.43904761904761913
3 0.6592857142857143 0.45904761904761915 0.6442857142857142 0.45904761904761915 0.6442857142857142 0.4809523809523811 0.6592857142857143 0.4809523809523811
3 0.7457142857142857 0.5695238095238098 0.6814285714285714 0.5695238095238098 0.6814285714285714 0.6152380952380955 0.7457142857142857 0.6152380952380955
3 0.8821428571428571 0.605714285714286 0.8107142857142857 0.605714285714286 0.8107142857142857 0.6523809523809526 0.8821428571428571 0.6523809523809526
7 0.40214285714285714 0.7476190476190476 0.3892857142857143 0.7476190476190476 0.3892857142857143 0.799047619047619 0.40214285714285714 0.799047619047619
7 0.5964285714285714 0.5638095238095238 0.585 0.5638095238095238 0.585 0.5923809523809523 0.5964285714285714 0.5923809523809523
5 0.6085714285714285 0.5333333333333333 0.5964285714285714 0.5333333333333333 0.5964285714285714 0.5619047619047619 0.6085714285714285 0.5619047619047619
7 0.6221428571428571 0.5142857142857142 0.6128571428571429 0.5142857142857142 0.6128571428571429 0.5457142857142857 0.6221428571428571 0.5457142857142857
5 0.2007142857142858 0.4847619047619048 0.18000000000000005 0.4847619047619048 0.18000000000000005 0.5085714285714286 0.2007142857142858 0.5085714285714286
7 0.2264285714285715 0.49047619047619045 0.21928571428571436 0.49047619047619045 0.21928571428571436 0.5095238095238095 0.2264285714285715 0.5095238095238095
7 0.23500000000000007 0.4857142857142857 0.22785714285714292 0.4857142857142857 0.22785714285714292 0.5085714285714286 0.23500000000000007 0.5085714285714286
7 0.3000000000000001 0.47333333333333333 0.2950000000000001 0.47333333333333333 0.2950000000000001 0.49714285714285716 0.3000000000000001 0.49714285714285716
7 0.3107142857142858 0.4723809523809524 0.3007142857142858 0.4723809523809524 0.3007142857142858 0.49714285714285716 0.3107142857142858 0.49714285714285716
7 0.28857142857142865 0.45714285714285713 0.2828571428571429 0.45714285714285713 0.2828571428571429 0.47333333333333333 0.28857142857142865 0.47333333333333333
3 0.5078571428571429 0.3980952380952382 0.48142857142857143 0.3980952380952382 0.48142857142857143 0.4257142857142858 0.5078571428571429 0.4257142857142858
2 0.36285714285714293 0.5314285714285715 0.19857142857142865 0.5314285714285715 0.19857142857142865 0.6371428571428571 0.36285714285714293 0.6371428571428571
2 0.13000000000000006 0.6190476190476191 0.0007142857142857711 0.6190476190476191 0.0007142857142857759 0.7209523809523809 0.1300000000000001 0.7209523809523809
11 0.22428571428571434 0.43142857142857144 0.19642857142857142 0.43142857142857144 0.19642857142857148 0.4533333333333333 0.22428571428571437 0.4533333333333333
10 0.15285714285714289 0.4514285714285714 0.1028571428571429 0.4514285714285714 0.1028571428571429 0.49238095238095236 0.15285714285714289 0.49238095238095236
3 0.15285714285714289 0.4380952380952381 0.11500000000000005 0.4380952380952381 0.11500000000000005 0.46095238095238095 0.15285714285714289 0.46095238095238095
3 0.19428571428571437 0.44571428571428573 0.1585714285714286 0.44571428571428573 0.1585714285714286 0.4666666666666667 0.19428571428571437 0.4666666666666667
7 0.14428571428571432 0.48095238095238096 0.13714285714285718 0.48095238095238096 0.13714285714285718 0.5009523809523809 0.14428571428571432 0.5009523809523809
7 0.13500000000000004 0.47904761904761906 0.12928571428571434 0.47904761904761906 0.12928571428571434 0.4990476190476191 0.13500000000000004 0.4990476190476191
7 0.2942857142857144 0.4666666666666667 0.2878571428571429 0.4666666666666667 0.2878571428571429 0.47904761904761906 0.2942857142857144 0.47904761904761906
3 0.6407142857142857 0.4723809523809525 0.6164285714285714 0.4723809523809525 0.6164285714285714 0.4980952380952381 0.6407142857142857 0.4980952380952381
4 0.6835714285714286 0.44761904761904775 0.6678571428571428 0.44761904761904775 0.6678571428571428 0.4704761904761906 0.6835714285714286 0.4704761904761906
3 0.6021428571428571 0.4038095238095239 0.58 0.4038095238095239 0.58 0.4180952380952382 0.6021428571428571 0.4180952380952382
3 0.5242857142857142 0.401904761904762 0.5078571428571429 0.401904761904762 0.5078571428571429 0.4161904761904763 0.5242857142857142 0.4161904761904763
3 0.28 0.43523809523809526 0.26 0.43523809523809526 0.26000000000000006 0.4580952380952381 0.2800000000000001 0.4580952380952381
11 0.27428571428571435 0.45904761904761904 0.22357142857142864 0.45904761904761904 0.22357142857142864 0.4857142857142857 0.27428571428571435 0.4857142857142857
4 0.5764285714285714 0.3914285714285715 0.5564285714285714 0.3914285714285715 0.5564285714285714 0.4066666666666668 0.5764285714285714 0.4066666666666668
8 0.6057142857142858 0.5352380952380953 0.5978571428571429 0.5352380952380953 0.5978571428571429 0.5561904761904762 0.6057142857142858 0.5561904761904762
8 0.19785714285714293 0.4847619047619048 0.18714285714285722 0.4847619047619048 0.18714285714285722 0.5076190476190476 0.19785714285714293 0.5076190476190476
7 0.42642857142857143 0.42952380952380964 0.42214285714285715 0.42952380952380964 0.42214285714285715 0.44666666666666677 0.42642857142857143 0.44666666666666677