3 0.5457142857142859 0.9133333333333333 0.5185714285714287 0.9133333333333333 0.5185714285714287 0.9942857142857143 0.5457142857142859 0.9942857142857143
3 0.4171428571428573 0.9676190476190476 0.3592857142857144 0.9676190476190476 0.3592857142857144 1 0.4171428571428573 1
3 0.4171428571428573 0.9266666666666666 0.3550000000000001 0.9266666666666666 0.3550000000000001 0.9666666666666667 0.4171428571428573 0.9666666666666667
3 0.4100000000000001 0.8838095238095238 0.3571428571428572 0.8838095238095238 0.3571428571428572 0.9180952380952381 0.41000000000000014 0.9180952380952381
3 0.4164285714285714 0.7666666666666667 0.3564285714285715 0.7666666666666667 0.3564285714285715 0.820952380952381 0.4164285714285714 0.820952380952381
11 0.3400000000000001 0.7476190476190476 0.3157142857142858 0.7476190476190476 0.3157142857142858 0.8171428571428572 0.3400000000000001 0.8171428571428572
5 0.31285714285714294 0.7685714285714286 0.29357142857142865 0.7685714285714286 0.29357142857142865 0.7790476190476191 0.31285714285714294 0.7790476190476191
5 0.31285714285714294 0.7561904761904762 0.29142857142857154 0.7561904761904762 0.29142857142857154 0.7666666666666667 0.31285714285714294 0.7666666666666667
3 0.4142857142857143 0.5819047619047619 0.35142857142857153 0.5819047619047619 0.35142857142857153 0.6190476190476191 0.4142857142857143 0.6190476190476191
3 0.41928571428571426 0.5380952380952381 0.3557142857142858 0.5380952380952381 0.3557142857142858 0.5752380952380952 0.41928571428571426 0.5752380952380952
3 0.41785714285714287 0.49523809523809526 0.3564285714285715 0.49523809523809526 0.3564285714285715 0.5333333333333333 0.41785714285714287 0.5333333333333333
11 0.42714285714285716 0.4514285714285715 0.3600000000000001 0.4514285714285715 0.3600000000000001 0.4895238095238095 0.42714285714285716 0.4895238095238095
5 0.5235714285714286 0.3638095238095239 0.515 0.3638095238095239 0.515 0.39523809523809533 0.5235714285714286 0.39523809523809533
5 0.5457142857142857 0.36666666666666675 0.5378571428571428 0.36666666666666675 0.5378571428571428 0.3961904761904763 0.5457142857142857 0.3961904761904763
0 0.585 0.21523809523809534 0.5671428571428572 0.21523809523809534 0.5671428571428572 0.26476190476190486 0.585 0.26476190476190486
5 0.6121428571428571 0.16761904761904772 0.6014285714285714 0.16761904761904772 0.6014285714285714 0.19714285714285726 0.6121428571428571 0.19714285714285726
8 0.6107142857142858 0.1704761904761906 0.6021428571428571 0.1704761904761906 0.6021428571428571 0.18380952380952392 0.6107142857142858 0.18380952380952392
11 0.41285714285714287 0.25904761904761914 0.365 0.25904761904761914 0.365 0.2942857142857144 0.41285714285714287 0.2942857142857144
11 0.405 0.19619047619047625 0.3492857142857143 0.19619047619047625 0.3492857142857143 0.23619047619047626 0.405 0.23619047619047626
3 0.415 0.1447619047619048 0.3607142857142857 0.1447619047619048 0.3607142857142857 0.18000000000000005 0.415 0.18000000000000005
7 0.3464285714285714 0.15238095238095242 0.33785714285714286 0.15238095238095242 0.33785714285714286 0.16857142857142862 0.3464285714285714 0.16857142857142862
3 0.4157142857142857 0.09619047619047626 0.36 0.09619047619047624 0.36 0.1333333333333334 0.4157142857142857 0.1333333333333334
3 0.4142857142857143 0.06000000000000006 0.3578571428571429 0.06000000000000005 0.3578571428571429 0.09428571428571433 0.4142857142857143 0.09428571428571433
7 0.33214285714285713 0.0752380952380953 0.3221428571428571 0.0752380952380953 0.3221428571428571 0.09428571428571433 0.33214285714285713 0.09428571428571433
7 0.3435714285714286 0.0752380952380953 0.3335714285714286 0.0752380952380953 0.3335714285714286 0.09238095238095244 0.3435714285714286 0.09238095238095244
3 0.4135714285714286 6.309846841321125e-17 0.35928571428571426 5.866641333058273e-17 0.35928571428571426 0.022857142857142923 0.4135714285714286 0.022857142857142927
5 0.6207142857142857 0.7161904761904762 0.61 0.7161904761904762 0.61 0.7685714285714286 0.6207142857142857 0.7685714285714286
1 0.7435714285714285 0.845714285714286 0.7235714285714285 0.845714285714286 0.7235714285714285 0.8666666666666669 0.7435714285714285 0.8666666666666669
7 0.7528571428571429 0.7504761904761907 0.7421428571428571 0.7504761904761907 0.7421428571428571 0.7685714285714288 0.7528571428571429 0.7685714285714288
9 0.75 0.5971428571428573 0.7114285714285714 0.5971428571428573 0.7114285714285714 0.6219047619047621 0.75 0.6219047619047621
7 0.7735714285714286 0.3780952380952382 0.7628571428571429 0.3780952380952382 0.7628571428571429 0.3914285714285715 0.7735714285714286 0.3914285714285715
3 0.8471428571428572 0.37333333333333346 0.8164285714285714 0.37333333333333346 0.8164285714285714 0.4504761904761906 0.8471428571428572 0.4504761904761906
3 0.8721428571428571 0.3152380952380954 0.8114285714285714 0.3152380952380954 0.8114285714285714 0.3476190476190477 0.8721428571428571 0.3476190476190477
7 0.7678571428571429 0.31142857142857155 0.7571428571428571 0.31142857142857155 0.7571428571428571 0.32761904761904775 0.7678571428571429 0.32761904761904775
11 0.8842857142857142 0.1390476190476192 0.8292857142857143 0.1390476190476192 0.8292857142857143 0.17809523809523825 0.8842857142857142 0.17809523809523825
3 0.8607142857142858 0.0447619047619049 0.8078571428571428 0.0447619047619049 0.8078571428571428 0.0885714285714287 0.8607142857142858 0.0885714285714287
3 0.8485714285714285 1.3476946442045396e-16 0.8021428571428572 1.309788909945217e-16 0.8021428571428572 0.025714285714285846 0.8485714285714285 0.02571428571428585