3 0.5664285714285714 0.5304568527918783 0.545 0.5304568527918783 0.545 0.5901015228426397 0.5664285714285714 0.5901015228426397
3 0.43142857142857144 0.5279187817258885 0.4085714285714286 0.5279187817258885 0.4085714285714286 0.5837563451776652 0.43142857142857144 0.5837563451776652
3 0.1721428571428572 0.7880710659898477 0.08928571428571434 0.7880710659898477 0.08928571428571434 0.916243654822335 0.17214285714285724 0.916243654822335
3 0.0864285714285715 0.8134517766497462 5.607132844667524e-17 0.8134517766497462 6.131981472873534e-17 0.9657360406091371 0.0864285714285715 0.9657360406091371
3 0.3185714285714286 0.5469543147208121 0.265 0.5469543147208121 0.265 0.6281725888324873 0.31857142857142867 0.6281725888324873
3 0.31357142857142856 0.48096446700507617 0.26 0.48096446700507617 0.26 0.5571065989847716 0.31357142857142856 0.5571065989847716
3 0.42714285714285716 0.318527918781726 0.3914285714285714 0.318527918781726 0.3914285714285714 0.38451776649746205 0.42714285714285716 0.38451776649746205
3 0.3707142857142857 0.29568527918781734 0.34214285714285714 0.29568527918781734 0.34214285714285714 0.3337563451776651 0.3707142857142857 0.3337563451776651
3 0.4742857142857143 0.1878172588832488 0.45285714285714285 0.1878172588832488 0.45285714285714285 0.23477157360406098 0.4742857142857143 0.23477157360406098
3 0.44357142857142856 0.2144670050761422 0.4142857142857143 0.2144670050761422 0.4142857142857143 0.26269035532994933 0.44357142857142856 0.26269035532994933
3 0.4257142857142857 0.14086294416243664 0.40785714285714286 0.1408629441624366 0.40785714285714286 0.17005076142131986 0.4257142857142857 0.17005076142131986
3 0.475 0.06598984771573616 0.4564285714285714 0.06598984771573616 0.4564285714285714 0.10532994923857879 0.475 0.10532994923857879
3 0.49714285714285716 0.01776649746192904 0.4835714285714286 0.01776649746192904 0.4835714285714286 0.04441624365482244 0.49714285714285716 0.04441624365482244
3 0.44285714285714284 0.04568527918781735 0.43 0.04568527918781735 0.43 0.0697969543147209 0.44285714285714284 0.0697969543147209
3 0.4714285714285714 0.002538071065989949 0.4592857142857143 0.002538071065989948 0.4592857142857143 0.0266497461928935 0.4714285714285714 0.0266497461928935
3 0.4278571428571429 0.008883248730964558 0.415 0.008883248730964558 0.415 0.03299492385786811 0.4278571428571429 0.03299492385786811
3 0.44571428571428573 0.007614213197969639 0.43357142857142855 0.007614213197969638 0.43357142857142855 0.026649746192893495 0.44571428571428573 0.0266497461928935
3 0.6657142857142857 0.17005076142131995 0.65 0.17005076142131995 0.65 0.19543147208121842 0.6657142857142857 0.19543147208121842
3 0.7471428571428571 0.10279187817258899 0.7235714285714285 0.10279187817258897 0.7235714285714285 0.12309644670050778 0.7471428571428571 0.12309644670050779
3 0.8207142857142857 0.10279187817258902 0.7985714285714286 0.10279187817258902 0.7985714285714286 0.11928934010152302 0.8207142857142857 0.11928934010152302
3 0.8028571428571428 0.07994923857868037 0.7864285714285715 0.07994923857868036 0.7864285714285715 0.10152284263959409 0.8028571428571428 0.10152284263959409
3 0.8471428571428572 0.10913705583756363 0.8278571428571428 0.10913705583756363 0.8278571428571428 0.12055837563451795 0.8471428571428572 0.12055837563451795
3 0.835 0.09644670050761439 0.8207142857142857 0.09644670050761439 0.8207142857142857 0.11294416243654841 0.835 0.11294416243654841
3 0.83 0.08502538071066008 0.8092857142857143 0.08502538071066008 0.8092857142857143 0.10025380710659916 0.83 0.10025380710659916
11 0.8242857142857143 0.06598984771573622 0.7985714285714286 0.06598984771573622 0.7985714285714286 0.08756345177664993 0.8242857142857143 0.08756345177664993
3 0.7414285714285714 0.06472081218274128 0.7278571428571429 0.06472081218274128 0.7278571428571429 0.08375634517766511 0.7414285714285714 0.08375634517766511
3 0.7307142857142858 0.07994923857868036 0.7092857142857143 0.07994923857868036 0.7092857142857143 0.10025380710659913 0.7307142857142858 0.10025380710659913
3 0.71 0.09771573604060928 0.6857142857142857 0.09771573604060928 0.6857142857142857 0.12182741116751283 0.71 0.12182741116751283
3 0.6942857142857143 0.11548223350253821 0.6721428571428572 0.11548223350253821 0.6721428571428572 0.1370558375634519 0.6942857142857143 0.1370558375634519
3 0.7 0.10532994923857883 0.6771428571428572 0.10532994923857883 0.6771428571428572 0.1307106598984773 0.7 0.1307106598984773
3 0.6385714285714286 0.04822335025380725 0.6221428571428571 0.04822335025380725 0.6221428571428571 0.06598984771573618 0.6385714285714286 0.06598984771573618
3 0.5971428571428572 0.0672588832487311 0.5792857142857143 0.0672588832487311 0.5792857142857143 0.09137055837563464 0.5971428571428572 0.09137055837563467
3 0.5942857142857143 0.04060913705583769 0.5807142857142857 0.04060913705583769 0.5807142857142857 0.06091370558375647 0.5942857142857143 0.06091370558375647
3 0.37214285714285716 0.038071065989847795 0.3607142857142857 0.038071065989847795 0.3607142857142857 0.059644670050761496 0.37214285714285716 0.059644670050761496
2 0.15000000000000002 0.25 0.11071428571428571 0.25 0.11071428571428574 0.30710659898477155 0.15000000000000005 0.30710659898477155
10 0.20642857142857143 0.35406091370558374 0.15428571428571433 0.35406091370558374 0.15428571428571433 0.41624365482233505 0.20642857142857143 0.41624365482233505
10 0.21642857142857144 0.37055837563451777 0.16857142857142862 0.37055837563451777 0.16857142857142862 0.4365482233502538 0.21642857142857144 0.4365482233502538
10 0.19285714285714287 0.3477157360406091 0.15071428571428575 0.3477157360406091 0.15071428571428575 0.40482233502538073 0.19285714285714287 0.40482233502538073
10 0.18000000000000005 0.33248730964467005 0.13642857142857148 0.33248730964467005 0.13642857142857148 0.39593908629441626 0.18000000000000005 0.39593908629441626
10 0.16857142857142862 0.317258883248731 0.11571428571428576 0.31725888324873097 0.11571428571428576 0.39213197969543145 0.16857142857142862 0.39213197969543145
10 0.15500000000000005 0.31218274111675126 0.10571428571428576 0.31218274111675126 0.10571428571428576 0.38071065989847713 0.15500000000000005 0.38071065989847713
10 0.13142857142857148 0.2969543147208122 0.08142857142857145 0.2969543147208122 0.08142857142857145 0.3616751269035533 0.13142857142857148 0.3616751269035533
10 0.11142857142857147 0.43274111675126903 0.03785714285714289 0.43274111675126903 0.03785714285714289 0.5038071065989848 0.11142857142857147 0.5038071065989848
10 0.07785714285714289 0.41116751269035534 0.01642857142857146 0.41116751269035534 0.016428571428571462 0.48223350253807107 0.0778571428571429 0.48223350253807107
10 0.06214285714285717 0.39847715736040606 2.746707820944778e-17 0.39847715736040606 2.982889703637482e-17 0.467005076142132 0.06214285714285718 0.467005076142132
10 0.03928571428571431 0.36548223350253806 0.0007142857142857393 0.36548223350253806 0.0007142857142857414 0.4213197969543147 0.03928571428571432 0.4213197969543147
10 0.08285714285714288 0.2626903553299492 0.04928571428571431 0.2626903553299492 0.04928571428571431 0.2982233502538071 0.08285714285714288 0.2982233502538071
3 0.5292857142857142 0.068527918781726 0.5171428571428571 0.068527918781726 0.5171428571428571 0.0951776649746194 0.5292857142857142 0.0951776649746194
3 0.5107142857142857 0.2436548223350255 0.49357142857142855 0.24365482233502544 0.49357142857142855 0.28807106598984783 0.5107142857142857 0.2880710659898479
3 0.5371428571428571 0.13705583756345188 0.525 0.13705583756345188 0.525 0.17005076142131995 0.5371428571428571 0.17005076142131995
3 0.04642857142857147 0.5088832487309645 0.005000000000000036 0.5088832487309645 0.005000000000000037 0.5647208121827412 0.04642857142857147 0.5647208121827412
3 0.03928571428571432 0.4949238578680203 0.0014285714285714628 0.4949238578680203 0.001428571428571465 0.5583756345177665 0.03928571428571433 0.5583756345177665
3 0.2057142857142858 0.8134517766497462 0.17142857142857146 0.8134517766497462 0.17142857142857149 0.9149746192893401 0.2057142857142858 0.9149746192893401
7 0.30571428571428577 0.7538071065989848 0.29357142857142865 0.7538071065989848 0.29357142857142865 0.7804568527918782 0.30571428571428577 0.7804568527918782
7 0.30857142857142866 0.8591370558375635 0.2971428571428572 0.8591370558375635 0.2971428571428572 0.8870558375634517 0.30857142857142866 0.8870558375634517
7 0.3264285714285715 0.8921319796954315 0.3164285714285715 0.8921319796954315 0.3164285714285715 0.9213197969543148 0.3264285714285715 0.9213197969543148
7 0.3171428571428572 0.9086294416243654 0.3107142857142858 0.9086294416243654 0.3107142857142858 0.9289340101522843 0.3171428571428572 0.9289340101522843
7 0.3157142857142858 0.8895939086294417 0.3042857142857144 0.8895939086294417 0.3042857142857144 0.9187817258883249 0.3157142857142858 0.9187817258883249
7 0.2685714285714286 0.9555837563451777 0.25357142857142867 0.9555837563451777 0.25357142857142867 0.9911167512690355 0.2685714285714286 0.9911167512690355
10 0.9878571428571429 0.06979695431472102 0.9485714285714286 0.06979695431472101 0.9485714285714286 0.1332487309644672 0.9878571428571429 0.1332487309644672
3 0.14 0.13451776649746197 0.11 0.13451776649746197 0.11 0.15736040609137059 0.14 0.15736040609137059
3 0.135 0.12182741116751272 0.105 0.12182741116751272 0.105 0.1472081218274112 0.135 0.1472081218274112
3 0.12428571428571429 0.14340101522842644 0.10214285714285715 0.14340101522842644 0.10214285714285715 0.16624365482233502 0.12428571428571429 0.16624365482233502
3 0.11428571428571428 0.15482233502538076 0.08571428571428573 0.15482233502538076 0.08571428571428573 0.18401015228426396 0.11428571428571428 0.18401015228426396
3 0.08285714285714287 0.1281725888324873 0.056428571428571425 0.1281725888324873 0.05642857142857144 0.14974619289340102 0.08285714285714288 0.14974619289340102
3 0.07785714285714286 0.11802030456852793 0.044285714285714296 0.11802030456852793 0.044285714285714296 0.1434010152284264 0.07785714285714286 0.1434010152284264
3 0.12571428571428572 0.10659898477157365 0.10142857142857142 0.10659898477157365 0.10142857142857142 0.12817258883248733 0.12571428571428572 0.12817258883248733
3 0.14857142857142858 0.10025380710659902 0.12428571428571429 0.10025380710659902 0.12428571428571429 0.11802030456852795 0.14857142857142858 0.11802030456852795
3 0.13785714285714284 0.09137055837563456 0.11428571428571428 0.09137055837563456 0.11428571428571428 0.11040609137055842 0.13785714285714284 0.11040609137055842
11 0.17142857142857143 0.06979695431472085 0.15 0.06979695431472085 0.15 0.0939086294416244 0.17142857142857143 0.0939086294416244
11 0.16714285714285715 0.067258883248731 0.14214285714285715 0.067258883248731 0.14214285714285715 0.09517766497461932 0.16714285714285715 0.09517766497461932