3 0.4613778705636743 0.2504638218923934 0.40501043841336115 0.2504638218923934 0.40501043841336115 0.3005565862708721 0.4613778705636743 0.3005565862708721
3 0.45668058455114824 0.20315398886827468 0.39979123173277664 0.20315398886827468 0.39979123173277664 0.25139146567718007 0.45668058455114824 0.25139146567718007
3 0.4488517745302714 0.15862708719851587 0.3930062630480167 0.15862708719851587 0.3930062630480167 0.21057513914656784 0.4488517745302714 0.21057513914656784
11 0.43580375782881003 0.11410018552875704 0.38778705636743216 0.11410018552875703 0.38778705636743216 0.16048237476808916 0.43580375782881003 0.16048237476808916
3 0.4410229645093946 0.08256029684601122 0.3862212943632568 0.08256029684601121 0.3862212943632568 0.12244897959183684 0.4410229645093946 0.12244897959183684
3 0.4311064718162839 0.010204081632653149 0.3804801670146138 0.010204081632653144 0.3804801670146138 0.04730983302411883 0.4311064718162839 0.04730983302411883
5 0.517223382045929 0.012987012987013097 0.4979123173277662 0.012987012987013095 0.4979123173277662 0.03339517625231922 0.517223382045929 0.03339517625231923
3 0.5167014613778705 0.0751391465677181 0.4900835073068894 0.0751391465677181 0.4900835073068894 0.15398886827458266 0.5167014613778705 0.15398886827458266
3 0.47390396659707723 0.2922077922077923 0.41910229645093944 0.2922077922077923 0.41910229645093944 0.34601113172541753 0.47390396659707723 0.34601113172541753
3 0.5427974947807933 0.22634508348794075 0.5125260960334029 0.22634508348794075 0.5125260960334029 0.3116883116883118 0.5427974947807933 0.3116883116883118
11 0.4780793319415449 0.38404452690166985 0.42693110647181626 0.38404452690166985 0.42693110647181626 0.4378478664192951 0.4780793319415449 0.4378478664192951
3 0.5970772442588727 0.2059369202226346 0.5668058455114823 0.2059369202226346 0.5668058455114823 0.29777365491651214 0.5970772442588727 0.29777365491651214
3 0.5715031315240083 0.38682745825602977 0.5375782881002088 0.38682745825602977 0.5375782881002088 0.4860853432282006 0.5715031315240083 0.4860853432282006
3 0.49478079331941544 0.5009276437847867 0.43162839248434237 0.5009276437847866 0.43162839248434237 0.5630797773654918 0.49478079331941544 0.5630797773654919
3 0.5104384133611691 0.5695732838589983 0.4431106471816284 0.5695732838589982 0.4431106471816284 0.6345083487940631 0.5104384133611691 0.6345083487940633
3 0.5182672233820459 0.6289424860853433 0.4545929018789144 0.6289424860853432 0.4545929018789144 0.6957328385899816 0.5182672233820459 0.6957328385899817
3 0.6012526096033403 0.5714285714285716 0.5621085594989561 0.5714285714285716 0.5621085594989561 0.6808905380333954 0.6012526096033403 0.6808905380333954
11 0.5140918580375783 0.7226345083487942 0.4572025052192067 0.7226345083487941 0.4572025052192067 0.7866419294990724 0.5140918580375783 0.7866419294990725
3 0.5307933194154488 0.7940630797773656 0.4707724425887265 0.7940630797773655 0.4707724425887265 0.8589981447124305 0.5307933194154488 0.8589981447124306
3 0.545929018789144 0.8589981447124305 0.4660751565762004 0.8589981447124304 0.46607515657620047 0.9285714285714287 0.545929018789144 0.9285714285714288
3 0.5537578288100209 0.9378478664192951 0.4749478079331943 0.937847866419295 0.4749478079331943 0.9990723562152134 0.5537578288100209 0.9990723562152134
3 0.7239039665970772 0.795918367346939 0.6774530271398748 0.795918367346939 0.6774530271398748 0.9276437847866421 0.7239039665970772 0.9276437847866421
11 0.6461377870563675 0.8098330241187386 0.6059498956158664 0.8098330241187386 0.6059498956158664 0.9294990723562154 0.6461377870563675 0.9294990723562154
2 0.7129436325678496 0.4842300556586273 0.6116910229645094 0.4842300556586273 0.6116910229645094 0.769944341372913 0.7129436325678496 0.769944341372913
3 0.6294363256784968 0.3692022263450836 0.593945720250522 0.3692022263450836 0.593945720250522 0.4712430426716142 0.6294363256784968 0.4712430426716142
10 0.5688935281837161 0.05194805194805207 0.5349686847599165 0.05194805194805207 0.5349686847599165 0.1502782931354361 0.5688935281837161 0.1502782931354361
5 0.7364300626304802 0.30890538033395193 0.7254697286012526 0.3089053803339519 0.7254697286012526 0.34508348794063093 0.7364300626304802 0.345083487940631
7 0.7353862212943633 0.4675324675324677 0.7239039665970772 0.46753246753246763 0.7239039665970772 0.4935064935064937 0.7353862212943633 0.4935064935064937
7 0.7771398747390397 0.5974025974025976 0.767223382045929 0.5974025974025976 0.767223382045929 0.6215213358070503 0.7771398747390397 0.6215213358070503
7 0.7995824634655533 0.6038961038961042 0.7881002087682673 0.6038961038961042 0.7881002087682673 0.6345083487940633 0.7995824634655533 0.6345083487940633
5 0.9686847599164927 0.3293135435992581 0.9556367432150313 0.3293135435992581 0.9556367432150313 0.36456400742115047 0.9686847599164927 0.36456400742115047
3 0.4394572025052192 0.044526901669758895 0.3872651356993737 0.044526901669758895 0.3872651356993737 0.090909090909091 0.4394572025052192 0.09090909090909101