3 0.4278571428571429 0.6852791878172588 0.4 0.6852791878172588 0.4 0.7855329949238579 0.4278571428571429 0.7855329949238579
3 0.4564285714285714 0.7208121827411168 0.43214285714285716 0.7208121827411168 0.43214285714285716 0.8197969543147208 0.4564285714285714 0.8197969543147208
3 0.5478571428571428 0.6979695431472082 0.52 0.6979695431472082 0.52 0.8020304568527918 0.5478571428571428 0.8020304568527918
3 0.5764285714285714 0.7055837563451777 0.5507142857142857 0.7055837563451777 0.5507142857142857 0.799492385786802 0.5764285714285714 0.799492385786802
3 0.6528571428571428 0.7144670050761421 0.6228571428571429 0.7144670050761421 0.6228571428571429 0.8236040609137056 0.6528571428571428 0.8236040609137056
3 0.6828571428571428 0.7005076142131981 0.6535714285714286 0.700507614213198 0.6535714285714286 0.8007614213197971 0.6828571428571428 0.8007614213197972
3 0.7457142857142857 0.6827411167512694 0.7135714285714285 0.6827411167512694 0.7135714285714285 0.7918781725888328 0.7457142857142857 0.7918781725888328
3 0.7792857142857142 0.6865482233502541 0.7464285714285714 0.6865482233502541 0.7464285714285714 0.789340101522843 0.7792857142857142 0.789340101522843
3 0.8428571428571429 0.6763959390862947 0.805 0.6763959390862947 0.805 0.7791878172588835 0.8428571428571429 0.7791878172588835
3 0.8778571428571429 0.6802030456852795 0.84 0.6802030456852795 0.84 0.789340101522843 0.8778571428571429 0.789340101522843
3 0.9042857142857142 0.6687817258883252 0.8664285714285714 0.6687817258883252 0.8664285714285714 0.7728426395939089 0.9042857142857142 0.7728426395939089
3 0.9385714285714286 0.6675126903553302 0.8985714285714286 0.6675126903553302 0.8985714285714286 0.7677664974619293 0.9385714285714286 0.7677664974619293
3 0.9685714285714285 0.6687817258883252 0.9307142857142857 0.6687817258883252 0.9307142857142857 0.771573604060914 0.9685714285714285 0.771573604060914
3 0.7614285714285715 0.8312182741116754 0.6921428571428572 0.8312182741116754 0.6921428571428572 0.906091370558376 0.7614285714285715 0.906091370558376
3 0.3314285714285715 0.7093908629441624 0.3042857142857144 0.7093908629441624 0.3042857142857144 0.8083756345177665 0.3314285714285715 0.8083756345177665
3 0.5164285714285715 0.7131979695431472 0.4928571428571429 0.7131979695431472 0.4928571428571429 0.7791878172588832 0.5164285714285715 0.7791878172588832
3 0.2971428571428572 0.7081218274111675 0.2714285714285715 0.7081218274111675 0.2714285714285715 0.8083756345177665 0.2971428571428572 0.8083756345177665
3 0.26500000000000007 0.7055837563451777 0.23642857142857152 0.7055837563451777 0.23642857142857152 0.8134517766497462 0.26500000000000007 0.8134517766497462
3 0.2307142857142858 0.7195431472081218 0.2014285714285715 0.7195431472081218 0.2014285714285715 0.8185279187817259 0.2307142857142858 0.8185279187817259
3 0.1821428571428572 0.7373096446700508 0.15642857142857147 0.7373096446700508 0.15642857142857147 0.8236040609137056 0.1821428571428572 0.8236040609137056
3 0.15500000000000005 0.7195431472081218 0.1228571428571429 0.7195431472081218 0.1228571428571429 0.8286802030456852 0.15500000000000005 0.8286802030456852
3 0.1178571428571429 0.7360406091370558 0.08071428571428575 0.7360406091370558 0.08071428571428577 0.8362944162436549 0.1178571428571429 0.8362944162436549
3 0.04571428571428578 0.7373096446700508 0.010714285714285765 0.7373096446700508 0.010714285714285768 0.8464467005076142 0.04571428571428578 0.8464467005076142
11 0.2471428571428572 0.5177664974619289 0.21785714285714286 0.5177664974619289 0.2178571428571429 0.6053299492385786 0.24714285714285722 0.6053299492385786
3 0.09428571428571432 0.5215736040609137 0.05500000000000004 0.5215736040609137 0.05500000000000004 0.6205583756345178 0.09428571428571432 0.6205583756345178
11 0.36357142857142866 0.700507614213198 0.33857142857142863 0.700507614213198 0.33857142857142863 0.799492385786802 0.36357142857142866 0.799492385786802
3 0.7164285714285714 0.9378172588832491 0.6735714285714286 0.9378172588832491 0.6735714285714286 0.9987309644670054 0.7164285714285714 0.9987309644670054
3 0.6721428571428572 0.9390862944162438 0.635 0.9390862944162437 0.635 0.9987309644670053 0.6721428571428572 0.9987309644670054
3 0.9192857142857143 0.9200507614213201 0.8742857142857143 0.9200507614213201 0.8742857142857143 0.9974619289340104 0.9192857142857143 0.9974619289340104
3 0.9592857142857143 0.9263959390862947 0.9157142857142857 0.9263959390862947 0.9157142857142857 0.9974619289340104 0.9592857142857143 0.9974619289340104
3 0.8157142857142857 0.9505076142131983 0.7842857142857143 0.9505076142131983 0.7842857142857143 0.9987309644670054 0.8157142857142857 0.9987309644670054
5 0.5978571428571429 0.9378172588832487 0.5821428571428572 0.9378172588832487 0.5821428571428572 0.9860406091370558 0.5978571428571429 0.9860406091370558
5 0.5728571428571428 0.9467005076142132 0.555 0.9467005076142132 0.555 0.9923857868020305 0.5728571428571428 0.9923857868020305
5 0.53 0.9479695431472082 0.5171428571428571 0.9479695431472082 0.5171428571428571 0.9911167512690355 0.53 0.9911167512690355
5 0.5485714285714286 0.949238578680203 0.535 0.949238578680203 0.535 0.9974619289340102 0.5485714285714286 0.9974619289340102
5 0.865 0.9251269035532997 0.845 0.9251269035532997 0.845 0.9771573604060917 0.865 0.9771573604060917
7 0.47285714285714286 0.635786802030457 0.4635714285714286 0.635786802030457 0.4635714285714286 0.6598984771573604 0.47285714285714286 0.6598984771573604
7 0.2871428571428572 0.6065989847715736 0.27714285714285725 0.6065989847715736 0.27714285714285725 0.631979695431472 0.2871428571428572 0.631979695431472
7 0.05000000000000004 0.618020304568528 0.035714285714285754 0.618020304568528 0.035714285714285754 0.6459390862944162 0.05000000000000004 0.6459390862944162
7 0.5214285714285715 0.569796954314721 0.5142857142857142 0.569796954314721 0.5142857142857142 0.5913705583756347 0.5214285714285715 0.5913705583756347
5 0.11928571428571433 0.5647208121827412 0.10928571428571433 0.5647208121827412 0.10928571428571433 0.6015228426395939 0.11928571428571433 0.6015228426395939
7 0.38357142857142856 0.5228426395939088 0.3757142857142857 0.5228426395939088 0.3757142857142857 0.5507614213197971 0.38357142857142856 0.5507614213197971
7 0.7828571428571428 0.5964467005076144 0.7707142857142857 0.5964467005076144 0.7707142857142857 0.619289340101523 0.7828571428571428 0.619289340101523
7 0.8914285714285715 0.5951776649746194 0.8771428571428571 0.5951776649746194 0.8771428571428571 0.6205583756345179 0.8914285714285715 0.6205583756345179
7 0.89 0.5812182741116753 0.875 0.5812182741116753 0.875 0.6040609137055839 0.89 0.6040609137055839
7 0.5907142857142857 0.6091370558375636 0.5821428571428572 0.6091370558375636 0.5821428571428572 0.6269035532994925 0.5907142857142857 0.6269035532994925
7 0.5921428571428572 0.6180203045685281 0.5828571428571429 0.6180203045685281 0.5828571428571429 0.6421319796954316 0.5921428571428572 0.6421319796954316
7 0.59 0.6319796954314723 0.5814285714285714 0.6319796954314723 0.5814285714285714 0.6586294416243654 0.59 0.6586294416243654
5 0.47785714285714287 0.7195431472081218 0.4685714285714286 0.7195431472081218 0.4685714285714286 0.7677664974619289 0.47785714285714287 0.7677664974619289
5 0.5585714285714286 0.5939086294416245 0.5335714285714286 0.5939086294416245 0.5335714285714286 0.6116751269035534 0.5585714285714286 0.6116751269035534
5 0.5492857142857143 0.5710659898477158 0.5278571428571428 0.5710659898477158 0.5278571428571428 0.586294416243655 0.5492857142857143 0.586294416243655
5 0.49714285714285716 0.5710659898477158 0.4764285714285714 0.5710659898477158 0.4764285714285714 0.5875634517766499 0.49714285714285716 0.5875634517766499
7 0.5057142857142857 0.5710659898477158 0.4992857142857143 0.5710659898477158 0.4992857142857143 0.5939086294416245 0.5057142857142857 0.5939086294416245
5 0.7821428571428571 0.654822335025381 0.7721428571428571 0.654822335025381 0.7721428571428571 0.6941624365482236 0.7821428571428571 0.6941624365482236
5 0.795 0.6484771573604062 0.7792857142857142 0.6484771573604062 0.7792857142857142 0.6814720812182744 0.795 0.6814720812182744
5 0.4257142857142857 0.5710659898477158 0.4035714285714286 0.5710659898477158 0.4035714285714286 0.5951776649746194 0.4257142857142857 0.5951776649746194
3 0.3235714285714287 0.9568527918781726 0.2878571428571429 0.9568527918781726 0.2878571428571429 0.998730964467005 0.3235714285714287 0.998730964467005