11 0.5318371607515657 0.8014842300556588 0.4869519832985386 0.8014842300556588 0.4869519832985386 0.860853432282004 0.5318371607515657 0.860853432282004
3 0.5046972860125261 0.5083487940630799 0.4838204592901879 0.5083487940630798 0.4838204592901879 0.5621521335807051 0.5046972860125261 0.5621521335807053
3 0.574634655532359 0.5732838589981449 0.5328810020876826 0.5732838589981449 0.5328810020876826 0.6085343228200373 0.574634655532359 0.6085343228200373
3 0.5798538622129437 0.544526901669759 0.541231732776618 0.544526901669759 0.541231732776618 0.5788497217068648 0.5798538622129437 0.5788497217068648
3 0.5845511482254697 0.5139146567717998 0.5407098121085595 0.5139146567717998 0.5407098121085595 0.5426716141001857 0.5845511482254697 0.5426716141001857
3 0.5798538622129437 0.4452690166975882 0.5443632567849687 0.4452690166975882 0.5443632567849687 0.4749536178107609 0.5798538622129437 0.4749536178107609
3 0.5198329853862212 0.3692022263450836 0.5052192066805845 0.3692022263450836 0.5052192066805845 0.40352504638218933 0.5198329853862212 0.40352504638218933
9 0.5031315240083507 0.5844155844155846 0.49164926931106473 0.5844155844155846 0.49164926931106473 0.6205936920222637 0.5031315240083507 0.6205936920222637
5 0.47964509394572025 0.6001855287569573 0.46764091858037576 0.6001855287569573 0.46764091858037576 0.6289424860853432 0.47964509394572025 0.6289424860853432
5 0.5537578288100209 0.8719851576994436 0.5365344467640919 0.8719851576994436 0.5365344467640919 0.910018552875696 0.5537578288100209 0.910018552875696
5 0.5521920668058455 0.8339517625231913 0.5427974947807933 0.8339517625231913 0.5427974947807933 0.8738404452690169 0.5521920668058455 0.8738404452690169
5 0.5548016701461378 0.8042671614100187 0.5464509394572025 0.8042671614100187 0.5464509394572025 0.8339517625231913 0.5548016701461378 0.8339517625231913
3 0.574634655532359 0.3116883116883118 0.5448851774530271 0.3116883116883118 0.5448851774530271 0.33487940630797786 0.574634655532359 0.33487940630797786
3 0.5735908141962421 0.29777365491651214 0.5511482254697286 0.29777365491651214 0.5511482254697286 0.3144712430426717 0.5735908141962421 0.3144712430426717
3 0.5735908141962421 0.2894248608534324 0.5501043841336117 0.2894248608534324 0.5501043841336117 0.3089053803339519 0.5735908141962421 0.3089053803339519
3 0.5741127348643006 0.2365491651205938 0.5516701461377871 0.2365491651205938 0.5516701461377871 0.25417439703154 0.5741127348643006 0.25417439703154
3 0.524008350730689 0.2189239332096476 0.5109603340292276 0.2189239332096476 0.5109603340292276 0.24397031539888694 0.524008350730689 0.24397031539888694
3 0.581419624217119 0.21614100185528767 0.5615866388308977 0.21614100185528767 0.5615866388308977 0.2346938775510205 0.581419624217119 0.2346938775510205
3 0.5720250521920668 0.21057513914656784 0.5537578288100209 0.21057513914656784 0.5537578288100209 0.23376623376623387 0.5720250521920668 0.23376623376623387
3 0.5762004175365344 0.19294990723562164 0.5605427974947808 0.19294990723562164 0.5605427974947808 0.20500927643784797 0.5762004175365344 0.20500927643784797
3 0.5892484342379958 0.16883116883116894 0.5688935281837161 0.16883116883116894 0.5688935281837161 0.18274582560296856 0.5892484342379958 0.18274582560296856
3 0.5902922755741128 0.17717996289424873 0.5683716075156576 0.17717996289424873 0.5683716075156576 0.19202226345083498 0.5902922755741128 0.19202226345083498
7 0.5427974947807933 0.17996289424860865 0.5375782881002088 0.17996289424860865 0.5375782881002088 0.19109461966604835 0.5427974947807933 0.19109461966604835
3 0.605427974947808 0.09925788497217082 0.6002087682672234 0.09925788497217082 0.6002087682672234 0.11224489795918381 0.605427974947808 0.11224489795918381
3 0.605427974947808 0.11873840445269027 0.5996868475991649 0.11873840445269027 0.5996868475991649 0.13172541743970326 0.605427974947808 0.13172541743970326
3 0.8643006263048016 0.39888682745825627 0.8251565762004175 0.39888682745825627 0.8251565762004175 0.42857142857142877 0.8643006263048016 0.42857142857142877
3 0.9170146137787056 0.49628942486085365 0.877348643006263 0.49628942486085365 0.877348643006263 0.5259740259740262 0.9170146137787056 0.5259740259740262
3 0.9431106471816284 0.2643784786641932 0.9196242171189979 0.2643784786641932 0.9196242171189979 0.29128014842300576 0.9431106471816284 0.29128014842300576
3 0.9994780793319415 0.33302411873840465 0.9765135699373695 0.33302411873840465 0.9765135699373695 0.3664192949907238 0.9994780793319415 0.3664192949907238
4 0.7364300626304802 0.02504638218923949 0.7176409185803758 0.02504638218923949 0.7176409185803758 0.04452690166975897 0.7364300626304802 0.04452690166975897
3 0.7682672233820459 0.0018552875695734502 0.7609603340292276 0.0018552875695734496 0.7609603340292276 0.01113172541743987 0.7682672233820459 0.011131725417439871
8 0.954070981210856 0.2643784786641932 0.9509394572025052 0.2643784786641932 0.9509394572025052 0.2736549165120596 0.954070981210856 0.2736549165120596
8 0.9739039665970772 0.27736549165120616 0.9697286012526096 0.27736549165120616 0.9697286012526096 0.2940630797773657 0.9739039665970772 0.2940630797773657
5 0.9572025052192067 0.27087198515769967 0.9483298538622129 0.27087198515769967 0.9483298538622129 0.28107606679035274 0.9572025052192067 0.28107606679035274
5 0.9739039665970772 0.28756957328385924 0.9660751565762005 0.28756957328385924 0.9660751565762005 0.3024118738404455 0.9739039665970772 0.3024118738404455
5 0.2515657620041754 0.5640074211502782 0.23486430062630487 0.5640074211502782 0.23486430062630487 0.5844155844155844 0.2515657620041754 0.5844155844155844
7 0.14770354906054287 0.6484230055658627 0.13935281837160757 0.6484230055658627 0.13935281837160757 0.6781076066790352 0.14770354906054287 0.6781076066790352