7 0.06889352818371614 0.8051948051948052 0.05636743215031321 0.8051948051948052 0.05636743215031321 0.8423005565862709 0.06889352818371614 0.8423005565862709
8 0.08246346555323597 0.7922077922077922 0.06054279749478085 0.7922077922077922 0.06054279749478085 0.8404452690166976 0.08246346555323597 0.8404452690166976
8 0.09968684759916499 0.7931354359925789 0.07933194154488524 0.7931354359925789 0.07933194154488524 0.8311688311688312 0.09968684759916499 0.8311688311688312
7 0.3533402922755741 0.5816326530612245 0.342901878914405 0.5816326530612245 0.342901878914405 0.6252319109461967 0.3533402922755741 0.6252319109461967
7 0.34342379958246344 0.5352504638218923 0.33611691022964507 0.5352504638218923 0.33611691022964507 0.5732838589981447 0.34342379958246344 0.5732838589981447
7 0.35177453027139877 0.562152133580705 0.3418580375782881 0.562152133580705 0.3418580375782881 0.6038961038961039 0.35177453027139877 0.6038961038961039
7 0.3846555323590814 0.562152133580705 0.3747390396659708 0.562152133580705 0.3747390396659708 0.5890538033395176 0.3846555323590814 0.5890538033395176
7 0.40396659707724425 0.5463821892393321 0.3940501043841336 0.5463821892393321 0.3940501043841336 0.5862708719851577 0.40396659707724425 0.5862708719851577
7 0.5339248434237995 0.41465677179962906 0.5271398747390397 0.41465677179962906 0.5271398747390397 0.45083487940630806 0.5339248434237995 0.45083487940630806
7 0.5516701461377871 0.44341372912801497 0.5417536534446764 0.44341372912801497 0.5417536534446764 0.47217068645640087 0.5516701461377871 0.47217068645640087
7 0.5480167014613778 0.4313543599257886 0.5375782881002088 0.4313543599257886 0.5375782881002088 0.4647495361781077 0.5480167014613778 0.4647495361781077
7 0.5396659707724426 0.430426716141002 0.5328810020876826 0.430426716141002 0.5328810020876826 0.46567717996289437 0.5396659707724426 0.46567717996289437
7 0.5396659707724426 0.4239332096474955 0.5323590814196242 0.4239332096474955 0.5323590814196242 0.4582560296846012 0.5396659707724426 0.4582560296846012
7 0.5897703549060542 0.38961038961038974 0.5829853862212944 0.38961038961038974 0.5829853862212944 0.4202226345083489 0.5897703549060542 0.4202226345083489
7 0.6007306889352818 0.39053803339517634 0.5923799582463466 0.39053803339517634 0.5923799582463466 0.41929499072356224 0.6007306889352818 0.41929499072356224
7 0.6080375782881002 0.38033395176252327 0.6017745302713987 0.38033395176252327 0.6017745302713987 0.41001855287569583 0.6080375782881002 0.41001855287569583
7 0.6002087682672234 0.3849721706864565 0.5944676409185804 0.3849721706864565 0.5944676409185804 0.41465677179962906 0.6002087682672234 0.41465677179962906
7 0.593945720250522 0.3849721706864565 0.5845511482254697 0.3849721706864565 0.5845511482254697 0.4165120593692023 0.593945720250522 0.4165120593692023
8 0.49843423799582465 0.3367346938775511 0.49269311064718163 0.3367346938775511 0.49269311064718163 0.3534322820037107 0.49843423799582465 0.3534322820037107
9 0.49947807933194155 0.33209647495361794 0.4859081419624217 0.33209647495361794 0.4859081419624217 0.36456400742115036 0.49947807933194155 0.36456400742115036
7 0.5187891440501043 0.21428571428571438 0.5146137787056367 0.21428571428571438 0.5146137787056367 0.23747680890538045 0.5187891440501043 0.23747680890538045
7 0.5120041753653445 0.21614100185528767 0.5083507306889353 0.21614100185528767 0.5083507306889353 0.2393320964749537 0.5120041753653445 0.2393320964749537
7 0.4968684759916493 0.1966604823747682 0.4921711899791232 0.1966604823747682 0.4921711899791232 0.22077922077922088 0.4968684759916493 0.22077922077922088
7 0.49164926931106473 0.19758812615955484 0.4859081419624217 0.19758812615955484 0.4859081419624217 0.2189239332096476 0.49164926931106473 0.2189239332096476
7 0.47860125260960334 0.2588126159554732 0.47286012526096033 0.2588126159554732 0.47286012526096033 0.2829313543599259 0.47860125260960334 0.2829313543599259
7 0.47286012526096033 0.2560296846011133 0.4671189979123173 0.2560296846011133 0.4671189979123173 0.28200371057513923 0.47286012526096033 0.28200371057513923
7 0.7494780793319415 0.3274582560296848 0.7426931106471816 0.3274582560296848 0.7426931106471816 0.35528756957328406 0.7494780793319415 0.35528756957328406
8 0.7505219206680585 0.31076066790352525 0.7437369519832986 0.31076066790352525 0.7437369519832986 0.33580705009276457 0.7505219206680585 0.33580705009276457
10 0.9994780793319415 0.10575139146567739 0.9770354906054279 0.10575139146567739 0.9770354906054279 0.12708719851577016 0.9994780793319415 0.12708719851577016
11 0.9676409185803758 0.10389610389610411 0.9378914405010439 0.10389610389610411 0.9378914405010439 0.1280148423005568 0.9676409185803758 0.1280148423005568
5 0.9164926931106472 0.11966604823747702 0.9081419624217119 0.11966604823747702 0.9081419624217119 0.13265306122449 0.9164926931106472 0.13265306122449
5 0.8423799582463466 0.11224489795918385 0.8324634655532359 0.11224489795918385 0.8324634655532359 0.12523191094619682 0.8423799582463466 0.12523191094619682
3 0.8110647181628392 0.10946196660482392 0.7870563674321504 0.10946196660482391 0.7870563674321504 0.12615955473098345 0.8110647181628392 0.12615955473098345
9 0.9018789144050104 0.11873840445269038 0.8867432150313153 0.11873840445269038 0.8867432150313153 0.13172541743970337 0.9018789144050104 0.13172541743970337
7 0.8992693110647182 0.11595547309833043 0.8950939457202505 0.11595547309833043 0.8950939457202505 0.12894248608534345 0.8992693110647182 0.12894248608534345
3 0.5730688935281837 0.10482374768089067 0.5501043841336117 0.10482374768089067 0.5501043841336117 0.12523191094619676 0.5730688935281837 0.12523191094619676
9 0.5151356993736952 0.10575139146567729 0.4979123173277662 0.10575139146567729 0.4979123173277662 0.1215213358070502 0.5151356993736952 0.1215213358070502
7 0.4869519832985386 0.10111317254174408 0.48434237995824636 0.10111317254174408 0.48434237995824636 0.11873840445269027 0.4869519832985386 0.11873840445269027
7 0.48068893528183715 0.10296846011131736 0.47755741127348644 0.10296846011131736 0.47755741127348644 0.11966604823747691 0.48068893528183715 0.11966604823747691
7 0.4848643006263048 0.11224489795918378 0.4801670146137787 0.11224489795918378 0.4801670146137787 0.13172541743970326 0.4848643006263048 0.13172541743970326
7 0.48851774530271397 0.11224489795918378 0.4838204592901879 0.11224489795918378 0.4838204592901879 0.1326530612244899 0.48851774530271397 0.1326530612244899
7 0.4702505219206681 0.103896103896104 0.46764091858037576 0.103896103896104 0.46764091858037576 0.11781076066790364 0.4702505219206681 0.11781076066790364
7 0.46659707724425886 0.10296846011131736 0.4639874739039666 0.10296846011131736 0.4639874739039666 0.11595547309833035 0.46659707724425886 0.11595547309833035
7 0.46555323590814196 0.10482374768089064 0.4613778705636743 0.10482374768089064 0.4613778705636743 0.11688311688311699 0.46555323590814196 0.11688311688311699
7 0.45876826722338204 0.10482374768089064 0.45668058455114824 0.10482374768089064 0.45668058455114824 0.1150278293135437 0.45876826722338204 0.1150278293135437
7 0.4603340292275574 0.10204081632653071 0.4572025052192067 0.10204081632653071 0.4572025052192067 0.11595547309833035 0.4603340292275574 0.11595547309833035
8 0.45407098121085593 0.103896103896104 0.4509394572025052 0.103896103896104 0.4509394572025052 0.1150278293135437 0.45407098121085593 0.1150278293135437
8 0.43058455114822547 0.10575139146567729 0.42693110647181626 0.10575139146567729 0.42693110647181626 0.11410018552875706 0.43058455114822547 0.11410018552875706
8 0.4290187891440501 0.10760667903525056 0.4253653444676409 0.10760667903525056 0.4253653444676409 0.1150278293135437 0.4290187891440501 0.1150278293135437
8 0.42745302713987476 0.10389610389610399 0.4232776617954071 0.10389610389610397 0.4232776617954071 0.11224489795918377 0.42745302713987476 0.11224489795918378
7 0.4211899791231733 0.09740259740259748 0.41805845511482254 0.09740259740259748 0.41805845511482254 0.11131725417439711 0.4211899791231733 0.11131725417439711
7 0.4144050104384134 0.09925788497217077 0.41179540709812107 0.09925788497217077 0.41179540709812107 0.11502782931354368 0.4144050104384134 0.11502782931354368
9 0.4754697286012526 0.10760667903525056 0.46450939457202506 0.10760667903525056 0.46450939457202506 0.11595547309833035 0.4754697286012526 0.11595547309833035
9 0.41283924843423797 0.10296846011131733 0.4044885177453027 0.10296846011131733 0.4044885177453027 0.11410018552875703 0.41283924843423797 0.11410018552875703
7 0.39979123173277664 0.10018552875695741 0.39718162839248433 0.10018552875695741 0.39718162839248433 0.11131725417439711 0.39979123173277664 0.11131725417439711
7 0.4024008350730689 0.09647495361781085 0.39926931106471814 0.09647495361781085 0.39926931106471814 0.10946196660482382 0.4024008350730689 0.10946196660482382
3 0.41388308977035493 0.09461966604823756 0.39926931106471814 0.09461966604823756 0.39926931106471814 0.11224489795918376 0.41388308977035493 0.11224489795918376
3 0.39091858037578286 0.09183673469387763 0.37839248434237993 0.09183673469387763 0.37839248434237993 0.1066790352504639 0.39091858037578286 0.1066790352504639
3 0.38413361169102295 0.09183673469387763 0.3736951983298539 0.09183673469387763 0.3736951983298539 0.10389610389610397 0.38413361169102295 0.10389610389610397
3 0.3778705636743215 0.08719851576994442 0.36795407098121086 0.08719851576994442 0.36795407098121086 0.10111317254174405 0.3778705636743215 0.10111317254174405
3 0.3705636743215031 0.0844155844155845 0.36012526096033404 0.0844155844155845 0.36012526096033404 0.09833024118738412 0.3705636743215031 0.09833024118738412
3 0.34237995824634654 0.07699443413729136 0.33298538622129437 0.07699443413729136 0.33298538622129437 0.08998144712430435 0.34237995824634654 0.08998144712430435
3 0.3136743215031315 0.077922077922078 0.30532359081419624 0.077922077922078 0.30532359081419624 0.0890538033395177 0.3136743215031315 0.0890538033395177
3 0.3168058455114823 0.08163265306122457 0.31002087682672236 0.08163265306122457 0.31002087682672236 0.090909090909091 0.3168058455114823 0.090909090909091
3 0.3235908141962422 0.08070500927643792 0.31524008350730687 0.08070500927643792 0.31524008350730687 0.0955473098330242 0.3235908141962422 0.0955473098330242
3 0.32828810020876825 0.0844155844155845 0.3188935281837161 0.0844155844155845 0.3188935281837161 0.09740259740259748 0.32828810020876825 0.09740259740259748
3 0.3397703549060543 0.08719851576994442 0.3277661795407098 0.08719851576994442 0.3277661795407098 0.10296846011131733 0.3397703549060543 0.10296846011131733
3 0.34707724425887265 0.08998144712430435 0.3366388308977035 0.08998144712430435 0.3366388308977035 0.10296846011131733 0.34707724425887265 0.10296846011131733
3 0.3554279749478079 0.09183673469387763 0.34342379958246344 0.09183673469387763 0.34342379958246344 0.1066790352504639 0.3554279749478079 0.1066790352504639
3 0.33402922755741127 0.09833024118738412 0.31419624217118997 0.09833024118738412 0.31419624217118997 0.11595547309833032 0.33402922755741127 0.11595547309833032
0 0.31315240083507306 0.09925788497217075 0.29958246346555323 0.09925788497217074 0.29958246346555323 0.1159554730983303 0.31315240083507306 0.11595547309833032
3 0.01565762004175366 0.10760667903525047 7.414354316340969e-18 0.10760667903525047 8.277231758328926e-18 0.1326530612244898 0.01565762004175366 0.1326530612244898
3 0.029227557411273492 0.11224489795918367 0.012004175365344476 0.11224489795918367 0.012004175365344476 0.1345083487940631 0.029227557411273492 0.1345083487940631
0 0.040709812108559514 0.11224489795918367 0.026617954070981217 0.11224489795918367 0.026617954070981217 0.1345083487940631 0.040709812108559514 0.1345083487940631
9 0.03914405010438414 0.10575139146567718 0.0245302713987474 0.10575139146567718 0.0245302713987474 0.11966604823747681 0.03914405010438415 0.11966604823747681
7 0.030271398747390404 0.10204081632653061 0.026617954070981217 0.10204081632653061 0.026617954070981217 0.11595547309833024 0.030271398747390404 0.11595547309833024
7 0.05897703549060544 0.1150278293135436 0.051148225469728616 0.1150278293135436 0.051148225469728616 0.13543599257884972 0.05897703549060544 0.13543599257884972
7 0.05062630480167016 0.11688311688311688 0.04540709812108561 0.11688311688311688 0.04540709812108561 0.13636363636363635 0.05062630480167016 0.13636363636363635
7 0.04697286012526097 0.11410018552875696 0.040709812108559514 0.11410018552875696 0.040709812108559514 0.1345083487940631 0.04697286012526097 0.1345083487940631
7 0.044885177453027156 0.11317254174397032 0.03810020876826724 0.11317254174397032 0.03810020876826724 0.13358070500927643 0.044885177453027156 0.13358070500927643
7 0.039665970772442605 0.11688311688311688 0.03235908141962422 0.11688311688311688 0.03235908141962422 0.13358070500927643 0.039665970772442605 0.13358070500927643
3 0.07411273486430063 0.1150278293135436 0.057411273486430076 0.1150278293135436 0.057411273486430076 0.1345083487940631 0.07411273486430063 0.1345083487940631
3 0.08768267223382047 0.11502782931354362 0.06837160751565761 0.11502782931354362 0.06837160751565761 0.1345083487940631 0.08768267223382047 0.1345083487940631
11 0.10438413361169102 0.11131725417439706 0.08402922755741127 0.11131725417439706 0.08402922755741127 0.13543599257884972 0.10438413361169102 0.13543599257884972
3 0.11847599164926931 0.11595547309833026 0.10020876826722339 0.11595547309833026 0.10020876826722339 0.137291280148423 0.11847599164926931 0.137291280148423
3 0.13517745302713988 0.11502782931354362 0.11377870563674322 0.11502782931354362 0.11377870563674322 0.13636363636363638 0.13517745302713988 0.1363636363636364
3 0.15187891440501045 0.11502782931354362 0.13517745302713988 0.11502782931354362 0.13517745302713988 0.13543599257884978 0.15187891440501045 0.13543599257884978
11 0.15762004175365343 0.09647495361781079 0.1393528183716075 0.09647495361781079 0.1393528183716075 0.11966604823747685 0.15762004175365343 0.11966604823747685
3 0.14248434237995825 0.09740259740259744 0.12212943632567849 0.09740259740259744 0.12212943632567849 0.11781076066790355 0.14248434237995825 0.11781076066790355
10 0.10594989561586639 0.09369202226345086 0.07411273486430063 0.09369202226345086 0.07411273486430063 0.11966604823747681 0.10594989561586639 0.11966604823747681
3 0.17275574112734865 0.10018552875695735 0.15866388308977036 0.10018552875695735 0.15866388308977036 0.12152133580705014 0.17275574112734865 0.12152133580705014
4 0.2186847599164927 0.09925788497217072 0.17693110647181629 0.09925788497217071 0.17693110647181629 0.11688311688311692 0.2186847599164927 0.11688311688311694
7 0.22286012526096033 0.11224489795918373 0.21816283924843424 0.11224489795918373 0.21816283924843424 0.12801484230055665 0.22286012526096033 0.12801484230055665
11 0.22390396659707723 0.11224489795918373 0.19467640918580376 0.11224489795918373 0.19467640918580376 0.1363636363636364 0.22390396659707723 0.1363636363636364
7 0.2948851774530271 0.11131725417439708 0.2896659707724426 0.11131725417439708 0.2896659707724426 0.1298701298701299 0.2948851774530271 0.1298701298701299
9 0.2985386221294363 0.11595547309833029 0.28131524008350733 0.11595547309833029 0.28131524008350733 0.1298701298701299 0.2985386221294363 0.1298701298701299
9 0.27713987473903967 0.11502782931354365 0.2588726513569937 0.11502782931354365 0.2588726513569937 0.13265306122448986 0.27713987473903967 0.13265306122448986
7 0.272964509394572 0.114100185528757 0.2687891440501044 0.114100185528757 0.2687891440501044 0.1298701298701299 0.272964509394572 0.1298701298701299
7 0.24686847599164927 0.11131725417439708 0.24321503131524008 0.11131725417439708 0.24321503131524008 0.12894248608534328 0.24686847599164927 0.12894248608534328
8 0.26148225469728603 0.10111317254174403 0.25626304801670147 0.10111317254174403 0.25626304801670147 0.11688311688311694 0.26148225469728603 0.11688311688311694
5 0.2609603340292276 0.10575139146567723 0.255741127348643 0.10575139146567723 0.255741127348643 0.11595547309833029 0.2609603340292276 0.11595547309833029
7 0.2395615866388309 0.10204081632653067 0.2348643006263048 0.10204081632653067 0.2348643006263048 0.11688311688311694 0.2395615866388309 0.11688311688311694
9 0.24269311064718163 0.10575139146567723 0.22703549060542796 0.10575139146567723 0.22703549060542796 0.12152133580705014 0.24269311064718163 0.12152133580705014
4 0.24634655532359082 0.11688311688311694 0.23277661795407098 0.11688311688311694 0.23277661795407098 0.13543599257884978 0.24634655532359082 0.13543599257884978
7 0.28444676409185804 0.10760667903525052 0.2792275574112735 0.10760667903525052 0.2792275574112735 0.1205936920222635 0.28444676409185804 0.1205936920222635
7 0.3136743215031315 0.11410018552875703 0.3089770354906054 0.11410018552875703 0.3089770354906054 0.12894248608534328 0.3136743215031315 0.12894248608534328
9 0.3178496868475992 0.11410018552875702 0.30062630480167013 0.114100185528757 0.30062630480167013 0.1317254174397032 0.3178496868475992 0.1317254174397032
7 0.3324634655532359 0.11224489795918376 0.3267223382045929 0.11224489795918376 0.3267223382045929 0.1298701298701299 0.3324634655532359 0.1298701298701299
7 0.3444676409185804 0.10760667903525055 0.34029227557411273 0.10760667903525055 0.34029227557411273 0.11966604823747685 0.3444676409185804 0.11966604823747685
3 0.33402922755741127 0.09740259740259748 0.3162839248434238 0.09740259740259748 0.3162839248434238 0.11502782931354368 0.33402922755741127 0.11502782931354368
7 0.35020876826722336 0.11873840445269022 0.3465553235908142 0.11873840445269022 0.3465553235908142 0.13265306122448986 0.35020876826722336 0.13265306122448986