3 0.37142857142857144 0.49873096446700516 0.325 0.4987309644670051 0.325 0.5545685279187818 0.37142857142857144 0.5545685279187819
3 0.2792857142857143 0.4987309644670051 0.22714285714285715 0.4987309644670051 0.22714285714285715 0.5736040609137056 0.2792857142857143 0.5736040609137056
3 0.2642857142857143 0.35913705583756345 0.21571428571428572 0.35913705583756345 0.21571428571428572 0.44289340101522845 0.2642857142857143 0.44289340101522845
3 0.19285714285714295 0.7411167512690355 0.13571428571428576 0.7411167512690355 0.13571428571428576 0.8350253807106599 0.19285714285714295 0.8350253807106599
3 0.08642857142857147 0.631979695431472 0.026428571428571468 0.631979695431472 0.026428571428571475 0.7208121827411168 0.08642857142857147 0.7208121827411168
3 0.2407142857142858 0.8756345177664975 0.1778571428571429 0.8756345177664975 0.1778571428571429 0.9796954314720813 0.2407142857142858 0.9796954314720813
3 0.5557142857142857 0.7119289340101523 0.49357142857142855 0.7119289340101523 0.49357142857142855 0.7652284263959391 0.5557142857142857 0.7652284263959391
3 0.5571428571428572 0.8692893401015228 0.4942857142857143 0.8692893401015228 0.4942857142857143 0.9581218274111675 0.5571428571428572 0.9581218274111675
3 0.5957142857142858 0.748730964467005 0.5535714285714286 0.748730964467005 0.5535714285714286 0.8286802030456852 0.5957142857142858 0.8286802030456852
3 0.6471428571428571 0.7652284263959391 0.6185714285714285 0.7652284263959391 0.6185714285714285 0.8870558375634517 0.6471428571428571 0.8870558375634517
3 0.6635714285714286 0.5571065989847718 0.6214285714285714 0.5571065989847718 0.6214285714285714 0.6484771573604062 0.6635714285714286 0.6484771573604062
3 0.6342857142857142 0.5164974619289342 0.5914285714285714 0.5164974619289342 0.5914285714285714 0.6116751269035534 0.6342857142857142 0.6116751269035534
3 0.565 0.39847715736040623 0.5235714285714286 0.39847715736040623 0.5235714285714286 0.48223350253807123 0.565 0.48223350253807123
3 0.5107142857142857 0.35152284263959405 0.46714285714285714 0.35152284263959405 0.46714285714285714 0.43781725888324885 0.5107142857142857 0.43781725888324885
3 0.725 0.602791878172589 0.6835714285714286 0.602791878172589 0.6835714285714286 0.7030456852791881 0.725 0.7030456852791881
3 0.7578571428571429 0.6078680203045687 0.7157142857142857 0.6078680203045687 0.7157142857142857 0.7081218274111678 0.7578571428571429 0.7081218274111678
3 0.8207142857142857 0.6840101522842642 0.7764285714285715 0.6840101522842642 0.7764285714285715 0.7944162436548227 0.8207142857142857 0.7944162436548227
3 0.8578571428571429 0.705583756345178 0.8171428571428572 0.705583756345178 0.8171428571428572 0.8071065989847719 0.8578571428571429 0.8071065989847719
3 0.8435714285714285 0.854060913705584 0.8092857142857143 0.854060913705584 0.8092857142857143 0.9606598984771576 0.8435714285714285 0.9606598984771576
3 0.8957142857142857 0.7474619289340104 0.8507142857142858 0.7474619289340104 0.8507142857142858 0.854060913705584 0.8957142857142857 0.854060913705584
3 0.3485714285714286 0.4251269035532996 0.295 0.4251269035532995 0.295 0.4949238578680204 0.3485714285714286 0.49492385786802046
11 0.35285714285714287 0.27664974619289345 0.3028571428571429 0.27664974619289345 0.3028571428571429 0.384517766497462 0.35285714285714287 0.38451776649746205
11 0.41 0.27664974619289345 0.365 0.27664974619289345 0.365 0.34517766497461944 0.41 0.34517766497461944
11 0.30428571428571427 0.20812182741116758 0.26357142857142857 0.20812182741116758 0.26357142857142857 0.29060913705583763 0.30428571428571427 0.29060913705583763
2 0.14642857142857144 0.28045685279187815 0.04714285714285716 0.28045685279187815 0.04714285714285716 0.41243654822335024 0.14642857142857146 0.41243654822335024
3 0.052857142857142866 0.1116751269035533 0.006428571428571436 0.1116751269035533 0.006428571428571439 0.17385786802030456 0.05285714285714288 0.17385786802030456
3 0.19214285714285714 0.054568527918781765 0.145 0.054568527918781765 0.145 0.12817258883248733 0.19214285714285714 0.12817258883248733
3 0.21285714285714286 0.07994923857868025 0.17214285714285715 0.07994923857868023 0.17214285714285715 0.1421319796954315 0.21285714285714286 0.1421319796954315
3 0.23642857142857143 0.10659898477157365 0.18928571428571428 0.10659898477157365 0.18928571428571428 0.18401015228426404 0.23642857142857143 0.18401015228426404
3 0.26142857142857145 0.14974619289340108 0.21785714285714286 0.14974619289340105 0.21785714285714286 0.22081218274111683 0.26142857142857145 0.22081218274111683
3 0.28214285714285714 0.1763959390862945 0.24285714285714285 0.1763959390862945 0.24285714285714285 0.25380710659898487 0.28214285714285714 0.25380710659898487
3 0.17357142857142857 0.017766497461928966 0.12142857142857143 0.01776649746192896 0.12142857142857143 0.09517766497461932 0.17357142857142857 0.09517766497461932
10 0.14 2.47882188406095e-17 0.08785714285714286 1.9115679732883813e-17 0.08785714285714286 0.09263959390862948 0.14 0.09263959390862948
7 0.5028571428571429 0.285532994923858 0.49142857142857144 0.2855329949238579 0.49142857142857144 0.30710659898477166 0.5028571428571429 0.3071065989847717
7 0.505 0.2715736040609138 0.4942857142857143 0.2715736040609138 0.4942857142857143 0.2906091370558377 0.505 0.2906091370558377
7 0.45071428571428573 0.21827411167512697 0.44357142857142856 0.21827411167512697 0.44357142857142856 0.24238578680203052 0.45071428571428573 0.24238578680203052
7 0.59 0.41116751269035545 0.5814285714285714 0.41116751269035545 0.5814285714285714 0.43527918781725905 0.59 0.43527918781725905
7 0.6 0.40355329949238594 0.59 0.40355329949238594 0.59 0.4263959390862946 0.6 0.4263959390862946
7 0.6435714285714286 0.4263959390862946 0.6357142857142857 0.4263959390862946 0.6357142857142857 0.4505076142131981 0.6435714285714286 0.4505076142131981
7 0.6535714285714286 0.4175126903553301 0.6442857142857142 0.4175126903553301 0.6442857142857142 0.44162436548223366 0.6535714285714286 0.44162436548223366
7 0.865 0.6319796954314723 0.8542857142857143 0.6319796954314723 0.8542857142857143 0.6510152284263963 0.865 0.6510152284263963
7 0.855 0.637055837563452 0.8435714285714285 0.637055837563452 0.8435714285714285 0.654822335025381 0.855 0.654822335025381
5 0.7907142857142857 0.5583756345177666 0.7714285714285715 0.5583756345177666 0.7714285714285715 0.5837563451776652 0.7907142857142857 0.5837563451776652
5 0.7935714285714286 0.5418781725888326 0.7671428571428571 0.5418781725888326 0.7671428571428571 0.569796954314721 0.7935714285714286 0.569796954314721
7 0.2921428571428572 0.6916243654822335 0.2807142857142858 0.6916243654822335 0.2807142857142858 0.7157360406091371 0.2921428571428572 0.7157360406091371
7 0.2807142857142858 0.6954314720812182 0.26714285714285724 0.6954314720812182 0.26714285714285724 0.7182741116751269 0.2807142857142858 0.7182741116751269
7 0.4707142857142857 0.8540609137055838 0.46285714285714286 0.8540609137055838 0.46285714285714286 0.8807106598984772 0.4707142857142857 0.8807106598984772
7 0.54 0.9746192893401016 0.5342857142857143 0.9746192893401016 0.5342857142857143 0.9911167512690355 0.54 0.9911167512690355
7 0.3342857142857143 0.12563451776649753 0.3242857142857143 0.12563451776649753 0.3242857142857143 0.15228426395939093 0.3342857142857143 0.15228426395939093
7 0.33785714285714286 0.1446700507614214 0.32071428571428573 0.1446700507614214 0.32071428571428573 0.17005076142131986 0.33785714285714286 0.17005076142131986
7 0.335 0.1548223350253808 0.3221428571428571 0.1548223350253808 0.3221428571428571 0.1827411167512691 0.335 0.1827411167512691
7 0.3242857142857143 0.16497461928934018 0.31642857142857145 0.16497461928934018 0.31642857142857145 0.19670050761421326 0.3242857142857143 0.19670050761421326
7 0.11142857142857143 0.09771573604060917 0.09857142857142857 0.09771573604060917 0.09857142857142857 0.12436548223350258 0.11142857142857143 0.12436548223350258
5 0.07928571428571428 0.08121827411167512 0.06428571428571428 0.08121827411167512 0.06428571428571428 0.10532994923857868 0.07928571428571428 0.10532994923857868
7 0.05714285714285714 0.10152284263959391 0.040714285714285724 0.10152284263959391 0.040714285714285724 0.13071065989847716 0.05714285714285714 0.13071065989847716
7 0.012142857142857155 0.16370558375634517 1.1284245506429183e-17 0.16370558375634517 1.2202730605789699e-17 0.19035532994923857 0.012142857142857158 0.19035532994923857
7 0.15071428571428572 0.22842639593908629 0.1392857142857143 0.22842639593908629 0.1392857142857143 0.2550761421319797 0.15071428571428572 0.2550761421319797
7 0.14785714285714288 0.2753807106598985 0.13428571428571429 0.2753807106598985 0.1342857142857143 0.30583756345177665 0.1478571428571429 0.30583756345177665
7 0.25214285714285717 0.1256345177664975 0.24428571428571427 0.1256345177664975 0.24428571428571427 0.1459390862944163 0.25214285714285717 0.14593908629441632
5 0.67 0.4225888324873098 0.6528571428571428 0.4225888324873098 0.6528571428571428 0.4505076142131981 0.67 0.4505076142131981
1 0.7271428571428571 0.4555837563451778 0.705 0.4555837563451778 0.705 0.48857868020304585 0.7271428571428571 0.48857868020304585
1 0.8642857142857143 0.5786802030456855 0.845 0.5786802030456855 0.845 0.6015228426395941 0.8642857142857143 0.6015228426395941
7 0.9021428571428571 0.8312182741116754 0.8857142857142857 0.8312182741116754 0.8857142857142857 0.8527918781725892 0.9021428571428571 0.8527918781725892
7 0.8978571428571429 0.8159898477157363 0.8828571428571429 0.8159898477157363 0.8828571428571429 0.8362944162436551 0.8978571428571429 0.8362944162436551
11 1 0.8299492385786805 0.9628571428571429 0.8299492385786805 0.9628571428571429 0.9365482233502541 1 0.9365482233502541
3 0.63 0.9555837563451777 0.5692857142857143 0.9555837563451777 0.5692857142857143 0.998730964467005 0.63 0.998730964467005
7 0.11785714285714294 0.9086294416243654 0.09857142857142866 0.9086294416243654 0.09857142857142866 0.9263959390862944 0.11785714285714294 0.9263959390862944
7 0.11785714285714294 0.9251269035532995 0.10428571428571437 0.9251269035532995 0.10428571428571437 0.9416243654822335 0.11785714285714294 0.9416243654822335