7 0.020714285714285748 0.3380952380952381 0.01000000000000003 0.3380952380952381 0.010000000000000031 0.3619047619047619 0.02071428571428575 0.3619047619047619
7 0.016428571428571462 0.38095238095238093 0.005000000000000036 0.38095238095238093 0.0050000000000000365 0.4066666666666667 0.016428571428571462 0.4066666666666667
7 0.7785714285714286 0.46095238095238106 0.7714285714285715 0.46095238095238106 0.7714285714285715 0.49142857142857166 0.7785714285714286 0.49142857142857166
7 0.7892857142857143 0.4561904761904763 0.78 0.4561904761904763 0.78 0.4923809523809526 0.7892857142857143 0.4923809523809526
7 0.8871428571428571 0.5323809523809526 0.875 0.5323809523809526 0.875 0.5685714285714288 0.8871428571428571 0.5685714285714288
7 0.9628571428571429 0.44761904761904775 0.9492857142857143 0.44761904761904775 0.9492857142857143 0.4838095238095239 0.9628571428571429 0.4838095238095239
3 0.8485714285714285 0.8780952380952383 0.7171428571428572 0.8780952380952383 0.7171428571428572 1 0.8485714285714285 1
3 0.23214285714285715 0.3838095238095238 0.19714285714285715 0.3838095238095238 0.19714285714285715 0.41523809523809524 0.23214285714285715 0.41523809523809524
3 0.30857142857142855 0.3580952380952381 0.27714285714285714 0.3580952380952381 0.27714285714285714 0.3838095238095238 0.30857142857142855 0.3838095238095238
3 0.2764285714285714 0.3485714285714286 0.24928571428571428 0.3485714285714286 0.24928571428571428 0.37238095238095237 0.2764285714285714 0.37238095238095237
3 0.4664285714285714 0.3504761904761906 0.42928571428571427 0.3504761904761906 0.42928571428571427 0.3723809523809525 0.4664285714285714 0.3723809523809525
3 0.56 0.36761904761904773 0.5164285714285715 0.36761904761904773 0.5164285714285715 0.39714285714285724 0.56 0.39714285714285724
3 0.7192857142857143 0.3933333333333334 0.6785714285714286 0.3933333333333334 0.6785714285714286 0.4209523809523811 0.7192857142857143 0.4209523809523811
3 0.8921428571428571 0.46095238095238106 0.8471428571428572 0.46095238095238106 0.8471428571428572 0.4952380952380955 0.8921428571428571 0.4952380952380955
3 0.9235714285714286 0.43142857142857155 0.8828571428571429 0.43142857142857155 0.8828571428571429 0.4704761904761906 0.9235714285714286 0.4704761904761906
3 0.9792857142857143 0.2714285714285715 0.9664285714285714 0.2714285714285715 0.9664285714285714 0.2857142857142858 0.9792857142857143 0.2857142857142858
3 0.9942857142857143 0.2714285714285715 0.9792857142857143 0.2714285714285715 0.9792857142857143 0.281904761904762 0.9942857142857143 0.281904761904762
3 0.9185714285714286 0.2895238095238096 0.8985714285714286 0.2895238095238096 0.8985714285714286 0.30761904761904774 0.9185714285714286 0.30761904761904774
3 0.9535714285714286 0.4123809523809525 0.9142857142857143 0.4123809523809525 0.9142857142857143 0.441904761904762 0.9535714285714286 0.441904761904762
3 0.9785714285714285 0.3980952380952382 0.9464285714285714 0.3980952380952382 0.9464285714285714 0.42857142857142866 0.9785714285714285 0.42857142857142866
3 0.9907142857142858 0.5419047619047621 0.8985714285714286 0.5419047619047621 0.8985714285714286 0.5942857142857145 0.9907142857142858 0.5942857142857145
3 0.9857142857142858 0.5609523809523812 0.88 0.5609523809523812 0.88 0.6295238095238097 0.9857142857142858 0.6295238095238097
2 1 0.7219047619047622 0.9128571428571428 0.7219047619047622 0.9128571428571428 0.9171428571428574 1 0.9171428571428574
3 1 0.5295238095238097 0.9185714285714286 0.5295238095238097 0.9185714285714286 0.583809523809524 1 0.583809523809524
3 1 0.5190476190476193 0.9478571428571428 0.5190476190476193 0.9478571428571428 0.5714285714285716 1 0.5714285714285716
3 0.885 0.2866666666666668 0.8578571428571429 0.2866666666666668 0.8578571428571429 0.302857142857143 0.885 0.302857142857143
3 0.8528571428571429 0.2961904761904763 0.8321428571428572 0.2961904761904763 0.8321428571428572 0.31333333333333346 0.8528571428571429 0.31333333333333346
3 0.8435714285714285 0.2980952380952382 0.8235714285714286 0.2980952380952382 0.8235714285714286 0.3180952380952382 0.8435714285714285 0.3180952380952382
3 0.8278571428571428 0.2980952380952382 0.8092857142857143 0.2980952380952382 0.8092857142857143 0.3180952380952382 0.8278571428571428 0.3180952380952382
3 0.8157142857142857 0.3000000000000001 0.7957142857142857 0.3000000000000001 0.7957142857142857 0.3200000000000001 0.8157142857142857 0.3200000000000001
3 0.8064285714285714 0.3038095238095239 0.7885714285714286 0.3038095238095239 0.7885714285714286 0.32380952380952394 0.8064285714285714 0.32380952380952394
3 0.7978571428571428 0.30666666666666675 0.7742857142857142 0.30666666666666675 0.7742857142857142 0.3285714285714287 0.7978571428571428 0.3285714285714287
3 0.7828571428571428 0.30952380952380965 0.7635714285714286 0.30952380952380965 0.7635714285714286 0.3304761904761906 0.7828571428571428 0.3304761904761906
3 0.7735714285714286 0.31142857142857155 0.75 0.31142857142857155 0.75 0.3323809523809525 0.7735714285714286 0.3323809523809525
3 0.7635714285714286 0.31904761904761914 0.7414285714285714 0.31904761904761914 0.7414285714285714 0.34095238095238106 0.7635714285714286 0.34095238095238106
3 0.7335714285714285 0.32380952380952394 0.705 0.32380952380952394 0.705 0.3466666666666668 0.7335714285714285 0.3466666666666668
3 0.7235714285714285 0.3285714285714287 0.6935714285714286 0.3285714285714287 0.6935714285714286 0.35142857142857153 0.7235714285714285 0.35142857142857153
3 0.7021428571428572 0.3304761904761906 0.6792857142857143 0.3304761904761906 0.6792857142857143 0.35333333333333344 0.7021428571428572 0.35333333333333344
3 0.6914285714285714 0.3323809523809525 0.6607142857142857 0.3323809523809525 0.6607142857142857 0.35904761904761917 0.6914285714285714 0.35904761904761917
3 0.6721428571428572 0.34095238095238106 0.6378571428571429 0.34095238095238106 0.6378571428571429 0.36476190476190484 0.6721428571428572 0.36476190476190484
3 0.64 0.3447619047619049 0.6071428571428571 0.3447619047619049 0.6071428571428571 0.37047619047619057 0.64 0.37047619047619057
3 0.7457142857142857 0.31904761904761914 0.715 0.31904761904761914 0.715 0.34000000000000014 0.7457142857142857 0.34000000000000014
3 0.8628571428571429 0.32285714285714295 0.8378571428571429 0.32285714285714295 0.8378571428571429 0.3485714285714287 0.8628571428571429 0.3485714285714287
3 0.82 0.3285714285714287 0.7928571428571428 0.3285714285714287 0.7928571428571428 0.3523809523809525 0.82 0.3523809523809525
3 0.6978571428571428 0.3780952380952382 0.6592857142857143 0.3780952380952382 0.6592857142857143 0.4085714285714287 0.6978571428571428 0.4085714285714287
3 0.5842857142857143 0.3638095238095239 0.5478571428571428 0.3638095238095239 0.5478571428571428 0.3895238095238096 0.5842857142857143 0.3895238095238096
3 0.5021428571428571 0.33523809523809533 0.4692857142857143 0.33523809523809533 0.4692857142857143 0.36476190476190484 0.5021428571428571 0.36476190476190484
3 0.5192857142857142 0.33714285714285724 0.49214285714285716 0.33714285714285724 0.49214285714285716 0.3609523809523811 0.5192857142857142 0.3609523809523811
3 0.535 0.3342857142857144 0.5064285714285715 0.3342857142857144 0.5064285714285715 0.35714285714285726 0.535 0.35714285714285726
3 0.5485714285714286 0.3295238095238096 0.5207142857142857 0.3295238095238096 0.5207142857142857 0.35428571428571437 0.5485714285714286 0.35428571428571437
11 0.5857142857142857 0.3171428571428572 0.5485714285714286 0.3171428571428572 0.5485714285714286 0.3466666666666668 0.5857142857142857 0.3466666666666668
3 0.45357142857142857 0.3342857142857144 0.42214285714285715 0.3342857142857144 0.42214285714285715 0.3580952380952382 0.45357142857142857 0.3580952380952382
3 0.4114285714285714 0.3580952380952382 0.3757142857142857 0.3580952380952382 0.3757142857142857 0.38761904761904775 0.4114285714285714 0.38761904761904775
3 0.4407142857142857 0.3295238095238096 0.4085714285714286 0.3295238095238096 0.4085714285714286 0.35333333333333344 0.4407142857142857 0.35333333333333344
3 0.42714285714285716 0.32666666666666677 0.3914285714285714 0.32666666666666677 0.3914285714285714 0.3504761904761906 0.42714285714285716 0.3504761904761906
3 0.41214285714285714 0.321904761904762 0.38 0.321904761904762 0.38 0.3438095238095239 0.41214285714285714 0.3438095238095239
3 0.3985714285714286 0.3200000000000001 0.36857142857142855 0.3200000000000001 0.36857142857142855 0.341904761904762 0.3985714285714286 0.341904761904762
3 0.385 0.3152380952380954 0.3607142857142857 0.3152380952380954 0.3607142857142857 0.33904761904761915 0.385 0.33904761904761915
3 0.3678571428571429 0.3466666666666668 0.3357142857142857 0.3466666666666668 0.3357142857142857 0.36666666666666675 0.3678571428571429 0.36666666666666675
3 0.30357142857142855 0.32666666666666666 0.2714285714285714 0.32666666666666666 0.2714285714285714 0.3457142857142857 0.30357142857142855 0.3457142857142857
3 0.2842857142857143 0.3180952380952381 0.255 0.3180952380952381 0.255 0.33714285714285713 0.2842857142857143 0.33714285714285713
3 0.2671428571428571 0.31142857142857144 0.23642857142857143 0.31142857142857144 0.23642857142857143 0.3304761904761905 0.2671428571428571 0.3304761904761905
3 0.25785714285714284 0.30666666666666664 0.22428571428571428 0.30666666666666664 0.22428571428571428 0.32476190476190475 0.25785714285714284 0.32476190476190475
3 0.2571428571428571 0.33714285714285713 0.23 0.33714285714285713 0.23 0.35904761904761906 0.2571428571428571 0.35904761904761906
3 0.23642857142857143 0.32571428571428573 0.20714285714285716 0.32571428571428573 0.20714285714285716 0.3495238095238095 0.23642857142857143 0.3495238095238095
3 0.22 0.3171428571428571 0.19714285714285715 0.3171428571428571 0.19714285714285715 0.34 0.22 0.34
3 0.2042857142857143 0.30857142857142855 0.18000000000000005 0.30857142857142855 0.18000000000000005 0.32571428571428573 0.2042857142857143 0.32571428571428573
3 0.17928571428571433 0.29619047619047617 0.1585714285714286 0.29619047619047617 0.1585714285714286 0.31523809523809526 0.17928571428571433 0.31523809523809526
3 0.16571428571428576 0.2885714285714286 0.1478571428571429 0.2885714285714286 0.1478571428571429 0.30666666666666664 0.16571428571428576 0.30666666666666664
3 0.15571428571428575 0.28476190476190477 0.13714285714285718 0.28476190476190477 0.13714285714285718 0.3019047619047619 0.15571428571428575 0.3019047619047619
10 0.17928571428571433 0.2580952380952381 0.13000000000000003 0.2580952380952381 0.13000000000000003 0.28095238095238095 0.17928571428571433 0.28095238095238095
3 0.11071428571428575 0.2695238095238095 0.09785714285714289 0.2695238095238095 0.09785714285714289 0.2838095238095238 0.11071428571428575 0.2838095238095238
3 0.32571428571428573 0.3342857142857143 0.2835714285714286 0.3342857142857143 0.2835714285714286 0.35333333333333333 0.32571428571428573 0.35333333333333333
11 0.37857142857142856 0.35333333333333344 0.345 0.35333333333333344 0.345 0.38571428571428584 0.37857142857142856 0.38571428571428584
3 0.12642857142857147 0.35428571428571426 0.09714285714285718 0.35428571428571426 0.09714285714285718 0.38 0.12642857142857147 0.38
3 0.12142857142857147 0.4057142857142857 0.08571428571428576 0.4057142857142857 0.08571428571428576 0.4361904761904762 0.12142857142857147 0.4361904761904762
3 0.09928571428571432 0.38857142857142857 0.0678571428571429 0.38857142857142857 0.0678571428571429 0.41523809523809524 0.09928571428571432 0.41523809523809524
3 0.08714285714285719 0.3676190476190476 0.05642857142857147 0.3676190476190476 0.05642857142857147 0.3952380952380952 0.08714285714285719 0.3952380952380952
3 0.06714285714285718 0.36 0.042142857142857176 0.36 0.042142857142857176 0.38285714285714284 0.06714285714285718 0.38285714285714284
3 0.06142857142857147 0.34285714285714286 0.032142857142857174 0.34285714285714286 0.032142857142857174 0.36952380952380953 0.06142857142857147 0.36952380952380953
3 0.014285714285714313 0.29714285714285715 2.7292128666712445e-17 0.29714285714285715 2.816687638038912e-17 0.3161904761904762 0.014285714285714316 0.3161904761904762
7 0.12000000000000004 0.2714285714285714 0.11428571428571432 0.2714285714285714 0.11428571428571432 0.2857142857142857 0.12000000000000004 0.2857142857142857
7 0.04714285714285716 0.24 0.04142857142857145 0.24 0.04142857142857145 0.25333333333333335 0.04714285714285716 0.25333333333333335
7 0.04142857142857145 0.2419047619047619 0.03571428571428573 0.2419047619047619 0.03571428571428573 0.2542857142857143 0.04142857142857145 0.2542857142857143
4 0.04000000000000002 0.2219047619047619 0.027142857142857163 0.2219047619047619 0.027142857142857163 0.23809523809523808 0.04000000000000002 0.23809523809523808
4 0.10000000000000005 0.22952380952380952 0.06857142857142859 0.22952380952380952 0.06857142857142859 0.24666666666666667 0.10000000000000005 0.24666666666666667
3 0.06428571428571431 0.23809523809523808 0.052142857142857164 0.23809523809523808 0.052142857142857164 0.24952380952380954 0.06428571428571431 0.24952380952380954
3 0.052142857142857164 0.2342857142857143 0.043571428571428594 0.2342857142857143 0.043571428571428594 0.2438095238095238 0.052142857142857164 0.2438095238095238