10 0.34428571428571436 0.7714285714285715 0.2300000000000001 0.7714285714285715 0.2300000000000001 0.9180952380952381 0.34428571428571436 0.9180952380952381
7 0.40357142857142875 0.9419047619047619 0.37928571428571445 0.9419047619047619 0.37928571428571445 1 0.40357142857142875 1
7 0.42428571428571443 0.9514285714285714 0.4014285714285716 0.9514285714285714 0.4014285714285716 1 0.42428571428571443 1
7 0.4500000000000002 0.9419047619047619 0.4285714285714287 0.9419047619047619 0.4285714285714287 1 0.4500000000000002 1
7 0.4821428571428573 0.8971428571428571 0.4614285714285716 0.8971428571428571 0.4614285714285716 0.9695238095238096 0.4821428571428573 0.9695238095238096
7 0.5228571428571429 0.8419047619047619 0.5071428571428571 0.8419047619047619 0.5071428571428572 0.9085714285714286 0.522857142857143 0.9085714285714286
7 0.5328571428571429 0.8247619047619048 0.5178571428571429 0.8247619047619048 0.5178571428571429 0.8885714285714286 0.532857142857143 0.8885714285714286
7 0.5585714285714286 0.8257142857142857 0.5428571428571428 0.8257142857142857 0.5428571428571428 0.8838095238095238 0.5585714285714286 0.8838095238095238
7 0.5871428571428572 0.8342857142857143 0.5664285714285714 0.8342857142857143 0.5664285714285715 0.8952380952380953 0.5871428571428573 0.8952380952380953
7 0.6521428571428572 0.8257142857142857 0.6328571428571429 0.8257142857142857 0.6328571428571429 0.8847619047619047 0.6521428571428574 0.8847619047619047
7 0.6092857142857143 0.7942857142857143 0.5914285714285714 0.7942857142857143 0.5914285714285714 0.8561904761904762 0.6092857142857143 0.8561904761904762
7 0.5714285714285714 0.7914285714285715 0.555 0.7914285714285715 0.555 0.8457142857142858 0.5714285714285714 0.8457142857142858
7 0.5364285714285715 0.7885714285714286 0.5214285714285715 0.7885714285714286 0.5214285714285715 0.840952380952381 0.5364285714285715 0.840952380952381
3 0.8542857142857143 0.9104761904761907 0.7457142857142857 0.9104761904761907 0.7457142857142857 1 0.8542857142857143 1
10 0.8642857142857143 0.7409523809523811 0.7764285714285715 0.7409523809523811 0.7764285714285715 0.8266666666666669 0.8642857142857143 0.8266666666666669
3 0.9471428571428572 0.7885714285714288 0.8764285714285714 0.7885714285714288 0.8764285714285714 0.8657142857142859 0.9471428571428572 0.8657142857142859
3 1 0.7085714285714287 0.9585714285714285 0.7085714285714287 0.9585714285714285 0.7590476190476193 1 0.7590476190476193