10 0.5951359084406296 0.7108778625954199 0.4184549356223176 0.7108778625954199 0.41845493562231767 0.9656488549618321 0.5951359084406296 0.9656488549618321
11 0.7467811158798283 0.7280534351145039 0.605865522174535 0.7280534351145038 0.605865522174535 0.8664122137404581 0.7467811158798283 0.8664122137404582
3 0.7145922746781117 0.9522900763358779 0.5622317596566525 0.9522900763358778 0.5622317596566525 0.9980916030534351 0.7145922746781117 0.9980916030534351
7 0.7496423462088698 0.8578244274809163 0.7167381974248928 0.8578244274809163 0.7167381974248928 0.8788167938931299 0.7496423462088698 0.8788167938931299
7 0.7417739628040058 0.8311068702290079 0.7024320457796852 0.8311068702290079 0.7024320457796852 0.861641221374046 0.7417739628040058 0.861641221374046
7 0.7117310443490701 0.4809160305343513 0.6866952789699571 0.4809160305343513 0.6866952789699571 0.5181297709923667 0.7117310443490701 0.5181297709923667
7 0.4971387696709585 0.4055343511450383 0.4771101573676681 0.4055343511450383 0.4771101573676681 0.4446564885496184 0.4971387696709585 0.4446564885496184
7 0.43276108726752505 0.575381679389313 0.40915593705293274 0.575381679389313 0.40915593705293274 0.6164122137404581 0.43276108726752505 0.6164122137404581
7 0.4434907010014306 0.5477099236641222 0.42560801144492133 0.5477099236641222 0.42560801144492133 0.5868320610687023 0.4434907010014306 0.5868320610687023
7 0.5572246065808297 0.3053435114503818 0.542203147353362 0.3053435114503818 0.542203147353362 0.3482824427480917 0.5572246065808297 0.3482824427480917
3 0.9992846924177397 0.07633587786259559 0.9542203147353362 0.07633587786259559 0.9542203147353362 0.1679389312977101 0.9992846924177397 0.1679389312977101
6 0.8569384835479256 0.2776717557251909 0.8161659513590844 0.2776717557251909 0.8161659513590844 0.3702290076335879 0.8569384835479256 0.3702290076335879
7 0.844062947067239 0.26145038167938944 0.8297567954220315 0.26145038167938944 0.8297567954220315 0.2900763358778627 0.844062947067239 0.2900763358778627
7 0.6015736766809728 0.31774809160305356 0.5858369098712446 0.31774809160305356 0.5858369098712446 0.3482824427480917 0.6015736766809728 0.3482824427480917
7 0.6165951359084406 0.25190839694656497 0.6044349070100143 0.25190839694656497 0.6044349070100143 0.2948473282442749 0.6165951359084406 0.2948473282442749
7 0.5679542203147353 0.12595419847328254 0.5522174535050072 0.12595419847328254 0.5522174535050072 0.16412213740458026 0.5679542203147353 0.16412213740458026
7 0.5844062947067239 0.15076335877862607 0.5715307582260372 0.15076335877862607 0.5715307582260372 0.18606870229007644 0.5844062947067239 0.18606870229007644
7 0.5836909871244635 0.12977099236641232 0.5679542203147353 0.12977099236641232 0.5679542203147353 0.16698473282442758 0.5836909871244635 0.16698473282442758
7 0.6044349070100143 0.14408396946564897 0.5872675250357654 0.14408396946564897 0.5872675250357654 0.18416030534351155 0.6044349070100143 0.18416030534351155
7 0.5286123032904149 0.10400763358778634 0.5178826895565093 0.10400763358778634 0.5178826895565093 0.14599236641221386 0.5286123032904149 0.14599236641221386
7 0.5486409155937053 0.13263358778625964 0.5371959942775394 0.13263358778625964 0.5371959942775394 0.17557251908396956 0.5486409155937053 0.17557251908396956
0 0.592274678111588 0.32538167938931306 0.5643776824034334 0.32538167938931306 0.5643776824034334 0.3931297709923665 0.592274678111588 0.3931297709923665
0 0.4678111587982833 0.38549618320610696 0.42131616595135907 0.38549618320610696 0.42131616595135907 0.4417938931297711 0.4678111587982833 0.4417938931297711
3 0.12517882689556517 0.9169847328244275 0.03361945636623756 0.9169847328244275 0.03361945636623757 0.9971374045801527 0.12517882689556517 0.9971374045801527
11 0.32260371959942785 0.9293893129770993 0.1423462088698141 0.9293893129770993 0.1423462088698141 0.9990458015267175 0.32260371959942785 0.9990458015267175
3 0.32188841201716745 0.8062977099236641 0.16165951359084416 0.8062977099236641 0.16165951359084416 0.9217557251908397 0.32188841201716745 0.9217557251908397
3 0.344062947067239 0.7022900763358778 0.1981402002861231 0.7022900763358778 0.1981402002861231 0.7977099236641222 0.344062947067239 0.7977099236641222
3 0.3569384835479257 0.6087786259541985 0.226752503576538 0.6087786259541985 0.226752503576538 0.7041984732824428 0.3569384835479257 0.7041984732824428
3 0.26895565092989987 0.4122137404580153 0.19670958512160228 0.4122137404580153 0.19670958512160233 0.5715648854961832 0.2689556509298999 0.5715648854961832
3 0.39198855507868385 0.5257633587786259 0.2703862660944207 0.5257633587786259 0.2703862660944207 0.6116412213740458 0.39198855507868385 0.6116412213740458
3 0.41630901287553645 0.441793893129771 0.2939914163090129 0.44179389312977096 0.29399141630901293 0.5286259541984732 0.41630901287553645 0.5286259541984732
3 0.4198855507868383 0.3778625954198474 0.3011444921316166 0.37786259541984735 0.30114449213161665 0.4513358778625955 0.4198855507868383 0.45133587786259555
11 0.22317596566523606 0.21469465648854966 0.11874105865522175 0.21469465648854963 0.11874105865522176 0.2900763358778626 0.22317596566523606 0.2900763358778626
11 0.12088698140200288 0.19942748091603055 0.024320457796852667 0.19942748091603055 0.024320457796852667 0.2729007633587786 0.12088698140200291 0.2729007633587786
3 0.13447782546494996 0.31774809160305345 0.041487839771101605 0.31774809160305345 0.04148783977110161 0.3950381679389313 0.13447782546494996 0.3950381679389313
5 0.44778254649499283 0.7118320610687023 0.4198855507868383 0.7118320610687023 0.4198855507868383 0.7833969465648855 0.44778254649499283 0.7833969465648855
8 0.43919885550786836 0.7290076335877863 0.4198855507868383 0.7290076335877863 0.4198855507868383 0.7614503816793893 0.43919885550786836 0.7614503816793893
8 0.44635193133047213 0.7146946564885496 0.4234620886981402 0.7146946564885496 0.4234620886981402 0.7395038167938931 0.44635193133047213 0.7395038167938931
1 0.45779685264663805 0.1459923664122138 0.42560801144492133 0.1459923664122138 0.42560801144492133 0.17938931297709929 0.45779685264663805 0.17938931297709929
1 0.4907010014306152 0.059160305343511535 0.4799713876967096 0.059160305343511535 0.4799713876967096 0.0896946564885497 0.4907010014306152 0.0896946564885497
0 0.13304721030042918 0.18129770992366412 0.0693848354792561 0.18129770992366412 0.0693848354792561 0.20801526717557253 0.13304721030042918 0.20801526717557253
7 0.1044349070100143 0.16793893129770993 0.08798283261802577 0.16793893129770993 0.08798283261802577 0.19274809160305342 0.1044349070100143 0.19274809160305342
7 0.4642346208869814 0.042938931297709995 0.44635193133047213 0.04293893129770999 0.44635193133047213 0.08587786259541993 0.4642346208869814 0.08587786259541993
3 0.6659513590844063 0.04580152671755736 0.6273247496423462 0.04580152671755736 0.6273247496423462 0.12309160305343522 0.6659513590844063 0.12309160305343522
7 0.5236051502145923 0.0057251908396947415 0.5150214592274678 0.0057251908396947415 0.5150214592274678 0.041984732824427565 0.5236051502145923 0.041984732824427565
7 0.542203147353362 8.746642453833911e-17 0.5286123032904149 8.63562962375853e-17 0.5286123032904149 0.026717557251908487 0.542203147353362 0.026717557251908487
7 0.488555078683834 7.89943927694285e-17 0.47854077253218885 7.817640349518886e-17 0.47854077253218885 0.03148854961832069 0.488555078683834 0.03148854961832069