3 0.5707142857142858 0.8819047619047619 0.43214285714285716 0.8819047619047619 0.4321428571428572 1 0.5707142857142858 1
3 0.017857142857142926 0.7038095238095238 0.000714285714285779 0.7038095238095238 0.0007142857142857818 0.7676190476190476 0.01785714285714293 0.7676190476190476
3 0.08928571428571434 0.6571428571428571 0.03714285714285721 0.6571428571428571 0.03714285714285721 0.7361904761904762 0.08928571428571434 0.7361904761904762
3 0.05642857142857148 0.5457142857142857 0.02142857142857148 0.5457142857142857 0.02142857142857148 0.5923809523809523 0.05642857142857149 0.5923809523809523
3 0.15571428571428578 0.6580952380952381 0.10428571428571433 0.6580952380952381 0.10428571428571434 0.7238095238095238 0.1557142857142858 0.7238095238095238
3 0.24428571428571436 0.6209523809523809 0.19285714285714295 0.6209523809523809 0.19285714285714295 0.6904761904761905 0.24428571428571436 0.6904761904761905
11 0.2407142857142858 0.5009523809523809 0.18714285714285722 0.5009523809523809 0.18714285714285722 0.5361904761904762 0.2407142857142858 0.5361904761904762
3 0.32285714285714295 0.46285714285714286 0.2664285714285715 0.46285714285714286 0.2664285714285715 0.4961904761904762 0.32285714285714295 0.4961904761904762
11 0.33857142857142863 0.4447619047619048 0.2992857142857144 0.44476190476190475 0.2992857142857144 0.4733333333333334 0.33857142857142863 0.47333333333333344
3 0.3628571428571429 0.4333333333333334 0.32 0.43333333333333335 0.32000000000000006 0.460952380952381 0.36285714285714293 0.46095238095238106
3 0.4800000000000001 0.86 0.34357142857142864 0.86 0.34357142857142864 0.9933333333333333 0.48000000000000015 0.9933333333333333
3 0.6285714285714286 0.7619047619047619 0.51 0.7619047619047619 0.51 0.8685714285714285 0.6285714285714286 0.8685714285714285
3 0.7507142857142857 0.702857142857143 0.6528571428571428 0.7028571428571428 0.6528571428571428 0.7980952380952382 0.7507142857142857 0.7980952380952383
11 0.8464285714285714 0.6333333333333335 0.7628571428571429 0.6333333333333335 0.7628571428571429 0.723809523809524 0.8464285714285714 0.723809523809524
3 0.9128571428571428 0.5923809523809526 0.8442857142857143 0.5923809523809526 0.8442857142857143 0.6657142857142859 0.9128571428571428 0.6657142857142859
3 0.975 0.563809523809524 0.9092857142857143 0.563809523809524 0.9092857142857143 0.623809523809524 0.975 0.623809523809524
7 0.2992857142857144 0.5923809523809523 0.28428571428571436 0.5923809523809523 0.28428571428571436 0.6304761904761905 0.2992857142857144 0.6304761904761905
7 0.35428571428571437 0.6495238095238095 0.33714285714285724 0.6495238095238095 0.33714285714285724 0.6942857142857143 0.35428571428571437 0.6942857142857143
7 0.3657142857142857 0.6447619047619048 0.3528571428571429 0.6447619047619048 0.3528571428571429 0.6828571428571428 0.3657142857142857 0.6828571428571428
1 0.3742857142857143 0.4857142857142858 0.35142857142857153 0.4857142857142858 0.35142857142857153 0.5057142857142857 0.3742857142857143 0.5057142857142857
4 0.40785714285714286 0.49714285714285716 0.3871428571428571 0.49714285714285716 0.3871428571428571 0.5333333333333333 0.40785714285714286 0.5333333333333333
1 0.39285714285714285 0.46190476190476204 0.37214285714285716 0.46190476190476204 0.37214285714285716 0.4857142857142858 0.39285714285714285 0.4857142857142858
1 0.42928571428571427 0.4742857142857144 0.40714285714285714 0.4742857142857144 0.40714285714285714 0.49238095238095236 0.42928571428571427 0.49238095238095236
4 0.4064285714285714 0.4371428571428573 0.38785714285714284 0.4371428571428573 0.38785714285714284 0.46000000000000013 0.4064285714285714 0.46000000000000013
5 0.42428571428571427 0.42666666666666675 0.4064285714285714 0.42666666666666675 0.4064285714285714 0.44380952380952393 0.42428571428571427 0.44380952380952393
5 0.22428571428571437 0.4514285714285714 0.2107142857142858 0.4514285714285714 0.2107142857142858 0.4657142857142857 0.22428571428571437 0.4657142857142857
7 0.2842857142857143 0.3780952380952381 0.2785714285714286 0.3780952380952381 0.2785714285714286 0.3942857142857143 0.2842857142857143 0.3942857142857143
7 0.255 0.39714285714285713 0.24857142857142858 0.39714285714285713 0.24857142857142858 0.4180952380952381 0.255 0.4180952380952381
4 0.4514285714285714 0.4342857142857144 0.4357142857142857 0.4342857142857144 0.4357142857142857 0.4561904761904763 0.4514285714285714 0.4561904761904763
4 0.4614285714285714 0.4238095238095239 0.45071428571428573 0.4238095238095239 0.45071428571428573 0.4371428571428573 0.4614285714285714 0.4371428571428573
4 0.45071428571428573 0.40095238095238106 0.44 0.40095238095238106 0.44 0.4180952380952382 0.45071428571428573 0.4180952380952382
4 0.47928571428571426 0.4085714285714287 0.465 0.4085714285714287 0.465 0.42857142857142866 0.47928571428571426 0.42857142857142866
4 0.47785714285714287 0.3800000000000001 0.4592857142857143 0.3800000000000001 0.4592857142857143 0.3961904761904763 0.47785714285714287 0.3961904761904763
4 0.5385714285714286 0.3657142857142858 0.5235714285714286 0.3657142857142858 0.5235714285714286 0.3761904761904763 0.5385714285714286 0.3761904761904763
3 0.345 0.36380952380952386 0.33 0.3638095238095238 0.33 0.3838095238095239 0.345 0.38380952380952393
7 0.3414285714285714 0.3495238095238096 0.3357142857142857 0.3495238095238096 0.3357142857142857 0.3657142857142858 0.3414285714285714 0.3657142857142858
7 0.37785714285714284 0.3476190476190477 0.3707142857142857 0.3476190476190477 0.3707142857142857 0.36857142857142866 0.37785714285714284 0.36857142857142866
3 0.4135714285714286 0.341904761904762 0.37857142857142856 0.341904761904762 0.37857142857142856 0.361904761904762 0.4135714285714286 0.361904761904762
3 0.4014285714285714 0.33904761904761915 0.3757142857142857 0.33904761904761915 0.3757142857142857 0.35333333333333344 0.4014285714285714 0.35333333333333344
3 0.3942857142857143 0.3380952380952382 0.36428571428571427 0.3380952380952382 0.36428571428571427 0.35333333333333344 0.3942857142857143 0.35333333333333344
3 0.3842857142857143 0.3333333333333334 0.3585714285714286 0.3333333333333334 0.3585714285714286 0.3504761904761906 0.3842857142857143 0.3504761904761906
3 0.37214285714285716 0.3295238095238096 0.35 0.3295238095238096 0.35 0.3438095238095239 0.37214285714285716 0.3438095238095239
3 0.3678571428571429 0.32571428571428584 0.3435714285714286 0.32571428571428584 0.3435714285714286 0.341904761904762 0.3678571428571429 0.341904761904762
3 0.3628571428571429 0.321904761904762 0.3364285714285714 0.321904761904762 0.3364285714285714 0.3380952380952382 0.3628571428571429 0.3380952380952382
3 0.35928571428571426 0.3180952380952382 0.33214285714285713 0.3180952380952382 0.33214285714285713 0.33523809523809533 0.35928571428571426 0.33523809523809533
11 0.35714285714285715 0.3095238095238096 0.3264285714285714 0.30952380952380953 0.3264285714285714 0.33047619047619053 0.35714285714285715 0.3304761904761906
4 0.32571428571428573 0.30666666666666664 0.31285714285714283 0.30666666666666664 0.31285714285714283 0.32476190476190475 0.32571428571428573 0.32476190476190475
3 0.4278571428571429 0.3304761904761906 0.3914285714285714 0.3304761904761906 0.3914285714285714 0.3476190476190477 0.4278571428571429 0.3476190476190477
3 0.395 0.3200000000000001 0.36642857142857144 0.3200000000000001 0.36642857142857144 0.3333333333333334 0.395 0.3333333333333334
3 0.39571428571428574 0.3180952380952382 0.3692857142857143 0.3180952380952382 0.3692857142857143 0.3285714285714287 0.39571428571428574 0.3285714285714287
3 0.37 0.30952380952380965 0.34714285714285714 0.30952380952380965 0.34714285714285714 0.32380952380952394 0.37 0.32380952380952394
4 0.3607142857142857 0.3009523809523811 0.3407142857142857 0.3009523809523811 0.3407142857142857 0.3142857142857144 0.3607142857142857 0.3142857142857144
4 0.31642857142857145 0.28095238095238095 0.3078571428571429 0.28095238095238095 0.3078571428571429 0.29333333333333333 0.31642857142857145 0.29333333333333333
4 0.35285714285714287 0.2895238095238096 0.3414285714285714 0.2895238095238096 0.3414285714285714 0.3000000000000001 0.35285714285714287 0.3000000000000001
3 0.7664285714285715 0.36857142857142866 0.7357142857142858 0.36857142857142866 0.7357142857142858 0.3923809523809525 0.7664285714285715 0.3923809523809525
2 0.5357142857142857 0.32285714285714295 0.48714285714285716 0.32285714285714295 0.48714285714285716 0.35428571428571437 0.5357142857142857 0.35428571428571437
4 0.495 0.32476190476190486 0.4764285714285714 0.32476190476190486 0.4764285714285714 0.34000000000000014 0.495 0.34000000000000014
3 0.4657142857142857 0.31333333333333346 0.4407142857142857 0.31333333333333346 0.4407142857142857 0.3295238095238096 0.4657142857142857 0.3295238095238096
11 0.45357142857142857 0.31047619047619057 0.43 0.31047619047619057 0.43 0.32476190476190486 0.45357142857142857 0.32476190476190486
3 0.4471428571428571 0.31047619047619057 0.425 0.31047619047619057 0.425 0.32285714285714295 0.4471428571428571 0.32285714285714295
3 0.43714285714285717 0.30476190476190484 0.41214285714285714 0.30476190476190484 0.41214285714285714 0.31904761904761914 0.43714285714285717 0.31904761904761914
3 0.4235714285714286 0.30476190476190484 0.4057142857142857 0.30476190476190484 0.4057142857142857 0.3161904761904763 0.4235714285714286 0.3161904761904763
3 0.415 0.2980952380952382 0.3921428571428571 0.2980952380952382 0.3921428571428571 0.31142857142857155 0.415 0.31142857142857155
4 0.3707142857142857 0.2876190476190477 0.365 0.2876190476190477 0.365 0.2980952380952382 0.3707142857142857 0.2980952380952382
4 0.3821428571428571 0.29142857142857154 0.3757142857142857 0.29142857142857154 0.3757142857142857 0.30761904761904774 0.3821428571428571 0.30761904761904774
4 0.525 0.30952380952380965 0.5092857142857142 0.30952380952380965 0.5092857142857142 0.32476190476190486 0.525 0.32476190476190486
4 0.5064285714285715 0.3057142857142858 0.49214285714285716 0.3057142857142858 0.49214285714285716 0.32380952380952394 0.5064285714285715 0.32380952380952394
7 0.8385714285714285 0.5495238095238097 0.8285714285714286 0.5495238095238097 0.8285714285714286 0.5914285714285716 0.8385714285714285 0.5914285714285716
5 0.9014285714285715 0.4323809523809525 0.8814285714285715 0.4323809523809525 0.8814285714285715 0.46190476190476204 0.9014285714285715 0.46190476190476204
7 0.8935714285714286 0.4323809523809525 0.885 0.4323809523809525 0.885 0.46000000000000013 0.8935714285714286 0.46000000000000013
3 0.3964285714285714 0.40000000000000013 0.35642857142857143 0.40000000000000013 0.35642857142857143 0.422857142857143 0.3964285714285714 0.422857142857143
3 0.41928571428571426 0.3895238095238096 0.38785714285714284 0.3895238095238096 0.38785714285714284 0.4085714285714287 0.41928571428571426 0.4085714285714287
4 0.6178571428571429 0.3057142857142858 0.5664285714285714 0.3057142857142858 0.5664285714285714 0.3342857142857144 0.6178571428571429 0.3342857142857144
4 0.6821428571428572 0.32571428571428584 0.66 0.32571428571428584 0.66 0.3504761904761906 0.6821428571428572 0.3504761904761906
4 0.7128571428571429 0.35904761904761917 0.6878571428571428 0.35904761904761917 0.6878571428571428 0.3780952380952382 0.7128571428571429 0.3780952380952382