5 0.35020876826722336 0.2430426716141003 0.319937369519833 0.2430426716141003 0.319937369519833 0.29684601113172554 0.35020876826722336 0.29684601113172554
5 0.45563674321503134 0.24397031539888694 0.4384133611691023 0.24397031539888694 0.4384133611691023 0.3079777365491652 0.45563674321503134 0.3079777365491652
5 0.581419624217119 0.2365491651205938 0.5600208768267223 0.2365491651205938 0.5600208768267223 0.2894248608534324 0.581419624217119 0.2894248608534324
5 0.6278705636743215 0.23747680890538045 0.6059498956158664 0.23747680890538045 0.6059498956158664 0.29962894248608546 0.6278705636743215 0.29962894248608546
5 0.6737995824634656 0.24489795918367357 0.6503131524008351 0.24489795918367357 0.6503131524008351 0.3181818181818183 0.6737995824634656 0.3181818181818183
5 0.7098121085594989 0.22820037105751406 0.6758872651356994 0.22820037105751406 0.6758872651356994 0.28200371057513923 0.7098121085594989 0.28200371057513923
7 0.8611691022964509 0.1929499072356217 0.8418580375782881 0.1929499072356217 0.8418580375782881 0.25881261595547334 0.8611691022964509 0.25881261595547334
8 0.14718162839248441 0.46382189239332094 0.11638830897703552 0.46382189239332094 0.11638830897703552 0.5324675324675324 0.14718162839248441 0.5324675324675324
7 0.15135699373695205 0.6391465677179963 0.12108559498956162 0.6391465677179963 0.12108559498956163 0.7207792207792207 0.15135699373695205 0.7207792207792207
7 0.3763048016701461 0.5686456400742115 0.3475991649269311 0.5686456400742115 0.3475991649269311 0.6456400742115028 0.3763048016701461 0.6456400742115028
7 0.35490605427974947 0.5046382189239332 0.33716075156576203 0.5046382189239332 0.33716075156576203 0.5927643784786641 0.35490605427974947 0.5927643784786641
7 0.3742171189979123 0.487012987012987 0.35281837160751567 0.487012987012987 0.35281837160751567 0.5742115027829313 0.3742171189979123 0.5742115027829313
7 0.40970772442588727 0.5148423005565863 0.3935281837160752 0.5148423005565863 0.3935281837160752 0.5714285714285714 0.40970772442588727 0.5714285714285714
7 0.4232776617954071 0.46382189239332106 0.4091858037578288 0.46382189239332106 0.4091858037578288 0.5324675324675324 0.4232776617954071 0.5324675324675324
7 0.45668058455114824 0.5083487940630798 0.4373695198329854 0.5083487940630798 0.4373695198329854 0.5927643784786641 0.45668058455114824 0.5927643784786641
7 0.48173277661795405 0.5250463821892394 0.4572025052192067 0.5250463821892394 0.4572025052192067 0.6076066790352505 0.48173277661795405 0.6076066790352505
7 0.5829853862212944 0.5408163265306124 0.5568893528183716 0.5408163265306124 0.5568893528183716 0.6187384044526903 0.5829853862212944 0.6187384044526903
7 0.5370563674321504 0.4944341372912804 0.5167014613778705 0.4944341372912804 0.5167014613778705 0.583487940630798 0.5370563674321504 0.583487940630798
7 0.5078288100208769 0.49907235621521356 0.48851774530271397 0.49907235621521356 0.48851774530271397 0.5797773654916514 0.5078288100208769 0.5797773654916514
7 0.5219206680584552 0.49257884972170707 0.4979123173277662 0.49257884972170707 0.4979123173277662 0.5760667903525049 0.5219206680584552 0.5760667903525049
7 0.49478079331941544 0.49165120593692035 0.46764091858037576 0.49165120593692024 0.46764091858037576 0.5751391465677181 0.49478079331941544 0.5751391465677183
7 0.48329853862212946 0.47866419294990725 0.46346555323590816 0.47866419294990725 0.46346555323590816 0.5500927643784786 0.48329853862212946 0.5500927643784786
7 0.4681628392484342 0.4684601113172543 0.44832985386221297 0.4684601113172543 0.44832985386221297 0.5482374768089053 0.4681628392484342 0.5482374768089053
8 0.5516701461377871 0.531539888682746 0.5365344467640919 0.531539888682746 0.5365344467640919 0.5899814471243044 0.5516701461377871 0.5899814471243044
7 0.5594989561586639 0.5250463821892395 0.5386221294363257 0.5250463821892395 0.5386221294363257 0.6103896103896106 0.5594989561586639 0.6103896103896106
8 0.6216075156576201 0.5352504638218926 0.5970772442588727 0.5352504638218926 0.5970772442588727 0.6252319109461969 0.6216075156576201 0.6252319109461969
7 0.627348643006263 0.6048237476808908 0.6022964509394572 0.6048237476808908 0.6022964509394572 0.6734693877551022 0.627348643006263 0.6734693877551022
1 0.6310020876826722 0.5519480519480522 0.5762004175365344 0.5519480519480522 0.5762004175365344 0.6020408163265308 0.6310020876826722 0.6020408163265308
7 0.9086638830897703 0.47402597402597424 0.8747390396659708 0.47402597402597424 0.8747390396659708 0.5463821892393323 0.9086638830897703 0.5463821892393323
5 0.9311064718162839 0.5250463821892395 0.8731732776617954 0.5250463821892395 0.8731732776617954 0.5742115027829315 0.9311064718162839 0.5742115027829315
0 0.10438413361169108 0.6614100185528757 0.020354906054279795 0.6614100185528757 0.020354906054279802 0.8710575139146568 0.10438413361169108 0.8710575139146568
9 0.16544885177453034 0.7189239332096475 0.10020876826722344 0.7189239332096475 0.10020876826722344 0.865491651205937 0.16544885177453034 0.865491651205937
9 0.26200417536534454 0.6762523191094619 0.1972860125260961 0.6762523191094619 0.1972860125260961 0.8571428571428571 0.26200417536534454 0.8571428571428571
0 0.3272442588726514 0.6771799628942486 0.26617954070981215 0.6771799628942486 0.26617954070981215 0.862708719851577 0.32724425887265146 0.862708719851577
0 0.43580375782881003 0.6623376623376623 0.3742171189979123 0.6623376623376623 0.3742171189979123 0.8506493506493507 0.43580375782881003 0.8506493506493507
0 0.528705636743215 0.6651205936920224 0.47755741127348644 0.6651205936920223 0.47755741127348644 0.8330241187384045 0.528705636743215 0.8330241187384047
3 0.7103340292275574 0.645640074211503 0.5949895615866388 0.645640074211503 0.5949895615866388 0.9165120593692024 0.7103340292275574 0.9165120593692024
0 0.8982254697286013 0.6141001855287571 0.8063674321503131 0.6141001855287571 0.8063674321503131 0.8265306122448982 0.8982254697286013 0.8265306122448982
0 0.6764091858037579 0.21428571428571444 0.6315240083507306 0.21428571428571444 0.6315240083507306 0.2634508348794064 0.6764091858037579 0.2634508348794064
7 0.848643006263048 0.17903525046382207 0.8262004175365344 0.17903525046382204 0.8262004175365344 0.24397031539888703 0.848643006263048 0.24397031539888703
0 0.8977035490605428 0.6131725417439705 0.8058455114822547 0.6131725417439705 0.8058455114822547 0.8256029684601115 0.8977035490605428 0.8256029684601115
5 0.9994780793319415 0.8497217068645642 0.9676409185803758 0.8497217068645642 0.9676409185803758 0.9230055658627089 0.9994780793319415 0.9230055658627089