3 0.28857142857142865 0.8523809523809524 0.18785714285714294 0.8523809523809524 0.18785714285714294 0.9723809523809523 0.28857142857142865 0.9723809523809523
5 0.3407142857142858 0.8542857142857143 0.3100000000000001 0.8542857142857143 0.3100000000000001 0.9323809523809524 0.3407142857142858 0.9323809523809524
5 0.2278571428571429 0.39714285714285713 0.19785714285714287 0.39714285714285713 0.1978571428571429 0.46285714285714286 0.22785714285714292 0.46285714285714286
5 0.17642857142857146 0.43333333333333335 0.15642857142857147 0.43333333333333335 0.15642857142857147 0.47714285714285715 0.17642857142857146 0.47714285714285715
3 0.18357142857142866 0.5476190476190477 0.12142857142857147 0.5476190476190477 0.12142857142857148 0.6904761904761905 0.18357142857142866 0.6904761904761905
3 0.1757142857142858 0.94 0.0957142857142858 0.94 0.0957142857142858 1 0.1757142857142858 1
10 0.1757142857142858 0.840952380952381 0.023571428571428653 0.840952380952381 0.023571428571428656 0.9952380952380953 0.1757142857142858 0.9952380952380953
3 0.13428571428571437 0.7885714285714286 0.022857142857142927 0.7885714285714286 0.022857142857142933 0.900952380952381 0.13428571428571437 0.900952380952381
3 0.11857142857142865 0.7314285714285714 0.013571428571428637 0.7314285714285714 0.013571428571428642 0.8323809523809523 0.11857142857142865 0.8323809523809523
11 0.09857142857142866 0.6676190476190477 6.131981472873534e-17 0.6676190476190477 6.53873915973319e-17 0.7561904761904762 0.09857142857142866 0.7561904761904762
3 0.07714285714285721 0.6180952380952381 0.001428571428571485 0.6180952380952381 0.0014285714285714884 0.6904761904761905 0.07714285714285721 0.6904761904761905
3 0.08642857142857148 0.5523809523809524 0.0014285714285714793 0.5523809523809524 0.0014285714285714832 0.638095238095238 0.0864285714285715 0.638095238095238
3 0.08928571428571434 0.48857142857142855 4.4874557711613727e-17 0.48857142857142855 4.885465980884262e-17 0.5752380952380952 0.08928571428571434 0.5752380952380952
7 0.08642857142857145 0.22666666666666666 0.06714285714285716 0.22666666666666666 0.06714285714285716 0.2638095238095238 0.08642857142857145 0.2638095238095238
7 0.058571428571428594 0.21904761904761905 0.022857142857142878 0.21904761904761905 0.022857142857142878 0.26095238095238094 0.058571428571428594 0.26095238095238094
7 0.2764285714285714 0.160952380952381 0.2507142857142857 0.160952380952381 0.2507142857142857 0.1971428571428572 0.2764285714285714 0.1971428571428572
7 0.22071428571428572 0.1104761904761905 0.19357142857142856 0.1104761904761905 0.19357142857142856 0.15238095238095242 0.22071428571428572 0.15238095238095242
7 0.25357142857142856 0.0847619047619048 0.22857142857142856 0.08476190476190479 0.22857142857142856 0.13238095238095243 0.25357142857142856 0.13238095238095243
3 0.20357142857142857 0.004761904761904793 0.16428571428571428 0.004761904761904789 0.16428571428571428 0.08095238095238098 0.20357142857142857 0.08095238095238098
7 0.41928571428571426 0.13142857142857148 0.4042857142857143 0.13142857142857148 0.4042857142857143 0.16761904761904767 0.41928571428571426 0.16761904761904767
7 0.44785714285714284 0.13619047619047625 0.4307142857142857 0.13619047619047625 0.4307142857142857 0.1733333333333334 0.44785714285714284 0.1733333333333334
3 0.5028571428571429 0.2485714285714287 0.42928571428571427 0.2485714285714287 0.42928571428571427 0.3171428571428572 0.5028571428571429 0.3171428571428572
3 0.545 0.3123809523809525 0.4664285714285714 0.3123809523809525 0.4664285714285714 0.38761904761904775 0.545 0.38761904761904775
3 0.5664285714285714 0.3485714285714287 0.485 0.3485714285714287 0.485 0.422857142857143 0.5664285714285714 0.422857142857143
3 0.6421428571428571 0.5038095238095238 0.565 0.5038095238095238 0.565 0.5847619047619048 0.6421428571428571 0.5847619047619048
3 0.6528571428571428 0.5523809523809524 0.5857142857142857 0.5523809523809524 0.5857142857142857 0.6257142857142857 0.6528571428571428 0.6257142857142857
3 0.6835714285714286 0.602857142857143 0.6064285714285714 0.6028571428571429 0.6064285714285714 0.6895238095238096 0.6835714285714286 0.6895238095238098
3 0.7085714285714285 0.6504761904761905 0.63 0.6504761904761904 0.63 0.7495238095238096 0.7085714285714285 0.7495238095238097
3 0.7471428571428571 0.6990476190476191 0.6621428571428571 0.699047619047619 0.6621428571428571 0.7971428571428573 0.7471428571428571 0.7971428571428574
3 0.7814285714285715 0.7495238095238097 0.71 0.7495238095238097 0.71 0.8542857142857145 0.7814285714285715 0.8542857142857145
3 0.8157142857142857 0.803809523809524 0.7257142857142858 0.803809523809524 0.7257142857142858 0.922857142857143 0.8157142857142857 0.922857142857143
3 0.8507142857142858 0.8676190476190478 0.7542857142857143 0.8676190476190478 0.7542857142857143 1 0.8507142857142858 1
7 0.8607142857142858 0.7609523809523812 0.8271428571428572 0.7609523809523812 0.8271428571428572 0.782857142857143 0.8607142857142858 0.782857142857143
7 0.8392857142857143 0.7295238095238097 0.8228571428571428 0.7295238095238097 0.8228571428571428 0.7590476190476193 0.8392857142857143 0.7590476190476193
7 0.8114285714285714 0.7180952380952383 0.7942857142857143 0.7180952380952383 0.7942857142857143 0.7409523809523811 0.8114285714285714 0.7409523809523811
7 0.7764285714285715 0.6761904761904765 0.755 0.6761904761904765 0.755 0.705714285714286 0.7764285714285715 0.705714285714286
7 0.85 0.7114285714285716 0.8328571428571429 0.7114285714285716 0.8328571428571429 0.7400000000000002 0.85 0.7400000000000002
7 0.8178571428571428 0.7085714285714287 0.8035714285714286 0.7085714285714287 0.8035714285714286 0.7323809523809526 0.8178571428571428 0.7323809523809526
1 0.9057142857142857 0.705714285714286 0.8871428571428571 0.705714285714286 0.8871428571428571 0.743809523809524 0.9057142857142857 0.743809523809524
5 0.885 0.6780952380952383 0.86 0.6780952380952383 0.86 0.7190476190476193 0.885 0.7190476190476193
7 0.895 0.6285714285714288 0.8771428571428571 0.6285714285714288 0.8771428571428571 0.6514285714285717 0.895 0.6514285714285717
8 0.8435714285714285 0.5380952380952383 0.8264285714285714 0.5380952380952383 0.8264285714285714 0.5590476190476192 0.8435714285714285 0.5590476190476192
9 0.8464285714285714 0.6295238095238097 0.7985714285714286 0.6295238095238097 0.7985714285714286 0.7019047619047621 0.8464285714285714 0.7019047619047621
9 0.7935714285714286 0.5590476190476192 0.7564285714285715 0.5590476190476192 0.7564285714285715 0.6228571428571431 0.7935714285714286 0.6228571428571431
3 0.8078571428571428 0.4580952380952382 0.7257142857142858 0.4580952380952382 0.7257142857142858 0.524761904761905 0.8078571428571428 0.524761904761905
5 0.7464285714285714 0.3961904761904763 0.7042857142857143 0.3961904761904763 0.7042857142857143 0.43333333333333346 0.7464285714285714 0.43333333333333346
5 0.7185714285714285 0.38761904761904775 0.6842857142857143 0.38761904761904775 0.6842857142857143 0.41904761904761917 0.7185714285714285 0.41904761904761917
9 0.7035714285714286 0.3447619047619049 0.6607142857142857 0.3447619047619049 0.6607142857142857 0.37523809523809537 0.7035714285714286 0.37523809523809537
7 0.53 0.22190476190476202 0.5178571428571429 0.22190476190476202 0.5178571428571429 0.24952380952380962 0.53 0.24952380952380962
7 0.5135714285714286 0.2161904761904763 0.5 0.2161904761904763 0.5 0.24571428571428583 0.5135714285714286 0.24571428571428583
3 0.4857142857142857 0.2114285714285715 0.415 0.2114285714285715 0.415 0.27523809523809534 0.4857142857142857 0.27523809523809534
7 0.5007142857142857 0.15142857142857152 0.49 0.1514285714285715 0.49 0.18476190476190485 0.5007142857142857 0.18476190476190488
7 0.4992857142857143 0.1257142857142858 0.49142857142857144 0.12571428571428578 0.49142857142857144 0.15904761904761913 0.4992857142857143 0.15904761904761916
7 0.48714285714285716 0.13619047619047625 0.4785714285714286 0.13619047619047625 0.4785714285714286 0.16952380952380958 0.48714285714285716 0.16952380952380958
3 0.5507142857142857 0.08666666666666675 0.4835714285714286 0.08666666666666675 0.4835714285714286 0.15714285714285722 0.5507142857142857 0.15714285714285725
3 0.5585714285714286 0.0257142857142858 0.5007142857142857 0.025714285714285797 0.5007142857142857 0.0895238095238096 0.5585714285714286 0.0895238095238096
3 0.5807142857142857 0.05333333333333342 0.53 0.05333333333333341 0.53 0.11523809523809533 0.5807142857142857 0.11523809523809535
3 0.4878571428571429 7.569483549015544e-17 0.4392857142857143 7.172931252148783e-17 0.4392857142857143 0.04761904761904769 0.4878571428571429 0.0476190476190477
1 0.44642857142857145 0.07142857142857151 0.42214285714285715 0.07142857142857151 0.42214285714285715 0.09428571428571436 0.44642857142857145 0.09428571428571436
7 0.43642857142857144 0.05904761904761911 0.42214285714285715 0.05904761904761911 0.42214285714285715 0.0895238095238096 0.43642857142857144 0.0895238095238096
7 0.41928571428571426 0.04857142857142864 0.40785714285714286 0.04857142857142864 0.40785714285714286 0.08000000000000007 0.41928571428571426 0.08000000000000008
7 0.38 0.059047619047619106 0.36857142857142855 0.0590476190476191 0.36857142857142855 0.0971428571428572 0.38 0.0971428571428572
7 0.3742857142857143 0.03428571428571435 0.36428571428571427 0.03428571428571434 0.36428571428571427 0.06952380952380957 0.3742857142857143 0.06952380952380957
7 0.35928571428571426 0.026666666666666724 0.3457142857142857 0.02666666666666672 0.3457142857142857 0.06285714285714292 0.35928571428571426 0.06285714285714292
5 0.7292857142857143 0.6219047619047621 0.7042857142857143 0.6219047619047621 0.7042857142857143 0.6657142857142859 0.7292857142857143 0.6657142857142859
8 0.7278571428571429 0.6228571428571431 0.71 0.6228571428571431 0.71 0.6571428571428574 0.7278571428571429 0.6571428571428574
5 0.6935714285714286 0.5571428571428574 0.6707142857142857 0.5571428571428574 0.6707142857142857 0.5952380952380955 0.6935714285714286 0.5952380952380955
8 0.6907142857142857 0.5552380952380954 0.6771428571428572 0.5552380952380954 0.6771428571428572 0.583809523809524 0.6907142857142857 0.583809523809524