7 0.6085594989561587 0.5241187384044529 0.5908141962421712 0.5241187384044529 0.5908141962421712 0.6057513914656774 0.6085594989561587 0.6057513914656774
0 0.39822546972860123 0.5398886827458256 0.3235908141962422 0.5398886827458256 0.3235908141962422 0.7059369202226345 0.39822546972860123 0.7059369202226345
7 0.3298538622129436 0.5760667903525046 0.3037578288100209 0.5760667903525046 0.3037578288100209 0.6790352504638218 0.3298538622129436 0.6790352504638218
5 0.3048016701461378 0.5918367346938775 0.28549060542797494 0.5918367346938775 0.28549060542797494 0.6808905380333952 0.3048016701461378 0.6808905380333952
5 0.21294363256784968 0.3534322820037106 0.18058455114822547 0.3534322820037106 0.18058455114822547 0.4035250463821892 0.21294363256784968 0.4035250463821892
7 0.1779749478079332 0.3450834879406308 0.1649269311064718 0.3450834879406308 0.1649269311064718 0.38311688311688313 0.1779749478079332 0.38311688311688313
7 0.21816283924843424 0.3209647495361781 0.2056367432150313 0.3209647495361781 0.2056367432150313 0.36641929499072357 0.21816283924843424 0.36641929499072357
5 0.24269311064718163 0.3320964749536179 0.2244258872651357 0.3320964749536178 0.2244258872651357 0.37198515769944346 0.24269311064718163 0.3719851576994435
3 0.25 0.2421150278293136 0.22181628392484343 0.24211502782931354 0.22181628392484343 0.30055658627087206 0.25 0.3005565862708721
7 0.29958246346555323 0.21706864564007428 0.29227557411273486 0.21706864564007428 0.29227557411273486 0.2606679035250465 0.29958246346555323 0.2606679035250465
9 0.32620041753653445 0.2226345083487941 0.3115866388308977 0.2226345083487941 0.3115866388308977 0.25510204081632665 0.32620041753653445 0.25510204081632665
0 0.34029227557411273 0.21428571428571433 0.32620041753653445 0.21428571428571433 0.32620041753653445 0.25417439703154 0.34029227557411273 0.25417439703154
0 0.3564718162839248 0.20964749536178112 0.3408141962421712 0.20964749536178112 0.3408141962421712 0.25324675324675333 0.3564718162839248 0.25324675324675333
10 0.5636743215031316 0.12801484230055668 0.5318371607515657 0.12801484230055668 0.5318371607515657 0.1725417439703155 0.5636743215031316 0.1725417439703155
7 0.5970772442588727 0.18552875695732848 0.5902922755741128 0.18552875695732848 0.5902922755741128 0.2189239332096476 0.5970772442588727 0.2189239332096476
7 0.6106471816283925 0.1846011131725419 0.6059498956158664 0.1846011131725419 0.6059498956158664 0.2152133580705011 0.6106471816283925 0.2152133580705011
9 0.6774530271398748 0.20779220779220794 0.6362212943632568 0.20779220779220794 0.6362212943632568 0.25324675324675333 0.6774530271398748 0.25324675324675333
10 0.6466597077244259 0.1734693877551022 0.6294363256784968 0.1734693877551022 0.6294363256784968 0.2198515769944343 0.6466597077244259 0.2198515769944343
9 0.8820459290187892 0.27551020408163285 0.8423799582463466 0.27551020408163285 0.8423799582463466 0.31354359925788516 0.8820459290187892 0.31354359925788516
9 0.9227557411273486 0.27736549165120616 0.8836116910229646 0.27736549165120616 0.8836116910229646 0.3144712430426718 0.9227557411273486 0.3144712430426718
9 0.8763048016701461 0.23933209647495382 0.8376826722338204 0.23933209647495382 0.8376826722338204 0.27272727272727293 0.8763048016701461 0.27272727272727293
5 0.9154488517745303 0.21985157699443436 0.9024008350730689 0.21985157699443436 0.9024008350730689 0.25324675324675344 0.9154488517745303 0.25324675324675344
5 0.4681628392484342 0.1326530612244899 0.4618997912317328 0.1326530612244899 0.4618997912317328 0.14842300556586283 0.4681628392484342 0.14842300556586283
9 0.5829853862212944 0.17810760667903536 0.5615866388308977 0.17810760667903536 0.5615866388308977 0.2124304267161411 0.5829853862212944 0.2124304267161411
5 0.2980167014613779 0.2263450834879407 0.28131524008350733 0.2263450834879407 0.28131524008350733 0.26159554730983314 0.2980167014613779 0.26159554730983314
8 0.34812108559498955 0.30705009276437856 0.3366388308977035 0.30705009276437856 0.3366388308977035 0.34786641929499085 0.34812108559498955 0.34786641929499085
8 0.2082463465553236 0.34786641929499074 0.18789144050104384 0.34786641929499074 0.18789144050104384 0.3979591836734694 0.2082463465553236 0.3979591836734694
5 0.3533402922755741 0.3246753246753248 0.331419624217119 0.3246753246753248 0.331419624217119 0.36178107606679044 0.3533402922755741 0.36178107606679044
5 0.3893528183716075 0.2235621521335808 0.3768267223382046 0.2235621521335808 0.3768267223382046 0.2476808905380335 0.3893528183716075 0.2476808905380335
1 0.2792275574112735 0.27551020408163274 0.27139874739039666 0.27551020408163274 0.27139874739039666 0.3014842300556587 0.2792275574112735 0.3014842300556587
4 0.3001043841336117 0.2504638218923934 0.2620041753653445 0.2504638218923934 0.2620041753653445 0.28849721706864573 0.3001043841336117 0.28849721706864573
5 0.6096033402922756 0.534322820037106 0.5882045929018789 0.534322820037106 0.5882045929018789 0.6141001855287571 0.6096033402922756 0.6141001855287571
8 0.4671189979123173 0.12801484230055668 0.46242171189979125 0.12801484230055668 0.46242171189979125 0.14471243042671625 0.4671189979123173 0.14471243042671625