11 0.4 6.344836749868192e-17 0.37714285714285717 6.158223904283833e-17 0.37714285714285717 0.0752380952380953 0.4 0.0752380952380953
3 0.3435714285714286 0.07428571428571434 0.2957142857142857 0.07428571428571434 0.2957142857142857 0.140952380952381 0.3435714285714286 0.140952380952381
3 0.3692857142857143 0.15238095238095242 0.3464285714285714 0.15238095238095242 0.3464285714285714 0.21333333333333337 0.3692857142857143 0.21333333333333337
3 0.4135714285714286 0.180952380952381 0.38785714285714284 0.180952380952381 0.38785714285714284 0.26190476190476203 0.4135714285714286 0.26190476190476203
3 0.46714285714285714 0.1990476190476191 0.445 0.1990476190476191 0.445 0.2800000000000001 0.46714285714285714 0.2800000000000001
7 0.5642857142857143 0.13142857142857153 0.5592857142857143 0.13142857142857153 0.5592857142857143 0.14571428571428582 0.5642857142857143 0.14571428571428582
7 0.5828571428571429 0.14571428571428582 0.575 0.14571428571428582 0.575 0.16857142857142868 0.5828571428571429 0.16857142857142868
11 0.5557142857142857 0.6333333333333333 0.5271428571428571 0.6333333333333333 0.5271428571428571 0.7228571428571429 0.5557142857142857 0.7228571428571429
11 0.5635714285714286 0.8247619047619048 0.5392857142857143 0.8247619047619048 0.5392857142857144 0.9123809523809524 0.5635714285714287 0.9123809523809524
10 0.47500000000000014 0.9095238095238095 0.44000000000000017 0.9095238095238095 0.44000000000000017 1 0.47500000000000014 1
11 0.30857142857142866 0.9419047619047619 0.27714285714285725 0.9419047619047619 0.27714285714285725 1 0.30857142857142866 1
7 0.32428571428571434 0.9495238095238095 0.31500000000000006 0.9495238095238095 0.31500000000000006 0.9647619047619047 0.32428571428571434 0.9647619047619047
7 0.23928571428571438 0.9647619047619047 0.22857142857142865 0.9647619047619047 0.22857142857142865 0.98 0.23928571428571438 0.98
10 0.47714285714285715 0.3638095238095239 0.43142857142857144 0.3638095238095239 0.43142857142857144 0.6685714285714286 0.47714285714285715 0.6685714285714286
11 0.3107142857142857 0.28 0.2842857142857143 0.28 0.2842857142857143 0.3742857142857143 0.3107142857142857 0.3742857142857143
3 0.33928571428571436 0.48857142857142855 0.30785714285714294 0.48857142857142855 0.30785714285714294 0.5714285714285714 0.33928571428571436 0.5714285714285714
11 0.3314285714285715 0.5904761904761905 0.29857142857142865 0.5904761904761905 0.29857142857142865 0.679047619047619 0.3314285714285715 0.679047619047619
5 0.2564285714285715 0.4980952380952381 0.24357142857142866 0.4980952380952381 0.24357142857142866 0.5323809523809524 0.2564285714285715 0.5323809523809524
7 0.23357142857142857 0.3466666666666667 0.2257142857142857 0.3466666666666667 0.2257142857142857 0.3619047619047619 0.23357142857142857 0.3619047619047619
11 0.11928571428571433 0.4695238095238095 0.044285714285714324 0.4695238095238095 0.04428571428571433 0.5066666666666667 0.11928571428571433 0.5066666666666667
11 0.13857142857142862 0.3628571428571429 0.07000000000000003 0.3628571428571429 0.07000000000000003 0.39904761904761904 0.13857142857142862 0.39904761904761904
11 0.06428571428571432 0.3657142857142857 0.0007142857142857479 0.3657142857142857 0.0007142857142857498 0.4066666666666667 0.06428571428571432 0.4066666666666667