3 0.49642857142857144 0.04441624365482244 0.48214285714285715 0.04441624365482244 0.48214285714285715 0.07868020304568539 0.49642857142857144 0.07868020304568539
3 0.45785714285714285 0.7956852791878173 0.43 0.7956852791878173 0.43 0.8857868020304569 0.45785714285714285 0.8857868020304569
3 0.5121428571428571 0.23730964467005086 0.495 0.23730964467005083 0.495 0.2817258883248732 0.5121428571428571 0.2817258883248732
3 0.5607142857142857 0.4327411167512692 0.5371428571428571 0.4327411167512692 0.5371428571428571 0.5012690355329951 0.5607142857142857 0.5012690355329951
3 0.865 0.7525380710659901 0.8264285714285714 0.7525380710659901 0.8264285714285714 0.8895939086294419 0.865 0.8895939086294419
3 0.9357142857142857 0.7284263959390865 0.8942857142857142 0.7284263959390865 0.8942857142857142 0.8515228426395942 0.9357142857142857 0.8515228426395942
3 0.7714285714285715 0.4124365482233504 0.7442857142857143 0.4124365482233504 0.7442857142857143 0.47461928934010167 0.7714285714285715 0.47461928934010167
3 0.8457142857142858 0.27664974619289356 0.8128571428571428 0.27664974619289356 0.8128571428571428 0.32994923857868036 0.8457142857142858 0.32994923857868036
3 0.9178571428571428 0.253807106598985 0.89 0.253807106598985 0.89 0.30837563451776673 0.9178571428571428 0.30837563451776673
3 0.9621428571428572 0.23477157360406112 0.9335714285714286 0.23477157360406112 0.9335714285714286 0.2969543147208124 0.9621428571428572 0.2969543147208124
3 0.9907142857142858 0.10786802030456874 0.9678571428571429 0.10786802030456874 0.9678571428571429 0.15101522842639614 0.9907142857142858 0.15101522842639614
3 0.7228571428571429 0.18274111675126917 0.6942857142857143 0.18274111675126917 0.6942857142857143 0.21700507614213213 0.7228571428571429 0.21700507614213213
3 0.6585714285714286 0.2944162436548225 0.6371428571428571 0.2944162436548225 0.6371428571428571 0.3388324873096448 0.6585714285714286 0.3388324873096448
3 0.7528571428571429 0.10786802030456868 0.7214285714285714 0.10786802030456867 0.7214285714285714 0.14213197969543162 0.7528571428571429 0.14213197969543165
3 0.7564285714285715 0.09010152284263975 0.7292857142857143 0.09010152284263974 0.7292857142857143 0.119289340101523 0.7564285714285715 0.11928934010152302
5 0.9621428571428572 0.09771573604060935 0.9478571428571428 0.09771573604060935 0.9478571428571428 0.12563451776649767 0.9621428571428572 0.12563451776649767
10 0.5221428571428571 0.0583756345177666 0.5014285714285714 0.0583756345177666 0.5014285714285714 0.1319796954314722 0.5221428571428571 0.1319796954314722
10 0.5592857142857143 0.6154822335025382 0.52 0.6154822335025382 0.52 0.7779187817258884 0.5592857142857143 0.7779187817258884
11 0.5014285714285714 0.12563451776649756 0.48642857142857143 0.12563451776649756 0.48642857142857143 0.168781725888325 0.5014285714285714 0.16878172588832502
7 0.695 0.3667512690355331 0.6885714285714286 0.3667512690355331 0.6885714285714286 0.38959390862944177 0.695 0.38959390862944177
7 0.6878571428571428 0.4276649746192895 0.6807142857142857 0.4276649746192895 0.6807142857142857 0.4467005076142133 0.6878571428571428 0.4467005076142133
7 0.6935714285714286 0.42512690355329963 0.6864285714285714 0.42512690355329963 0.6864285714285714 0.4454314720812184 0.6935714285714286 0.4454314720812184
7 0.6985714285714286 0.42512690355329963 0.6914285714285714 0.42512690355329963 0.6914285714285714 0.4467005076142133 0.6985714285714286 0.4467005076142133
7 0.37 0.2131979695431473 0.36357142857142855 0.2131979695431473 0.36357142857142855 0.23730964467005083 0.37 0.23730964467005083
7 0.36357142857142855 0.22461928934010159 0.35642857142857143 0.22461928934010159 0.35642857142857143 0.2461928934010153 0.36357142857142855 0.2461928934010153