3 0.3771428571428573 0.9447619047619048 0.3428571428571429 0.9447619047619048 0.3428571428571429 1 0.3771428571428573 1
3 0.32785714285714296 0.8590476190476191 0.28928571428571437 0.8590476190476191 0.28928571428571437 0.9561904761904761 0.32785714285714296 0.9561904761904761
3 0.3907142857142858 0.840952380952381 0.3550000000000001 0.840952380952381 0.3550000000000001 0.9333333333333333 0.3907142857142859 0.9333333333333333
3 0.4707142857142858 0.82 0.4307142857142857 0.82 0.43071428571428577 0.9219047619047619 0.47071428571428586 0.9219047619047619
3 0.3500000000000001 0.7257142857142858 0.3042857142857144 0.7257142857142858 0.3042857142857144 0.8276190476190476 0.3500000000000001 0.8276190476190476
3 0.4142857142857143 0.5885714285714285 0.38571428571428573 0.5885714285714285 0.38571428571428573 0.6866666666666666 0.4142857142857143 0.6866666666666666
11 0.24857142857142867 0.7980952380952381 0.19000000000000009 0.7980952380952381 0.19000000000000009 0.8847619047619047 0.24857142857142867 0.8847619047619047
3 0.1350000000000001 0.8380952380952381 0.05857142857142865 0.8380952380952381 0.05857142857142865 0.8819047619047619 0.1350000000000001 0.8819047619047619
3 0.26928571428571435 0.660952380952381 0.21214285714285722 0.660952380952381 0.21214285714285722 0.7409523809523809 0.26928571428571435 0.7409523809523809
3 0.27714285714285725 0.6019047619047619 0.2214285714285715 0.6019047619047619 0.2214285714285715 0.6847619047619048 0.27714285714285725 0.6847619047619048
3 0.2857142857142858 0.5371428571428571 0.23214285714285723 0.5371428571428571 0.23214285714285723 0.6161904761904762 0.2857142857142858 0.6161904761904762
3 0.1771428571428572 0.64 0.09500000000000004 0.64 0.09500000000000006 0.6923809523809524 0.1771428571428572 0.6923809523809524
3 0.20928571428571438 0.46 0.12642857142857147 0.46 0.12642857142857147 0.5038095238095238 0.20928571428571438 0.5038095238095238
3 0.37142857142857144 0.5038095238095238 0.33428571428571435 0.5038095238095238 0.33428571428571435 0.5961904761904762 0.37142857142857144 0.5961904761904762
3 0.2292857142857143 0.3342857142857143 0.15500000000000005 0.3342857142857143 0.15500000000000005 0.3819047619047619 0.2292857142857143 0.3819047619047619
3 0.2921428571428572 0.3933333333333333 0.24071428571428571 0.3933333333333333 0.24071428571428574 0.4723809523809524 0.2921428571428572 0.4723809523809524
3 0.3157142857142857 0.2876190476190476 0.2571428571428571 0.2876190476190476 0.2571428571428571 0.37047619047619046 0.3157142857142857 0.37047619047619046
3 0.32 0.2371428571428572 0.2664285714285714 0.2371428571428572 0.2664285714285714 0.31142857142857144 0.32 0.31142857142857144
3 0.3335714285714286 0.1990476190476191 0.2857142857142857 0.1990476190476191 0.2857142857142857 0.2666666666666667 0.3335714285714286 0.2666666666666668
3 0.38357142857142856 0.41142857142857153 0.34785714285714286 0.41142857142857153 0.3478571428571429 0.4961904761904762 0.38357142857142856 0.4961904761904762
3 0.3992857142857143 0.3171428571428572 0.36357142857142855 0.3171428571428572 0.36357142857142855 0.3961904761904763 0.3992857142857143 0.3961904761904763
3 0.4057142857142857 0.22285714285714292 0.37285714285714283 0.22285714285714292 0.37285714285714283 0.31047619047619057 0.4057142857142857 0.31047619047619057
3 0.3464285714285714 0.032380952380952434 0.3057142857142857 0.032380952380952434 0.3057142857142857 0.09428571428571433 0.3464285714285714 0.09428571428571433
3 0.3414285714285714 0.14571428571428577 0.29 0.14571428571428577 0.29 0.21619047619047624 0.3414285714285714 0.21619047619047624