10 0.5621428571428572 0.44285714285714295 0.5464285714285714 0.44285714285714295 0.5464285714285714 0.47142857142857153 0.5621428571428572 0.47142857142857153
10 0.5185714285714286 0.31142857142857155 0.5085714285714286 0.31142857142857155 0.5085714285714286 0.3323809523809525 0.5185714285714286 0.3323809523809525
10 0.5021428571428571 0.2676190476190477 0.48928571428571427 0.2676190476190477 0.48928571428571427 0.29142857142857154 0.5021428571428571 0.29142857142857154
10 0.48642857142857143 0.22380952380952387 0.475 0.22380952380952387 0.475 0.24952380952380962 0.48642857142857143 0.24952380952380962
10 0.4957142857142857 0.1990476190476191 0.48214285714285715 0.1990476190476191 0.48214285714285715 0.2171428571428572 0.4957142857142857 0.2171428571428572
10 0.5171428571428571 0.19238095238095249 0.5 0.19238095238095249 0.5 0.20857142857142869 0.5171428571428571 0.20857142857142869
3 0.5535714285714286 0.38476190476190486 0.5435714285714286 0.38476190476190486 0.5435714285714286 0.40095238095238106 0.5535714285714286 0.40095238095238106
2 0.5928571428571429 0.539047619047619 0.5642857142857143 0.539047619047619 0.5642857142857143 0.6095238095238096 0.5928571428571429 0.6095238095238096
5 0.605 0.5580952380952381 0.6 0.5580952380952381 0.6 0.5742857142857143 0.605 0.5742857142857143
8 0.605 0.5561904761904762 0.6 0.5561904761904762 0.6 0.5676190476190476 0.605 0.5676190476190476
3 0.23428571428571437 0.6580952380952381 0.20928571428571438 0.6580952380952381 0.20928571428571438 0.700952380952381 0.23428571428571437 0.700952380952381
3 0.26500000000000007 0.6571428571428571 0.23428571428571437 0.6571428571428571 0.23428571428571437 0.6961904761904761 0.26500000000000007 0.6961904761904761
3 0.4807142857142857 0.302857142857143 0.4735714285714286 0.302857142857143 0.4735714285714286 0.3142857142857144 0.4807142857142857 0.3142857142857144
3 0.3221428571428571 0.32761904761904764 0.31142857142857144 0.32761904761904764 0.31142857142857144 0.34 0.3221428571428571 0.34
3 0.3464285714285714 0.37619047619047624 0.32357142857142857 0.3761904761904762 0.32357142857142857 0.39047619047619053 0.3464285714285714 0.3904761904761906
3 0.35714285714285715 0.3361904761904763 0.33785714285714286 0.3361904761904763 0.33785714285714286 0.3476190476190477 0.35714285714285715 0.3476190476190477
3 0.35428571428571426 0.3485714285714287 0.3385714285714286 0.3485714285714287 0.3385714285714286 0.3580952380952382 0.35428571428571426 0.3580952380952382
3 0.3535714285714286 0.35428571428571437 0.33285714285714285 0.35428571428571437 0.33285714285714285 0.36666666666666675 0.3535714285714286 0.36666666666666675
3 0.31785714285714284 0.39904761904761904 0.29642857142857143 0.39904761904761904 0.29642857142857143 0.41619047619047617 0.31785714285714284 0.41619047619047617
3 0.36428571428571427 0.3123809523809525 0.35 0.3123809523809525 0.35 0.321904761904762 0.36428571428571427 0.321904761904762
3 0.3678571428571429 0.30476190476190484 0.3507142857142857 0.30476190476190484 0.3507142857142857 0.31333333333333346 0.3678571428571429 0.31333333333333346
3 0.3692857142857143 0.3009523809523811 0.35285714285714287 0.3009523809523811 0.35285714285714287 0.31047619047619057 0.3692857142857143 0.31047619047619057
3 0.36857142857142855 0.2942857142857144 0.35214285714285715 0.2942857142857144 0.35214285714285715 0.302857142857143 0.36857142857142855 0.302857142857143
10 0.31357142857142856 0.3485714285714286 0.3057142857142857 0.3485714285714286 0.3057142857142857 0.3647619047619048 0.31357142857142856 0.3647619047619048
3 0.37285714285714283 0.24761904761904774 0.35714285714285715 0.24761904761904774 0.35714285714285715 0.2552380952380953 0.37285714285714283 0.2552380952380953
3 0.37785714285714284 0.2580952380952382 0.3557142857142857 0.2580952380952382 0.3557142857142857 0.27333333333333343 0.37785714285714284 0.27333333333333343
4 0.42142857142857143 0.10000000000000006 0.4092857142857143 0.10000000000000006 0.4092857142857143 0.12095238095238102 0.42142857142857143 0.12095238095238103
6 0.6064285714285714 0.36761904761904773 0.5892857142857143 0.36761904761904773 0.5892857142857143 0.3923809523809525 0.6064285714285714 0.3923809523809525
3 0.5114285714285715 0.1742857142857144 0.5071428571428571 0.1742857142857144 0.5071428571428571 0.17904761904761915 0.5114285714285715 0.17904761904761915
3 0.48214285714285715 0.21809523809523815 0.47714285714285715 0.21809523809523815 0.47714285714285715 0.22285714285714292 0.48214285714285715 0.22285714285714292
3 0.7357142857142858 0.3161904761904763 0.7228571428571429 0.3161904761904763 0.7228571428571429 0.32761904761904775 0.7357142857142858 0.32761904761904775
3 0.7021428571428572 0.2838095238095239 0.6914285714285714 0.2838095238095239 0.6914285714285714 0.2942857142857144 0.7021428571428572 0.2942857142857144