3 0.09600000000000006 0.5213333333333333 0.05350000000000004 0.5213333333333333 0.05350000000000005 0.5493333333333333 0.09600000000000006 0.5493333333333333
3 0.5385 0.25866666666666677 0.52 0.25866666666666677 0.52 0.27533333333333343 0.5385 0.27533333333333343
3 0.4835 0.34066666666666673 0.47 0.34066666666666673 0.47 0.3646666666666668 0.4835 0.3646666666666668
3 0.4825 0.3546666666666668 0.468 0.3546666666666668 0.468 0.3840000000000002 0.4825 0.3840000000000002
3 0.4835 0.3866666666666668 0.469 0.3866666666666668 0.469 0.41600000000000015 0.4835 0.41600000000000015
3 0.4875 0.4126666666666668 0.472 0.4126666666666668 0.472 0.4446666666666668 0.4875 0.4446666666666668
3 0.54 0.32800000000000007 0.5295 0.32800000000000007 0.5295 0.3573333333333335 0.54 0.3573333333333335
3 0.5295 0.34466666666666684 0.5135 0.34466666666666684 0.5135 0.37400000000000017 0.5295 0.37400000000000017
3 0.525 0.3673333333333335 0.5095 0.3673333333333335 0.5095 0.39600000000000013 0.525 0.39600000000000013
3 0.541 0.4273333333333335 0.5135 0.4273333333333335 0.5135 0.44533333333333347 0.541 0.44533333333333347
3 0.54 0.4406666666666668 0.5095 0.4406666666666668 0.5095 0.46266666666666684 0.54 0.46266666666666684
3 0.5285 0.45866666666666683 0.5125 0.45866666666666683 0.5125 0.49600000000000016 0.5285 0.49600000000000016
3 0.4875 0.49800000000000016 0.471 0.49800000000000016 0.471 0.5393333333333334 0.4875 0.5393333333333334
3 0.491 0.5493333333333335 0.474 0.5493333333333335 0.474 0.5920000000000002 0.491 0.5920000000000002
3 0.49700000000000005 0.5960000000000002 0.476 0.5960000000000002 0.47600000000000003 0.6493333333333335 0.4970000000000001 0.6493333333333335
3 0.4980000000000001 0.6533333333333334 0.4775000000000001 0.6533333333333334 0.4775000000000001 0.7073333333333334 0.4980000000000001 0.7073333333333334
3 0.5075000000000001 0.72 0.4815000000000001 0.72 0.4815000000000001 0.778 0.5075000000000001 0.778
3 0.5545 0.5933333333333335 0.525 0.5933333333333335 0.525 0.6433333333333335 0.5545 0.6433333333333335
3 0.5845 0.7006666666666667 0.55 0.7006666666666667 0.55 0.7613333333333333 0.5845 0.7613333333333333
3 0.6335 0.778 0.5835 0.778 0.5835 0.8546666666666667 0.6335 0.8546666666666667
3 0.666 0.8766666666666667 0.624 0.8766666666666667 0.624 0.9446666666666667 0.666 0.9446666666666667
3 0.5805 0.9146666666666666 0.524 0.9146666666666666 0.524 0.9613333333333334 0.5805 0.9613333333333334
3 0.574 0.8533333333333334 0.5135 0.8533333333333334 0.5135 0.9146666666666666 0.574 0.9146666666666666
3 0.54 0.81 0.4920000000000001 0.81 0.4920000000000001 0.8533333333333334 0.54 0.8533333333333334
3 0.5345 0.7753333333333333 0.4795000000000001 0.7753333333333333 0.4795000000000001 0.8126666666666666 0.5345 0.8126666666666666
3 0.5965 0.9613333333333334 0.5325 0.9613333333333334 0.5325 1 0.5965 1
3 0.7095 0.9626666666666667 0.669 0.9626666666666667 0.669 1 0.7095 1
10 0.59 0.6460000000000001 0.5335 0.6460000000000001 0.5335 0.698 0.59 0.698
10 0.54 0.5406666666666669 0.5105 0.5406666666666669 0.5105 0.5960000000000002 0.54 0.5960000000000002