3 0.3045000000000001 0.7093333333333334 0.20150000000000007 0.7093333333333334 0.20150000000000007 0.778 0.3045000000000001 0.778
3 0.3150000000000001 0.636 0.21700000000000005 0.636 0.21700000000000005 0.6913333333333334 0.3150000000000001 0.6913333333333334
11 0.31200000000000006 0.5806666666666667 0.23350000000000007 0.5806666666666667 0.23350000000000007 0.6346666666666667 0.3120000000000001 0.6346666666666667
11 0.332 0.508 0.2605 0.508 0.2605 0.5573333333333333 0.332 0.5573333333333333
3 0.3325 0.468 0.2625 0.468 0.2625 0.51 0.3325 0.51
3 0.344 0.386 0.2705 0.386 0.2705 0.42933333333333334 0.344 0.42933333333333334
11 0.341 0.342 0.2855 0.342 0.2855 0.38266666666666665 0.341 0.38266666666666665
3 0.3465 0.3233333333333334 0.292 0.3233333333333334 0.292 0.3546666666666667 0.3465 0.3546666666666667
3 0.3495 0.29066666666666674 0.2945 0.29066666666666674 0.2945 0.3193333333333334 0.3495 0.3193333333333334
3 0.3515 0.2666666666666667 0.297 0.2666666666666667 0.297 0.2960000000000001 0.3515 0.2960000000000001
3 0.349 0.2413333333333334 0.293 0.2413333333333334 0.293 0.26800000000000007 0.349 0.26800000000000007
3 0.3535 0.22866666666666674 0.3035 0.22866666666666674 0.3035 0.25266666666666676 0.3535 0.25266666666666676
3 0.359 0.21066666666666675 0.3145 0.21066666666666675 0.3145 0.23533333333333342 0.359 0.23533333333333342
11 0.362 0.1940000000000001 0.315 0.1940000000000001 0.315 0.21866666666666673 0.362 0.21866666666666673
3 0.371 0.1853333333333334 0.327 0.1853333333333334 0.327 0.20600000000000007 0.371 0.20600000000000007
3 0.366 0.1666666666666667 0.3285 0.1666666666666667 0.3285 0.18866666666666673 0.366 0.18866666666666673
9 0.3665 0.14466666666666672 0.3355 0.1446666666666667 0.3355 0.1653333333333334 0.3665 0.16533333333333342
11 0.3705 0.12266666666666673 0.3325 0.1226666666666667 0.3325 0.1473333333333334 0.3705 0.1473333333333334
11 0.325 0.05733333333333339 0.3125 0.05733333333333339 0.3125 0.08200000000000006 0.325 0.08200000000000006
4 0.3815 0.04000000000000006 0.3505 0.040000000000000056 0.3505 0.09333333333333341 0.3815 0.09333333333333341
3 0.5005000000000002 0.6306666666666667 0.4560000000000001 0.6306666666666667 0.4560000000000001 0.752 0.5005000000000002 0.752
8 0.528 0.6633333333333334 0.5125 0.6633333333333334 0.5125 0.692 0.528 0.692
5 0.527 0.6613333333333334 0.5145 0.6613333333333334 0.5145 0.7093333333333334 0.527 0.7093333333333334
8 0.491 0.4773333333333335 0.4805 0.4773333333333335 0.4805 0.5006666666666668 0.491 0.5006666666666668
5 0.4915 0.4853333333333335 0.48 0.4853333333333335 0.48 0.5120000000000001 0.4915 0.5120000000000001
11 0.568 0.40666666666666684 0.525 0.40666666666666684 0.525 0.4966666666666668 0.568 0.4966666666666668
3 0.6125 0.35200000000000015 0.577 0.35200000000000015 0.577 0.3993333333333335 0.6125 0.3993333333333335
7 0.859 0.5180000000000001 0.845 0.5180000000000001 0.845 0.5506666666666669 0.859 0.5506666666666669
8 0.9005 0.4426666666666668 0.8905 0.4426666666666668 0.8905 0.4693333333333335 0.9005 0.4693333333333335
8 0.912 0.4446666666666668 0.9015 0.4446666666666668 0.9015 0.4693333333333335 0.912 0.4693333333333335
3 0.4635 0.3453333333333333 0.436 0.3453333333333333 0.436 0.4013333333333333 0.4635 0.4013333333333333
3 0.638 0.20400000000000007 0.6075 0.20400000000000007 0.6075 0.23400000000000007 0.638 0.23400000000000007
8 0.569 0.20466666666666675 0.5635 0.20466666666666675 0.5635 0.22000000000000008 0.569 0.22000000000000008
5 0.5695 0.20866666666666675 0.5635 0.20866666666666675 0.5635 0.22600000000000006 0.5695 0.22600000000000006
8 0.5445 0.1600000000000001 0.538 0.1600000000000001 0.538 0.1773333333333334 0.5445 0.1773333333333334
5 0.544 0.16666666666666674 0.5375 0.16666666666666674 0.5375 0.18200000000000008 0.544 0.18200000000000008
3 0.442 0.16666666666666674 0.4235 0.16666666666666674 0.4235 0.19666666666666674 0.442 0.19666666666666674
11 0.4365 0.10866666666666674 0.422 0.10866666666666674 0.422 0.1313333333333334 0.4365 0.1313333333333334
11 0.4295 0.05000000000000008 0.4175 0.05000000000000008 0.4175 0.07066666666666674 0.4295 0.07066666666666674
3 0.43 0.0413333333333334 0.417 0.0413333333333334 0.417 0.05866666666666674 0.43 0.05866666666666674
11 0.4265 0.03200000000000006 0.4155 0.03200000000000006 0.4155 0.04733333333333341 0.4265 0.04733333333333341
3 0.425 0.0233333333333334 0.4135 0.0233333333333334 0.4135 0.03866666666666673 0.425 0.03866666666666673
8 0.433 0.022000000000000065 0.4295 0.022000000000000065 0.4295 0.034000000000000065 0.433 0.034000000000000065
5 0.4325 0.026000000000000065 0.4295 0.026000000000000065 0.4295 0.03600000000000007 0.4325 0.03600000000000007
8 0.438 0.0033333333333334042 0.435 0.0033333333333334042 0.435 0.013333333333333404 0.438 0.013333333333333404
5 0.438 0.006666666666666737 0.435 0.006666666666666737 0.435 0.014666666666666738 0.438 0.014666666666666738
7 0.4815 0.0026666666666667446 0.4795 0.0026666666666667446 0.4795 0.013333333333333414 0.4815 0.013333333333333414
7 0.482 0.006666666666666745 0.48 0.006666666666666745 0.48 0.01400000000000008 0.482 0.01400000000000008
11 0.4825 0.012000000000000078 0.4705 0.012000000000000077 0.4705 0.024000000000000077 0.4825 0.024000000000000077
10 0.5105 0.032666666666666754 0.499 0.032666666666666754 0.499 0.04933333333333341 0.5105 0.04933333333333341
7 0.535 0.032000000000000084 0.5315 0.032000000000000084 0.5315 0.0480000000000001 0.535 0.0480000000000001
3 0.5355 0.04666666666666675 0.5125 0.046666666666666745 0.5125 0.06266666666666675 0.5355 0.06266666666666676
3 0.551 0.05066666666666676 0.5225 0.05066666666666676 0.5225 0.06533333333333342 0.551 0.06533333333333342
7 0.5285 0.0540000000000001 0.5255 0.0540000000000001 0.5255 0.07000000000000009 0.5285 0.07000000000000009
11 0.552 0.052000000000000095 0.5295 0.052000000000000095 0.5295 0.06733333333333343 0.552 0.06733333333333343
3 0.555 0.06133333333333343 0.53 0.06133333333333343 0.53 0.07666666666666676 0.555 0.07666666666666676
11 0.5625 0.06466666666666676 0.535 0.06466666666666676 0.535 0.08266666666666676 0.5625 0.08266666666666676
11 0.571 0.07000000000000009 0.5455 0.07000000000000009 0.5455 0.08733333333333342 0.571 0.08733333333333342
11 0.5735 0.07733333333333343 0.548 0.07733333333333343 0.548 0.09400000000000007 0.5735 0.09400000000000007
3 0.5755 0.08333333333333343 0.552 0.08333333333333343 0.552 0.10200000000000008 0.5755 0.10200000000000008
7 0.5155 0.0733333333333334 0.511 0.0733333333333334 0.511 0.09000000000000008 0.5155 0.09000000000000008
1 0.771 0.3086666666666668 0.75 0.3086666666666668 0.75 0.3260000000000002 0.771 0.3260000000000002