11 0.8707142857142857 0.48350253807106613 0.7957142857142857 0.48350253807106613 0.7957142857142857 0.5494923857868022 0.8707142857142857 0.5494923857868022
11 0.9957142857142857 0.42131979695431493 0.9221428571428572 0.4213197969543149 0.9221428571428572 0.5063451776649749 0.9957142857142857 0.5063451776649749
11 0.7785714285714286 0.34517766497461944 0.7485714285714286 0.34517766497461944 0.7485714285714286 0.43781725888324885 0.7785714285714286 0.43781725888324885
11 0.7421428571428571 0.3540609137055839 0.7085714285714285 0.3540609137055839 0.7085714285714285 0.4505076142131981 0.7421428571428571 0.4505076142131981
11 0.705 0.3667512690355331 0.6728571428571428 0.3667512690355331 0.6728571428571428 0.4644670050761423 0.705 0.4644670050761423
11 0.6628571428571428 0.40482233502538084 0.625 0.40482233502538084 0.625 0.5063451776649748 0.6628571428571428 0.5063451776649748
3 0.9392857142857143 0.25634517766497483 0.8892857142857142 0.25634517766497483 0.8892857142857142 0.30964467005076163 0.9392857142857143 0.30964467005076163
2 0.7128571428571429 0.09263959390862958 0.6571428571428571 0.09263959390862958 0.6571428571428571 0.2626903553299494 0.7128571428571429 0.2626903553299494
3 0.6464285714285715 0.19670050761421334 0.6157142857142858 0.19670050761421334 0.6157142857142858 0.2829949238578682 0.6464285714285715 0.2829949238578682
2 0.6335714285714286 0.10152284263959403 0.5685714285714286 0.10152284263959402 0.5685714285714286 0.29314720812182754 0.6335714285714286 0.29314720812182754
11 0.6121428571428571 0.32994923857868036 0.5757142857142857 0.32994923857868036 0.5757142857142857 0.4276649746192895 0.6121428571428571 0.4276649746192895
2 0.5842857142857143 0.2842639593908631 0.5235714285714286 0.2842639593908631 0.5235714285714286 0.4593908629441626 0.5842857142857143 0.4593908629441626
3 0.6471428571428571 0.05583756345177678 0.6178571428571429 0.055837563451776775 0.6178571428571429 0.11548223350253821 0.6471428571428571 0.11548223350253821
3 0.5364285714285715 0.6941624365482234 0.4835714285714286 0.6941624365482234 0.4835714285714286 0.817258883248731 0.5364285714285715 0.817258883248731
2 0.5471428571428572 0.453045685279188 0.4607142857142857 0.453045685279188 0.4607142857142857 0.700507614213198 0.5471428571428572 0.700507614213198
10 0.4328571428571429 0.8286802030456852 0.3021428571428572 0.8286802030456852 0.3021428571428572 0.9467005076142132 0.4328571428571429 0.9467005076142132
11 0.3550000000000001 0.699238578680203 0.28357142857142864 0.699238578680203 0.28357142857142864 0.7880710659898477 0.3550000000000001 0.7880710659898477
2 0.2628571428571429 0.5520304568527918 0.10000000000000005 0.5520304568527918 0.10000000000000005 0.7296954314720813 0.26285714285714296 0.7296954314720813
3 0.08714285714285719 0.5203045685279187 0.043571428571428615 0.5203045685279187 0.043571428571428615 0.5799492385786802 0.08714285714285719 0.5799492385786802
2 0.04714285714285718 0.4530456852791878 0.0014285714285714596 0.4530456852791878 0.0014285714285714641 0.5824873096446701 0.04714285714285718 0.5824873096446701
3 0.32857142857142857 0.29695431472081224 0.2885714285714286 0.29695431472081224 0.2885714285714286 0.366751269035533 0.32857142857142857 0.366751269035533
3 0.4092857142857143 0.44923857868020317 0.355 0.44923857868020317 0.355 0.5076142131979697 0.4092857142857143 0.5076142131979697
7 0.015000000000000057 0.7868020304568528 0.0007142857142857685 0.7868020304568528 0.0007142857142857697 0.8210659898477157 0.015000000000000057 0.8210659898477157
10 0.66 0.0012690355329950643 0.63 0.0012690355329950608 0.63 0.04441624365482248 0.66 0.04441624365482248
7 0.6971428571428572 0.26522842639593924 0.6885714285714286 0.26522842639593924 0.6885714285714286 0.2944162436548225 0.6971428571428572 0.2944162436548225
7 0.6728571428571428 0.34390862944162454 0.665 0.34390862944162454 0.665 0.37055837563451793 0.6728571428571428 0.37055837563451793
2 1 0.11040609137055857 0.8857142857142857 0.11040609137055855 0.8857142857142857 0.23984771573604083 1 0.23984771573604083
2 0.8892857142857142 0.06345177664974637 0.7557142857142857 0.06345177664974636 0.7557142857142857 0.18401015228426415 0.8892857142857142 0.18401015228426418
7 0.8214285714285714 0.05329949238578698 0.8142857142857143 0.05329949238578698 0.8142857142857143 0.07741116751269053 0.8214285714285714 0.07741116751269053
7 0.83 0.06218274111675145 0.8221428571428572 0.06218274111675145 0.8221428571428572 0.08883248730964485 0.83 0.08883248730964485
7 0.7364285714285714 0.14847715736040623 0.7278571428571429 0.14847715736040623 0.7278571428571429 0.18527918781725902 0.7364285714285714 0.18527918781725902
7 0.73 0.14467005076142148 0.7207142857142858 0.14467005076142148 0.7207142857142858 0.17512690355329963 0.73 0.17512690355329963