2 0.7735714285714286 0.5819047619047621 0.67 0.5819047619047621 0.67 0.8733333333333335 0.7735714285714286 0.8733333333333335
10 0.9207142857142857 0.6219047619047621 0.7528571428571429 0.6219047619047621 0.7528571428571429 0.9628571428571431 0.9207142857142857 0.9628571428571431
10 0.6814285714285714 0.4533333333333334 0.6514285714285715 0.4533333333333334 0.6514285714285715 0.5247619047619049 0.6814285714285714 0.524761904761905
10 0.7378571428571429 0.41428571428571437 0.6835714285714286 0.41428571428571437 0.6835714285714286 0.5342857142857145 0.7378571428571429 0.5342857142857145
4 0.9978571428571429 0.4095238095238097 0.9542857142857143 0.4095238095238096 0.9542857142857143 0.46476190476190493 0.9978571428571429 0.464761904761905
0 0.5592857142857143 0.5371428571428571 0.5271428571428571 0.5371428571428571 0.5271428571428571 0.5895238095238096 0.5592857142857143 0.5895238095238096
10 0.6257142857142857 0.24666666666666678 0.6142857142857143 0.24666666666666678 0.6142857142857143 0.27333333333333343 0.6257142857142857 0.27333333333333343
11 0.6392857142857142 0.2847619047619049 0.6257142857142857 0.2847619047619049 0.6257142857142857 0.31333333333333346 0.6392857142857142 0.31333333333333346
10 0.6592857142857143 0.29333333333333345 0.6428571428571429 0.29333333333333345 0.6428571428571429 0.32571428571428584 0.6592857142857143 0.32571428571428584
3 0.7628571428571429 0.2876190476190477 0.7542857142857143 0.2876190476190477 0.7542857142857143 0.3000000000000001 0.7628571428571429 0.3000000000000001
5 0.23428571428571437 0.5961904761904762 0.20785714285714293 0.5961904761904762 0.20785714285714293 0.6266666666666667 0.23428571428571437 0.6266666666666667
5 0.2407142857142858 0.5847619047619048 0.21500000000000008 0.5847619047619048 0.21500000000000008 0.6152380952380953 0.2407142857142858 0.6152380952380953
5 0.2635714285714287 0.5714285714285714 0.23500000000000007 0.5714285714285714 0.23500000000000007 0.5942857142857143 0.2635714285714287 0.5942857142857143
5 0.2664285714285715 0.5657142857142857 0.24214285714285722 0.5657142857142857 0.24214285714285722 0.5857142857142857 0.2664285714285715 0.5857142857142857
5 0.27357142857142863 0.5561904761904762 0.24857142857142867 0.5561904761904762 0.24857142857142867 0.5771428571428572 0.27357142857142863 0.5771428571428572
5 0.28214285714285725 0.6323809523809524 0.25285714285714295 0.6323809523809524 0.25285714285714295 0.659047619047619 0.28214285714285725 0.659047619047619
5 0.2928571428571429 0.6238095238095238 0.26500000000000007 0.6238095238095238 0.26500000000000007 0.6485714285714286 0.2928571428571429 0.6485714285714286
5 0.33285714285714296 0.6295238095238095 0.3050000000000001 0.6295238095238095 0.3050000000000001 0.6533333333333333 0.33285714285714296 0.6533333333333333
5 0.3471428571428572 0.6047619047619047 0.3164285714285715 0.6047619047619047 0.3164285714285715 0.6323809523809524 0.3471428571428572 0.6323809523809524
5 0.3507142857142858 0.6028571428571429 0.3257142857142858 0.6028571428571429 0.3257142857142858 0.6257142857142857 0.3507142857142858 0.6257142857142857
5 0.3121428571428572 0.58 0.2828571428571429 0.58 0.2828571428571429 0.599047619047619 0.3121428571428572 0.599047619047619
5 0.3378571428571429 0.580952380952381 0.3092857142857144 0.580952380952381 0.3092857142857144 0.6085714285714285 0.3378571428571429 0.6085714285714285
5 0.31857142857142867 0.5666666666666667 0.2921428571428572 0.5666666666666667 0.2921428571428572 0.580952380952381 0.31857142857142867 0.580952380952381
5 0.3450000000000001 0.5771428571428572 0.3214285714285715 0.5771428571428572 0.3214285714285715 0.5980952380952381 0.3450000000000001 0.5980952380952381
7 0.6135714285714285 0.29333333333333345 0.6107142857142858 0.29333333333333345 0.6107142857142858 0.30666666666666675 0.6135714285714285 0.30666666666666675
7 0.615 0.32380952380952394 0.6114285714285714 0.32380952380952394 0.6114285714285714 0.33714285714285724 0.615 0.33714285714285724
7 0.6192857142857143 0.321904761904762 0.6157142857142858 0.321904761904762 0.6157142857142858 0.3380952380952382 0.6192857142857143 0.3380952380952382
8 0.6292857142857143 0.32571428571428584 0.6242857142857143 0.32571428571428584 0.6242857142857143 0.33714285714285724 0.6292857142857143 0.33714285714285724
8 0.64 0.31904761904761914 0.6357142857142857 0.31904761904761914 0.6357142857142857 0.3323809523809525 0.64 0.3323809523809525
5 0.64 0.32571428571428584 0.635 0.32571428571428584 0.635 0.33523809523809533 0.64 0.33523809523809533
5 0.6285714285714286 0.3304761904761906 0.6242857142857143 0.3304761904761906 0.6242857142857143 0.34095238095238106 0.6285714285714286 0.34095238095238106
10 0.6135714285714285 0.1961904761904763 0.6057142857142858 0.1961904761904763 0.6057142857142858 0.2161904761904763 0.6135714285714285 0.2161904761904763
10 0.6171428571428571 0.19047619047619058 0.6085714285714285 0.19047619047619058 0.6085714285714285 0.21238095238095248 0.6171428571428571 0.21238095238095248
4 0.6114285714285714 0.16476190476190486 0.5964285714285714 0.16476190476190486 0.5964285714285714 0.19047619047619058 0.6114285714285714 0.19047619047619058
4 0.6064285714285714 0.19238095238095249 0.6 0.19238095238095249 0.6 0.21238095238095248 0.6064285714285714 0.21238095238095248
10 0.7278571428571429 0.21238095238095248 0.7214285714285714 0.21238095238095248 0.7214285714285714 0.22666666666666677 0.7278571428571429 0.22666666666666677
2 0.7435714285714285 0.2038095238095239 0.7 0.2038095238095239 0.7 0.2200000000000001 0.7435714285714285 0.2200000000000001