11 0.6271428571428571 0.8616751269035533 0.5857142857142857 0.8616751269035533 0.5857142857142857 0.998730964467005 0.6271428571428571 0.998730964467005
11 0.9371428571428572 0.9111675126903556 0.8914285714285715 0.9111675126903556 0.8914285714285715 0.9987309644670054 0.9371428571428572 0.9987309644670054
11 0.9742857142857143 0.7690355329949241 0.9257142857142857 0.7690355329949241 0.9257142857142857 0.8730964467005079 0.9742857142857143 0.8730964467005079
11 0.8357142857142857 0.48223350253807123 0.7907142857142857 0.48223350253807123 0.7907142857142857 0.5520304568527921 0.8357142857142857 0.5520304568527921
11 0.8278571428571428 0.4467005076142133 0.7842857142857143 0.4467005076142133 0.7842857142857143 0.5114213197969545 0.8278571428571428 0.5114213197969545
11 0.8 0.3401015228426397 0.76 0.3401015228426397 0.76 0.3959390862944164 0.8 0.3959390862944164
11 0.7907142857142857 0.3083756345177666 0.7528571428571429 0.3083756345177666 0.7528571428571429 0.36294416243654837 0.7907142857142857 0.36294416243654837
11 0.8071428571428572 0.25126903553299507 0.77 0.25126903553299507 0.77 0.30456852791878186 0.8071428571428572 0.30456852791878186
11 0.8278571428571428 0.1281725888324875 0.7985714285714286 0.1281725888324875 0.7985714285714286 0.17512690355329963 0.8278571428571428 0.17512690355329963
3 0.8114285714285714 0.17005076142131995 0.7707142857142857 0.17005076142131995 0.7707142857142857 0.21954314720812196 0.8114285714285714 0.21954314720812196
2 0.9864285714285714 0.17131979695431493 0.8878571428571429 0.17131979695431493 0.8878571428571429 0.24746192893401037 0.9864285714285714 0.24746192893401037
3 0.8707142857142857 0.6167512690355331 0.8228571428571428 0.6167512690355331 0.8228571428571428 0.6916243654822338 0.8707142857142857 0.6916243654822338
3 0.4707142857142857 0.5659898477157362 0.4407142857142857 0.5659898477157362 0.4407142857142857 0.6624365482233503 0.4707142857142857 0.6624365482233503
3 0.4085714285714286 0.8578680203045685 0.37214285714285716 0.8578680203045685 0.37214285714285716 0.9796954314720813 0.4085714285714286 0.9796954314720813
3 0.42928571428571427 0.37182741116751283 0.3992857142857143 0.37182741116751283 0.3992857142857143 0.451776649746193 0.42928571428571427 0.451776649746193
3 0.42857142857142855 0.18654822335025387 0.4057142857142857 0.18654822335025387 0.4057142857142857 0.24492385786802037 0.42857142857142855 0.24492385786802037
11 0.38357142857142856 0.2525380710659899 0.3578571428571429 0.2525380710659899 0.3578571428571429 0.3324873096446702 0.38357142857142856 0.3324873096446702
2 0.47285714285714286 0.13578680203045695 0.4442857142857143 0.13578680203045695 0.4442857142857143 0.23730964467005083 0.47285714285714286 0.23730964467005083
11 0.4692857142857143 0.32487309644670065 0.4407142857142857 0.32487309644670065 0.4407142857142857 0.40482233502538084 0.4692857142857143 0.40482233502538084
3 0.55 0.003807106598984889 0.53 0.0038071065989848866 0.53 0.05710659898477169 0.55 0.0571065989847717
10 0.44285714285714284 9.247015805744608e-17 0.40714285714285714 8.858485729872987e-17 0.40714285714285714 0.07233502538071075 0.44285714285714284 0.07233502538071075
2 0.8142857142857143 0.007614213197969716 0.7628571428571429 0.00761421319796971 0.7628571428571429 0.11675126903553318 0.8142857142857143 0.11675126903553318
3 0.9271428571428572 0.10913705583756365 0.9 0.10913705583756363 0.9 0.14974619289340121 0.9271428571428572 0.14974619289340124
3 0.94 0.03299492385786822 0.9057142857142857 0.032994923857868216 0.9057142857142857 0.0634517766497464 0.94 0.0634517766497464
7 0.7471428571428571 0.23857868020304582 0.7371428571428571 0.23857868020304582 0.7371428571428571 0.26649746192893414 0.7471428571428571 0.26649746192893414
5 0.7414285714285714 0.3540609137055839 0.7292857142857143 0.3540609137055839 0.7292857142857143 0.3921319796954316 0.7414285714285714 0.3921319796954316
7 0.7071428571428572 0.2220812182741118 0.6992857142857143 0.2220812182741118 0.6992857142857143 0.25253807106598997 0.7071428571428572 0.25253807106598997
7 0.6685714285714286 0.2487309644670052 0.6592857142857143 0.2487309644670052 0.6592857142857143 0.2791878172588834 0.6685714285714286 0.2791878172588834
10 0.6721428571428572 0.49619289340101536 0.6085714285714285 0.49619289340101536 0.6085714285714285 0.719543147208122 0.6721428571428572 0.7195431472081221
7 0.7 0.13197969543147223 0.6907142857142857 0.13197969543147223 0.6907142857142857 0.16116751269035548 0.7 0.16116751269035548
7 0.6914285714285714 0.25888324873096463 0.6828571428571428 0.25888324873096463 0.6828571428571428 0.2817258883248732 0.6914285714285714 0.2817258883248732
7 0.6871428571428572 0.2753807106598986 0.6778571428571428 0.2753807106598986 0.6778571428571428 0.29695431472081235 0.6871428571428572 0.29695431472081235
3 0.7664285714285715 0.2626903553299494 0.7314285714285714 0.2626903553299494 0.7314285714285714 0.29187817258883264 0.7664285714285715 0.29187817258883264