3 0.1534446764091858 0.33116883116883117 0.13152400835073072 0.33116883116883117 0.13152400835073072 0.3525046382189239 0.1534446764091858 0.3525046382189239
3 0.08507306889352821 0.32838589981447125 0.06210855949895619 0.32838589981447125 0.06210855949895619 0.3460111317254174 0.08507306889352821 0.3460111317254174
3 0.16597077244258873 0.27087198515769945 0.14613778705636743 0.27087198515769945 0.14613778705636743 0.287569573283859 0.16597077244258873 0.287569573283859
3 0.19363256784968685 0.1957328385899815 0.17640918580375783 0.1957328385899815 0.17640918580375783 0.215213358070501 0.19363256784968685 0.215213358070501
3 0.12734864300626308 0.3293135435992579 0.10751565762004178 0.3293135435992579 0.10751565762004178 0.34786641929499074 0.12734864300626308 0.34786641929499074
3 0.023486430062630504 0.32838589981447125 0.0005219206680584778 0.32838589981447125 0.0005219206680584784 0.3469387755102041 0.023486430062630504 0.3469387755102041
3 0.447286012526096 0.4239332096474955 0.4311064718162839 0.4239332096474955 0.4311064718162839 0.466604823747681 0.447286012526096 0.466604823747681
3 0.5125260960334029 0.352504638218924 0.4979123173277662 0.352504638218924 0.4979123173277662 0.38311688311688324 0.5125260960334029 0.38311688311688324
3 0.505741127348643 0.29128014842300565 0.494258872651357 0.29128014842300565 0.494258872651357 0.3144712430426717 0.505741127348643 0.3144712430426717
3 0.46555323590814196 0.27458256029684613 0.45407098121085593 0.27458256029684613 0.45407098121085593 0.3005565862708721 0.46555323590814196 0.3005565862708721
3 0.4561586638830898 0.20037105751391476 0.44572025052192066 0.20037105751391476 0.44572025052192066 0.22170686456400754 0.4561586638830898 0.22170686456400754
3 0.5062630480167014 0.20686456400742126 0.4963465553235908 0.20686456400742126 0.4963465553235908 0.22448979591836746 0.5062630480167014 0.22448979591836746
3 0.4733820459290188 0.18552875695732848 0.4639874739039666 0.18552875695732848 0.4639874739039666 0.20222634508348805 0.4733820459290188 0.20222634508348805
3 0.49269311064718163 0.11317254174397041 0.48538622129436326 0.11317254174397041 0.48538622129436326 0.12615955473098342 0.49269311064718163 0.12615955473098342
3 0.5015657620041754 0.10575139146567729 0.494258872651357 0.10575139146567729 0.494258872651357 0.11873840445269027 0.5015657620041754 0.11873840445269027
3 0.5005219206680585 0.07884972170686468 0.49373695198329853 0.07884972170686468 0.49373695198329853 0.09369202226345094 0.5005219206680585 0.09369202226345094
11 0.4650313152400835 0.07699443413729139 0.45876826722338204 0.07699443413729139 0.45876826722338204 0.09461966604823759 0.4650313152400835 0.09461966604823759
2 0.4488517745302714 0.06586270871985168 0.43789144050104384 0.06586270871985168 0.43789144050104384 0.09554730983302423 0.4488517745302714 0.09554730983302423
3 0.552713987473904 0.28200371057513923 0.534446764091858 0.28200371057513923 0.534446764091858 0.3024118738404454 0.552713987473904 0.3024118738404454
3 0.48956158663883087 0.04916512059369213 0.48434237995824636 0.04916512059369213 0.48434237995824636 0.058441558441558544 0.48956158663883087 0.058441558441558544
3 0.4953027139874739 0.028756957328386006 0.4900835073068894 0.028756957328386006 0.4900835073068894 0.03710575139146578 0.4953027139874739 0.03710575139146578
3 0.4921711899791232 0.017625231910946303 0.4869519832985386 0.017625231910946303 0.4869519832985386 0.02597402597402608 0.4921711899791232 0.02597402597402608
3 0.49269311064718163 0.009276437847866527 0.4879958246346555 0.009276437847866525 0.4879958246346555 0.017625231910946303 0.49269311064718163 0.017625231910946303
11 0.5516701461377871 0.12894248608534334 0.5438413361169102 0.12894248608534334 0.5438413361169102 0.14471243042671625 0.5516701461377871 0.14471243042671625
11 0.5683716075156576 0.1215213358070502 0.5532359081419624 0.1215213358070502 0.5532359081419624 0.13450834879406318 0.5683716075156576 0.13450834879406318
2 0.5391440501043842 0.31076066790352513 0.5125260960334029 0.31076066790352513 0.5125260960334029 0.38126159554730993 0.5391440501043842 0.38126159554730993
11 0.6884133611691023 0.48701298701298723 0.6581419624217119 0.48701298701298723 0.6581419624217119 0.5194805194805197 0.6884133611691023 0.5194805194805197
11 0.6737995824634656 0.42115027829313556 0.6367432150313153 0.42115027829313556 0.6367432150313153 0.4526901669758814 0.6737995824634656 0.4526901669758814
11 0.6544885177453027 0.38404452690166985 0.6263048016701461 0.38404452690166985 0.6263048016701461 0.41280148423005575 0.6544885177453027 0.41280148423005575
3 0.651356993736952 0.3664192949907237 0.622651356993737 0.3664192949907237 0.622651356993737 0.3877551020408164 0.651356993736952 0.3877551020408164
3 0.697286012526096 0.5269016697588128 0.6623173277661796 0.5269016697588128 0.6623173277661796 0.5565862708719854 0.697286012526096 0.5565862708719854
3 0.6216075156576201 0.2875695732838591 0.5991649269311065 0.2875695732838591 0.5991649269311065 0.3051948051948053 0.6216075156576201 0.3051948051948053
3 0.6205636743215032 0.27458256029684613 0.5955114822546973 0.27458256029684613 0.5955114822546973 0.29128014842300565 0.6205636743215032 0.29128014842300565
3 0.6122129436325678 0.25788497217068657 0.5882045929018789 0.25788497217068657 0.5882045929018789 0.27458256029684613 0.6122129436325678 0.27458256029684613
11 0.6137787056367432 0.26437847866419306 0.5902922755741128 0.26437847866419306 0.5902922755741128 0.28385899814471255 0.6137787056367432 0.28385899814471255
11 0.6148225469728601 0.241187384044527 0.5955114822546973 0.241187384044527 0.5955114822546973 0.2606679035250465 0.6148225469728601 0.2606679035250465
3 0.6069937369519833 0.23469387755102053 0.5887265135699373 0.2346938775510205 0.5887265135699373 0.25139146567718007 0.6069937369519833 0.25139146567718007
3 0.574634655532359 0.22077922077922088 0.5631524008350731 0.22077922077922088 0.5631524008350731 0.23562152133580716 0.574634655532359 0.23562152133580716
3 0.5955114822546973 0.19758812615955484 0.5756784968684759 0.19758812615955484 0.5756784968684759 0.21150278293135447 0.5955114822546973 0.21150278293135447
3 0.5960334029227558 0.19202226345083498 0.5741127348643006 0.19202226345083498 0.5741127348643006 0.2059369202226346 0.5960334029227558 0.2059369202226346
3 0.6111691022964509 0.17346938775510218 0.5918580375782881 0.17346938775510215 0.5918580375782881 0.19109461966604838 0.6111691022964509 0.1910946196660484
3 0.5882045929018789 0.17625231910946207 0.5694154488517745 0.17625231910946207 0.5694154488517745 0.18831168831168843 0.5882045929018789 0.18831168831168843
3 0.767223382045929 0.6187384044526903 0.7239039665970772 0.6187384044526903 0.7239039665970772 0.6539888682745828 0.767223382045929 0.6539888682745828
3 0.6581419624217119 0.6790352504638221 0.6367432150313153 0.6790352504638221 0.6367432150313153 0.7393320964749538 0.6581419624217119 0.7393320964749538
11 0.8152400835073069 0.7615955473098333 0.7719206680584552 0.7615955473098333 0.7719206680584552 0.8070500927643787 0.8152400835073069 0.8070500927643787
5 0.6743215031315241 0.7040816326530615 0.6654488517745303 0.7040816326530615 0.6654488517745303 0.7365491651205939 0.6743215031315241 0.7365491651205939
7 0.6826722338204593 0.717996289424861 0.6758872651356994 0.717996289424861 0.6758872651356994 0.7430426716141004 0.6826722338204593 0.7430426716141004
8 0.6576200417536534 0.746753246753247 0.6497912317327766 0.746753246753247 0.6497912317327766 0.7782931354359928 0.6576200417536534 0.7782931354359928
5 0.6607515657620042 0.7495361781076069 0.644572025052192 0.7495361781076069 0.644572025052192 0.7810760667903527 0.6607515657620042 0.7810760667903527
8 0.6116910229645094 0.4777365491651208 0.6069937369519833 0.4777365491651208 0.6069937369519833 0.4916512059369204 0.6116910229645094 0.4916512059369204
8 0.6007306889352818 0.42764378478664206 0.5970772442588727 0.42764378478664206 0.5970772442588727 0.43877551020408173 0.6007306889352818 0.43877551020408173
5 0.6116910229645094 0.4842300556586273 0.605427974947808 0.4842300556586273 0.605427974947808 0.49907235621521356 0.6116910229645094 0.49907235621521356
5 0.6002087682672234 0.4332096474953619 0.5955114822546973 0.4332096474953619 0.5955114822546973 0.4452690166975882 0.6002087682672234 0.4452690166975882
3 0.5960334029227558 0.3311688311688313 0.5808977035490606 0.3311688311688313 0.5808977035490606 0.35714285714285726 0.5960334029227558 0.35714285714285726
3 0.5375782881002088 0.054730983302411995 0.5323590814196242 0.054730983302411995 0.5323590814196242 0.06586270871985168 0.5375782881002088 0.06586270871985168
3 0.534446764091858 0.04359925788497229 0.5276617954070981 0.04359925788497229 0.5276617954070981 0.05287569573283871 0.534446764091858 0.05287569573283871
3 0.5302713987473904 0.031539888682745945 0.5245302713987474 0.031539888682745945 0.5245302713987474 0.03896103896103908 0.5302713987473904 0.03896103896103908
3 0.5203549060542797 0.025046382189239443 0.5156576200417536 0.025046382189239443 0.5156576200417536 0.03432282003710587 0.5203549060542797 0.03432282003710587
3 0.5292275574112735 0.027829313543599368 0.5224425887265136 0.027829313543599368 0.5224425887265136 0.03339517625231923 0.5292275574112735 0.03339517625231923
3 0.5281837160751566 0.022263450834879517 0.524008350730689 0.022263450834879517 0.524008350730689 0.02968460111317266 0.5281837160751566 0.02968460111317266
7 0.5229645093945721 0.0686456400742116 0.5213987473903967 0.0686456400742116 0.5213987473903967 0.07606679035250474 0.5229645093945721 0.07606679035250474
7 0.5255741127348643 0.062152133580705114 0.5234864300626305 0.062152133580705114 0.5234864300626305 0.07050092764378489 0.5255741127348643 0.07050092764378489
8 0.524008350730689 0.14378478664192962 0.5219206680584552 0.14378478664192962 0.5219206680584552 0.15213358070500937 0.524008350730689 0.15213358070500937
8 0.5433194154488518 0.14564007421150288 0.541231732776618 0.14564007421150288 0.541231732776618 0.15306122448979603 0.5433194154488518 0.15306122448979603
8 0.5542797494780793 0.21057513914656784 0.5516701461377871 0.21057513914656784 0.5516701461377871 0.2189239332096476 0.5542797494780793 0.2189239332096476
5 0.524008350730689 0.15120593692022274 0.5213987473903967 0.15120593692022274 0.5213987473903967 0.15677179962894258 0.524008350730689 0.15677179962894258
5 0.5433194154488518 0.1502782931354361 0.5407098121085595 0.1502782931354361 0.5407098121085595 0.15677179962894258 0.5433194154488518 0.15677179962894258
5 0.5542797494780793 0.21799628942486096 0.5521920668058455 0.21799628942486096 0.5521920668058455 0.2235621521335808 0.5542797494780793 0.2235621521335808
8 0.3736951983298539 0.32931354359925796 0.37004175365344466 0.32931354359925796 0.37004175365344466 0.33951762523191104 0.3736951983298539 0.33951762523191104
8 0.38778705636743216 0.3237476808905381 0.38308977035490605 0.3237476808905381 0.38308977035490605 0.3339517625231912 0.38778705636743216 0.3339517625231912
5 0.3872651356993737 0.33209647495361794 0.38308977035490605 0.33209647495361794 0.38308977035490605 0.34230055658627095 0.3872651356993737 0.34230055658627095
1 0.3731732776617954 0.33580705009276446 0.3695198329853862 0.33580705009276446 0.3695198329853862 0.3469387755102042 0.3731732776617954 0.3469387755102042
8 0.41805845511482254 0.13914656771799638 0.41492693110647183 0.13914656771799638 0.41492693110647183 0.14749536178107617 0.41805845511482254 0.14749536178107617
5 0.41805845511482254 0.14471243042671625 0.4144050104384134 0.14471243042671625 0.4144050104384134 0.15120593692022274 0.41805845511482254 0.15120593692022274
5 0.6325678496868476 0.22820037105751406 0.6247390396659708 0.22820037105751406 0.6247390396659708 0.23840445269016708 0.6325678496868476 0.23840445269016708
5 0.6367432150313153 0.241187384044527 0.6278705636743215 0.241187384044527 0.6278705636743215 0.25324675324675333 0.6367432150313153 0.25324675324675333
5 0.6842379958246346 0.5482374768089056 0.6779749478079332 0.5482374768089056 0.6779749478079332 0.5714285714285716 0.6842379958246346 0.5714285714285716
5 0.6758872651356994 0.5538033395176254 0.6696242171189979 0.5538033395176254 0.6696242171189979 0.5742115027829315 0.6758872651356994 0.5742115027829315
5 0.7030271398747391 0.42578849721706874 0.6931106471816284 0.42578849721706874 0.6931106471816284 0.44341372912801497 0.7030271398747391 0.44341372912801497
5 0.6153444676409185 0.20500927643784803 0.6111691022964509 0.20500927643784803 0.6111691022964509 0.21799628942486102 0.6153444676409185 0.21799628942486102
5 0.6769311064718163 0.352504638218924 0.6691022964509394 0.352504638218924 0.6691022964509394 0.3627087198515771 0.6769311064718163 0.3627087198515771
5 0.6550104384133612 0.2875695732838591 0.6461377870563675 0.2875695732838591 0.6461377870563675 0.2987012987012988 0.6550104384133612 0.2987012987012988