3 0.36 0.14847715736040618 0.345 0.14847715736040618 0.345 0.18401015228426404 0.36 0.18401015228426404
3 0.385 0.10152284263959398 0.37 0.10152284263959398 0.37 0.13324873096446707 0.385 0.13324873096446707
3 0.395 0.25000000000000006 0.37714285714285717 0.25000000000000006 0.37714285714285717 0.29060913705583763 0.395 0.29060913705583763
3 0.4735714285714286 0.23477157360406098 0.45357142857142857 0.23477157360406098 0.45357142857142857 0.2829949238578681 0.4735714285714286 0.2829949238578681
3 0.4135714285714286 0.0431472081218275 0.3985714285714286 0.0431472081218275 0.3985714285714286 0.0748730964467006 0.4135714285714286 0.0748730964467006
3 0.43857142857142856 0.04568527918781735 0.4235714285714286 0.04568527918781735 0.4235714285714286 0.07994923857868029 0.43857142857142856 0.07994923857868029
10 0.43142857142857144 0.09898477157360415 0.4092857142857143 0.09898477157360414 0.4092857142857143 0.1713197969543148 0.43142857142857144 0.1713197969543148
10 0.37357142857142855 7.918242946263661e-17 0.35428571428571426 7.708436705292985e-17 0.35428571428571426 0.040609137055837644 0.37357142857142855 0.04060913705583765
11 0.2800000000000001 0.6814720812182741 0.2564285714285715 0.6814720812182741 0.2564285714285715 0.7626903553299492 0.2800000000000001 0.7626903553299492
3 0.28214285714285725 0.600253807106599 0.2607142857142858 0.600253807106599 0.2607142857142858 0.6573604060913706 0.28214285714285725 0.6573604060913706
3 0.2907142857142857 0.4251269035532995 0.27071428571428574 0.4251269035532995 0.27071428571428574 0.4746192893401015 0.2907142857142857 0.4746192893401015
3 0.054285714285714326 0.5038071065989848 0.02285714285714289 0.5038071065989848 0.022857142857142892 0.5571065989847716 0.054285714285714326 0.5571065989847716
3 0.09857142857142862 0.4860406091370558 0.07500000000000004 0.4860406091370558 0.07500000000000004 0.5368020304568528 0.09857142857142862 0.5368020304568528
3 0.12571428571428575 0.4302030456852792 0.08642857142857145 0.4302030456852792 0.08642857142857147 0.4733502538071066 0.12571428571428575 0.4733502538071066
3 0.15642857142857147 0.39086294416243655 0.12000000000000004 0.39086294416243655 0.12000000000000004 0.4302030456852792 0.15642857142857147 0.4302030456852792
3 0.20214285714285715 0.3769035532994924 0.16571428571428576 0.3769035532994924 0.16571428571428576 0.4098984771573604 0.20214285714285715 0.4098984771573604
2 0.25214285714285717 0.19162436548223358 0.23 0.19162436548223358 0.23 0.2855329949238579 0.25214285714285717 0.2855329949238579
3 0.2907142857142857 0.28045685279187826 0.2764285714285714 0.28045685279187826 0.2764285714285714 0.317258883248731 0.2907142857142857 0.317258883248731
3 0.2914285714285714 0.24492385786802037 0.27714285714285714 0.24492385786802037 0.27714285714285714 0.2791878172588833 0.2914285714285714 0.2791878172588833
3 0.2907142857142857 0.2144670050761422 0.27714285714285714 0.2144670050761422 0.27714285714285714 0.24365482233502544 0.2907142857142857 0.24365482233502544
3 0.2857142857142857 0.5215736040609137 0.2642857142857143 0.5215736040609137 0.2642857142857143 0.5799492385786802 0.2857142857142857 0.5799492385786802
3 0.8342857142857143 0.6205583756345179 0.7978571428571428 0.6205583756345179 0.7978571428571428 0.6878172588832491 0.8342857142857143 0.6878172588832491
3 0.8442857142857143 0.4441624365482235 0.8007142857142857 0.4441624365482235 0.8007142857142857 0.48223350253807123 0.8442857142857143 0.48223350253807123
3 0.9157142857142857 0.3934010152284265 0.8742857142857143 0.3934010152284265 0.8742857142857143 0.43654822335025395 0.9157142857142857 0.43654822335025395
3 0.9064285714285715 0.31979695431472105 0.8757142857142857 0.31979695431472105 0.8757142857142857 0.3540609137055839 0.9064285714285715 0.3540609137055839
3 0.8428571428571429 0.42512690355329963 0.8085714285714286 0.42512690355329963 0.8085714285714286 0.4606598984771575 0.8428571428571429 0.4606598984771575
3 0.8535714285714285 0.402284263959391 0.8142857142857143 0.402284263959391 0.8142857142857143 0.4467005076142133 0.8535714285714285 0.4467005076142133
3 0.8728571428571429 0.33629441624365497 0.8371428571428572 0.33629441624365497 0.8371428571428572 0.38324873096446715 0.8728571428571429 0.38324873096446715
3 0.8678571428571429 0.31979695431472105 0.8385714285714285 0.31979695431472105 0.8385714285714285 0.3591370558375636 0.8678571428571429 0.3591370558375636
3 0.8728571428571429 0.303299492385787 0.8421428571428572 0.303299492385787 0.8421428571428572 0.3388324873096448 0.8728571428571429 0.3388324873096448
3 0.8742857142857143 0.29568527918781745 0.8528571428571429 0.29568527918781745 0.8528571428571429 0.32106598984771595 0.8742857142857143 0.32106598984771595
3 0.6221428571428571 0.27030456852791895 0.5985714285714285 0.27030456852791895 0.5985714285714285 0.3274111675126905 0.6221428571428571 0.3274111675126905
3 0.6514285714285715 0.352791878172589 0.6235714285714286 0.352791878172589 0.6235714285714286 0.3946700507614215 0.6514285714285715 0.3946700507614215
3 0.6378571428571429 0.26015228426395953 0.6164285714285714 0.26015228426395953 0.6164285714285714 0.29822335025380725 0.6378571428571429 0.29822335025380725
3 0.7085714285714285 0.27157360406091385 0.685 0.27157360406091385 0.685 0.3147208121827413 0.7085714285714285 0.3147208121827413
3 0.5671428571428572 0.007614213197969665 0.545 0.007614213197969662 0.545 0.027918781725888447 0.5671428571428572 0.02791878172588845
2 0.5242857142857142 0.09263959390862955 0.505 0.09263959390862955 0.505 0.14467005076142142 0.5242857142857142 0.14467005076142142
3 0.9871428571428571 0.3274111675126905 0.9571428571428572 0.3274111675126905 0.9571428571428572 0.352791878172589 0.9871428571428571 0.352791878172589
3 1 0.2842639593908632 0.96 0.2842639593908632 0.96 0.32106598984771595 1 0.32106598984771595
7 0.9135714285714286 0.2652284263959393 0.9042857142857142 0.2652284263959393 0.9042857142857142 0.28299492385786823 0.9135714285714286 0.28299492385786823
7 0.96 0.2639593908629444 0.9521428571428572 0.2639593908629444 0.9521428571428572 0.28299492385786823 0.96 0.28299492385786823
3 0.8421428571428572 0.09390862944162455 0.8157142857142857 0.09390862944162455 0.8157142857142857 0.11548223350253825 0.8421428571428572 0.11548223350253825
11 0.8128571428571428 0.09010152284263978 0.7907142857142857 0.09010152284263978 0.7907142857142857 0.12182741116751288 0.8128571428571428 0.12182741116751288
3 0.805 0.10152284263959409 0.7871428571428571 0.10152284263959409 0.7871428571428571 0.13578680203045704 0.805 0.13578680203045704
3 0.29428571428571426 0.17893401015228433 0.2814285714285714 0.17893401015228433 0.2814285714285714 0.2131979695431473 0.29428571428571426 0.2131979695431473
3 0.2785714285714286 0.11040609137055844 0.26357142857142857 0.11040609137055844 0.26357142857142857 0.13197969543147214 0.2785714285714286 0.13197969543147214
2 0.625 0.8908629441624365 0.5835714285714285 0.8908629441624365 0.5835714285714285 0.998730964467005 0.625 0.998730964467005
7 0.8185714285714286 0.20177664974619303 0.8107142857142857 0.20177664974619303 0.8107142857142857 0.22715736040609152 0.8185714285714286 0.22715736040609152
3 0.18714285714285714 0.25634517766497467 0.17357142857142857 0.25634517766497467 0.17357142857142857 0.284263959390863 0.18714285714285714 0.284263959390863
3 0.16 0.25888324873096447 0.14142857142857143 0.25888324873096447 0.14142857142857143 0.29441624365482233 0.16 0.29441624365482233
11 0.63 0.04695431472081232 0.6142857142857143 0.04695431472081231 0.6142857142857143 0.07868020304568542 0.63 0.07868020304568542