3 0.1764285714285715 0.5980952380952381 5.493415641889556e-17 0.5980952380952381 7.190426206422317e-17 0.9676190476190476 0.17642857142857152 0.9676190476190476
3 0.46714285714285714 0.5380952380952381 0.3214285714285715 0.5380952380952381 0.3214285714285715 0.8742857142857143 0.46714285714285714 0.8742857142857143
3 0.6042857142857143 0.5761904761904761 0.4878571428571429 0.5761904761904761 0.4878571428571429 0.8219047619047619 0.6042857142857143 0.8219047619047619
3 0.2742857142857143 0.37142857142857144 0.12214285714285718 0.37142857142857144 0.12214285714285718 0.6038095238095238 0.27428571428571435 0.6038095238095238
3 0.3385714285714286 0.21333333333333337 0.22642857142857142 0.21333333333333337 0.22642857142857142 0.37428571428571433 0.3385714285714286 0.3742857142857144
3 0.5128571428571429 0.2885714285714287 0.415 0.2885714285714287 0.415 0.4876190476190476 0.5128571428571429 0.4876190476190476
3 0.6178571428571429 0.2895238095238096 0.5378571428571428 0.2895238095238096 0.5378571428571428 0.4523809523809525 0.6178571428571429 0.4523809523809525
7 0.6971428571428572 0.2980952380952382 0.6692857142857143 0.2980952380952382 0.6692857142857143 0.3723809523809525 0.6971428571428572 0.3723809523809525
3 0.8464285714285714 0.3561904761904763 0.7442857142857143 0.3561904761904763 0.7442857142857143 0.5400000000000003 0.8464285714285714 0.5400000000000003
3 0.8035714285714286 0.1942857142857144 0.7114285714285714 0.1942857142857144 0.7114285714285714 0.32761904761904775 0.8035714285714286 0.32761904761904775
3 0.6307142857142857 0.04571428571428582 0.5785714285714286 0.04571428571428581 0.5785714285714286 0.12380952380952391 0.6307142857142857 0.12380952380952391
3 0.7485714285714286 0.027619047619047737 0.6957142857142857 0.027619047619047734 0.6957142857142857 0.09333333333333345 0.7485714285714286 0.09333333333333346
3 0.7635714285714286 0.08857142857142869 0.6971428571428572 0.08857142857142868 0.6971428571428572 0.1761904761904763 0.7635714285714286 0.1761904761904763
3 0.3942857142857143 0.12761904761904766 0.315 0.12761904761904766 0.315 0.22476190476190483 0.3942857142857143 0.22476190476190483
3 0.30642857142857144 0.04761904761904766 0.20285714285714285 0.047619047619047644 0.20285714285714285 0.11428571428571432 0.30642857142857144 0.11428571428571434