3 0.849 0.8913333333333333 0.739 0.8913333333333333 0.739 0.998 0.849 0.998
3 0.5905 0.9746666666666667 0.4290000000000001 0.9746666666666667 0.4290000000000001 0.9986666666666667 0.5905 0.9986666666666667
3 0.575 0.8546666666666667 0.4225000000000001 0.8546666666666667 0.4225000000000001 0.95 0.575 0.95
3 0.5115000000000001 0.7786666666666666 0.3720000000000001 0.7786666666666666 0.3720000000000001 0.85 0.5115000000000001 0.85
3 0.568 0.6660000000000001 0.5030000000000001 0.6660000000000001 0.5030000000000001 0.7806666666666666 0.568 0.7806666666666666
3 0.4485000000000001 0.6546666666666666 0.3500000000000001 0.6546666666666666 0.3500000000000001 0.7226666666666667 0.4485000000000001 0.7226666666666667
3 0.821 0.6320000000000001 0.73 0.6320000000000001 0.73 0.7506666666666667 0.821 0.7506666666666667
7 0.504 0.6186666666666668 0.486 0.6186666666666668 0.48600000000000004 0.6626666666666668 0.5040000000000001 0.6626666666666668
7 0.4640000000000001 0.602 0.45 0.602 0.45000000000000007 0.6533333333333333 0.46400000000000013 0.6533333333333333
7 0.4445000000000001 0.6266666666666667 0.4280000000000001 0.6266666666666667 0.4280000000000001 0.662 0.4445000000000001 0.662
11 0.7235 0.48600000000000015 0.6805 0.48600000000000015 0.6805 0.5586666666666669 0.7235 0.5586666666666669
11 0.683 0.48600000000000015 0.6395 0.48600000000000015 0.6395 0.5706666666666668 0.683 0.5706666666666668
3 0.475 0.5113333333333334 0.441 0.5113333333333333 0.441 0.5826666666666668 0.475 0.5826666666666668
3 0.534 0.5060000000000001 0.496 0.5060000000000001 0.496 0.5700000000000002 0.534 0.5700000000000002
3 0.683 0.4446666666666668 0.6285 0.4446666666666668 0.6285 0.4886666666666668 0.683 0.4886666666666668
3 0.601 0.42600000000000016 0.562 0.42600000000000016 0.562 0.5013333333333335 0.601 0.5013333333333335
11 0.558 0.4386666666666668 0.5255 0.4386666666666668 0.5255 0.5113333333333335 0.558 0.5113333333333335
11 0.6535 0.40200000000000014 0.604 0.40200000000000014 0.604 0.4593333333333335 0.6535 0.4593333333333335
11 0.681 0.3613333333333335 0.6225 0.3613333333333335 0.6225 0.40400000000000014 0.681 0.40400000000000014
11 0.511 0.4280000000000001 0.444 0.428 0.444 0.46133333333333343 0.511 0.4613333333333335
11 0.468 0.4133333333333334 0.3945 0.41333333333333333 0.3945 0.44666666666666677 0.468 0.4466666666666668
11 0.463 0.398 0.3905 0.398 0.3905 0.4266666666666667 0.463 0.4266666666666667
11 0.463 0.37533333333333335 0.396 0.37533333333333335 0.396 0.4053333333333333 0.463 0.4053333333333333
11 0.473 0.3460000000000001 0.4 0.346 0.4 0.3853333333333334 0.473 0.38533333333333347
10 0.5105 0.3513333333333335 0.4755 0.3513333333333335 0.4755 0.4073333333333335 0.5105 0.4073333333333335
11 0.595 0.28066666666666673 0.5675 0.28066666666666673 0.5675 0.31200000000000006 0.595 0.31200000000000006
11 0.576 0.25400000000000006 0.542 0.25400000000000006 0.542 0.27933333333333343 0.576 0.27933333333333343
3 0.4915 0.31666666666666676 0.4535 0.31666666666666676 0.4535 0.35066666666666674 0.4915 0.3506666666666668
3 0.4445 0.30466666666666675 0.3995 0.30466666666666675 0.3995 0.3313333333333334 0.4445 0.3313333333333334
3 0.486 0.29466666666666674 0.4445 0.29466666666666674 0.4445 0.32000000000000006 0.486 0.32000000000000006
3 0.5895 0.22933333333333342 0.549 0.22933333333333342 0.549 0.25600000000000006 0.5895 0.25600000000000006
3 0.4775 0.22933333333333342 0.46 0.22933333333333342 0.46 0.2693333333333334 0.4775 0.2693333333333334
3 0.7565 0.2833333333333335 0.7305 0.2833333333333335 0.7305 0.31200000000000017 0.7565 0.31200000000000017
3 0.7015 0.2520000000000001 0.683 0.25200000000000006 0.683 0.28000000000000014 0.7015 0.28000000000000014
3 0.8655 0.3240000000000002 0.8375 0.3240000000000002 0.8375 0.35600000000000015 0.8655 0.35600000000000015
3 0.897 0.31600000000000017 0.8725 0.31600000000000017 0.8725 0.36000000000000015 0.897 0.36000000000000015
3 0.898 0.3573333333333335 0.85 0.3573333333333335 0.85 0.3933333333333335 0.898 0.3933333333333335
3 0.8945 0.40000000000000013 0.8635 0.40000000000000013 0.8635 0.4266666666666668 0.8945 0.4266666666666668
3 0.9345 0.3166666666666668 0.902 0.3166666666666668 0.902 0.35400000000000015 0.9345 0.35400000000000015
3 0.957 0.3226666666666668 0.941 0.3226666666666668 0.941 0.3486666666666668 0.957 0.3486666666666668
10 0.6885 0.19600000000000006 0.636 0.19600000000000006 0.636 0.23466666666666675 0.6885 0.23466666666666675
10 0.581 0.20600000000000007 0.5255 0.20600000000000007 0.5255 0.24266666666666675 0.581 0.24266666666666675
3 0.5035 0.19466666666666674 0.489 0.19466666666666674 0.489 0.2113333333333334 0.5035 0.2113333333333334
3 0.5475 0.1913333333333334 0.514 0.1913333333333334 0.514 0.2093333333333334 0.5475 0.2093333333333334
3 0.5375 0.18200000000000008 0.505 0.18200000000000008 0.505 0.19733333333333342 0.5375 0.19733333333333342
3 0.529 0.16066666666666674 0.494 0.16066666666666674 0.494 0.1833333333333334 0.529 0.1833333333333334
3 0.505 0.1433333333333334 0.4915 0.1433333333333334 0.4915 0.15866666666666673 0.505 0.15866666666666673
3 0.481 0.12866666666666673 0.4695 0.12866666666666673 0.4695 0.14666666666666675 0.481 0.14666666666666675
3 0.4555 0.14466666666666675 0.447 0.14466666666666675 0.447 0.1633333333333334 0.4555 0.1633333333333334
3 0.4605 0.13333333333333341 0.451 0.13333333333333341 0.451 0.15000000000000008 0.4605 0.15000000000000008
3 0.456 0.1233333333333334 0.4485 0.1233333333333334 0.4485 0.13466666666666674 0.456 0.13466666666666674
3 0.495 0.12866666666666673 0.483 0.12866666666666673 0.483 0.13733333333333342 0.495 0.13733333333333342
3 0.5115 0.12600000000000008 0.4945 0.12600000000000008 0.4945 0.13600000000000007 0.5115 0.13600000000000007
3 0.5075 0.1213333333333334 0.4905 0.1213333333333334 0.4905 0.12800000000000009 0.5075 0.12800000000000009
4 0.5025 0.09666666666666675 0.476 0.09666666666666675 0.476 0.1213333333333334 0.5025 0.1213333333333334
7 0.4675 0.13066666666666674 0.46 0.13066666666666674 0.46 0.14666666666666675 0.4675 0.14666666666666675
7 0.4925 0.13666666666666674 0.487 0.13666666666666674 0.487 0.15000000000000008 0.4925 0.15000000000000008
7 0.471 0.09800000000000007 0.4645 0.09800000000000007 0.4645 0.1073333333333334 0.471 0.1073333333333334
7 0.601 0.2706666666666667 0.595 0.2706666666666667 0.595 0.29866666666666675 0.601 0.29866666666666675