3 0.4465000000000001 0.7766666666666666 0.4200000000000001 0.7766666666666666 0.4200000000000001 0.8193333333333334 0.4465000000000001 0.8193333333333334
3 0.4895000000000001 0.7926666666666666 0.4530000000000001 0.7926666666666666 0.4530000000000001 0.84 0.4895000000000001 0.84
3 0.595 0.784 0.5425 0.784 0.5425 0.8366666666666667 0.595 0.8366666666666667
11 0.519 0.7553333333333333 0.4960000000000001 0.7553333333333333 0.4960000000000001 0.8026666666666666 0.519 0.8026666666666666
3 0.4485000000000001 0.7346666666666667 0.4260000000000001 0.7346666666666667 0.4260000000000001 0.7713333333333333 0.4485000000000001 0.7713333333333333
3 0.4495000000000001 0.6866666666666666 0.4305000000000001 0.6866666666666666 0.4305000000000001 0.7133333333333334 0.4495000000000001 0.7133333333333334
3 0.5965 0.6766666666666669 0.5585 0.6766666666666669 0.5585 0.6993333333333334 0.5965 0.6993333333333334
11 0.673 0.798 0.6165 0.798 0.6165 0.8406666666666667 0.673 0.8406666666666667
3 0.7275 0.8513333333333334 0.6565 0.8513333333333334 0.6565 0.8933333333333333 0.7275 0.8933333333333333
3 0.729 0.8846666666666667 0.653 0.8846666666666667 0.653 0.9266666666666666 0.729 0.9266666666666666
3 0.7385 0.9186666666666666 0.648 0.9186666666666666 0.648 0.9753333333333334 0.7385 0.9753333333333334
11 0.641 0.746 0.591 0.746 0.591 0.7813333333333333 0.641 0.7813333333333333
3 0.6355 0.732 0.5845 0.732 0.5845 0.762 0.6355 0.762
3 0.626 0.7233333333333334 0.5775 0.7233333333333334 0.5775 0.7513333333333333 0.626 0.7513333333333333
3 0.5595 0.6400000000000001 0.535 0.6400000000000001 0.535 0.6566666666666668 0.5595 0.6566666666666668
6 0.3860000000000001 0.7446666666666667 0.34300000000000014 0.7446666666666667 0.34300000000000014 0.8326666666666667 0.3860000000000001 0.8326666666666667
10 0.40750000000000014 0.7053333333333334 0.3790000000000001 0.7053333333333334 0.3790000000000001 0.7686666666666667 0.40750000000000014 0.7686666666666667
10 0.34050000000000014 0.97 0.3010000000000001 0.97 0.3010000000000001 1 0.34050000000000014 1
8 0.3885000000000001 0.9693333333333334 0.3745000000000001 0.9693333333333334 0.3745000000000001 0.998 0.3885000000000001 0.998
5 0.3910000000000001 0.976 0.3775000000000001 0.976 0.3775000000000001 1 0.3910000000000001 1
3 0.45800000000000013 0.6593333333333333 0.4430000000000001 0.6593333333333333 0.4430000000000001 0.678 0.45800000000000013 0.678
3 0.4560000000000001 0.6433333333333333 0.4420000000000001 0.6433333333333333 0.4420000000000001 0.66 0.4560000000000001 0.66
3 0.4560000000000001 0.628 0.4440000000000001 0.628 0.4440000000000001 0.6426666666666667 0.4560000000000001 0.6426666666666667
3 0.4595000000000001 0.6153333333333333 0.448 0.6153333333333333 0.44800000000000006 0.63 0.45950000000000013 0.63
10 0.462 0.5946666666666667 0.452 0.5946666666666667 0.452 0.6106666666666667 0.462 0.6106666666666667
11 0.4625 0.584 0.454 0.584 0.454 0.5966666666666667 0.4625 0.5966666666666667
3 0.465 0.5800000000000001 0.4555 0.58 0.4555 0.5906666666666668 0.465 0.5906666666666668
3 0.464 0.5733333333333334 0.4545 0.5733333333333334 0.4545 0.5826666666666667 0.464 0.5826666666666667
3 0.4745 0.5680000000000002 0.4655 0.5680000000000002 0.4655 0.5766666666666668 0.4745 0.5766666666666668
3 0.4995 0.5726666666666668 0.49 0.5726666666666668 0.49 0.5820000000000002 0.4995 0.5820000000000002
3 0.4845 0.5513333333333335 0.4785 0.5513333333333335 0.4785 0.5593333333333335 0.4845 0.5593333333333335
10 0.4645 0.5566666666666668 0.456 0.5566666666666666 0.456 0.5720000000000001 0.4645 0.5720000000000002
3 0.466 0.5533333333333335 0.46 0.5533333333333333 0.46 0.5613333333333335 0.466 0.5613333333333335
3 0.468 0.5446666666666667 0.4615 0.5446666666666666 0.4615 0.552 0.468 0.5520000000000002
3 0.4695 0.5406666666666667 0.4635 0.5406666666666666 0.4635 0.548 0.4695 0.5480000000000002
3 0.5355 0.6100000000000001 0.52 0.6100000000000001 0.52 0.6240000000000001 0.5355 0.6240000000000001
3 0.5275 0.6000000000000002 0.517 0.6000000000000002 0.517 0.6113333333333335 0.5275 0.6113333333333335
3 0.534 0.5853333333333335 0.5225 0.5853333333333335 0.5225 0.5973333333333335 0.534 0.5973333333333335
3 0.5305 0.5753333333333335 0.5135 0.5753333333333335 0.5135 0.5846666666666668 0.5305 0.5846666666666668
3 0.527 0.5720000000000002 0.51 0.5720000000000002 0.51 0.5806666666666668 0.527 0.5806666666666668
3 0.519 0.5706666666666668 0.503 0.5706666666666668 0.503 0.5793333333333335 0.519 0.5793333333333335
3 0.53 0.5660000000000002 0.513 0.5660000000000002 0.513 0.5746666666666668 0.53 0.5746666666666668
3 0.526 0.5620000000000002 0.5095 0.5620000000000002 0.5095 0.5700000000000002 0.526 0.5700000000000002
3 0.526 0.5586666666666669 0.5065 0.5586666666666669 0.5065 0.5673333333333335 0.526 0.5673333333333335
3 0.5235 0.5533333333333335 0.506 0.5533333333333335 0.506 0.5620000000000002 0.5235 0.5620000000000002
3 0.518 0.5486666666666669 0.504 0.5486666666666669 0.504 0.5560000000000002 0.518 0.5560000000000002
3 0.52 0.5473333333333334 0.5055 0.5473333333333334 0.5055 0.5540000000000002 0.52 0.5540000000000002
11 0.5085 0.5413333333333334 0.496 0.5413333333333334 0.496 0.5493333333333335 0.5085 0.5493333333333335
7 0.7115 0.814 0.7015 0.814 0.7015 0.848 0.7115 0.848
7 0.633 0.7626666666666667 0.626 0.7626666666666667 0.626 0.7893333333333333 0.633 0.7893333333333333
8 0.6295 0.7613333333333333 0.626 0.7613333333333333 0.626 0.7733333333333333 0.6295 0.7733333333333333
8 0.608 0.7766666666666666 0.602 0.7766666666666666 0.602 0.7986666666666666 0.608 0.7986666666666666
8 0.5405 0.7493333333333333 0.5335 0.7493333333333333 0.5335 0.7666666666666667 0.5405 0.7666666666666667
8 0.4785000000000001 0.6286666666666668 0.4745000000000001 0.6286666666666668 0.4745000000000001 0.6380000000000001 0.4785000000000001 0.6380000000000001
8 0.4725 0.5913333333333335 0.47 0.5913333333333335 0.47 0.5986666666666668 0.4725 0.5986666666666668
8 0.4985 0.5840000000000002 0.496 0.5840000000000002 0.496 0.5893333333333335 0.4985 0.5893333333333335
7 0.562 0.6046666666666668 0.558 0.6046666666666668 0.558 0.6193333333333335 0.562 0.6193333333333335
7 0.566 0.5960000000000002 0.5625 0.5960000000000002 0.5625 0.6086666666666668 0.566 0.6086666666666668
7 0.544 0.6033333333333335 0.54 0.6033333333333335 0.54 0.6146666666666668 0.544 0.6146666666666668
8 0.5335 0.6013333333333335 0.53 0.6013333333333335 0.53 0.6100000000000001 0.5335 0.6100000000000001
8 0.6105 0.6793333333333335 0.6045 0.6793333333333335 0.6045 0.692 0.6105 0.692
5 0.6165 0.77 0.609 0.77 0.609 0.7966666666666666 0.6165 0.7966666666666666
5 0.6105 0.786 0.601 0.786 0.601 0.804 0.6105 0.804
5 0.61 0.78 0.597 0.78 0.597 0.7953333333333333 0.61 0.7953333333333333
7 0.6285 0.7813333333333333 0.6215 0.7813333333333333 0.6215 0.806 0.6285 0.806
5 0.5415 0.7566666666666667 0.533 0.7566666666666667 0.533 0.774 0.5415 0.774
3 0.08150000000000009 0.7946666666666666 0.01950000000000007 0.7946666666666666 0.019500000000000076 0.85 0.08150000000000009 0.85
3 0.06150000000000008 0.8906666666666667 8.18064061830432e-17 0.8906666666666667 8.358214404180685e-17 0.9293333333333333 0.06150000000000008 0.9293333333333333
7 0.28050000000000014 0.654 0.27550000000000013 0.654 0.27550000000000013 0.67 0.28050000000000014 0.67
7 0.44500000000000006 0.6166666666666667 0.44 0.6166666666666667 0.44000000000000006 0.63 0.4450000000000001 0.63
7 0.4420000000000001 0.6566666666666666 0.4380000000000001 0.6566666666666666 0.4380000000000001 0.674 0.4420000000000001 0.674
7 0.4885000000000001 0.6473333333333335 0.4845000000000001 0.6473333333333335 0.4845000000000001 0.6626666666666668 0.4885000000000001 0.6626666666666668
7 0.4865000000000001 0.6440000000000001 0.4825000000000001 0.6440000000000001 0.4825000000000001 0.6593333333333334 0.4865000000000001 0.6593333333333334
8 0.4920000000000001 0.6500000000000001 0.4900000000000001 0.6500000000000001 0.4900000000000001 0.6566666666666668 0.4920000000000001 0.6566666666666668
8 0.4895000000000001 0.6473333333333335 0.4870000000000001 0.6473333333333335 0.4870000000000001 0.6546666666666668 0.4895000000000001 0.6546666666666668
9 0.46900000000000014 0.6233333333333334 0.46050000000000013 0.6233333333333333 0.46050000000000013 0.6373333333333334 0.46900000000000014 0.6373333333333335
5 0.548 0.6193333333333335 0.5385 0.6193333333333335 0.5385 0.6280000000000001 0.548 0.6280000000000001
5 0.58 0.6673333333333334 0.5685 0.6673333333333334 0.5685 0.6780000000000002 0.58 0.6780000000000002
5 0.5765 0.6560000000000001 0.5665 0.6560000000000001 0.5665 0.6646666666666668 0.5765 0.6646666666666668
9 0.5745 0.6546666666666668 0.5615 0.6546666666666668 0.5615 0.6633333333333334 0.5745 0.6633333333333334
7 0.5325 0.5660000000000002 0.53 0.5660000000000002 0.53 0.5740000000000002 0.5325 0.5740000000000002
7 0.554 0.5980000000000002 0.5515 0.5980000000000002 0.5515 0.6073333333333335 0.554 0.6073333333333335
7 0.5335 0.5486666666666669 0.531 0.5486666666666669 0.531 0.5566666666666669 0.5335 0.5566666666666669
7 0.519 0.5373333333333334 0.517 0.5373333333333334 0.517 0.5446666666666669 0.519 0.5446666666666669
3 0.5155 0.5406666666666669 0.5035 0.5406666666666669 0.5035 0.5473333333333334 0.5155 0.5473333333333334
3 0.489 0.5353333333333334 0.4835 0.5353333333333334 0.4835 0.5413333333333334 0.489 0.5413333333333334
4 0.5075 0.4933333333333335 0.469 0.4933333333333335 0.469 0.5153333333333335 0.5075 0.5153333333333335
7 0.20700000000000005 0.884 0.20100000000000007 0.884 0.20100000000000007 0.902 0.20700000000000005 0.902
7 0.19950000000000007 0.878 0.18950000000000006 0.878 0.18950000000000006 0.9126666666666666 0.19950000000000007 0.9126666666666666
8 0.19500000000000006 0.884 0.19100000000000006 0.884 0.19100000000000006 0.894 0.19500000000000006 0.894
3 0.4755 0.5326666666666668 0.465 0.5326666666666668 0.465 0.5380000000000001 0.4755 0.5380000000000001
3 0.5115 0.5326666666666668 0.5005 0.5326666666666668 0.5005 0.5386666666666668 0.5115 0.5386666666666668
3 0.4995 0.5253333333333334 0.491 0.5253333333333334 0.491 0.5306666666666668 0.4995 0.5306666666666668
3 0.4765 0.5226666666666668 0.4665 0.5226666666666668 0.4665 0.5286666666666668 0.4765 0.5286666666666668
3 0.4915 0.5173333333333335 0.487 0.5173333333333335 0.487 0.5233333333333335 0.4915 0.5233333333333335
3 0.484 0.5173333333333335 0.479 0.5173333333333335 0.479 0.5226666666666668 0.484 0.5226666666666668
3 0.5145 0.5220000000000001 0.503 0.5220000000000001 0.503 0.5280000000000001 0.5145 0.5280000000000001
3 0.5055 0.5173333333333335 0.498 0.5173333333333335 0.498 0.5226666666666668 0.5055 0.5226666666666668