3 1 0.6904761904761907 0.8635714285714285 0.6904761904761907 0.8635714285714285 0.7904761904761907 1 0.7904761904761907
3 1 0.6542857142857145 0.9178571428571428 0.6542857142857145 0.9178571428571428 0.7028571428571431 1 0.7028571428571431
3 1 0.6342857142857145 0.9228571428571428 0.6342857142857145 0.9228571428571428 0.6742857142857145 1 0.6742857142857145
3 0.8235714285714286 0.5371428571428574 0.8028571428571428 0.5371428571428574 0.8028571428571428 0.5504761904761907 0.8235714285714286 0.5504761904761907
3 0.75 0.5400000000000003 0.7257142857142858 0.5400000000000003 0.7257142857142858 0.5571428571428574 0.75 0.5571428571428574
3 0.7107142857142857 0.5266666666666668 0.6914285714285714 0.5266666666666668 0.6914285714285714 0.5400000000000003 0.7107142857142857 0.5400000000000003
3 0.2464285714285715 0.5685714285714286 0.20357142857142865 0.5685714285714286 0.20357142857142865 0.5933333333333334 0.2464285714285715 0.5933333333333334
3 0.31857142857142867 0.5552380952380952 0.26428571428571435 0.5552380952380952 0.26428571428571435 0.579047619047619 0.31857142857142867 0.579047619047619
3 0.375 0.5552380952380952 0.31928571428571434 0.5552380952380952 0.31928571428571434 0.58 0.375 0.58
2 0.49785714285714283 0.5266666666666666 0.4092857142857143 0.5266666666666666 0.4092857142857143 0.5628571428571428 0.49785714285714283 0.5628571428571428
3 0.5371428571428571 0.5419047619047619 0.5114285714285715 0.5419047619047619 0.5114285714285715 0.559047619047619 0.5371428571428571 0.559047619047619
3 0.6057142857142858 0.5333333333333333 0.5807142857142857 0.5333333333333333 0.5807142857142857 0.5514285714285714 0.6057142857142858 0.5514285714285714
3 0.64 0.5352380952380953 0.6164285714285714 0.5352380952380953 0.6164285714285714 0.5514285714285714 0.64 0.5514285714285714
3 0.6421428571428571 0.5314285714285715 0.6171428571428571 0.5314285714285715 0.6171428571428571 0.5438095238095239 0.6421428571428571 0.5438095238095239
3 0.5764285714285714 0.5228571428571429 0.5571428571428572 0.5228571428571429 0.5571428571428572 0.5342857142857143 0.5764285714285714 0.5342857142857143
3 0.4521428571428571 0.518095238095238 0.43714285714285717 0.518095238095238 0.43714285714285717 0.5257142857142857 0.4521428571428571 0.5257142857142857
11 0.6664285714285715 0.5285714285714287 0.6464285714285715 0.5285714285714286 0.6464285714285715 0.5457142857142858 0.6664285714285715 0.5457142857142859
3 0.675 0.5285714285714287 0.6578571428571428 0.5285714285714286 0.6578571428571428 0.5409523809523811 0.675 0.5409523809523812
3 0.6892857142857143 0.5333333333333335 0.6671428571428571 0.5333333333333335 0.6671428571428571 0.544761904761905 0.6892857142857143 0.544761904761905
3 0.7485714285714286 0.5266666666666668 0.7307142857142858 0.5266666666666668 0.7307142857142858 0.5390476190476192 0.7485714285714286 0.5390476190476192
3 0.7392857142857143 0.5257142857142859 0.725 0.5257142857142859 0.725 0.5371428571428574 0.7392857142857143 0.5371428571428574
3 0.7314285714285714 0.524761904761905 0.715 0.524761904761905 0.715 0.5342857142857145 0.7314285714285714 0.5342857142857145
7 0.8685714285714285 0.5380952380952383 0.8628571428571429 0.5380952380952383 0.8628571428571429 0.5571428571428574 0.8685714285714285 0.5571428571428574
3 0.8814285714285715 0.5285714285714288 0.8678571428571429 0.5285714285714288 0.8678571428571429 0.5400000000000003 0.8814285714285715 0.5400000000000003
2 0.8121428571428572 0.5171428571428573 0.7928571428571428 0.5171428571428573 0.7928571428571428 0.5323809523809526 0.8121428571428572 0.5323809523809526
3 0.8578571428571429 0.5180952380952383 0.8492857142857143 0.5180952380952383 0.8492857142857143 0.5266666666666668 0.8578571428571429 0.5266666666666668
3 0.9328571428571428 0.5200000000000002 0.9228571428571428 0.5200000000000002 0.9228571428571428 0.5304761904761907 0.9328571428571428 0.5304761904761907