3 0.08000000000000002 0.22095238095238096 0.05714285714285716 0.22095238095238096 0.05714285714285716 0.23333333333333334 0.08000000000000002 0.23333333333333334
3 0.13142857142857148 0.24857142857142858 0.11214285714285718 0.24857142857142858 0.11214285714285718 0.2619047619047619 0.13142857142857148 0.2619047619047619
3 0.11071428571428575 0.24761904761904763 0.08714285714285716 0.24761904761904763 0.08714285714285716 0.26 0.11071428571428575 0.26
3 0.0735714285714286 0.24761904761904763 0.050000000000000024 0.24761904761904763 0.050000000000000024 0.26 0.0735714285714286 0.26
3 0.04857142857142859 0.24571428571428572 0.024285714285714306 0.24571428571428572 0.024285714285714306 0.259047619047619 0.04857142857142859 0.259047619047619
3 0.02000000000000002 0.24571428571428572 0.0021428571428571655 0.24571428571428572 0.002142857142857166 0.2571428571428571 0.020000000000000025 0.2571428571428571
3 0.025714285714285745 0.31142857142857144 2.8604250237227463e-17 0.31142857142857144 2.934778579385264e-17 0.32761904761904764 0.025714285714285745 0.32761904761904764
3 0.11571428571428576 0.31333333333333335 0.09357142857142861 0.31333333333333335 0.09357142857142861 0.32761904761904764 0.11571428571428576 0.32761904761904764
3 0.15071428571428575 0.560952380952381 0.1228571428571429 0.560952380952381 0.1228571428571429 0.5761904761904761 0.15071428571428575 0.5761904761904761
3 0.14071428571428576 0.5780952380952381 0.11285714285714289 0.5780952380952381 0.11285714285714289 0.5942857142857143 0.14071428571428576 0.5942857142857143
3 0.12500000000000003 0.5980952380952381 0.09785714285714289 0.5980952380952381 0.09785714285714289 0.6152380952380953 0.12500000000000003 0.6152380952380953
3 0.12142857142857147 0.6161904761904762 0.09500000000000004 0.6161904761904762 0.09500000000000004 0.6371428571428571 0.12142857142857147 0.6371428571428571
7 0.09214285714285722 0.7323809523809524 0.0821428571428572 0.7323809523809524 0.0821428571428572 0.7390476190476191 0.09214285714285722 0.7390476190476191
1 0.43357142857142855 0.6123809523809524 0.4307142857142857 0.6123809523809524 0.4307142857142857 0.6247619047619047 0.43357142857142855 0.6247619047619047
1 0.445 0.6142857142857143 0.4421428571428571 0.6142857142857143 0.4421428571428571 0.6257142857142857 0.445 0.6257142857142857
1 0.4492857142857143 0.6123809523809524 0.44642857142857145 0.6123809523809524 0.44642857142857145 0.6238095238095238 0.4492857142857143 0.6238095238095238
5 0.4657142857142857 0.6066666666666667 0.46285714285714286 0.6066666666666667 0.46285714285714286 0.6180952380952381 0.4657142857142857 0.6180952380952381
1 0.475 0.6133333333333333 0.4707142857142857 0.6133333333333333 0.4707142857142857 0.6238095238095238 0.475 0.6238095238095238
9 0.4907142857142857 0.6028571428571429 0.4835714285714286 0.6028571428571429 0.4835714285714286 0.6238095238095238 0.4907142857142857 0.6238095238095238
5 0.47 0.599047619047619 0.46714285714285714 0.599047619047619 0.46714285714285714 0.6114285714285714 0.47 0.6114285714285714
7 0.34857142857142864 0.9619047619047619 0.3428571428571429 0.9619047619047619 0.3428571428571429 0.9733333333333334 0.34857142857142864 0.9733333333333334
3 0.9071428571428571 0.9171428571428574 0.8864285714285715 0.9171428571428574 0.8864285714285715 0.9695238095238098 0.9071428571428571 0.9695238095238098
3 0.9871428571428571 0.9123809523809526 0.9642857142857143 0.9123809523809526 0.9642857142857143 0.9609523809523812 0.9871428571428571 0.9609523809523812
3 1 0.9152380952380954 0.9835714285714285 0.9152380952380954 0.9835714285714285 0.9600000000000002 1 0.9600000000000002
3 0.9721428571428572 0.8771428571428573 0.9378571428571428 0.8771428571428573 0.9378571428571428 0.9000000000000002 0.9721428571428572 0.9000000000000002
3 0.9664285714285714 0.8333333333333336 0.9435714285714286 0.8333333333333336 0.9435714285714286 0.8790476190476193 0.9664285714285714 0.8790476190476193
3 0.9842857142857143 0.8276190476190478 0.9571428571428572 0.8276190476190478 0.9571428571428572 0.8752380952380955 0.9842857142857143 0.8752380952380955
3 0.9985714285714286 0.8342857142857145 0.975 0.8342857142857145 0.975 0.8752380952380955 0.9985714285714286 0.8752380952380955
11 0.9878571428571429 0.6771428571428574 0.9685714285714285 0.6771428571428574 0.9685714285714285 0.7085714285714287 0.9878571428571429 0.7085714285714287
3 0.9992857142857143 0.5904761904761907 0.9785714285714285 0.5904761904761907 0.9785714285714285 0.6276190476190479 0.9992857142857143 0.6276190476190479
8 0.7885714285714286 0.3723809523809525 0.7864285714285715 0.3723809523809525 0.7864285714285715 0.3780952380952382 0.7885714285714286 0.3780952380952382
5 0.7885714285714286 0.37142857142857155 0.785 0.37142857142857155 0.785 0.38095238095238104 0.7885714285714286 0.38095238095238104
3 0.9378571428571428 0.4371428571428573 0.9107142857142857 0.4371428571428573 0.9107142857142857 0.4533333333333334 0.9378571428571428 0.4533333333333334
3 0.935 0.4238095238095239 0.9071428571428571 0.4238095238095239 0.9071428571428571 0.43904761904761913 0.935 0.43904761904761913
3 0.9292857142857143 0.4076190476190477 0.9035714285714286 0.4076190476190477 0.9035714285714286 0.422857142857143 0.9292857142857143 0.422857142857143
3 0.9485714285714286 0.3904761904761906 0.9242857142857143 0.3904761904761906 0.9242857142857143 0.4047619047619049 0.9485714285714286 0.4047619047619049
3 0.9542857142857143 0.4057142857142858 0.9278571428571428 0.4057142857142858 0.9278571428571428 0.41904761904761917 0.9542857142857143 0.41904761904761917
3 0.9607142857142857 0.422857142857143 0.935 0.422857142857143 0.935 0.43523809523809537 0.9607142857142857 0.43523809523809537
3 0.92 0.3161904761904763 0.9028571428571428 0.3161904761904763 0.9028571428571428 0.34285714285714297 0.92 0.34285714285714297
3 0.945 0.30761904761904774 0.9292857142857143 0.30761904761904774 0.9292857142857143 0.33714285714285724 0.945 0.33714285714285724
3 0.9964285714285714 0.3076190476190478 0.9785714285714285 0.30761904761904774 0.9785714285714285 0.3390476190476192 0.9964285714285714 0.33904761904761926
3 0.7735714285714286 1.2491397351303002e-16 0.7564285714285715 1.2351437717114734e-16 0.7564285714285715 0.011428571428571553 0.7735714285714286 0.011428571428571553
11 0.7778571428571428 0.009523809523809651 0.76 0.00952380952380965 0.76 0.020952380952381076 0.7778571428571428 0.02095238095238108
3 0.78 0.019047619047619174 0.7614285714285715 0.01904761904761917 0.7614285714285715 0.0323809523809525 0.78 0.0323809523809525
3 0.7928571428571428 0.06571428571428585 0.7728571428571429 0.06571428571428585 0.7728571428571429 0.07904761904761919 0.7928571428571428 0.07904761904761919
3 0.7957142857142857 0.07619047619047632 0.7771428571428571 0.07619047619047632 0.7771428571428571 0.09047619047619061 0.7957142857142857 0.09047619047619061
3 0.7985714285714286 0.10095238095238108 0.7785714285714286 0.10095238095238108 0.7785714285714286 0.11428571428571442 0.7985714285714286 0.11428571428571442
3 0.8328571428571429 0.07428571428571443 0.8107142857142857 0.07428571428571443 0.8107142857142857 0.0885714285714287 0.8328571428571429 0.0885714285714287
3 0.835 1.3482778093469907e-16 0.8164285714285714 1.3331155156432617e-16 0.8164285714285714 0.012380952380952515 0.835 0.012380952380952517
3 0.8471428571428572 0.037142857142857276 0.8257142857142857 0.037142857142857276 0.8257142857142857 0.05047619047619061 0.8471428571428572 0.05047619047619061
3 0.8492857142857143 0.05047619047619061 0.8285714285714286 0.05047619047619061 0.8285714285714286 0.06190476190476204 0.8492857142857143 0.06190476190476204
3 0.8528571428571429 0.06000000000000014 0.8314285714285714 0.06000000000000014 0.8314285714285714 0.07523809523809537 0.8528571428571429 0.07523809523809537
3 0.9635714285714285 0.07904761904761921 0.9428571428571428 0.07904761904761921 0.9428571428571428 0.0914285714285716 0.9635714285714285 0.0914285714285716
3 0.9607142857142857 0.06285714285714301 0.9385714285714286 0.06285714285714301 0.9385714285714286 0.07619047619047635 0.9607142857142857 0.07619047619047635
3 0.9564285714285714 0.052380952380952535 0.9335714285714286 0.05238095238095253 0.9335714285714286 0.06571428571428588 0.9564285714285714 0.06571428571428588
3 0.9535714285714286 0.04190476190476206 0.9328571428571428 0.041904761904762056 0.9328571428571428 0.05523809523809539 0.9535714285714286 0.0552380952380954
3 0.9478571428571428 0.031428571428571576 0.9264285714285714 0.031428571428571576 0.9264285714285714 0.04476190476190491 0.9478571428571428 0.04476190476190491
3 0.9421428571428572 0.014285714285714436 0.9192857142857143 0.014285714285714434 0.9192857142857143 0.027619047619047772 0.9421428571428572 0.027619047619047776
3 0.9414285714285714 0.004761904761904914 0.9192857142857143 0.004761904761904912 0.9192857142857143 0.01523809523809539 0.9414285714285714 0.015238095238095394
3 0.9378571428571428 1.513313544660658e-16 0.9157142857142857 1.4952354252446732e-16 0.9157142857142857 0.009523809523809674 0.9378571428571428 0.009523809523809676
3 0.8971428571428571 1.4485822138485834e-16 0.8771428571428571 1.432253589859952e-16 0.8771428571428571 0.009523809523809667 0.8971428571428571 0.009523809523809669
3 0.8771428571428571 1.4159249658713208e-16 0.8571428571428571 1.3995963418826893e-16 0.8571428571428571 0.010476190476190616 0.8771428571428571 0.010476190476190618
3 0.8814285714285715 0.0057142857142858565 0.86 0.005714285714285855 0.86 0.018095238095238237 0.8814285714285715 0.018095238095238237
3 0.885 0.01619047619047633 0.86 0.01619047619047633 0.86 0.029523809523809667 0.885 0.029523809523809667
3 0.9042857142857142 0.014285714285714433 0.8828571428571429 0.014285714285714431 0.8828571428571429 0.02666666666666681 0.9042857142857142 0.026666666666666814
3 0.9042857142857142 0.023809523809523954 0.8885714285714286 0.02380952380952395 0.8885714285714286 0.03523809523809539 0.9042857142857142 0.03523809523809539
3 0.9135714285714286 0.04000000000000015 0.8885714285714286 0.04000000000000015 0.8885714285714286 0.055238095238095385 0.9135714285714286 0.055238095238095385
3 0.8871428571428571 0.024761904761904905 0.8657142857142858 0.024761904761904905 0.8657142857142858 0.03714285714285728 0.8871428571428571 0.03714285714285729
3 0.8871428571428571 0.03333333333333348 0.8657142857142858 0.03333333333333347 0.8657142857142858 0.04666666666666681 0.8871428571428571 0.046666666666666815
3 0.8942857142857142 0.05238095238095253 0.8721428571428571 0.05238095238095253 0.8721428571428571 0.06571428571428585 0.8942857142857142 0.06571428571428585
3 0.9171428571428571 0.062857142857143 0.8957142857142857 0.06285714285714299 0.8957142857142857 0.07333333333333349 0.9171428571428571 0.0733333333333335
8 0.7485714285714286 0.1400000000000001 0.7457142857142857 0.1400000000000001 0.7457142857142857 0.14666666666666678 0.7485714285714286 0.14666666666666678
1 0.7485714285714286 0.1400000000000001 0.7457142857142857 0.1400000000000001 0.7457142857142857 0.1485714285714287 0.7485714285714286 0.1485714285714287
8 0.7342857142857143 0.07333333333333344 0.7314285714285714 0.07333333333333344 0.7314285714285714 0.07904761904761916 0.7342857142857143 0.07904761904761916
1 0.7335714285714285 0.07333333333333344 0.7307142857142858 0.07333333333333344 0.7307142857142858 0.08095238095238107 0.7335714285714285 0.08095238095238107
3 0.7128571428571429 0.012380952380952496 0.7021428571428572 0.012380952380952496 0.7021428571428572 0.032380952380952496 0.7128571428571429 0.0323809523809525
3 0.5814285714285714 0.3580952380952382 0.5578571428571428 0.3580952380952382 0.5578571428571428 0.3723809523809525 0.5814285714285714 0.3723809523809525
3 0.5521428571428572 0.3580952380952382 0.5285714285714286 0.3580952380952382 0.5285714285714286 0.3723809523809525 0.5521428571428572 0.3723809523809525
3 0.5428571428571428 0.31904761904761914 0.525 0.31904761904761914 0.525 0.3323809523809525 0.5428571428571428 0.3323809523809525
3 0.5185714285714286 0.31904761904761914 0.4957142857142857 0.31904761904761914 0.4957142857142857 0.3333333333333334 0.5185714285714286 0.3333333333333334
3 0.5728571428571428 0.2723809523809525 0.5621428571428572 0.2723809523809525 0.5621428571428572 0.3000000000000001 0.5728571428571428 0.3000000000000001
3 0.5842857142857143 0.2761904761904763 0.575 0.2761904761904763 0.575 0.2990476190476192 0.5842857142857143 0.2990476190476192
3 0.5514285714285714 0.2723809523809525 0.5414285714285715 0.2723809523809525 0.5414285714285715 0.3009523809523811 0.5514285714285714 0.3009523809523811
3 0.5385714285714286 0.2742857142857144 0.5278571428571428 0.2742857142857144 0.5278571428571428 0.3009523809523811 0.5385714285714286 0.3009523809523811
7 0.5957142857142858 0.24476190476190487 0.5928571428571429 0.24476190476190487 0.5928571428571429 0.2523809523809525 0.5957142857142858 0.2523809523809525
4 0.5871428571428572 0.19904761904761917 0.5821428571428572 0.19904761904761917 0.5821428571428572 0.2200000000000001 0.5871428571428572 0.2200000000000001
4 0.5864285714285714 0.14476190476190487 0.5792857142857143 0.14476190476190487 0.5792857142857143 0.18095238095238106 0.5864285714285714 0.18095238095238106
7 0.4807142857142857 0.22571428571428576 0.47714285714285715 0.22571428571428576 0.47714285714285715 0.2333333333333334 0.4807142857142857 0.2333333333333334
3 0.2664285714285714 0.1971428571428572 0.255 0.1971428571428572 0.255 0.22190476190476197 0.2664285714285714 0.22190476190476197