4 0.53 0.09523809523809532 0.5071428571428571 0.09523809523809532 0.5071428571428571 0.12761904761904772 0.53 0.12761904761904772
2 0.5185714285714286 0.1323809523809525 0.5128571428571429 0.1323809523809525 0.5128571428571429 0.14095238095238105 0.5185714285714286 0.14095238095238105
2 0.5042857142857143 0.12761904761904772 0.4992857142857143 0.12761904761904772 0.4992857142857143 0.1361904761904763 0.5042857142857143 0.1361904761904763
3 0.4521428571428571 0.7171428571428572 0.4257142857142857 0.7171428571428572 0.4257142857142857 0.7971428571428572 0.4521428571428571 0.7971428571428572
3 0.5892857142857143 0.26476190476190486 0.5807142857142857 0.26476190476190486 0.5807142857142857 0.2761904761904763 0.5892857142857143 0.2761904761904763
7 0.5192857142857142 0.1723809523809525 0.5178571428571429 0.1723809523809525 0.5178571428571429 0.17714285714285724 0.5192857142857142 0.17714285714285724
7 0.5378571428571428 0.25714285714285723 0.5357142857142857 0.25714285714285723 0.5357142857142857 0.26571428571428585 0.5378571428571428 0.26571428571428585
7 0.5392857142857143 0.2961904761904763 0.5371428571428571 0.2961904761904763 0.5371428571428571 0.3057142857142858 0.5392857142857143 0.3057142857142858
6 0.48642857142857143 0.29238095238095246 0.4714285714285714 0.29238095238095246 0.4714285714285714 0.3380952380952382 0.48642857142857143 0.3380952380952382
10 0.4635714285714286 0.32095238095238104 0.45071428571428573 0.32095238095238104 0.45071428571428573 0.3447619047619049 0.4635714285714286 0.3447619047619049
11 0.4592857142857143 0.2857142857142858 0.45071428571428573 0.2857142857142858 0.45071428571428573 0.302857142857143 0.4592857142857143 0.302857142857143
11 0.4471428571428571 0.321904761904762 0.4342857142857143 0.321904761904762 0.4342857142857143 0.3438095238095239 0.4471428571428571 0.3438095238095239
7 0.4471428571428571 0.4161904761904763 0.44357142857142856 0.4161904761904763 0.44357142857142856 0.42857142857142866 0.4471428571428571 0.42857142857142866
7 0.4278571428571429 0.48857142857142855 0.42142857142857143 0.48857142857142855 0.42142857142857143 0.5095238095238095 0.4278571428571429 0.5095238095238095
8 0.4992857142857143 0.3980952380952382 0.4957142857142857 0.3980952380952382 0.4957142857142857 0.4095238095238096 0.4992857142857143 0.4095238095238096
5 0.5014285714285714 0.4047619047619049 0.4942857142857143 0.4047619047619049 0.4942857142857143 0.41333333333333344 0.5014285714285714 0.41333333333333344
7 0.4278571428571429 0.30952380952380965 0.4235714285714286 0.30952380952380965 0.4235714285714286 0.32476190476190486 0.4278571428571429 0.32476190476190486
7 0.4207142857142857 0.3342857142857144 0.41714285714285715 0.3342857142857144 0.41714285714285715 0.3476190476190477 0.4207142857142857 0.3476190476190477
7 0.3992857142857143 0.36476190476190484 0.39357142857142857 0.36476190476190484 0.39357142857142857 0.3780952380952382 0.3992857142857143 0.3780952380952382
7 0.4092857142857143 0.3380952380952382 0.4064285714285714 0.3380952380952382 0.4064285714285714 0.35333333333333344 0.4092857142857143 0.35333333333333344
7 0.4157142857142857 0.3342857142857144 0.41214285714285714 0.3342857142857144 0.41214285714285714 0.3476190476190477 0.4157142857142857 0.3476190476190477
7 0.4257142857142857 0.3323809523809525 0.42142857142857143 0.3323809523809525 0.42142857142857143 0.3476190476190477 0.4257142857142857 0.3476190476190477
7 0.41785714285714287 0.6361904761904762 0.4085714285714286 0.6361904761904762 0.4085714285714286 0.6580952380952381 0.41785714285714287 0.6580952380952381
7 0.4157142857142857 0.6257142857142857 0.4092857142857143 0.6257142857142857 0.4092857142857143 0.6466666666666666 0.4157142857142857 0.6466666666666666
8 0.6264285714285714 0.5561904761904762 0.6207142857142857 0.5561904761904762 0.6207142857142857 0.5695238095238095 0.6264285714285714 0.5695238095238095
1 0.625 0.5580952380952381 0.6207142857142857 0.5580952380952381 0.6207142857142857 0.579047619047619 0.625 0.579047619047619
3 0.5778571428571428 0.2323809523809525 0.5642857142857143 0.2323809523809525 0.5642857142857143 0.24285714285714297 0.5778571428571428 0.24285714285714297
3 0.5757142857142857 0.22666666666666677 0.5607142857142857 0.22666666666666677 0.5607142857142857 0.23523809523809536 0.5757142857142857 0.23523809523809536
3 0.6878571428571428 0.26095238095238105 0.6692857142857143 0.26095238095238105 0.6692857142857143 0.2723809523809525 0.6878571428571428 0.2723809523809525
4 0.5214285714285715 0.14761904761904773 0.5157142857142857 0.14761904761904773 0.5157142857142857 0.16952380952380963 0.5214285714285715 0.16952380952380963
6 0.44142857142857145 0.09904761904761913 0.4157142857142857 0.09904761904761913 0.4157142857142857 0.12285714285714291 0.44142857142857145 0.12285714285714291
3 0.4057142857142857 0.33523809523809533 0.39285714285714285 0.33523809523809533 0.39285714285714285 0.3523809523809525 0.4057142857142857 0.3523809523809525
3 0.4107142857142857 0.3180952380952382 0.4 0.3180952380952382 0.4 0.3361904761904763 0.4107142857142857 0.3361904761904763