7 0.17693110647181634 0.9322820037105751 0.14665970772442594 0.9322820037105751 0.14665970772442594 0.9990723562152134 0.17693110647181634 0.9990723562152134
8 0.3455114822546973 0.7625231910946196 0.3267223382045929 0.7625231910946196 0.3267223382045929 0.8107606679035251 0.3455114822546973 0.8107606679035251
8 0.407098121085595 0.6985157699443414 0.3903966597077244 0.6985157699443414 0.3903966597077244 0.7448979591836735 0.407098121085595 0.7448979591836735
8 0.4384133611691023 0.6697588126159555 0.42275574112734865 0.6697588126159555 0.42275574112734865 0.7142857142857143 0.4384133611691023 0.7142857142857143
8 0.45981210855949894 0.640074211502783 0.4410229645093946 0.640074211502783 0.4410229645093946 0.6855287569573284 0.45981210855949894 0.6855287569573284
8 0.4780793319415449 0.6261595547309833 0.46450939457202506 0.6261595547309833 0.46450939457202506 0.6614100185528757 0.4780793319415449 0.6614100185528757
7 0.4697286012526096 0.5862708719851577 0.45981210855949894 0.5862708719851577 0.45981210855949894 0.6391465677179963 0.4697286012526096 0.6391465677179963
8 0.49843423799582465 0.5732838589981449 0.4879958246346555 0.5732838589981449 0.4879958246346555 0.6057513914656774 0.49843423799582465 0.6057513914656774
8 0.511482254697286 0.534322820037106 0.49947807933194155 0.534322820037106 0.49947807933194155 0.5658627087198518 0.511482254697286 0.5658627087198518
8 0.5568893528183716 0.47402597402597413 0.5469728601252609 0.47402597402597413 0.5469728601252609 0.49907235621521356 0.5568893528183716 0.49907235621521356
8 0.5563674321503131 0.39703153988868284 0.5454070981210856 0.39703153988868284 0.5454070981210856 0.42207792207792216 0.5563674321503131 0.42207792207792216
8 0.5563674321503131 0.39703153988868284 0.5490605427974948 0.39703153988868284 0.5490605427974948 0.417439703153989 0.5563674321503131 0.417439703153989
7 0.5600208768267223 0.4332096474953619 0.5511482254697286 0.4332096474953619 0.5511482254697286 0.46753246753246763 0.5600208768267223 0.46753246753246763
7 0.5600208768267223 0.36085343228200384 0.5553235908141962 0.36085343228200384 0.5553235908141962 0.38961038961038974 0.5600208768267223 0.38961038961038974
8 0.5730688935281837 0.3274582560296847 0.5668058455114823 0.3274582560296847 0.5668058455114823 0.34786641929499085 0.5730688935281837 0.34786641929499085
8 0.5788100208768268 0.32560296846011144 0.5720250521920668 0.32560296846011144 0.5720250521920668 0.34786641929499085 0.5788100208768268 0.34786641929499085
8 0.5824634655532359 0.31354359925788505 0.5751565762004175 0.31354359925788505 0.5751565762004175 0.3274582560296847 0.5824634655532359 0.3274582560296847
8 0.5918580375782881 0.3051948051948053 0.5850730688935282 0.3051948051948053 0.5850730688935282 0.32560296846011144 0.5918580375782881 0.32560296846011144
8 0.6310020876826722 0.2662337662337663 0.6252609603340292 0.2662337662337663 0.6252609603340292 0.28385899814471255 0.6310020876826722 0.28385899814471255
7 0.6393528183716075 0.24860853432282015 0.6336116910229646 0.24860853432282015 0.6336116910229646 0.26901669758812624 0.6393528183716075 0.26901669758812624
8 0.6675365344467641 0.24025974025974037 0.6623173277661796 0.24025974025974037 0.6623173277661796 0.25510204081632665 0.6675365344467641 0.25510204081632665
5 0.6508350730688935 0.2244897959183675 0.6424843423799582 0.2244897959183675 0.6424843423799582 0.23469387755102056 0.6508350730688935 0.23469387755102056
5 0.6477035490605428 0.20964749536178123 0.6403966597077244 0.20964749536178123 0.6403966597077244 0.2198515769944343 0.6477035490605428 0.2198515769944343
5 0.6377870563674322 0.2040816326530614 0.6310020876826722 0.2040816326530614 0.6310020876826722 0.21799628942486102 0.6377870563674322 0.21799628942486102
3 0.6075156576200418 0.16419294990723576 0.5892484342379958 0.16419294990723574 0.5892484342379958 0.17903525046382202 0.6075156576200418 0.17903525046382204
7 0.6962421711899791 0.23005565862708735 0.691544885177453 0.23005565862708735 0.691544885177453 0.2430426716141003 0.6962421711899791 0.2430426716141003
8 0.7035490605427975 0.2263450834879408 0.6998956158663883 0.2263450834879408 0.6998956158663883 0.2393320964749537 0.7035490605427975 0.2393320964749537
8 0.7056367432150313 0.21799628942486102 0.7004175365344467 0.21799628942486102 0.7004175365344467 0.23005565862708735 0.7056367432150313 0.23005565862708735
8 0.7124217118997912 0.21428571428571444 0.7082463465553236 0.21428571428571444 0.7082463465553236 0.22356215213358085 0.7124217118997912 0.22356215213358085
8 0.7035490605427975 0.21243042671614115 0.6998956158663883 0.21243042671614115 0.6998956158663883 0.2198515769944343 0.7035490605427975 0.2198515769944343
5 0.36221294363256784 0.404452690166976 0.34498956158663885 0.404452690166976 0.34498956158663885 0.4359925788497218 0.36221294363256784 0.4359925788497218
5 0.37734864300626303 0.39239332096474966 0.36221294363256784 0.39239332096474966 0.36221294363256784 0.417439703153989 0.37734864300626303 0.417439703153989
11 0.4639874739039666 0.14378478664192962 0.4545929018789144 0.14378478664192962 0.4545929018789144 0.15769944341372924 0.4639874739039666 0.15769944341372924
4 0.10281837160751565 0.07792207792207795 0.0918580375782881 0.07792207792207795 0.0918580375782881 0.0899814471243043 0.10281837160751565 0.0899814471243043