3 0.6257142857142857 0.6828571428571428 0.5978571428571429 0.6828571428571428 0.5978571428571429 0.7447619047619047 0.6257142857142857 0.7447619047619047
3 0.7385714285714285 0.9114285714285717 0.6992857142857144 0.9114285714285717 0.6992857142857144 1 0.7385714285714285 1
3 0.5207142857142857 0.31904761904761914 0.5064285714285715 0.31904761904761914 0.5064285714285715 0.3476190476190477 0.5207142857142857 0.3476190476190477
7 0.43214285714285716 0.840952380952381 0.42714285714285716 0.840952380952381 0.42714285714285716 0.8571428571428571 0.43214285714285716 0.8571428571428571
10 0.6007142857142858 0.3933333333333334 0.5828571428571429 0.3933333333333334 0.5828571428571429 0.4361904761904763 0.6007142857142858 0.4361904761904763
3 0.5707142857142857 0.3038095238095239 0.5564285714285714 0.3038095238095239 0.5564285714285714 0.32285714285714295 0.5707142857142857 0.32285714285714295
3 0.5664285714285714 0.27809523809523823 0.5564285714285714 0.27809523809523823 0.5564285714285714 0.2942857142857144 0.5664285714285714 0.2942857142857144
3 0.5321428571428571 0.14571428571428582 0.5242857142857142 0.14571428571428582 0.5242857142857142 0.15904761904761916 0.5321428571428571 0.15904761904761916
3 0.5042857142857143 0.09047619047619056 0.4957142857142857 0.09047619047619056 0.4957142857142857 0.10095238095238103 0.5042857142857143 0.10095238095238103
7 0.435 0.05714285714285721 0.4328571428571429 0.05714285714285721 0.4328571428571429 0.06285714285714294 0.435 0.06285714285714294
7 0.4692857142857143 0.003809523809523886 0.46785714285714286 0.003809523809523886 0.46785714285714286 0.010476190476190554 0.4692857142857143 0.010476190476190554
3 0.4357142857142857 0.05047619047619054 0.43 0.05047619047619054 0.43 0.054285714285714354 0.4357142857142857 0.054285714285714354
3 0.4357142857142857 0.04476190476190483 0.4307142857142857 0.04476190476190483 0.4307142857142857 0.049523809523809595 0.4357142857142857 0.049523809523809595
7 0.61 0.241904761904762 0.6078571428571429 0.241904761904762 0.6078571428571429 0.25333333333333347 0.61 0.25333333333333347
7 0.6064285714285714 0.24380952380952392 0.6035714285714285 0.24380952380952392 0.6035714285714285 0.2504761904761906 0.6064285714285714 0.2504761904761906
7 0.6 0.24476190476190487 0.5978571428571429 0.24476190476190487 0.5978571428571429 0.2504761904761906 0.6 0.2504761904761906
7 0.5971428571428572 0.24285714285714297 0.5957142857142858 0.24285714285714297 0.5957142857142858 0.25142857142857156 0.5971428571428572 0.25142857142857156
7 0.6128571428571429 0.26190476190476203 0.6114285714285714 0.26190476190476203 0.6114285714285714 0.2704761904761906 0.6128571428571429 0.2704761904761906
7 0.6157142857142858 0.26380952380952394 0.6142857142857143 0.26380952380952394 0.6142857142857143 0.2704761904761906 0.6157142857142858 0.2704761904761906
7 0.5407142857142857 0.03809523809523819 0.5392857142857143 0.03809523809523819 0.5392857142857143 0.0438095238095239 0.5407142857142857 0.0438095238095239
7 0.5385714285714286 0.03904761904761913 0.5364285714285715 0.03904761904761913 0.5364285714285715 0.04380952380952389 0.5385714285714286 0.04380952380952389
3 0.5292857142857142 0.011428571428571515 0.52 0.011428571428571514 0.52 0.01809523809523818 0.5292857142857142 0.01809523809523818
3 0.5314285714285715 0.020000000000000087 0.5221428571428571 0.020000000000000087 0.5221428571428571 0.0257142857142858 0.5314285714285715 0.0257142857142858
3 0.5335714285714286 0.034285714285714364 0.5235714285714286 0.034285714285714364 0.5235714285714286 0.04095238095238103 0.5335714285714286 0.04095238095238103
3 0.5364285714285715 0.038095238095238175 0.5292857142857142 0.038095238095238175 0.5292857142857142 0.04380952380952389 0.5364285714285715 0.04380952380952389
3 0.5342857142857143 0.030476190476190556 0.5264285714285715 0.030476190476190556 0.5264285714285715 0.03714285714285723 0.5342857142857143 0.03714285714285723
3 0.5478571428571428 0.06380952380952389 0.5328571428571428 0.06380952380952389 0.5328571428571428 0.07238095238095246 0.5478571428571428 0.07238095238095246
3 0.5464285714285714 0.058095238095238186 0.5378571428571428 0.05809523809523818 0.5378571428571428 0.06476190476190484 0.5464285714285714 0.06476190476190484
3 0.5521428571428572 0.03809523809523819 0.5464285714285714 0.03809523809523819 0.5464285714285714 0.04666666666666676 0.5521428571428572 0.04666666666666676
3 0.5635714285714286 0.06285714285714294 0.5571428571428572 0.06285714285714294 0.5571428571428572 0.07047619047619055 0.5635714285714286 0.07047619047619055
3 0.5514285714285714 0.07809523809523818 0.5421428571428571 0.07809523809523818 0.5421428571428571 0.0857142857142858 0.5514285714285714 0.0857142857142858
3 0.5564285714285714 0.09142857142857151 0.5492857142857143 0.09142857142857151 0.5492857142857143 0.09619047619047627 0.5564285714285714 0.09619047619047627
3 0.575 0.12285714285714297 0.5614285714285714 0.12285714285714297 0.5614285714285714 0.1323809523809525 0.575 0.1323809523809525
4 0.5735714285714286 0.07619047619047627 0.5614285714285714 0.07619047619047627 0.5614285714285714 0.0895238095238096 0.5735714285714286 0.0895238095238096
4 0.6057142857142858 0.14666666666666678 0.5985714285714285 0.14666666666666678 0.5985714285714285 0.1580952380952382 0.6057142857142858 0.1580952380952382
7 0.5885714285714285 0.1800000000000001 0.5864285714285714 0.1800000000000001 0.5864285714285714 0.18571428571428583 0.5885714285714285 0.18571428571428583
11 0.5792857142857143 0.1361904761904763 0.5635714285714286 0.1361904761904763 0.5635714285714286 0.14571428571428582 0.5792857142857143 0.14571428571428582
3 0.5778571428571428 0.14476190476190487 0.56 0.14476190476190487 0.56 0.1542857142857144 0.5778571428571428 0.1542857142857144
3 0.5814285714285714 0.15238095238095248 0.5628571428571428 0.15238095238095248 0.5628571428571428 0.16285714285714298 0.5814285714285714 0.16285714285714298
3 0.5878571428571429 0.16095238095238107 0.5678571428571428 0.16095238095238107 0.5678571428571428 0.1723809523809525 0.5878571428571429 0.1723809523809525
11 0.6292857142857143 0.19523809523809535 0.6042857142857143 0.19523809523809535 0.6042857142857143 0.21523809523809534 0.6292857142857143 0.21523809523809534
4 0.6371428571428571 0.22380952380952393 0.6135714285714285 0.22380952380952393 0.6135714285714285 0.25714285714285723 0.6371428571428571 0.25714285714285723
7 0.7014285714285714 0.5400000000000003 0.6978571428571428 0.5400000000000003 0.6978571428571428 0.5552380952380954 0.7014285714285714 0.5552380952380954
7 0.7092857142857143 0.5457142857142859 0.705 0.5457142857142859 0.705 0.5666666666666669 0.7092857142857143 0.5666666666666669
3 0.7521428571428571 0.522857142857143 0.7071428571428572 0.522857142857143 0.7071428571428572 0.5523809523809526 0.7521428571428571 0.5523809523809526
11 0.7364285714285714 0.504761904761905 0.6928571428571428 0.504761904761905 0.6928571428571428 0.5295238095238097 0.7364285714285714 0.5295238095238097
3 0.7207142857142858 0.4904761904761907 0.6857142857142857 0.4904761904761907 0.6857142857142857 0.5133333333333335 0.7207142857142858 0.5133333333333335
3 0.6785714285714286 0.43142857142857155 0.6464285714285715 0.43142857142857155 0.6464285714285715 0.4514285714285715 0.6785714285714286 0.4514285714285715
3 0.6821428571428572 0.4180952380952382 0.645 0.4180952380952382 0.645 0.4361904761904763 0.6821428571428572 0.4361904761904763
3 0.6778571428571428 0.40285714285714297 0.6457142857142857 0.40285714285714297 0.6457142857142857 0.4238095238095239 0.6778571428571428 0.4238095238095239
3 0.6714285714285714 0.3885714285714287 0.64 0.3885714285714287 0.64 0.4066666666666668 0.6714285714285714 0.4066666666666668
3 0.665 0.3800000000000001 0.6357142857142857 0.3800000000000001 0.6357142857142857 0.3980952380952382 0.665 0.3980952380952382
7 0.6335714285714286 0.2695238095238096 0.6314285714285715 0.2695238095238096 0.6314285714285715 0.27523809523809534 0.6335714285714286 0.27523809523809534
3 0.6442857142857142 0.282857142857143 0.6278571428571429 0.282857142857143 0.6278571428571429 0.30761904761904774 0.6442857142857142 0.30761904761904774
3 0.8135714285714286 0.6942857142857145 0.7614285714285715 0.6942857142857145 0.7614285714285715 0.7400000000000002 0.8135714285714286 0.7400000000000002
3 0.8085714285714286 0.723809523809524 0.7528571428571429 0.723809523809524 0.7528571428571429 0.7819047619047621 0.8085714285714286 0.7819047619047621
3 0.8414285714285714 0.8057142857142859 0.7792857142857142 0.8057142857142859 0.7792857142857142 0.9171428571428574 0.8414285714285714 0.9171428571428574