8 0.9121428571428571 0.7714285714285717 0.9057142857142857 0.7714285714285717 0.9057142857142857 0.7933333333333336 0.9121428571428571 0.7933333333333336
8 0.8364285714285714 0.843809523809524 0.8242857142857143 0.843809523809524 0.8242857142857143 0.8704761904761907 0.8364285714285714 0.8704761904761907
5 0.84 0.8514285714285716 0.8207142857142857 0.8514285714285716 0.8207142857142857 0.8780952380952383 0.84 0.8780952380952383
5 0.9142857142857143 0.7780952380952383 0.9021428571428571 0.7780952380952383 0.9021428571428571 0.7990476190476192 0.9142857142857143 0.7990476190476192
3 0.9885714285714285 0.8152380952380954 0.94 0.8152380952380954 0.94 0.8685714285714288 0.9885714285714285 0.8685714285714288
3 0.9564285714285714 0.7771428571428574 0.9114285714285715 0.7771428571428574 0.9114285714285715 0.8209523809523812 0.9564285714285714 0.8209523809523812
3 0.9614285714285714 0.7419047619047621 0.9235714285714286 0.7419047619047621 0.9235714285714286 0.7704761904761906 0.9614285714285714 0.7704761904761906
3 1 0.7504761904761907 0.965 0.7504761904761907 0.965 0.7838095238095241 1 0.7838095238095241
10 0.6442857142857142 0.680952380952381 0.605 0.680952380952381 0.605 0.7161904761904762 0.6442857142857142 0.7161904761904762
3 0.5814285714285714 0.7523809523809524 0.5514285714285714 0.7523809523809524 0.5514285714285714 0.7885714285714286 0.5814285714285714 0.7885714285714286
3 0.5835714285714285 0.8 0.545 0.8 0.545 0.8495238095238096 0.5835714285714285 0.8495238095238096
3 0.5757142857142858 0.8590476190476191 0.535 0.8590476190476191 0.535 0.9371428571428572 0.5757142857142858 0.9371428571428572
3 0.5121428571428572 0.8323809523809523 0.47785714285714287 0.8323809523809523 0.4778571428571429 0.8895238095238095 0.5121428571428573 0.8895238095238095
3 0.48142857142857143 0.7761904761904762 0.455 0.7761904761904762 0.455 0.8161904761904762 0.48142857142857143 0.8161904761904762
3 0.5264285714285715 0.7790476190476191 0.4942857142857143 0.7790476190476191 0.4942857142857143 0.8247619047619048 0.5264285714285715 0.8247619047619048
3 0.5514285714285714 0.7180952380952381 0.5257142857142857 0.7180952380952381 0.5257142857142857 0.7466666666666667 0.5514285714285714 0.7466666666666667
3 0.5214285714285715 0.719047619047619 0.49857142857142855 0.719047619047619 0.49857142857142855 0.7485714285714286 0.5214285714285715 0.7485714285714286
10 0.49642857142857144 0.7219047619047619 0.4714285714285714 0.7219047619047619 0.4714285714285714 0.7542857142857143 0.49642857142857144 0.7542857142857143
3 0.4607142857142857 0.7285714285714285 0.44 0.7285714285714285 0.44 0.7619047619047619 0.4607142857142857 0.7619047619047619
3 0.5171428571428571 0.579047619047619 0.5021428571428571 0.579047619047619 0.5021428571428571 0.5885714285714285 0.5171428571428571 0.5885714285714285
3 0.4992857142857143 0.6114285714285714 0.485 0.6114285714285714 0.485 0.6247619047619047 0.4992857142857143 0.6247619047619047
3 0.4735714285714286 0.5904761904761905 0.4657142857142857 0.5904761904761905 0.4657142857142857 0.6009523809523809 0.4735714285714286 0.6009523809523809
3 0.47214285714285714 0.6876190476190476 0.45357142857142857 0.6876190476190476 0.45357142857142857 0.7142857142857143 0.47214285714285714 0.7142857142857143
3 0.5 0.6885714285714286 0.47928571428571426 0.6885714285714286 0.47928571428571426 0.7152380952380952 0.5 0.7152380952380952
3 0.48642857142857143 0.6676190476190477 0.4692857142857143 0.6676190476190477 0.4692857142857143 0.6923809523809524 0.48642857142857143 0.6923809523809524
3 0.4442857142857143 0.6847619047619048 0.4278571428571429 0.6847619047619048 0.4278571428571429 0.7085714285714285 0.4442857142857143 0.7085714285714285
10 0.42857142857142855 0.6523809523809524 0.39714285714285713 0.6523809523809524 0.39714285714285713 0.7457142857142857 0.42857142857142855 0.7457142857142857
3 0.4392857142857143 0.6561904761904762 0.425 0.6561904761904762 0.425 0.6780952380952381 0.4392857142857143 0.6780952380952381
3 0.4564285714285714 0.6552380952380953 0.44285714285714284 0.6552380952380953 0.44285714285714284 0.6714285714285714 0.4564285714285714 0.6714285714285714
3 0.4664285714285714 0.6419047619047619 0.4542857142857143 0.6419047619047619 0.4542857142857143 0.6580952380952381 0.4664285714285714 0.6580952380952381
3 0.44571428571428573 0.638095238095238 0.4328571428571429 0.638095238095238 0.4328571428571429 0.6542857142857142 0.44571428571428573 0.6542857142857142
3 0.4614285714285714 0.6314285714285715 0.4492857142857143 0.6314285714285715 0.4492857142857143 0.6466666666666666 0.4614285714285714 0.6466666666666666
3 0.45285714285714285 0.6238095238095238 0.4421428571428571 0.6238095238095238 0.4421428571428571 0.6371428571428571 0.45285714285714285 0.6371428571428571
11 0.45071428571428573 0.6066666666666667 0.43785714285714283 0.6066666666666667 0.43785714285714283 0.6266666666666667 0.45071428571428573 0.6266666666666667
11 0.425 0.6323809523809524 0.4135714285714286 0.6323809523809524 0.4135714285714286 0.6533333333333333 0.425 0.6533333333333333
3 0.44 0.6276190476190476 0.42857142857142855 0.6276190476190476 0.42857142857142855 0.6419047619047619 0.44 0.6419047619047619
3 0.435 0.6180952380952381 0.425 0.6180952380952381 0.425 0.6323809523809524 0.435 0.6323809523809524
3 0.43142857142857144 0.6123809523809524 0.4228571428571429 0.6123809523809524 0.4228571428571429 0.6257142857142857 0.43142857142857144 0.6257142857142857
3 0.42214285714285715 0.6228571428571429 0.4114285714285714 0.6228571428571429 0.4114285714285714 0.6333333333333333 0.42214285714285715 0.6333333333333333
2 0.415 0.6342857142857142 0.3942857142857143 0.6342857142857142 0.3942857142857143 0.6695238095238095 0.415 0.6695238095238095
3 0.3992857142857143 0.6352380952380953 0.39 0.6352380952380953 0.39 0.6485714285714286 0.3992857142857143 0.6485714285714286
3 0.4064285714285714 0.621904761904762 0.39714285714285713 0.621904761904762 0.39714285714285713 0.6342857142857142 0.4064285714285714 0.6342857142857142
3 0.39714285714285713 0.6 0.38857142857142857 0.6 0.38857142857142857 0.6123809523809524 0.39714285714285713 0.6123809523809524
3 0.4185714285714286 0.6133333333333333 0.4092857142857143 0.6133333333333333 0.4092857142857143 0.6257142857142857 0.4185714285714286 0.6257142857142857
3 0.4164285714285714 0.6057142857142858 0.4085714285714286 0.6057142857142858 0.4085714285714286 0.6180952380952381 0.4164285714285714 0.6180952380952381
3 0.4135714285714286 0.599047619047619 0.4064285714285714 0.599047619047619 0.4064285714285714 0.6114285714285714 0.4135714285714286 0.6114285714285714
3 0.42714285714285716 0.6057142857142858 0.42 0.6057142857142858 0.42 0.6152380952380953 0.42714285714285716 0.6152380952380953
3 0.42642857142857143 0.6 0.4185714285714286 0.6 0.4185714285714286 0.6123809523809524 0.42642857142857143 0.6123809523809524
3 0.42214285714285715 0.5933333333333334 0.4142857142857143 0.5933333333333334 0.4142857142857143 0.6038095238095238 0.42214285714285715 0.6038095238095238
3 0.44357142857142856 0.6076190476190476 0.435 0.6076190476190476 0.435 0.6180952380952381 0.44357142857142856 0.6180952380952381
3 0.43857142857142856 0.599047619047619 0.43 0.599047619047619 0.43 0.6104761904761905 0.43857142857142856 0.6104761904761905
3 0.435 0.5961904761904762 0.42642857142857143 0.5961904761904762 0.42642857142857143 0.6047619047619047 0.435 0.6047619047619047
3 0.49785714285714283 0.5771428571428572 0.4907142857142857 0.5771428571428572 0.4907142857142857 0.5847619047619048 0.49785714285714283 0.5847619047619048
3 0.43142857142857144 0.5857142857142857 0.4235714285714286 0.5857142857142857 0.4235714285714286 0.5952380952380952 0.43142857142857144 0.5952380952380952
3 0.41785714285714287 0.5828571428571429 0.4114285714285714 0.5828571428571429 0.4114285714285714 0.5914285714285714 0.41785714285714287 0.5914285714285714
3 0.3942857142857143 0.579047619047619 0.38785714285714284 0.579047619047619 0.38785714285714284 0.5857142857142857 0.3942857142857143 0.5857142857142857
3 0.4085714285714286 0.5657142857142857 0.4035714285714286 0.5657142857142857 0.4035714285714286 0.5723809523809524 0.4085714285714286 0.5723809523809524
3 0.37 0.560952380952381 0.35857142857142865 0.560952380952381 0.35857142857142865 0.5676190476190476 0.37 0.5676190476190476
7 0.49214285714285716 0.5761904761904761 0.49 0.5761904761904761 0.49 0.5857142857142857 0.49214285714285716 0.5857142857142857
7 0.48928571428571427 0.5780952380952381 0.48714285714285716 0.5780952380952381 0.48714285714285716 0.5847619047619048 0.48928571428571427 0.5847619047619048
8 0.4735714285714286 0.5685714285714286 0.4714285714285714 0.5685714285714286 0.4714285714285714 0.5714285714285714 0.4735714285714286 0.5714285714285714
1 0.4735714285714286 0.5695238095238095 0.47 0.5695238095238095 0.47 0.5742857142857143 0.4735714285714286 0.5742857142857143
11 0.4692857142857143 0.5742857142857143 0.4635714285714286 0.5742857142857143 0.4635714285714286 0.5828571428571429 0.4692857142857143 0.5828571428571429
3 0.4585714285714286 0.5761904761904761 0.4514285714285714 0.5761904761904761 0.4514285714285714 0.5828571428571429 0.4585714285714286 0.5828571428571429
3 0.4471428571428571 0.58 0.44 0.58 0.44 0.5876190476190476 0.4471428571428571 0.5876190476190476
3 0.4392857142857143 0.5533333333333333 0.4342857142857143 0.5533333333333333 0.4342857142857143 0.5580952380952381 0.4392857142857143 0.5580952380952381
3 0.4342857142857143 0.5476190476190477 0.4307142857142857 0.5476190476190477 0.4307142857142857 0.5514285714285714 0.4342857142857143 0.5514285714285714
3 0.4278571428571429 0.5485714285714286 0.42428571428571427 0.5485714285714286 0.42428571428571427 0.5542857142857143 0.4278571428571429 0.5542857142857143
3 0.4257142857142857 0.5533333333333333 0.42142857142857143 0.5533333333333333 0.42142857142857143 0.5580952380952381 0.4257142857142857 0.5580952380952381
3 0.4 0.5485714285714286 0.395 0.5485714285714286 0.395 0.5533333333333333 0.4 0.5533333333333333
10 0.415 0.5428571428571428 0.4107142857142857 0.5428571428571428 0.4107142857142857 0.5504761904761905 0.415 0.5504761904761905
3 0.3921428571428571 0.5352380952380953 0.3892857142857143 0.5352380952380953 0.3892857142857143 0.539047619047619 0.3921428571428571 0.539047619047619