11 0.06714285714285723 0.8304761904761905 0.0014285714285715047 0.8304761904761905 0.0014285714285715075 0.8895238095238095 0.06714285714285723 0.8895238095238095
3 0.1207142857142858 0.7561904761904762 0.04928571428571435 0.7561904761904762 0.049285714285714356 0.8695238095238095 0.1207142857142858 0.8695238095238095
3 0.2657142857142858 0.8990476190476191 0.17857142857142866 0.8990476190476191 0.17857142857142866 0.9723809523809523 0.2657142857142858 0.9723809523809523
3 0.22928571428571437 0.7447619047619047 0.15857142857142864 0.7447619047619047 0.15857142857142864 0.8457142857142858 0.22928571428571437 0.8457142857142858
3 0.2664285714285715 0.7057142857142857 0.19928571428571437 0.7057142857142857 0.19928571428571437 0.8114285714285714 0.2664285714285715 0.8114285714285714
3 0.30357142857142866 0.6561904761904762 0.24142857142857152 0.6561904761904762 0.24142857142857152 0.7666666666666667 0.30357142857142866 0.7666666666666667
3 0.3614285714285715 0.819047619047619 0.28428571428571436 0.819047619047619 0.28428571428571436 0.9219047619047619 0.3614285714285715 0.9219047619047619
3 0.5671428571428572 0.8761904761904762 0.5335714285714286 0.8761904761904762 0.5335714285714287 0.9952380952380953 0.5671428571428573 0.9952380952380953
11 0.5735714285714286 0.7028571428571428 0.53 0.7028571428571428 0.53 0.8257142857142857 0.5735714285714286 0.8257142857142857
3 0.5878571428571429 0.5838095238095238 0.5471428571428572 0.5838095238095238 0.5471428571428572 0.6866666666666666 0.5878571428571429 0.6866666666666666
3 0.5707142857142857 0.44952380952380966 0.5235714285714286 0.44952380952380966 0.5235714285714286 0.5495238095238095 0.5707142857142857 0.5495238095238095
3 0.6028571428571429 0.3523809523809525 0.565 0.3523809523809525 0.565 0.46000000000000013 0.6028571428571429 0.46000000000000013
3 0.33714285714285724 0.6142857142857143 0.27285714285714296 0.6142857142857143 0.27285714285714296 0.7095238095238096 0.33714285714285724 0.7095238095238096
3 0.44357142857142856 0.47333333333333344 0.4064285714285714 0.47333333333333344 0.4064285714285714 0.5771428571428572 0.44357142857142856 0.5771428571428572
11 0.46 0.31904761904761914 0.4185714285714286 0.31904761904761914 0.4185714285714286 0.4257142857142858 0.46 0.4257142857142858
3 0.6085714285714285 0.22857142857142868 0.5757142857142857 0.22857142857142868 0.5757142857142857 0.3314285714285715 0.6085714285714285 0.3314285714285715
3 0.6278571428571429 0.09904761904761916 0.5892857142857143 0.09904761904761916 0.5892857142857143 0.1942857142857144 0.6278571428571429 0.1942857142857144
11 0.6335714285714286 1.0065430358706341e-16 0.5992857142857143 9.785511090329803e-17 0.5992857142857143 0.07714285714285725 0.6335714285714286 0.07714285714285725
11 0.4957142857142857 7.802749605995993e-17 0.46 7.511167034770433e-17 0.46 0.09714285714285723 0.4957142857142857 0.09714285714285723
11 0.4035714285714286 0.014285714285714348 0.36857142857142855 0.014285714285714346 0.36857142857142855 0.10190476190476196 0.4035714285714286 0.10190476190476196
3 0.4742857142857143 0.20380952380952386 0.4342857142857143 0.20380952380952386 0.4342857142857143 0.3152380952380954 0.4742857142857143 0.3152380952380954
3 0.39785714285714285 0.21333333333333337 0.3585714285714286 0.21333333333333337 0.3585714285714286 0.3057142857142858 0.39785714285714285 0.3057142857142858
3 0.405 0.4314285714285715 0.32785714285714285 0.43142857142857144 0.3278571428571429 0.48190476190476195 0.405 0.481904761904762
11 0.3471428571428572 0.5 0.27214285714285724 0.5 0.27214285714285724 0.5752380952380952 0.3471428571428572 0.5752380952380952
7 0.36642857142857144 0.12761904761904766 0.35642857142857143 0.12761904761904766 0.35642857142857143 0.14666666666666672 0.36642857142857144 0.14666666666666672
7 0.33285714285714285 0.20761904761904768 0.32142857142857145 0.20761904761904768 0.32142857142857145 0.22952380952380957 0.33285714285714285 0.22952380952380957
7 0.32357142857142857 0.20190476190476195 0.31357142857142856 0.20190476190476195 0.31357142857142856 0.22857142857142862 0.32357142857142857 0.22857142857142862
7 0.26 0.22857142857142862 0.24357142857142858 0.22857142857142862 0.24357142857142858 0.2523809523809524 0.26 0.2523809523809524
5 0.3 0.2171428571428572 0.2842857142857143 0.2171428571428572 0.2842857142857143 0.259047619047619 0.3 0.259047619047619
5 0.2164285714285715 0.4704761904761905 0.18857142857142864 0.4704761904761905 0.18857142857142864 0.4857142857142857 0.2164285714285715 0.4857142857142857
3 0.1821428571428572 0.5019047619047619 0.12428571428571433 0.5019047619047619 0.12428571428571433 0.6009523809523809 0.1821428571428572 0.6009523809523809
3 0.13071428571428576 0.5476190476190477 0.07642857142857147 0.5476190476190477 0.07642857142857148 0.6571428571428571 0.13071428571428576 0.6571428571428571
3 0.09071428571428578 0.5933333333333334 0.034285714285714336 0.5933333333333334 0.03428571428571434 0.7133333333333334 0.09071428571428578 0.7133333333333334