10 0.2657142857142858 0.9124365482233503 0.2264285714285715 0.9124365482233503 0.2264285714285715 0.998730964467005 0.2657142857142858 0.998730964467005
11 0.32928571428571435 0.9467005076142132 0.2992857142857144 0.9467005076142132 0.2992857142857144 0.998730964467005 0.32928571428571435 0.998730964467005
5 0.33857142857142863 0.9137055837563451 0.3214285714285715 0.9137055837563451 0.3214285714285715 0.9390862944162437 0.33857142857142863 0.9390862944162437
5 0.3428571428571429 0.8883248730964467 0.3350000000000001 0.8883248730964467 0.3350000000000001 0.9225888324873096 0.3428571428571429 0.9225888324873096
6 0.2850000000000001 0.7728426395939086 0.24785714285714294 0.7728426395939086 0.24785714285714294 0.8895939086294417 0.2850000000000001 0.8895939086294417
3 0.37857142857142856 0.7791878172588832 0.3364285714285715 0.7791878172588832 0.3364285714285715 0.8134517766497462 0.37857142857142856 0.8134517766497462
3 0.38 0.7385786802030457 0.33928571428571436 0.7385786802030457 0.33928571428571436 0.7728426395939086 0.38 0.7728426395939086
11 0.38357142857142856 0.6967005076142132 0.3400000000000001 0.6967005076142132 0.3400000000000001 0.7322335025380711 0.38357142857142856 0.7322335025380711
3 0.3921428571428571 0.6180203045685281 0.3600000000000001 0.6180203045685281 0.3600000000000001 0.6510152284263959 0.3921428571428571 0.6510152284263959
3 0.3914285714285714 0.5761421319796955 0.35 0.5761421319796955 0.35000000000000003 0.6104060913705586 0.3914285714285714 0.6104060913705586
6 0.30714285714285716 0.49111675126903553 0.28785714285714287 0.49111675126903553 0.28785714285714287 0.5469543147208121 0.30714285714285716 0.5469543147208121
6 0.3221428571428571 0.4073604060913706 0.30142857142857143 0.4073604060913706 0.30142857142857143 0.4631979695431472 0.3221428571428571 0.4631979695431472
3 0.3942857142857143 0.49492385786802046 0.35214285714285715 0.49492385786802046 0.35214285714285715 0.5291878172588834 0.3942857142857143 0.5291878172588834
11 0.3964285714285714 0.4555837563451778 0.35642857142857143 0.4555837563451778 0.35642857142857143 0.48857868020304585 0.3964285714285714 0.48857868020304585
11 0.3964285714285714 0.41624365482233516 0.3607142857142857 0.41624365482233516 0.3607142857142857 0.44796954314720827 0.3964285714285714 0.44796954314720827
10 0.35285714285714287 0.10406091370558383 0.31285714285714283 0.10406091370558383 0.31285714285714283 0.28172588832487316 0.35285714285714287 0.28172588832487316
10 0.38 0.1611675126903554 0.3392857142857143 0.1611675126903554 0.3392857142857143 0.3197969543147209 0.38 0.3197969543147209
10 0.4 0.19670050761421326 0.37214285714285716 0.19670050761421326 0.37214285714285716 0.31472081218274117 0.4 0.31472081218274117
10 0.38857142857142857 0.02664974619289348 0.3578571428571429 0.02664974619289348 0.3578571428571429 0.15355329949238586 0.38857142857142857 0.15355329949238586
3 0.3985714285714286 8.438873247931636e-17 0.37714285714285717 8.205755202408661e-17 0.37714285714285717 0.04060913705583765 0.3985714285714286 0.04060913705583765
11 0.45357142857142857 9.69771069375569e-17 0.43785714285714283 9.526757460372176e-17 0.43785714285714283 0.050761421319797044 0.45357142857142857 0.050761421319797044
3 0.47928571428571426 0.07106598984771584 0.46285714285714286 0.07106598984771584 0.46285714285714286 0.1434010152284265 0.47928571428571426 0.1434010152284265
3 0.47714285714285715 0.2614213197969544 0.4607142857142857 0.2614213197969544 0.4607142857142857 0.33502538071066007 0.47714285714285715 0.33502538071066007
2 0.45357142857142857 0.33629441624365497 0.42214285714285715 0.33629441624365497 0.42214285714285715 0.517766497461929 0.45357142857142857 0.517766497461929
11 0.4764285714285714 0.44289340101522856 0.4585714285714286 0.44289340101522856 0.4585714285714286 0.5139593908629443 0.4764285714285714 0.5139593908629443
11 0.47 0.6421319796954316 0.45357142857142857 0.6421319796954316 0.45357142857142857 0.7195431472081218 0.47 0.7195431472081218
11 0.46785714285714286 0.7791878172588832 0.4521428571428571 0.7791878172588832 0.4521428571428571 0.850253807106599 0.46785714285714286 0.850253807106599
3 0.43357142857142855 0.7233502538071066 0.4164285714285714 0.7233502538071066 0.4164285714285714 0.800761421319797 0.43357142857142855 0.800761421319797
3 0.435 0.9086294416243654 0.4185714285714286 0.9086294416243654 0.4185714285714286 0.9898477157360406 0.435 0.9898477157360406
3 0.4692857142857143 0.9086294416243654 0.45071428571428573 0.9086294416243654 0.45071428571428573 0.9885786802030457 0.4692857142857143 0.9885786802030457
7 0.8685714285714285 0.6979695431472084 0.8607142857142858 0.6979695431472084 0.8607142857142858 0.7144670050761425 0.8685714285714285 0.7144670050761425
7 0.8721428571428571 0.6865482233502541 0.8635714285714285 0.6865482233502541 0.8635714285714285 0.6967005076142135 0.8721428571428571 0.6967005076142135
7 0.88 0.6903553299492389 0.8721428571428571 0.6903553299492389 0.8721428571428571 0.7005076142131983 0.88 0.7005076142131983
3 0.8042857142857143 0.3870558375634519 0.7835714285714286 0.3870558375634519 0.7835714285714286 0.453045685279188 0.8042857142857143 0.453045685279188
7 0.8764285714285714 0.14340101522842658 0.8671428571428571 0.14340101522842658 0.8671428571428571 0.1611675126903555 0.8764285714285714 0.1611675126903555
7 0.8457142857142858 0.027918781725888506 0.8385714285714285 0.027918781725888506 0.8385714285714285 0.04314720812182759 0.8457142857142858 0.04314720812182759
7 0.8378571428571429 0.0038071065989849534 0.8328571428571429 0.003807106598984953 0.8328571428571429 0.017766497461929116 0.8378571428571429 0.017766497461929116
7 0.8564285714285714 0.019035532994924043 0.8478571428571429 0.019035532994924043 0.8478571428571429 0.03172588832487328 0.8564285714285714 0.03172588832487329
7 0.865 0.0012690355329951113 0.8578571428571429 0.0012690355329951105 0.8578571428571429 0.015228426395939274 0.865 0.015228426395939276
7 0.8535714285714285 0.001269035532995109 0.8464285714285714 0.001269035532995108 0.8464285714285714 0.012690355329949424 0.8535714285714285 0.012690355329949424
2 0.595 0.1725888324873098 0.5685714285714286 0.1725888324873098 0.5685714285714286 0.37309644670050773 0.595 0.37309644670050773