3 0.5292857142857142 0.5152380952380953 0.49857142857142855 0.5152380952380953 0.49857142857142855 0.5904761904761905 0.5292857142857142 0.5904761904761905
3 0.55 0.7276190476190476 0.5092857142857142 0.7276190476190476 0.5092857142857142 0.8257142857142857 0.55 0.8257142857142857
3 0.48214285714285715 0.49523809523809526 0.4564285714285714 0.49523809523809526 0.4564285714285714 0.5657142857142857 0.48214285714285715 0.5657142857142857
3 0.46785714285714286 0.3361904761904763 0.44785714285714284 0.3361904761904763 0.44785714285714284 0.38095238095238104 0.46785714285714286 0.38095238095238104
3 0.46714285714285714 0.22000000000000006 0.44857142857142857 0.22000000000000006 0.44857142857142857 0.2561904761904763 0.46714285714285714 0.2561904761904763
3 0.5014285714285714 0.17809523809523817 0.48714285714285716 0.17809523809523814 0.48714285714285716 0.20666666666666675 0.5014285714285714 0.20666666666666678
3 0.4642857142857143 0.16190476190476197 0.44857142857142857 0.16190476190476197 0.44857142857142857 0.18666666666666673 0.4642857142857143 0.18666666666666673
3 0.49357142857142855 0.06666666666666675 0.48214285714285715 0.06666666666666675 0.48214285714285715 0.0876190476190477 0.49357142857142855 0.0876190476190477
3 0.525 0.0476190476190477 0.5157142857142857 0.0476190476190477 0.5157142857142857 0.06285714285714294 0.525 0.06285714285714294
3 0.49214285714285716 0.0276190476190477 0.47928571428571426 0.0276190476190477 0.47928571428571426 0.04380952380952389 0.49214285714285716 0.04380952380952389
4 0.5278571428571428 8.245955114258845e-17 0.48214285714285715 7.872729423090127e-17 0.48214285714285715 0.01809523809523818 0.5278571428571428 0.01809523809523818
3 0.505 0.38666666666666677 0.48428571428571426 0.38666666666666677 0.48428571428571426 0.4323809523809525 0.505 0.4323809523809525
3 0.8314285714285714 0.845714285714286 0.7292857142857143 0.845714285714286 0.7292857142857143 0.981904761904762 0.8314285714285714 0.981904761904762
3 0.6185714285714288 0.9038095238095238 0.5778571428571431 0.9038095238095238 0.5778571428571431 1 0.6185714285714288 1
5 0.43 0.6266666666666667 0.41785714285714287 0.6266666666666667 0.41785714285714287 0.6657142857142857 0.43 0.6657142857142857
8 0.43 0.6190476190476191 0.4185714285714286 0.6190476190476191 0.4185714285714286 0.6447619047619048 0.43 0.6447619047619048