8 0.26428571428571435 0.5371428571428571 0.24285714285714294 0.5371428571428571 0.24285714285714294 0.580952380952381 0.26428571428571435 0.580952380952381
8 0.2750000000000001 0.5419047619047619 0.25285714285714295 0.5419047619047619 0.25285714285714295 0.5828571428571429 0.2750000000000001 0.5828571428571429
8 0.18142857142857147 0.48095238095238096 0.16571428571428576 0.48095238095238096 0.16571428571428576 0.5171428571428571 0.18142857142857147 0.5171428571428571
8 0.17214285714285718 0.5028571428571429 0.1571428571428572 0.5028571428571429 0.1571428571428572 0.5323809523809524 0.17214285714285718 0.5323809523809524
8 0.15000000000000005 0.48857142857142855 0.13714285714285718 0.48857142857142855 0.13714285714285718 0.5219047619047619 0.15000000000000005 0.5219047619047619
8 0.16142857142857148 0.49523809523809526 0.14214285714285718 0.49523809523809526 0.14214285714285718 0.5257142857142857 0.16142857142857148 0.5257142857142857
8 0.8192857142857143 0.6866666666666669 0.7878571428571428 0.6866666666666669 0.7878571428571428 0.7419047619047621 0.8192857142857143 0.7419047619047621
8 0.7471428571428571 0.6742857142857145 0.7228571428571429 0.6742857142857145 0.7228571428571429 0.725714285714286 0.7471428571428571 0.725714285714286
8 0.7635714285714286 0.6428571428571431 0.7471428571428571 0.6428571428571431 0.7471428571428571 0.6800000000000003 0.7635714285714286 0.6800000000000003
8 0.6657142857142857 0.5857142857142859 0.6464285714285715 0.5857142857142857 0.6464285714285715 0.621904761904762 0.6657142857142857 0.6219047619047621
8 0.6685714285714286 0.6076190476190477 0.6435714285714286 0.6076190476190476 0.6435714285714286 0.6466666666666667 0.6685714285714286 0.6466666666666668
8 0.6842857142857143 0.6180952380952384 0.6657142857142857 0.6180952380952384 0.6657142857142857 0.6533333333333335 0.6842857142857143 0.6533333333333335
8 0.7128571428571429 0.6314285714285717 0.6871428571428572 0.6314285714285717 0.6871428571428572 0.6790476190476192 0.7128571428571429 0.6790476190476192
7 0.68 0.6390476190476193 0.6642857142857143 0.6390476190476193 0.6642857142857143 0.6971428571428574 0.68 0.6971428571428574
7 0.6628571428571428 0.6342857142857142 0.6471428571428571 0.6342857142857142 0.6471428571428571 0.6857142857142857 0.6628571428571428 0.6857142857142857
8 0.9985714285714286 0.5780952380952383 0.9692857142857143 0.5780952380952383 0.9692857142857143 0.6257142857142859 0.9985714285714286 0.6257142857142859
8 0.9407142857142857 0.5666666666666669 0.9228571428571428 0.5666666666666669 0.9228571428571428 0.6190476190476193 0.9407142857142857 0.6190476190476193
8 0.9614285714285714 0.5714285714285716 0.9371428571428572 0.5714285714285716 0.9371428571428572 0.624761904761905 0.9614285714285714 0.624761904761905
8 0.8271428571428572 0.5123809523809526 0.8014285714285714 0.5123809523809526 0.8014285714285714 0.5590476190476192 0.8271428571428572 0.5590476190476192
8 0.8457142857142858 0.5257142857142859 0.8242857142857143 0.5257142857142859 0.8242857142857143 0.5590476190476192 0.8457142857142858 0.5590476190476192
8 0.8578571428571429 0.5161904761904764 0.8392857142857143 0.5161904761904764 0.8392857142857143 0.5495238095238097 0.8578571428571429 0.5495238095238097
8 0.8842857142857142 0.5457142857142859 0.8607142857142858 0.5457142857142859 0.8607142857142858 0.5914285714285716 0.8842857142857142 0.5914285714285716
8 0.9114285714285715 0.5485714285714288 0.8814285714285715 0.5485714285714288 0.8814285714285715 0.604761904761905 0.9114285714285715 0.604761904761905
8 0.925 0.5514285714285716 0.905 0.5514285714285716 0.905 0.5895238095238098 0.925 0.5895238095238098
8 0.8957142857142857 0.544761904761905 0.8685714285714285 0.544761904761905 0.8685714285714285 0.5980952380952383 0.8957142857142857 0.5980952380952383
8 0.7528571428571429 0.3885714285714287 0.7378571428571429 0.3885714285714287 0.7378571428571429 0.41714285714285726 0.7528571428571429 0.41714285714285726
8 0.78 0.3961904761904763 0.7621428571428571 0.3961904761904763 0.7621428571428571 0.4342857142857144 0.78 0.4342857142857144
8 0.7685714285714286 0.38571428571428584 0.7507142857142857 0.38571428571428584 0.7507142857142857 0.4209523809523811 0.7685714285714286 0.4209523809523811