3 0.5664285714285714 0.7380952380952381 0.4564285714285714 0.7380952380952381 0.4564285714285714 0.8571428571428571 0.5664285714285714 0.8571428571428571
3 0.7842857142857143 0.781904761904762 0.6414285714285715 0.7819047619047619 0.6414285714285715 0.9200000000000002 0.7842857142857143 0.9200000000000003
3 0.9685714285714285 0.9038095238095241 0.8028571428571428 0.9038095238095241 0.8028571428571428 1 0.9685714285714285 1
3 0.7021428571428572 0.6914285714285715 0.5907142857142857 0.6914285714285714 0.5907142857142857 0.781904761904762 0.7021428571428572 0.7819047619047621
3 0.6664285714285715 0.6400000000000001 0.5664285714285714 0.64 0.5664285714285714 0.7171428571428573 0.6664285714285715 0.7171428571428573
3 0.6235714285714286 0.5780952380952381 0.5328571428571428 0.5780952380952381 0.5328571428571428 0.6428571428571429 0.6235714285714286 0.6428571428571429
3 0.6064285714285714 0.3742857142857144 0.5385714285714286 0.3742857142857144 0.5385714285714286 0.4161904761904763 0.6064285714285714 0.4161904761904763
3 0.57 0.30666666666666675 0.5192857142857142 0.30666666666666675 0.5192857142857142 0.3523809523809525 0.57 0.3523809523809525
10 0.2671428571428571 0.3180952380952381 0.1378571428571429 0.3180952380952381 0.1378571428571429 0.4180952380952381 0.2671428571428571 0.4180952380952381
10 0.4828571428571429 0.07142857142857151 0.455 0.07142857142857151 0.455 0.09238095238095247 0.4828571428571429 0.09238095238095247
11 0.44285714285714284 0.2714285714285715 0.40214285714285714 0.2714285714285715 0.40214285714285714 0.3152380952380954 0.44285714285714284 0.3152380952380954
11 0.6014285714285714 0.14952380952380964 0.5728571428571428 0.14952380952380964 0.5728571428571428 0.1800000000000001 0.6014285714285714 0.1800000000000001
3 0.3607142857142857 0.3561904761904762 0.30642857142857144 0.35619047619047617 0.30642857142857144 0.3990476190476191 0.3607142857142857 0.39904761904761915
3 0.4878571428571429 0.2800000000000001 0.43785714285714283 0.2800000000000001 0.43785714285714283 0.32285714285714295 0.4878571428571429 0.32285714285714295
3 0.5035714285714286 0.2276190476190477 0.4642857142857143 0.22761904761904767 0.4642857142857143 0.2580952380952382 0.5035714285714286 0.2580952380952382
3 0.6264285714285714 0.20285714285714296 0.5907142857142857 0.20285714285714296 0.5907142857142857 0.23333333333333345 0.6264285714285714 0.23333333333333345
3 0.635 0.2257142857142858 0.6 0.2257142857142858 0.6 0.2504761904761906 0.635 0.2504761904761906
3 0.8192857142857143 0.1066666666666668 0.8 0.1066666666666668 0.8 0.1266666666666668 0.8192857142857143 0.1266666666666668
3 0.8242857142857143 0.07333333333333347 0.81 0.07333333333333347 0.81 0.0885714285714287 0.8242857142857143 0.0885714285714287
3 0.3221428571428571 0.2838095238095238 0.26857142857142857 0.2838095238095238 0.26857142857142857 0.32 0.3221428571428571 0.32
3 0.47785714285714287 0.21238095238095245 0.44 0.21238095238095245 0.44 0.2390476190476191 0.47785714285714287 0.2390476190476191
3 0.43357142857142855 0.22952380952380957 0.39785714285714285 0.22952380952380957 0.39785714285714285 0.2552380952380953 0.43357142857142855 0.2552380952380953
3 0.3964285714285714 0.20761904761904768 0.3514285714285714 0.20761904761904768 0.3514285714285714 0.23428571428571435 0.3964285714285714 0.23428571428571435
3 0.45071428571428573 0.18190476190476196 0.4142857142857143 0.18190476190476196 0.4142857142857143 0.20857142857142863 0.45071428571428573 0.20857142857142863
3 0.5071428571428571 0.1552380952380953 0.4707142857142857 0.15523809523809529 0.4707142857142857 0.18190476190476199 0.5071428571428571 0.181904761904762
3 0.5321428571428571 0.14857142857142866 0.4957142857142857 0.14857142857142863 0.4957142857142857 0.1695238095238096 0.5321428571428571 0.16952380952380963
3 0.5457142857142857 0.1761904761904763 0.5164285714285715 0.1761904761904763 0.5164285714285715 0.201904761904762 0.5457142857142857 0.201904761904762
3 0.5728571428571428 0.16476190476190486 0.545 0.16476190476190486 0.545 0.18952380952380962 0.5728571428571428 0.18952380952380962
3 0.67 0.11714285714285726 0.6442857142857142 0.11714285714285726 0.6442857142857142 0.141904761904762 0.67 0.141904761904762
3 0.6814285714285714 0.11523809523809535 0.6628571428571428 0.11523809523809535 0.6628571428571428 0.1342857142857144 0.6814285714285714 0.1342857142857144
3 0.6128571428571429 0.10190476190476201 0.595 0.10190476190476201 0.595 0.1161904761904763 0.6128571428571429 0.1161904761904763
3 0.6285714285714286 0.10190476190476201 0.6071428571428571 0.10190476190476201 0.6071428571428571 0.11714285714285726 0.6285714285714286 0.11714285714285726
3 0.6421428571428571 0.10380952380952392 0.6228571428571429 0.10380952380952392 0.6228571428571429 0.1200000000000001 0.6421428571428571 0.1200000000000001
3 0.7042857142857143 0.10761904761904773 0.6842857142857143 0.10761904761904773 0.6842857142857143 0.12285714285714297 0.7042857142857143 0.12285714285714297
3 0.7207142857142858 0.09809523809523821 0.7021428571428572 0.09809523809523821 0.7021428571428572 0.1142857142857144 0.7207142857142858 0.1142857142857144
3 0.735 0.09047619047619058 0.7185714285714285 0.09047619047619058 0.7185714285714285 0.10571428571428582 0.735 0.10571428571428582
3 0.7485714285714286 0.08285714285714298 0.7321428571428571 0.08285714285714296 0.7321428571428571 0.09904761904761918 0.7485714285714286 0.09904761904761919
3 0.7592857142857142 0.07904761904761917 0.7457142857142857 0.07904761904761916 0.7457142857142857 0.0942857142857144 0.7592857142857142 0.09428571428571442
3 0.7921428571428571 0.0647619047619049 0.7778571428571428 0.0647619047619049 0.7778571428571428 0.08095238095238108 0.7921428571428571 0.08095238095238108
3 0.7785714285714286 0.06857142857142871 0.7657142857142857 0.06857142857142871 0.7657142857142857 0.08285714285714299 0.7785714285714286 0.08285714285714299
3 0.8 0.055238095238095364 0.7835714285714286 0.05523809523809536 0.7835714285714286 0.07428571428571443 0.8 0.07428571428571443
3 0.8114285714285714 0.052380952380952514 0.7978571428571428 0.052380952380952514 0.7978571428571428 0.06952380952380965 0.8114285714285714 0.06952380952380965
3 0.8228571428571428 0.05047619047619061 0.8092857142857143 0.05047619047619061 0.8092857142857143 0.0666666666666668 0.8228571428571428 0.0666666666666668
3 0.8285714285714286 0.0466666666666668 0.8121428571428572 0.0466666666666668 0.8121428571428572 0.06190476190476204 0.8285714285714286 0.06190476190476204
3 0.8364285714285714 0.0447619047619049 0.8192857142857143 0.0447619047619049 0.8192857142857143 0.06095238095238109 0.8364285714285714 0.06095238095238109
3 0.8407142857142857 0.04190476190476204 0.8242857142857143 0.04190476190476204 0.8242857142857143 0.05714285714285728 0.8407142857142857 0.05714285714285728
3 0.8621428571428571 0.04571428571428585 0.8507142857142858 0.04571428571428585 0.8507142857142858 0.05523809523809537 0.8621428571428571 0.05523809523809537
4 0.9335714285714286 0.008571428571428721 0.8907142857142857 0.008571428571428718 0.8907142857142857 0.026666666666666814 0.9335714285714286 0.02666666666666682
4 0.8764285714285714 0.02380952380952395 0.8571428571428571 0.02380952380952395 0.8571428571428571 0.04190476190476205 0.8764285714285714 0.041904761904762056
3 0.8057142857142857 0.035238095238095374 0.79 0.035238095238095374 0.79 0.047619047619047755 0.8057142857142857 0.047619047619047755
8 0.7278571428571429 0.10857142857142868 0.7228571428571429 0.10857142857142868 0.7228571428571429 0.11904761904761915 0.7278571428571429 0.11904761904761915
5 0.7285714285714285 0.11333333333333344 0.72 0.11333333333333344 0.72 0.12476190476190487 0.7285714285714285 0.12476190476190487