3 0.45571428571428574 0.5628571428571428 0.4007142857142857 0.5628571428571428 0.4007142857142857 0.6 0.45571428571428574 0.6
3 0.5507142857142858 0.8333333333333334 0.4828571428571429 0.8333333333333334 0.48285714285714293 0.9323809523809524 0.5507142857142858 0.9323809523809524
3 0.3664285714285715 0.8123809523809524 0.3042857142857144 0.8123809523809524 0.3042857142857144 0.8866666666666667 0.3664285714285716 0.8866666666666667
3 0.2300000000000001 0.7619047619047619 0.1600000000000001 0.7619047619047619 0.1600000000000001 0.8257142857142857 0.2300000000000001 0.8257142857142857
3 0.3164285714285715 0.540952380952381 0.27285714285714296 0.540952380952381 0.27285714285714296 0.5761904761904761 0.3164285714285715 0.5761904761904761
3 0.2807142857142858 0.49714285714285716 0.2507142857142858 0.49714285714285716 0.2507142857142858 0.5276190476190477 0.2807142857142858 0.5276190476190477
3 0.24142857142857152 0.5057142857142857 0.21500000000000008 0.5057142857142857 0.21500000000000008 0.5380952380952381 0.24142857142857152 0.5380952380952381
3 0.20857142857142866 0.4523809523809524 0.18785714285714294 0.4523809523809524 0.18785714285714294 0.48095238095238096 0.20857142857142866 0.48095238095238096
3 0.215 0.4114285714285714 0.19357142857142856 0.4114285714285714 0.19357142857142856 0.43523809523809526 0.215 0.43523809523809526
3 0.19357142857142856 0.38095238095238093 0.17571428571428577 0.38095238095238093 0.17571428571428577 0.4057142857142857 0.19357142857142856 0.4057142857142857
3 0.18000000000000005 0.40095238095238095 0.16142857142857148 0.40095238095238095 0.16142857142857148 0.4276190476190476 0.18000000000000005 0.4276190476190476
3 0.18000000000000005 0.35904761904761906 0.16357142857142862 0.35904761904761906 0.16357142857142862 0.38095238095238093 0.18000000000000005 0.38095238095238093
3 0.1864285714285715 0.4714285714285714 0.1642857142857143 0.4714285714285714 0.1642857142857143 0.5057142857142857 0.1864285714285715 0.5057142857142857
3 0.1578571428571429 0.47714285714285715 0.1342857142857143 0.47714285714285715 0.1342857142857143 0.5142857142857142 0.1578571428571429 0.5142857142857142
3 0.16000000000000003 0.41904761904761906 0.14000000000000004 0.41904761904761906 0.14000000000000004 0.44666666666666666 0.16000000000000003 0.44666666666666666
3 0.13000000000000003 0.4066666666666667 0.11285714285714289 0.4066666666666667 0.11285714285714289 0.43142857142857144 0.13000000000000003 0.43142857142857144
3 0.14000000000000004 0.42952380952380953 0.11928571428571433 0.42952380952380953 0.11928571428571433 0.4561904761904762 0.14000000000000004 0.4561904761904762
3 0.1485714285714286 0.4552380952380952 0.1271428571428572 0.4552380952380952 0.1271428571428572 0.4819047619047619 0.1485714285714286 0.4819047619047619
3 0.17714285714285719 0.44857142857142857 0.16000000000000003 0.44857142857142857 0.16000000000000003 0.47904761904761906 0.17714285714285719 0.47904761904761906
3 0.15428571428571433 0.4066666666666667 0.1378571428571429 0.4066666666666667 0.1378571428571429 0.4247619047619048 0.15428571428571433 0.4247619047619048
3 0.14500000000000005 0.38952380952380955 0.1278571428571429 0.38952380952380955 0.1278571428571429 0.4123809523809524 0.14500000000000005 0.4123809523809524
3 0.11714285714285719 0.37238095238095237 0.1035714285714286 0.37238095238095237 0.1035714285714286 0.3952380952380952 0.11714285714285719 0.3952380952380952
3 0.13714285714285718 0.36857142857142855 0.12000000000000004 0.36857142857142855 0.12000000000000004 0.3904761904761905 0.13714285714285718 0.3904761904761905
3 0.1092857142857143 0.2180952380952381 0.09428571428571429 0.2180952380952381 0.0942857142857143 0.23809523809523808 0.10928571428571433 0.23809523809523808
3 0.135 0.18095238095238095 0.125 0.18095238095238095 0.125 0.19333333333333333 0.135 0.19333333333333333
3 0.09857142857142857 0.1961904761904762 0.09000000000000002 0.1961904761904762 0.09000000000000002 0.21047619047619048 0.09857142857142857 0.21047619047619048
3 0.11214285714285714 0.18476190476190477 0.10071428571428571 0.18476190476190477 0.10071428571428571 0.19904761904761906 0.11214285714285714 0.19904761904761906
4 0.1457142857142857 0.1219047619047619 0.12785714285714286 0.1219047619047619 0.12785714285714286 0.17142857142857143 0.1457142857142857 0.17142857142857143
3 0.6821428571428572 0.6123809523809525 0.6242857142857143 0.6123809523809524 0.6242857142857143 0.6495238095238096 0.6821428571428572 0.6495238095238097
3 0.6714285714285714 0.5276190476190478 0.6171428571428571 0.5276190476190477 0.6171428571428571 0.5542857142857144 0.6714285714285714 0.5542857142857145
3 0.73 0.5523809523809526 0.6714285714285714 0.5523809523809526 0.6714285714285714 0.5828571428571431 0.73 0.5828571428571431
3 0.9592857142857143 0.6133333333333335 0.89 0.6133333333333335 0.89 0.6485714285714288 0.9592857142857143 0.6485714285714288
3 0.9392857142857143 0.5590476190476192 0.8714285714285714 0.5590476190476192 0.8714285714285714 0.5895238095238098 0.9392857142857143 0.5895238095238098
3 0.8221428571428572 0.5495238095238097 0.7621428571428571 0.5495238095238097 0.7621428571428571 0.5790476190476193 0.8221428571428572 0.5790476190476193
3 0.7485714285714286 0.5295238095238097 0.6942857142857143 0.5295238095238097 0.6942857142857143 0.5609523809523812 0.7485714285714286 0.5609523809523812
3 0.955 0.5380952380952383 0.8871428571428571 0.5380952380952383 0.8871428571428571 0.5685714285714288 0.955 0.5685714285714288
3 0.8328571428571429 0.5285714285714288 0.7742857142857142 0.5285714285714288 0.7742857142857142 0.5590476190476192 0.8328571428571429 0.5590476190476192
3 0.25214285714285717 0.3504761904761905 0.23714285714285716 0.3504761904761905 0.23714285714285716 0.36952380952380953 0.25214285714285717 0.36952380952380953
3 0.48928571428571443 0.9419047619047619 0.4257142857142859 0.9419047619047619 0.4257142857142859 0.9971428571428571 0.48928571428571443 0.9971428571428571
4 0.10571428571428576 0.4942857142857143 0.06500000000000004 0.4942857142857143 0.06500000000000004 0.5371428571428571 0.10571428571428576 0.5371428571428571
5 0.7821428571428571 0.7952380952380954 0.7478571428571429 0.7952380952380954 0.7478571428571429 0.8142857142857145 0.7821428571428571 0.8142857142857145
8 0.7757142857142857 0.784761904761905 0.7571428571428571 0.784761904761905 0.7571428571428571 0.8095238095238098 0.7757142857142857 0.8095238095238098
8 0.375 0.6476190476190476 0.3621428571428572 0.6476190476190476 0.3621428571428572 0.6666666666666666 0.375 0.6666666666666666
5 0.3807142857142857 0.6571428571428571 0.3621428571428572 0.6571428571428571 0.3621428571428572 0.6819047619047619 0.3807142857142857 0.6819047619047619
4 0.12571428571428575 0.5085714285714286 0.11642857142857146 0.5085714285714286 0.11642857142857146 0.5285714285714286 0.12571428571428575 0.5285714285714286
4 0.03500000000000005 0.518095238095238 0.02357142857142862 0.518095238095238 0.02357142857142862 0.5447619047619048 0.03500000000000005 0.5447619047619048