3 0.23785714285714293 0.6961904761904761 0.13928571428571437 0.6961904761904761 0.13928571428571437 0.7780952380952381 0.23785714285714293 0.7780952380952381
3 0.6242857142857143 0.3438095238095239 0.5807142857142857 0.3438095238095239 0.5807142857142857 0.4361904761904763 0.6242857142857143 0.4361904761904763
3 0.6685714285714286 0.36857142857142866 0.6278571428571429 0.36857142857142866 0.6278571428571429 0.45714285714285724 0.6685714285714286 0.45714285714285724
3 0.7135714285714285 0.3904761904761906 0.6657142857142857 0.3904761904761906 0.6657142857142857 0.4847619047619049 0.7135714285714285 0.4847619047619049
3 0.7557142857142857 0.4161904761904763 0.7107142857142857 0.4161904761904763 0.7107142857142857 0.5085714285714288 0.7557142857142857 0.5085714285714288
3 0.7985714285714286 0.4323809523809525 0.7485714285714286 0.4323809523809525 0.7485714285714286 0.5333333333333335 0.7985714285714286 0.5333333333333335
3 0.8442857142857143 0.45904761904761915 0.7978571428571428 0.45904761904761915 0.7978571428571428 0.5561904761904765 0.8442857142857143 0.5561904761904765
3 0.8842857142857142 0.4780952380952382 0.8457142857142858 0.4780952380952382 0.8457142857142858 0.5819047619047621 0.8842857142857142 0.5819047619047621
3 0.9321428571428572 0.4961904761904764 0.8914285714285715 0.4961904761904764 0.8914285714285715 0.6066666666666669 0.9321428571428572 0.6066666666666669
3 0.9407142857142857 0.3609523809523811 0.8564285714285714 0.3609523809523811 0.8564285714285714 0.4247619047619049 0.9407142857142857 0.4247619047619049
3 0.6992857142857143 0.24571428571428583 0.625 0.24571428571428583 0.625 0.30857142857142866 0.6992857142857143 0.30857142857142866
3 0.21785714285714294 0.5542857142857143 0.11714285714285719 0.5542857142857143 0.11714285714285719 0.64 0.21785714285714294 0.64
3 0.4407142857142857 0.11619047619047626 0.37714285714285717 0.11619047619047625 0.37714285714285717 0.17047619047619053 0.4407142857142857 0.17047619047619053
3 0.3607142857142857 0.07809523809523815 0.29714285714285715 0.07809523809523815 0.29714285714285715 0.13619047619047625 0.3607142857142857 0.13619047619047625
3 0.5235714285714286 0.17523809523809533 0.4592857142857143 0.1752380952380953 0.4592857142857143 0.21904761904761913 0.5235714285714286 0.21904761904761916
3 0.6178571428571429 0.20857142857142869 0.5421428571428571 0.20857142857142869 0.5421428571428571 0.2676190476190477 0.6178571428571429 0.2676190476190477
3 0.14214285714285715 0.029523809523809542 0.08142857142857143 0.02952380952380954 0.08142857142857143 0.10380952380952382 0.14214285714285715 0.10380952380952384
3 0.09142857142857147 0.46476190476190476 0.00928571428571433 0.46476190476190476 0.009285714285714335 0.5752380952380952 0.09142857142857147 0.5752380952380952
11 0.9335714285714286 0.19428571428571445 0.8921428571428571 0.19428571428571445 0.8921428571428571 0.27809523809523823 0.9335714285714286 0.27809523809523823
3 1 0.5466666666666669 0.9757142857142858 0.5466666666666669 0.9757142857142858 0.6390476190476193 1 0.6390476190476193
3 1 0.39428571428571446 0.9457142857142857 0.3942857142857144 0.9457142857142857 0.4771428571428573 1 0.47714285714285737
3 1 0.04666666666666682 0.9514285714285714 0.046666666666666815 0.9514285714285714 0.10095238095238111 1 0.10095238095238111
3 1 0.08666666666666682 0.9592857142857143 0.08666666666666682 0.9592857142857143 0.14285714285714302 1 0.14285714285714302
3 1 0.10190476190476207 0.9471428571428572 0.10190476190476207 0.9471428571428572 0.15904761904761922 1 0.15904761904761922
3 1 0.14000000000000015 0.9471428571428572 0.14000000000000015 0.9471428571428572 0.2076190476190478 1 0.2076190476190478
11 0.9992857142857143 0.27428571428571447 0.9371428571428572 0.2742857142857144 0.9371428571428572 0.33428571428571446 0.9992857142857143 0.3342857142857145
4 0.47285714285714286 0.06190476190476198 0.4521428571428571 0.06190476190476198 0.4521428571428571 0.07904761904761913 0.47285714285714286 0.07904761904761913
7 0.5857142857142857 0.19238095238095249 0.5757142857142857 0.19238095238095249 0.5757142857142857 0.21428571428571438 0.5857142857142857 0.21428571428571438
8 0.6492857142857142 0.10666666666666677 0.6364285714285715 0.10666666666666677 0.6364285714285715 0.13047619047619058 0.6492857142857142 0.13047619047619058
8 0.6285714285714286 0.11142857142857154 0.6192857142857143 0.11142857142857154 0.6192857142857143 0.12571428571428583 0.6285714285714286 0.12571428571428583
8 0.6371428571428571 0.10857142857142868 0.6328571428571429 0.10857142857142868 0.6328571428571429 0.1180952380952382 0.6371428571428571 0.1180952380952382
8 0.6285714285714286 0.10095238095238106 0.6214285714285714 0.10095238095238106 0.6214285714285714 0.1180952380952382 0.6285714285714286 0.1180952380952382
8 0.6114285714285714 0.10476190476190488 0.6028571428571429 0.10476190476190488 0.6028571428571429 0.12095238095238106 0.6114285714285714 0.12095238095238106
5 0.9878571428571429 0.1790476190476192 0.9485714285714286 0.1790476190476192 0.9485714285714286 0.20190476190476206 0.9878571428571429 0.20190476190476206
5 0.9742857142857143 0.18952380952380968 0.9414285714285714 0.18952380952380968 0.9414285714285714 0.21809523809523826 0.9742857142857143 0.21809523809523826
7 0.9971428571428571 0.8695238095238097 0.9621428571428572 0.8695238095238097 0.9621428571428572 0.8876190476190479 0.9971428571428571 0.8876190476190479
7 0.7135714285714285 0.7771428571428574 0.7014285714285714 0.7771428571428574 0.7014285714285714 0.7952380952380954 0.7135714285714285 0.7952380952380954
7 0.39071428571428574 0.6019047619047619 0.37642857142857145 0.6019047619047619 0.37642857142857145 0.6257142857142857 0.39071428571428574 0.6257142857142857