3 0.45250521920668063 0.7996289424860853 0.3914405010438413 0.7996289424860853 0.39144050104384137 0.8933209647495362 0.4525052192066807 0.8933209647495362
3 0.5161795407098121 0.653061224489796 0.4582463465553236 0.6530612244897959 0.4582463465553236 0.7439703153988869 0.5161795407098121 0.743970315398887
8 0.4681628392484342 0.6094619666048238 0.45876826722338204 0.6094619666048238 0.45876826722338204 0.62708719851577 0.4681628392484342 0.62708719851577
8 0.477035490605428 0.5899814471243042 0.46764091858037576 0.5899814471243042 0.46764091858037576 0.6076066790352505 0.477035490605428 0.6076066790352505
8 0.4859081419624217 0.590909090909091 0.4801670146137787 0.5909090909090909 0.4801670146137787 0.6141001855287571 0.4859081419624217 0.6141001855287571
8 0.48538622129436326 0.593692022263451 0.4812108559498956 0.5936920222634509 0.4812108559498956 0.6057513914656772 0.48538622129436326 0.6057513914656774
5 0.5005219206680585 0.606679035250464 0.4822546972860125 0.6066790352504638 0.4822546972860125 0.6335807050092765 0.5005219206680585 0.6335807050092767
3 0.5751565762004175 0.5102040816326533 0.5250521920668059 0.5102040816326533 0.5250521920668059 0.583487940630798 0.5751565762004175 0.583487940630798
3 0.6529227557411273 0.391465677179963 0.6075156576200418 0.391465677179963 0.6075156576200418 0.45732838589981456 0.6529227557411273 0.45732838589981456
3 0.675365344467641 0.34601113172541753 0.6346555323590815 0.34601113172541753 0.6346555323590815 0.41001855287569583 0.675365344467641 0.41001855287569583
3 0.6889352818371608 0.32838589981447136 0.6466597077244259 0.32838589981447136 0.6466597077244259 0.38682745825602977 0.6889352818371608 0.38682745825602977
3 0.7254697286012526 0.2736549165120595 0.6784968684759917 0.2736549165120595 0.6784968684759917 0.32931354359925796 0.7254697286012526 0.32931354359925796
3 0.738517745302714 0.24768089053803355 0.6998956158663883 0.2476808905380335 0.6998956158663883 0.3033395176252321 0.738517745302714 0.30333951762523215
3 0.7489561586638831 0.230983302411874 0.708768267223382 0.230983302411874 0.708768267223382 0.2782931354359927 0.7489561586638831 0.27829313543599277
3 0.7609603340292276 0.21243042671614115 0.7223382045929019 0.21243042671614115 0.7223382045929019 0.26066790352504654 0.7609603340292276 0.2606679035250466
3 0.7677453027139874 0.1910946196660484 0.7280793319415448 0.1910946196660484 0.7280793319415448 0.24025974025974048 0.7677453027139874 0.24025974025974048
3 0.8115866388308977 0.14285714285714302 0.7745302713987474 0.14285714285714302 0.7745302713987474 0.1864564007421152 0.8115866388308977 0.1864564007421152
3 0.826722338204593 0.10296846011131744 0.7875782881002088 0.10296846011131744 0.7875782881002088 0.1493506493506495 0.826722338204593 0.1493506493506495
3 0.8376826722338204 0.09090909090909109 0.7990605427974948 0.09090909090909109 0.7990605427974948 0.13265306122448994 0.8376826722338204 0.13265306122448994
5 0.824634655532359 0.07050092764378497 0.808455114822547 0.07050092764378497 0.808455114822547 0.08998144712430445 0.824634655532359 0.08998144712430445
8 0.819937369519833 0.06586270871985177 0.8126304801670147 0.06586270871985177 0.8126304801670147 0.08070500927643803 0.819937369519833 0.08070500927643803
3 0.8507306889352818 0.05844155844155862 0.8168058455114823 0.058441558441558614 0.8168058455114823 0.09740259740259759 0.8507306889352818 0.09740259740259759
3 0.8742171189979123 0.02040816326530631 0.8387265135699373 0.020408163265306308 0.8387265135699373 0.0556586270871987 0.8742171189979123 0.0556586270871987
10 0.9196242171189979 0.057513914656772 0.8794363256784968 0.057513914656772 0.8794363256784968 0.13265306122449 0.9196242171189979 0.13265306122449