3 0.36214285714285716 0.34761904761904766 0.20214285714285715 0.3476190476190476 0.20214285714285715 0.42571428571428577 0.36214285714285716 0.4257142857142858
3 0.4235714285714286 0.4761904761904762 0.26714285714285724 0.47619047619047616 0.26714285714285724 0.5857142857142857 0.4235714285714286 0.5857142857142857
3 0.47214285714285714 0.5828571428571429 0.3742857142857143 0.5828571428571429 0.3742857142857143 0.7352380952380952 0.47214285714285714 0.7352380952380952
3 0.5528571428571429 0.7380952380952381 0.3792857142857143 0.7380952380952381 0.3792857142857144 0.960952380952381 0.552857142857143 0.960952380952381
3 0.9985714285714286 0.6895238095238098 0.8342857142857143 0.6895238095238098 0.8342857142857143 0.8323809523809526 0.9985714285714286 0.8323809523809526
3 0.9578571428571429 0.5923809523809526 0.7571428571428571 0.5923809523809526 0.7571428571428571 0.7104761904761907 0.9578571428571429 0.7104761904761907
3 0.9135714285714286 0.5104761904761906 0.7264285714285714 0.5104761904761906 0.7264285714285714 0.6180952380952384 0.9135714285714286 0.6180952380952384
3 0.89 0.4676190476190477 0.755 0.4676190476190477 0.755 0.5438095238095241 0.89 0.5438095238095241
3 0.9242857142857143 0.4161904761904763 0.77 0.4161904761904763 0.77 0.4980952380952383 0.9242857142857143 0.4980952380952383
3 0.9264285714285714 0.3495238095238096 0.7942857142857143 0.3495238095238096 0.7942857142857143 0.4257142857142858 0.9264285714285714 0.4257142857142858
3 0.7285714285714285 0.282857142857143 0.67 0.282857142857143 0.67 0.36761904761904773 0.7285714285714285 0.36761904761904773
3 0.6642857142857143 0.27523809523809534 0.6021428571428571 0.27523809523809534 0.6021428571428571 0.3361904761904763 0.6642857142857143 0.3361904761904763
3 0.5214285714285715 0.1933333333333334 0.4764285714285714 0.19333333333333338 0.4764285714285714 0.24380952380952392 0.5214285714285715 0.24380952380952392
3 0.42714285714285716 0.29142857142857154 0.37357142857142855 0.29142857142857154 0.37357142857142855 0.3742857142857144 0.42714285714285716 0.3742857142857144
3 0.6314285714285715 0.2342857142857144 0.5778571428571428 0.2342857142857144 0.5778571428571428 0.2866666666666668 0.6314285714285715 0.2866666666666668
3 0.6007142857142858 0.19714285714285726 0.5521428571428572 0.19714285714285726 0.5521428571428572 0.24666666666666678 0.6007142857142858 0.24666666666666678
3 0.5707142857142857 0.17333333333333345 0.5335714285714286 0.17333333333333345 0.5335714285714286 0.21523809523809534 0.5707142857142857 0.21523809523809534
3 0.5471428571428572 0.15333333333333343 0.5064285714285715 0.15333333333333343 0.5064285714285715 0.18761904761904774 0.5471428571428572 0.18761904761904774
3 0.5307142857142857 0.13238095238095246 0.49214285714285716 0.13238095238095243 0.49214285714285716 0.1676190476190477 0.5307142857142857 0.16761904761904772
3 0.5128571428571429 0.11523809523809532 0.4764285714285714 0.11523809523809532 0.4764285714285714 0.15428571428571436 0.5128571428571429 0.1542857142857144
3 0.4857142857142857 0.10095238095238103 0.45285714285714285 0.10095238095238103 0.45285714285714285 0.1352380952380953 0.4857142857142857 0.1352380952380953
3 0.4685714285714286 0.07809523809523818 0.4471428571428571 0.07809523809523818 0.4471428571428571 0.11333333333333341 0.4685714285714286 0.11333333333333341
10 0.41714285714285715 0.04190476190476197 0.38857142857142857 0.04190476190476197 0.38857142857142857 0.07714285714285721 0.41714285714285715 0.07714285714285722
3 0.37642857142857145 0.033333333333333395 0.3585714285714286 0.03333333333333339 0.3585714285714286 0.052380952380952445 0.37642857142857145 0.05238095238095245
3 0.34714285714285714 0.017142857142857196 0.3292857142857143 0.017142857142857196 0.3292857142857143 0.036190476190476245 0.34714285714285714 0.036190476190476245
3 0.32071428571428573 0.008571428571428622 0.305 0.008571428571428622 0.305 0.025714285714285766 0.32071428571428573 0.02571428571428577
3 0.36642857142857144 0.07619047619047624 0.34285714285714286 0.07619047619047624 0.34285714285714286 0.10761904761904767 0.36642857142857144 0.10761904761904767
3 0.35428571428571426 0.10190476190476196 0.33285714285714285 0.10190476190476196 0.33285714285714285 0.13047619047619052 0.35428571428571426 0.13047619047619052
3 0.36642857142857144 0.12666666666666673 0.33785714285714286 0.12666666666666673 0.33785714285714286 0.16380952380952388 0.36642857142857144 0.16380952380952388
3 0.38142857142857145 0.13619047619047625 0.3507142857142857 0.13619047619047625 0.3507142857142857 0.1752380952380953 0.38142857142857145 0.1752380952380953
3 0.37857142857142856 0.16761904761904767 0.3507142857142857 0.16761904761904767 0.3507142857142857 0.19619047619047625 0.37857142857142856 0.19619047619047625
11 0.41214285714285714 0.1666666666666667 0.3507142857142857 0.1666666666666667 0.3507142857142857 0.23142857142857148 0.41214285714285714 0.23142857142857148
3 0.4092857142857143 0.21333333333333337 0.3692857142857143 0.21333333333333337 0.3692857142857143 0.2676190476190477 0.4092857142857143 0.2676190476190477
3 0.4135714285714286 0.2523809523809525 0.375 0.2523809523809525 0.375 0.30952380952380965 0.4135714285714286 0.30952380952380965