3 0.05285714285714293 0.6666666666666666 6.123233995736766e-17 0.6666666666666666 7.085456480781116e-17 0.8761904761904762 0.052857142857142936 0.8761904761904762
3 0.7971428571428572 0.8990476190476192 0.6221428571428573 0.8990476190476191 0.6221428571428573 1 0.7971428571428572 1
3 0.23642857142857152 0.4876190476190476 0.13714285714285718 0.4876190476190476 0.1371428571428572 0.699047619047619 0.23642857142857152 0.699047619047619
11 0.1271428571428572 0.4514285714285714 0.02357142857142861 0.4514285714285714 0.02357142857142862 0.6247619047619047 0.1271428571428572 0.6247619047619047
3 0.3864285714285715 0.6895238095238095 0.3007142857142858 0.6895238095238095 0.3007142857142858 0.9438095238095238 0.38642857142857157 0.9438095238095238
3 0.7764285714285715 0.7761904761904763 0.5928571428571429 0.7761904761904762 0.592857142857143 0.8914285714285716 0.7764285714285715 0.8914285714285717
11 0.76 0.6542857142857144 0.575 0.6542857142857142 0.575 0.7771428571428572 0.76 0.7771428571428574
11 0.7071428571428572 0.4961904761904763 0.5871428571428572 0.4961904761904762 0.5871428571428572 0.5914285714285715 0.7071428571428572 0.5914285714285716
11 0.6985714285714286 0.4257142857142858 0.5628571428571428 0.4257142857142858 0.5628571428571428 0.5171428571428572 0.6985714285714286 0.5171428571428573
3 0.7257142857142858 0.581904761904762 0.5735714285714286 0.5819047619047619 0.5735714285714286 0.6733333333333335 0.7257142857142858 0.6733333333333336
3 0.6807142857142857 0.37523809523809537 0.5628571428571428 0.37523809523809537 0.5628571428571428 0.44666666666666677 0.6807142857142857 0.44666666666666677
3 0.6685714285714286 0.32571428571428584 0.5564285714285714 0.32571428571428584 0.5564285714285714 0.3942857142857144 0.6685714285714286 0.3942857142857144
10 0.6514285714285715 0.2723809523809525 0.5628571428571428 0.2723809523809525 0.5628571428571428 0.34000000000000014 0.6514285714285715 0.34000000000000014
10 0.6407142857142857 0.21714285714285725 0.5485714285714286 0.21714285714285725 0.5485714285714286 0.29238095238095246 0.6407142857142857 0.29238095238095246
3 0.4714285714285714 0.5142857142857142 0.4085714285714286 0.5142857142857142 0.4085714285714286 0.6876190476190476 0.4714285714285714 0.6876190476190476
3 0.405 0.5095238095238095 0.34357142857142864 0.5095238095238095 0.34357142857142864 0.6628571428571428 0.405 0.6628571428571428
3 0.415 0.3600000000000001 0.36214285714285716 0.3600000000000001 0.3621428571428572 0.4838095238095239 0.415 0.4838095238095239
3 0.42714285714285716 0.2047619047619048 0.38785714285714284 0.2047619047619048 0.38785714285714284 0.27714285714285725 0.42714285714285716 0.27714285714285725
3 0.435 0.11714285714285722 0.40214285714285714 0.1171428571428572 0.40214285714285714 0.1752380952380953 0.435 0.1752380952380953
7 0.3964285714285714 0.14190476190476195 0.38571428571428573 0.14190476190476195 0.38571428571428573 0.180952380952381 0.3964285714285714 0.180952380952381
7 0.4564285714285714 0.16285714285714292 0.4471428571428571 0.16285714285714292 0.4471428571428571 0.1971428571428572 0.4564285714285714 0.1971428571428572
7 0.5064285714285715 0.0009523809523810342 0.4957142857142857 0.0009523809523810332 0.4957142857142857 0.026666666666666748 0.5064285714285715 0.026666666666666748
7 0.32785714285714285 0.3838095238095238 0.315 0.3838095238095238 0.315 0.4247619047619048 0.32785714285714285 0.4247619047619048
3 0.17928571428571433 0.34476190476190477 0.09714285714285718 0.34476190476190477 0.09714285714285718 0.4666666666666667 0.17928571428571433 0.4666666666666667
11 0.2342857142857143 0.22095238095238098 0.16 0.22095238095238096 0.16000000000000003 0.32761904761904764 0.2342857142857143 0.32761904761904764
3 0.24714285714285714 0.1514285714285715 0.19785714285714287 0.1514285714285715 0.19785714285714287 0.22761904761904767 0.24714285714285714 0.22761904761904767
3 0.30857142857142855 4.7178060024295654e-17 0.2692857142857143 4.397065174081449e-17 0.2692857142857143 0.04857142857142862 0.30857142857142855 0.048571428571428626
3 0.2842857142857143 0.030476190476190518 0.24785714285714286 0.030476190476190518 0.24785714285714286 0.0885714285714286 0.2842857142857143 0.08857142857142862
11 0.2714285714285714 0.05619047619047623 0.21714285714285714 0.05619047619047623 0.21714285714285714 0.15809523809523815 0.2714285714285714 0.15809523809523815