10 0.10714285714285714 1.9659621839104085e-17 0.07357142857142857 1.6007439125910836e-17 0.07357142857142857 0.027918781725888346 0.10714285714285714 0.027918781725888353
10 0.13785714285714284 0.013959390862944189 0.10142857142857142 0.013959390862944185 0.10142857142857142 0.07741116751269038 0.13785714285714284 0.0774111675126904
3 0.17142857142857143 0.06852791878172593 0.13428571428571429 0.06852791878172593 0.13428571428571429 0.09771573604060917 0.17142857142857143 0.09771573604060917
3 0.2092857142857143 0.1370558375634518 0.19 0.1370558375634518 0.19 0.18401015228426404 0.2092857142857143 0.18401015228426404
11 0.24214285714285713 0.17005076142131986 0.21642857142857144 0.17005076142131986 0.21642857142857144 0.22208121827411176 0.24214285714285713 0.22208121827411176
11 0.26357142857142857 0.22081218274111683 0.23857142857142857 0.22081218274111683 0.23857142857142857 0.2829949238578681 0.26357142857142857 0.2829949238578681
11 0.175 0.17512690355329952 0.14857142857142858 0.1751269035532995 0.14857142857142858 0.22461928934010156 0.175 0.22461928934010159
7 0.20714285714285716 0.09010152284263963 0.2007142857142857 0.09010152284263963 0.2007142857142857 0.11167512690355333 0.20714285714285716 0.11167512690355333
7 0.235 0.10913705583756349 0.22714285714285715 0.10913705583756349 0.22714285714285715 0.1307106598984772 0.235 0.1307106598984772
7 0.2621428571428571 0.2030456852791879 0.2571428571428571 0.2030456852791879 0.2571428571428571 0.22715736040609144 0.2621428571428571 0.22715736040609144
7 0.2764285714285714 0.24238578680203052 0.27071428571428574 0.24238578680203052 0.27071428571428574 0.26395939086294423 0.2764285714285714 0.26395939086294423
7 0.2257142857142857 0.21700507614213205 0.22 0.21700507614213205 0.22 0.2398477157360407 0.2257142857142857 0.2398477157360407
11 0.2785714285714286 0.30203045685279195 0.2557142857142857 0.30203045685279195 0.2557142857142857 0.35786802030456855 0.2785714285714286 0.35786802030456855
3 0.26571428571428574 0.4073604060913706 0.2357142857142857 0.4073604060913706 0.2357142857142857 0.4682741116751269 0.26571428571428574 0.4682741116751269
3 0.31 0.5038071065989848 0.2764285714285714 0.5038071065989848 0.2764285714285714 0.5723350253807107 0.31 0.5723350253807107
8 0.005000000000000026 0.366751269035533 0.0007142857142857397 0.366751269035533 0.0007142857142857401 0.38071065989847713 0.005000000000000027 0.38071065989847713
6 0.007142857142857169 0.366751269035533 0.0007142857142857397 0.366751269035533 0.0007142857142857401 0.383248730964467 0.007142857142857169 0.383248730964467
7 0.0057142857142857394 0.3629441624365482 0.0007142857142857393 0.3629441624365482 0.0007142857142857399 0.37944162436548223 0.0057142857142857394 0.37944162436548223
7 0.0057142857142857394 0.3553299492385787 0.0007142857142857387 0.3553299492385787 0.0007142857142857393 0.37182741116751267 0.0057142857142857394 0.37182741116751267
7 0.02214285714285717 0.366751269035533 0.012142857142857169 0.366751269035533 0.012142857142857169 0.3895939086294416 0.02214285714285717 0.3895939086294416
7 0.0335714285714286 0.38451776649746194 0.024285714285714317 0.38451776649746194 0.024285714285714317 0.40482233502538073 0.0335714285714286 0.40482233502538073
7 0.08285714285714292 0.9098984771573604 0.07285714285714291 0.9098984771573604 0.07285714285714291 0.934010152284264 0.08285714285714292 0.934010152284264
7 0.09142857142857147 0.8616751269035533 0.08142857142857149 0.8616751269035533 0.08142857142857149 0.8769035532994924 0.09142857142857147 0.8769035532994924
3 0.3821428571428571 0.7614213197969543 0.3450000000000001 0.7614213197969543 0.3450000000000001 0.8527918781725888 0.3821428571428571 0.8527918781725888
4 0.41714285714285715 0.8934010152284264 0.38785714285714284 0.8934010152284264 0.38785714285714284 0.9479695431472082 0.41714285714285715 0.9479695431472082
10 0.5107142857142857 0.9352791878172588 0.4442857142857143 0.9352791878172588 0.4442857142857143 0.998730964467005 0.5107142857142857 0.998730964467005
7 0.8821428571428571 0.5748730964467007 0.8714285714285714 0.5748730964467007 0.8714285714285714 0.5989847715736042 0.8821428571428571 0.5989847715736042
7 0.65 0.5088832487309646 0.6407142857142857 0.5088832487309646 0.6407142857142857 0.5406091370558377 0.65 0.5406091370558377
7 0.6821428571428572 0.4708121827411169 0.6728571428571428 0.4708121827411169 0.6728571428571428 0.5000000000000001 0.6821428571428572 0.5000000000000001
7 0.6864285714285714 0.4327411167512692 0.6792857142857143 0.4327411167512692 0.6792857142857143 0.4657360406091372 0.6864285714285714 0.4657360406091372
7 0.9278571428571428 0.03807106598984791 0.9221428571428572 0.03807106598984791 0.9221428571428572 0.05837563451776669 0.9278571428571428 0.05837563451776669
7 0.8921428571428571 0.09010152284263978 0.8828571428571429 0.09010152284263978 0.8828571428571429 0.11421319796954332 0.8921428571428571 0.11421319796954332
2 0.9364285714285714 0.07360406091370578 0.8735714285714286 0.07360406091370578 0.8735714285714286 0.1903553299492388 0.9364285714285714 0.1903553299492388
3 0.8835714285714286 0.19289340101522864 0.8557142857142858 0.19289340101522864 0.8557142857142858 0.2322335025380713 0.8835714285714286 0.2322335025380713
3 0.8571428571428571 0.22842639593908648 0.82 0.22842639593908645 0.82 0.2779187817258885 0.8571428571428571 0.2779187817258885
2 0.8457142857142858 0.24873096446700527 0.7685714285714286 0.2487309644670052 0.7685714285714286 0.39720812182741133 0.8457142857142858 0.39720812182741133
2 0.8185714285714286 0.3807106598984773 0.7257142857142858 0.3807106598984773 0.7257142857142858 0.5723350253807108 0.8185714285714286 0.5723350253807108
2 0.7092857142857143 0.5342639593908631 0.6335714285714286 0.5342639593908631 0.6335714285714286 0.6802030456852793 0.7092857142857143 0.6802030456852795
6 0.5092857142857142 0.7131979695431472 0.4957142857142857 0.7131979695431472 0.4957142857142857 0.748730964467005 0.5092857142857142 0.748730964467005
11 0.9521428571428572 0.054568527918781924 0.9257142857142857 0.054568527918781924 0.9257142857142857 0.09644670050761443 0.9521428571428572 0.09644670050761443
11 0.29285714285714287 0.3616751269035533 0.2671428571428571 0.3616751269035533 0.2671428571428571 0.42385786802030456 0.29285714285714287 0.42385786802030456