7 0.7471428571428571 0.8400000000000002 0.7414285714285714 0.8400000000000002 0.7414285714285714 0.863809523809524 0.7471428571428571 0.863809523809524
7 0.7507142857142857 0.8409523809523811 0.745 0.8409523809523811 0.745 0.863809523809524 0.7507142857142857 0.863809523809524
3 0.7335714285714285 0.823809523809524 0.7092857142857143 0.823809523809524 0.7092857142857143 0.8523809523809526 0.7335714285714285 0.8523809523809526
7 0.7621428571428571 0.8180952380952383 0.7557142857142857 0.8180952380952383 0.7557142857142857 0.845714285714286 0.7621428571428571 0.845714285714286
3 0.7692857142857142 0.8190476190476192 0.74 0.8190476190476192 0.74 0.8504761904761907 0.7692857142857142 0.8504761904761907
7 0.8221428571428572 0.7657142857142859 0.815 0.7657142857142859 0.815 0.7838095238095241 0.8221428571428572 0.7838095238095241
7 0.7464285714285714 0.6200000000000002 0.7428571428571429 0.6200000000000002 0.7428571428571429 0.6285714285714288 0.7464285714285714 0.6285714285714288
7 0.7307142857142858 0.6361904761904764 0.7278571428571429 0.6361904761904764 0.7278571428571429 0.6466666666666668 0.7307142857142858 0.6466666666666668
7 0.7335714285714285 0.6352380952380955 0.73 0.6352380952380955 0.73 0.6466666666666668 0.7335714285714285 0.6466666666666668
7 0.5921428571428572 0.6504761904761904 0.5885714285714285 0.6504761904761904 0.5885714285714285 0.6619047619047619 0.5921428571428572 0.6619047619047619
7 0.6057142857142858 0.6523809523809524 0.6021428571428571 0.6523809523809524 0.6021428571428571 0.6657142857142857 0.6057142857142858 0.6657142857142857
7 0.5992857142857143 0.6028571428571429 0.5964285714285714 0.6028571428571429 0.5964285714285714 0.6114285714285714 0.5992857142857143 0.6114285714285714
7 0.6114285714285714 0.6 0.6078571428571429 0.6 0.6078571428571429 0.6085714285714285 0.6114285714285714 0.6085714285714285
3 0.46785714285714286 0.8076190476190476 0.44785714285714284 0.8076190476190476 0.44785714285714284 0.8428571428571429 0.46785714285714286 0.8428571428571429
3 0.435 0.8076190476190476 0.4164285714285714 0.8076190476190476 0.4164285714285714 0.839047619047619 0.435 0.839047619047619
3 0.4114285714285714 0.8123809523809524 0.3871428571428571 0.8123809523809524 0.3871428571428571 0.84 0.4114285714285714 0.84
3 0.3571428571428572 0.8257142857142857 0.3357142857142858 0.8257142857142857 0.3357142857142858 0.8580952380952381 0.3571428571428572 0.8580952380952381
7 0.39785714285714285 0.7247619047619047 0.3914285714285714 0.7247619047619047 0.3914285714285714 0.7428571428571429 0.39785714285714285 0.7428571428571429
7 0.3592857142857144 0.7133333333333334 0.35357142857142865 0.7133333333333334 0.35357142857142865 0.7295238095238096 0.3592857142857144 0.7295238095238096
7 0.09785714285714293 0.8561904761904762 0.08785714285714294 0.8561904761904762 0.08785714285714294 0.8790476190476191 0.09785714285714293 0.8790476190476191
4 0.7978571428571428 0.564761904761905 0.7857142857142857 0.564761904761905 0.7857142857142857 0.5742857142857145 0.7978571428571428 0.5742857142857145
4 0.3607142857142858 0.5504761904761905 0.32000000000000006 0.5504761904761905 0.32000000000000006 0.5657142857142857 0.3607142857142858 0.5657142857142857