3 0.037857142857142895 0.3628571428571429 3.3327887891081537e-17 0.3628571428571429 3.603960580347925e-17 0.4219047619047619 0.037857142857142895 0.4219047619047619
3 0.062142857142857215 0.7285714285714285 0.012857142857142923 0.7285714285714285 0.012857142857142928 0.8514285714285714 0.06214285714285722 0.8514285714285714
5 0.5614285714285714 0.45714285714285724 0.5464285714285714 0.45714285714285724 0.5464285714285714 0.4942857142857143 0.5614285714285714 0.4942857142857143
5 0.6028571428571429 0.3600000000000001 0.59 0.3600000000000001 0.59 0.3885714285714287 0.6028571428571429 0.3885714285714287
3 0.4157142857142857 0.3171428571428572 0.3607142857142857 0.3171428571428572 0.3607142857142857 0.3885714285714287 0.4157142857142857 0.3885714285714287
3 0.4857142857142857 0.20380952380952386 0.4357142857142857 0.20380952380952386 0.4357142857142857 0.27523809523809534 0.4857142857142857 0.27523809523809534
3 0.5164285714285715 0.22476190476190483 0.47214285714285714 0.22476190476190483 0.47214285714285714 0.29714285714285726 0.5164285714285715 0.29714285714285726
5 0.3757142857142857 0.2114285714285715 0.3628571428571429 0.2114285714285715 0.3628571428571429 0.24380952380952392 0.3757142857142857 0.24380952380952392
5 0.36714285714285716 0.18761904761904769 0.3442857142857143 0.18761904761904769 0.3442857142857143 0.21238095238095245 0.36714285714285716 0.21238095238095245
3 0.5571428571428572 0.10095238095238103 0.5164285714285715 0.10095238095238103 0.5164285714285715 0.1561904761904763 0.5571428571428572 0.1561904761904763
5 0.6621428571428571 0.2504761904761906 0.645 0.2504761904761906 0.645 0.281904761904762 0.6621428571428571 0.281904761904762
5 0.6442857142857142 0.3171428571428572 0.6278571428571429 0.3171428571428572 0.6278571428571429 0.3561904761904763 0.6442857142857142 0.3561904761904763
7 0.7121428571428572 0.5390476190476192 0.7028571428571428 0.5390476190476192 0.7028571428571428 0.5542857142857145 0.7121428571428572 0.5542857142857145
7 0.7257142857142858 0.5438095238095241 0.7221428571428572 0.5438095238095241 0.7221428571428572 0.5628571428571431 0.7257142857142858 0.5628571428571431
7 0.6428571428571429 0.4542857142857144 0.6357142857142857 0.4542857142857144 0.6357142857142857 0.4723809523809525 0.6428571428571429 0.4723809523809525
3 0.6335714285714286 0.6761904761904762 0.5621428571428572 0.6761904761904762 0.5621428571428572 0.7647619047619048 0.6335714285714286 0.7647619047619048
3 0.6735714285714286 0.8161904761904762 0.6071428571428571 0.8161904761904762 0.6071428571428572 0.8857142857142858 0.6735714285714287 0.8857142857142859
3 0.7342857142857143 0.923809523809524 0.6457142857142859 0.9238095238095239 0.6457142857142859 1 0.7342857142857143 1
8 0.6635714285714286 0.25333333333333347 0.6457142857142857 0.25333333333333347 0.6457142857142857 0.2714285714285715 0.6635714285714286 0.2714285714285715
8 0.6421428571428571 0.3142857142857144 0.63 0.3142857142857144 0.63 0.3457142857142858 0.6421428571428571 0.3457142857142858
8 0.6035714285714285 0.35714285714285726 0.5907142857142857 0.35714285714285726 0.5907142857142857 0.3771428571428572 0.6035714285714285 0.3771428571428572
8 0.5635714285714286 0.45523809523809533 0.5464285714285714 0.45523809523809533 0.5464285714285714 0.4761904761904763 0.5635714285714286 0.4761904761904763
8 0.36357142857142855 0.19142857142857148 0.35 0.19142857142857148 0.35 0.20761904761904768 0.36357142857142855 0.20761904761904768
8 0.3742857142857143 0.21238095238095245 0.3607142857142857 0.21238095238095245 0.3607142857142857 0.22952380952380957 0.3742857142857143 0.22952380952380957