3 0.07857142857142864 0.7104761904761905 0.0007142857142857797 0.7104761904761905 0.0007142857142857839 0.8047619047619048 0.07857142857142865 0.8047619047619048
7 0.30357142857142866 0.6895238095238095 0.2907142857142858 0.6895238095238095 0.2907142857142858 0.7304761904761905 0.30357142857142866 0.7304761904761905
7 0.30857142857142866 0.6714285714285714 0.2942857142857144 0.6714285714285714 0.2942857142857144 0.7161904761904762 0.30857142857142866 0.7161904761904762
7 0.32214285714285723 0.6666666666666666 0.30857142857142866 0.6666666666666666 0.30857142857142866 0.7057142857142857 0.32214285714285723 0.7057142857142857
6 0.445 0.5428571428571428 0.34857142857142864 0.5428571428571428 0.34857142857142864 0.6438095238095238 0.445 0.6438095238095238
4 0.47928571428571426 0.5104761904761905 0.4685714285714286 0.5104761904761905 0.4685714285714286 0.5314285714285715 0.47928571428571426 0.5314285714285715
5 0.605 0.5438095238095239 0.5921428571428572 0.5438095238095239 0.5921428571428572 0.579047619047619 0.605 0.579047619047619
3 0.5628571428571428 0.43904761904761913 0.47714285714285715 0.43904761904761913 0.47714285714285715 0.5 0.5628571428571428 0.5
3 0.23142857142857146 0.41714285714285715 0.16571428571428576 0.41714285714285715 0.16571428571428576 0.47904761904761906 0.2314285714285715 0.47904761904761906
4 0.35928571428571426 0.3733333333333334 0.32357142857142857 0.37333333333333335 0.32357142857142857 0.40571428571428575 0.35928571428571426 0.4057142857142858
3 0.41285714285714287 0.3638095238095239 0.3585714285714286 0.3638095238095239 0.3585714285714286 0.401904761904762 0.41285714285714287 0.401904761904762
3 0.2835714285714286 0.29523809523809524 0.2507142857142857 0.29523809523809524 0.2507142857142857 0.32 0.2835714285714286 0.32
3 0.07785714285714287 0.23238095238095238 0.05357142857142859 0.23238095238095238 0.05357142857142859 0.25523809523809526 0.07785714285714287 0.25523809523809526
3 0.022857142857142878 0.21523809523809523 0.0014285714285714483 0.21523809523809523 0.0014285714285714492 0.2361904761904762 0.022857142857142878 0.2361904761904762
3 0.08571428571428573 0.2571428571428571 0.06000000000000002 0.2571428571428571 0.06000000000000002 0.2857142857142857 0.08571428571428573 0.2857142857142857
4 0.1228571428571429 0.24857142857142858 0.1035714285714286 0.24857142857142858 0.1035714285714286 0.28 0.1228571428571429 0.28
4 0.1471428571428572 0.25142857142857145 0.12357142857142861 0.25142857142857145 0.12357142857142861 0.28285714285714286 0.1471428571428572 0.28285714285714286
4 0.13071428571428576 0.22666666666666666 0.11000000000000004 0.22666666666666666 0.11000000000000004 0.2542857142857143 0.13071428571428576 0.2542857142857143
4 0.1735714285714286 0.2819047619047619 0.14071428571428576 0.2819047619047619 0.14071428571428576 0.3171428571428571 0.1735714285714286 0.3171428571428571
4 0.18714285714285714 0.2723809523809524 0.1728571428571429 0.2723809523809524 0.1728571428571429 0.3028571428571429 0.18714285714285714 0.3028571428571429
3 0.21142857142857144 0.26857142857142857 0.18928571428571428 0.26857142857142857 0.18928571428571428 0.29333333333333333 0.21142857142857144 0.29333333333333333
4 0.060714285714285735 0.13333333333333333 0.052142857142857164 0.13333333333333333 0.052142857142857164 0.14476190476190476 0.060714285714285735 0.14476190476190476
3 0.22857142857142856 0.1733333333333334 0.20714285714285716 0.1733333333333334 0.20714285714285716 0.18571428571428578 0.22857142857142856 0.18571428571428578
10 0.24642857142857144 0.2866666666666667 0.205 0.2866666666666667 0.205 0.32285714285714284 0.24642857142857144 0.32285714285714284
7 0.7171428571428572 0.4800000000000001 0.7071428571428572 0.4800000000000001 0.7071428571428572 0.5066666666666669 0.7171428571428572 0.5066666666666669
7 0.7628571428571429 0.44380952380952393 0.755 0.44380952380952393 0.755 0.4657142857142858 0.7628571428571429 0.4657142857142858
7 0.7721428571428571 0.44571428571428584 0.7628571428571429 0.44571428571428584 0.7628571428571429 0.47142857142857153 0.7721428571428571 0.47142857142857153
1 0.7928571428571428 0.4638095238095239 0.7842857142857143 0.4638095238095239 0.7842857142857143 0.49333333333333357 0.7928571428571428 0.49333333333333357
4 0.7971428571428572 0.4400000000000001 0.7885714285714286 0.4400000000000001 0.7885714285714286 0.4561904761904763 0.7971428571428572 0.4561904761904763
3 0.3028571428571429 0.3352380952380952 0.25285714285714284 0.3352380952380952 0.25285714285714284 0.37142857142857144 0.3028571428571429 0.37142857142857144
3 0.24 0.33904761904761904 0.2042857142857143 0.33904761904761904 0.2042857142857143 0.37142857142857144 0.24 0.37142857142857144
8 0.6042857142857143 0.5447619047619048 0.5942857142857143 0.5447619047619048 0.5942857142857143 0.5714285714285714 0.6042857142857143 0.5714285714285714
7 0.535 0.52 0.5285714285714286 0.52 0.5285714285714286 0.5533333333333333 0.535 0.5533333333333333
8 0.7935714285714286 0.4666666666666668 0.7857142857142857 0.4666666666666668 0.7857142857142857 0.48952380952380975 0.7935714285714286 0.48952380952380975