3 0.2270000000000001 0.926 0.055000000000000084 0.926 0.055000000000000084 1 0.22700000000000012 1
3 0.24200000000000005 0.8413333333333334 0.10800000000000008 0.8413333333333334 0.10800000000000008 0.9206666666666666 0.24200000000000005 0.9206666666666666
3 0.2580000000000001 0.7753333333333333 0.14450000000000005 0.7753333333333333 0.14450000000000005 0.8466666666666667 0.2580000000000001 0.8466666666666667
11 0.2945000000000001 0.6993333333333334 0.21550000000000005 0.6993333333333334 0.21550000000000005 0.7646666666666667 0.2945000000000001 0.7646666666666667
3 0.3120000000000001 0.6666666666666666 0.19850000000000007 0.6666666666666666 0.19850000000000007 0.7233333333333334 0.3120000000000001 0.7233333333333334
3 0.32600000000000007 0.596 0.24000000000000005 0.596 0.24000000000000005 0.6426666666666667 0.3260000000000001 0.6426666666666667
11 0.331 0.56 0.26 0.56 0.26 0.604 0.331 0.604
11 0.3485 0.38266666666666665 0.335 0.38266666666666665 0.335 0.40066666666666667 0.3485 0.40066666666666667
11 0.376 0.4206666666666667 0.3485 0.4206666666666667 0.3485 0.43933333333333335 0.376 0.43933333333333335
3 0.4620000000000001 0.57 0.4315 0.57 0.43150000000000005 0.6206666666666667 0.46200000000000013 0.6206666666666667
3 0.4955000000000001 0.836 0.4325000000000001 0.836 0.4325000000000001 0.9993333333333333 0.4955000000000001 0.9993333333333333
7 0.6085 0.6133333333333335 0.5945 0.6133333333333335 0.5945 0.6520000000000001 0.6085 0.6520000000000001
3 0.6385 0.47000000000000014 0.608 0.47000000000000014 0.608 0.49533333333333346 0.6385 0.49533333333333346
8 0.4695 0.4813333333333334 0.462 0.48133333333333334 0.462 0.49666666666666676 0.4695 0.4966666666666668
5 0.4685 0.48866666666666675 0.4635 0.4886666666666667 0.4635 0.5033333333333334 0.4685 0.5033333333333335
3 0.4465 0.448 0.4285 0.448 0.4285 0.472 0.4465 0.472
3 0.4445 0.41333333333333333 0.4305 0.41333333333333333 0.4305 0.43066666666666664 0.4445 0.43066666666666664
3 0.6075 0.4193333333333335 0.59 0.4193333333333335 0.59 0.4366666666666668 0.6075 0.4366666666666668
3 0.4405 0.38266666666666665 0.43 0.38266666666666665 0.43 0.396 0.4405 0.396
3 0.488 0.3866666666666668 0.478 0.3866666666666668 0.478 0.39866666666666684 0.488 0.39866666666666684
7 0.5305 0.4106666666666668 0.5255 0.4106666666666668 0.5255 0.4266666666666668 0.5305 0.4266666666666668
8 0.508 0.3913333333333335 0.5045 0.3913333333333335 0.5045 0.40200000000000014 0.508 0.40200000000000014
5 0.5085 0.3953333333333335 0.505 0.3953333333333335 0.505 0.4033333333333335 0.5085 0.4033333333333335
8 0.4475 0.374 0.445 0.374 0.445 0.384 0.4475 0.384
5 0.4475 0.37733333333333335 0.4445 0.37733333333333335 0.4445 0.38533333333333336 0.4475 0.38533333333333336
3 0.442 0.37733333333333335 0.431 0.37733333333333335 0.431 0.38666666666666666 0.442 0.38666666666666666
3 0.438 0.37266666666666665 0.429 0.37266666666666665 0.429 0.38266666666666665 0.438 0.38266666666666665
3 0.4375 0.368 0.4285 0.368 0.4285 0.37666666666666665 0.4375 0.37666666666666665
3 0.576 0.3993333333333335 0.549 0.3993333333333335 0.549 0.4133333333333335 0.576 0.4133333333333335
3 0.5665 0.3920000000000001 0.544 0.3920000000000001 0.544 0.40400000000000014 0.5665 0.40400000000000014
3 0.556 0.3893333333333335 0.535 0.3893333333333335 0.535 0.40266666666666684 0.556 0.40266666666666684
3 0.553 0.3866666666666668 0.5315 0.3866666666666668 0.5315 0.39666666666666683 0.553 0.39666666666666683
11 0.5495 0.3826666666666668 0.531 0.3826666666666668 0.531 0.39400000000000013 0.5495 0.39400000000000013
3 0.544 0.3820000000000002 0.524 0.3820000000000002 0.524 0.3913333333333335 0.544 0.3913333333333335
3 0.5355 0.38000000000000017 0.515 0.38000000000000017 0.515 0.3913333333333335 0.5355 0.3913333333333335
3 0.5125 0.37200000000000016 0.5025 0.37200000000000016 0.5025 0.3840000000000002 0.5125 0.3840000000000002
3 0.4885 0.36200000000000015 0.48 0.36200000000000015 0.48 0.37133333333333346 0.4885 0.37133333333333346
3 0.4955 0.35200000000000015 0.478 0.35200000000000015 0.478 0.36200000000000015 0.4955 0.36200000000000015
3 0.437 0.35133333333333333 0.43 0.35133333333333333 0.43 0.35933333333333334 0.437 0.35933333333333334
3 0.4525 0.3346666666666667 0.4455 0.3346666666666667 0.4455 0.342 0.4525 0.342
3 0.4435 0.3233333333333334 0.439 0.3233333333333334 0.439 0.3273333333333334 0.4435 0.3273333333333334
3 0.4515 0.32200000000000006 0.4465 0.32200000000000006 0.4465 0.3273333333333334 0.4515 0.3273333333333334
3 0.4915 0.34066666666666673 0.4775 0.34066666666666673 0.4775 0.34666666666666685 0.4915 0.34666666666666685
3 0.4705 0.3313333333333334 0.4655 0.3313333333333334 0.4655 0.3380000000000001 0.4705 0.3380000000000001
7 0.4635 0.3306666666666667 0.4615 0.3306666666666667 0.4615 0.3386666666666667 0.4635 0.3386666666666667
3 0.433 0.344 0.4275 0.344 0.4275 0.3506666666666667 0.433 0.3506666666666667
3 0.4335 0.3366666666666667 0.4285 0.3366666666666667 0.4285 0.3426666666666667 0.4335 0.3426666666666667
3 0.433 0.3286666666666667 0.4285 0.3286666666666667 0.4285 0.3353333333333334 0.433 0.3353333333333334
7 0.4185 0.36666666666666664 0.416 0.36666666666666664 0.416 0.37666666666666665 0.4185 0.37666666666666665
8 0.4465 0.3486666666666667 0.4445 0.3486666666666667 0.4445 0.354 0.4465 0.354
8 0.431 0.3606666666666667 0.4285 0.3606666666666667 0.4285 0.36733333333333335 0.431 0.36733333333333335
5 0.4465 0.35133333333333333 0.444 0.35133333333333333 0.444 0.3566666666666667 0.4465 0.3566666666666667
7 0.512 0.36000000000000015 0.509 0.36000000000000015 0.509 0.36933333333333346 0.512 0.36933333333333346
7 0.5335 0.3706666666666668 0.5315 0.3706666666666668 0.5315 0.3826666666666668 0.5335 0.3826666666666668
11 0.447 0.31000000000000005 0.444 0.31000000000000005 0.444 0.3153333333333334 0.447 0.3153333333333334
4 0.4565 0.2953333333333334 0.4485 0.2953333333333334 0.4485 0.31000000000000005 0.4565 0.31000000000000005
4 0.4705 0.3133333333333334 0.451 0.3133333333333334 0.451 0.33000000000000007 0.4705 0.33000000000000007
4 0.4355 0.3133333333333334 0.428 0.3133333333333334 0.428 0.3286666666666667 0.4355 0.3286666666666667
4 0.4415 0.30866666666666676 0.4375 0.30866666666666676 0.4375 0.32266666666666677 0.4415 0.32266666666666677
1 0.7865 0.5420000000000001 0.7625 0.5420000000000001 0.7625 0.5580000000000002 0.7865 0.5580000000000002
8 0.961 0.6406666666666668 0.949 0.6406666666666668 0.949 0.6740000000000002 0.961 0.6740000000000002
8 0.9755 0.6426666666666668 0.9635 0.6426666666666668 0.9635 0.6720000000000002 0.9755 0.6720000000000002