7 0.3514285714285714 0.30952380952380965 0.3407142857142857 0.30952380952380965 0.3407142857142857 0.3457142857142858 0.3514285714285714 0.3457142857142858
7 0.20428571428571438 0.4780952380952381 0.18428571428571436 0.4780952380952381 0.18428571428571436 0.5276190476190477 0.20428571428571438 0.5276190476190477
7 0.3842857142857143 0.4209523809523811 0.37285714285714283 0.4209523809523811 0.37285714285714283 0.4638095238095239 0.3842857142857143 0.4638095238095239
7 0.2992857142857144 0.46 0.27928571428571436 0.46 0.27928571428571436 0.5095238095238095 0.2992857142857144 0.5095238095238095
7 0.3071428571428572 0.5152380952380953 0.28928571428571437 0.5152380952380953 0.28928571428571437 0.5695238095238095 0.3071428571428572 0.5695238095238095
7 0.37285714285714283 0.5523809523809524 0.3507142857142858 0.5523809523809524 0.3507142857142858 0.6133333333333333 0.37285714285714283 0.6133333333333333
7 0.39285714285714285 0.52 0.37357142857142855 0.52 0.37357142857142855 0.5771428571428572 0.39285714285714285 0.5771428571428572
8 0.2607142857142858 0.49714285714285716 0.23857142857142866 0.49714285714285716 0.23857142857142866 0.5361904761904762 0.2607142857142858 0.5361904761904762
8 0.27928571428571436 0.5085714285714286 0.25785714285714295 0.5085714285714286 0.25785714285714295 0.5495238095238095 0.27928571428571436 0.5495238095238095
8 0.3992857142857143 0.5838095238095238 0.3757142857142857 0.5838095238095238 0.3757142857142857 0.6238095238095238 0.3992857142857143 0.6238095238095238
8 0.5042857142857143 0.3914285714285715 0.495 0.3914285714285715 0.495 0.421904761904762 0.5042857142857143 0.421904761904762
8 0.4957142857142857 0.38666666666666677 0.48214285714285715 0.38666666666666677 0.48214285714285715 0.4095238095238096 0.4957142857142857 0.4095238095238096
7 0.4642857142857143 0.3885714285714287 0.4514285714285714 0.3885714285714287 0.4514285714285714 0.41904761904761917 0.4642857142857143 0.41904761904761917
7 0.42142857142857143 0.4057142857142858 0.4092857142857143 0.4057142857142858 0.4092857142857143 0.44285714285714295 0.42142857142857143 0.44285714285714295
7 0.42428571428571427 0.43904761904761913 0.4114285714285714 0.43904761904761913 0.4114285714285714 0.4876190476190476 0.42428571428571427 0.4876190476190476
7 0.3821428571428571 0.4685714285714287 0.36357142857142866 0.4685714285714287 0.36357142857142866 0.5219047619047619 0.3821428571428571 0.5219047619047619
7 0.5257142857142857 0.43333333333333346 0.515 0.43333333333333346 0.515 0.49142857142857144 0.5257142857142857 0.49142857142857144
7 0.5092857142857142 0.4400000000000001 0.4942857142857143 0.4400000000000001 0.4942857142857143 0.4895238095238095 0.5092857142857142 0.4895238095238095
7 0.5692857142857143 0.4876190476190476 0.5564285714285714 0.4876190476190476 0.5564285714285714 0.5361904761904762 0.5692857142857143 0.5361904761904762
7 0.535 0.5761904761904761 0.5128571428571429 0.5761904761904761 0.5128571428571429 0.6447619047619048 0.535 0.6447619047619048
7 0.5042857142857143 0.5228571428571429 0.475 0.5228571428571429 0.475 0.5895238095238096 0.5042857142857143 0.5895238095238096
7 0.5907142857142857 0.46190476190476204 0.575 0.46190476190476204 0.575 0.5104761904761905 0.5907142857142857 0.5104761904761905
7 0.6207142857142857 0.4342857142857144 0.605 0.4342857142857144 0.605 0.4800000000000001 0.6207142857142857 0.4800000000000001
7 0.43857142857142856 0.49333333333333335 0.4164285714285714 0.49333333333333335 0.4164285714285714 0.5380952380952381 0.43857142857142856 0.5380952380952381
7 0.48428571428571426 0.4247619047619049 0.465 0.4247619047619049 0.465 0.4761904761904763 0.48428571428571426 0.4761904761904763
7 0.4492857142857143 0.5685714285714286 0.4328571428571429 0.5685714285714286 0.4328571428571429 0.6295238095238095 0.4492857142857143 0.6295238095238095
7 0.5692857142857143 0.4257142857142858 0.5571428571428572 0.4257142857142858 0.5571428571428572 0.4666666666666668 0.5692857142857143 0.4666666666666668
1 0.4785714285714286 0.38095238095238104 0.45571428571428574 0.38095238095238104 0.45571428571428574 0.4095238095238096 0.4785714285714286 0.4095238095238096
1 0.5707142857142857 0.4066666666666668 0.5507142857142857 0.4066666666666668 0.5507142857142857 0.43142857142857155 0.5707142857142857 0.43142857142857155
1 0.6592857142857143 0.43333333333333346 0.6385714285714286 0.43333333333333346 0.6385714285714286 0.4647619047619049 0.6592857142857143 0.4647619047619049
1 0.7114285714285714 0.44571428571428584 0.6914285714285714 0.44571428571428584 0.6914285714285714 0.47714285714285726 0.7114285714285714 0.47714285714285726
7 0.6121428571428571 0.5076190476190476 0.5921428571428572 0.5076190476190476 0.5921428571428572 0.5628571428571428 0.6121428571428571 0.5628571428571428
1 0.47714285714285715 0.6390476190476191 0.43357142857142855 0.6390476190476191 0.43357142857142855 0.679047619047619 0.47714285714285715 0.679047619047619
1 0.4135714285714286 0.6180952380952381 0.3742857142857143 0.6180952380952381 0.3742857142857143 0.6657142857142857 0.4135714285714286 0.6657142857142857
1 0.32428571428571434 0.6171428571428571 0.26785714285714296 0.6171428571428571 0.26785714285714296 0.6571428571428571 0.32428571428571434 0.6571428571428571
1 0.23928571428571438 0.5514285714285714 0.21357142857142866 0.5514285714285714 0.21357142857142866 0.6114285714285714 0.23928571428571438 0.6114285714285714
1 0.2685714285714286 0.5514285714285714 0.23857142857142866 0.5514285714285714 0.23857142857142866 0.5961904761904762 0.2685714285714286 0.5961904761904762
1 0.28214285714285725 0.54 0.2514285714285715 0.54 0.2514285714285715 0.5847619047619048 0.28214285714285725 0.5847619047619048
7 0.7228571428571429 0.3561904761904763 0.7064285714285714 0.3561904761904763 0.7064285714285714 0.39523809523809533 0.7228571428571429 0.39523809523809533
7 0.7371428571428571 0.3761904761904763 0.7242857142857143 0.3761904761904763 0.7242857142857143 0.41523809523809535 0.7371428571428571 0.41523809523809535
7 0.7642857142857142 0.3600000000000001 0.755 0.3600000000000001 0.755 0.39523809523809533 0.7642857142857142 0.39523809523809533
7 0.7792857142857142 0.37142857142857155 0.7635714285714286 0.37142857142857155 0.7635714285714286 0.4161904761904763 0.7792857142857142 0.4161904761904763
1 0.885 0.6857142857142859 0.8542857142857143 0.6857142857142859 0.8542857142857143 0.7419047619047621 0.885 0.7419047619047621
7 0.8342857142857143 0.603809523809524 0.815 0.603809523809524 0.815 0.6638095238095241 0.8342857142857143 0.6638095238095241
7 0.8228571428571428 0.5923809523809526 0.8007142857142857 0.5923809523809526 0.8007142857142857 0.6571428571428574 0.8228571428571428 0.6571428571428574