3 0.5185714285714286 0.6666666666666666 0.5021428571428571 0.6666666666666666 0.5021428571428571 0.7133333333333334 0.5185714285714286 0.7133333333333334
3 0.3757142857142857 0.6295238095238095 0.3407142857142858 0.6295238095238095 0.3407142857142858 0.6523809523809524 0.3757142857142857 0.6523809523809524
3 0.37857142857142856 0.6533333333333333 0.3457142857142858 0.6533333333333333 0.3457142857142858 0.6752380952380952 0.37857142857142856 0.6752380952380952
3 0.47785714285714287 0.4038095238095239 0.46285714285714286 0.4038095238095239 0.46285714285714286 0.4485714285714287 0.47785714285714287 0.4485714285714287
3 0.5178571428571429 0.2561904761904763 0.5028571428571429 0.2561904761904763 0.5028571428571429 0.2961904761904763 0.5178571428571429 0.2961904761904763
3 0.4157142857142857 0.31142857142857155 0.4 0.31142857142857155 0.4 0.3561904761904763 0.4157142857142857 0.3561904761904763
3 0.37642857142857145 0.4076190476190477 0.345 0.4076190476190477 0.345 0.42857142857142866 0.37642857142857145 0.42857142857142866
3 0.37857142857142856 0.4323809523809525 0.34285714285714286 0.4323809523809525 0.3428571428571429 0.45714285714285724 0.37857142857142856 0.45714285714285724
3 0.36642857142857144 0.45904761904761915 0.3350000000000001 0.45904761904761915 0.3350000000000001 0.49714285714285716 0.36642857142857144 0.49714285714285716
11 0.4228571428571429 0.4638095238095239 0.40785714285714286 0.4638095238095239 0.40785714285714286 0.5095238095238095 0.4228571428571429 0.5095238095238095
11 0.42714285714285716 0.5114285714285715 0.4114285714285714 0.5114285714285715 0.4114285714285714 0.5619047619047619 0.42714285714285716 0.5619047619047619
3 0.4085714285714286 0.518095238095238 0.39357142857142857 0.518095238095238 0.39357142857142857 0.5628571428571428 0.4085714285714286 0.5628571428571428
3 0.4057142857142857 0.4676190476190477 0.39071428571428574 0.4676190476190477 0.39071428571428574 0.5114285714285715 0.4057142857142857 0.5114285714285715
3 0.39 0.4990476190476191 0.3742857142857143 0.4990476190476191 0.3742857142857143 0.5476190476190477 0.39 0.5476190476190477
3 0.41214285714285714 0.5666666666666667 0.37642857142857145 0.5666666666666667 0.37642857142857145 0.5895238095238096 0.41214285714285714 0.5895238095238096
3 0.37357142857142855 0.5628571428571428 0.33857142857142863 0.5628571428571428 0.33857142857142863 0.5866666666666667 0.37357142857142855 0.5866666666666667
3 0.41214285714285714 0.16285714285714292 0.39785714285714285 0.16285714285714292 0.39785714285714285 0.20380952380952386 0.41214285714285714 0.20380952380952386
3 0.3921428571428571 0.16000000000000006 0.37642857142857145 0.16000000000000006 0.37642857142857145 0.20571428571428577 0.3921428571428571 0.20571428571428577
3 0.39357142857142857 0.22761904761904767 0.37857142857142856 0.22761904761904767 0.37857142857142856 0.2676190476190477 0.39357142857142857 0.2676190476190477
3 0.38 0.24666666666666678 0.36428571428571427 0.24666666666666678 0.36428571428571427 0.29142857142857154 0.38 0.29142857142857154
3 0.5542857142857143 0.2542857142857144 0.5385714285714286 0.2542857142857144 0.5385714285714286 0.2942857142857144 0.5542857142857143 0.2942857142857144
3 0.5528571428571428 0.20952380952380964 0.5378571428571428 0.20952380952380964 0.5378571428571428 0.2552380952380953 0.5528571428571428 0.2552380952380953
3 0.36142857142857143 0.3828571428571429 0.3271428571428571 0.38285714285714284 0.3271428571428571 0.4028571428571429 0.36142857142857143 0.40285714285714297
11 0.3557142857142857 0.3590476190476191 0.32571428571428573 0.35904761904761906 0.32571428571428573 0.38000000000000006 0.3557142857142857 0.3800000000000001
11 0.415 0.2723809523809525 0.4014285714285714 0.2723809523809525 0.4014285714285714 0.30857142857142866 0.415 0.30857142857142866
10 0.4135714285714286 0.20571428571428577 0.39714285714285713 0.20571428571428577 0.39714285714285713 0.26095238095238105 0.4135714285714286 0.26095238095238105
11 0.39714285714285713 0.31333333333333346 0.38285714285714284 0.31333333333333346 0.38285714285714284 0.3476190476190477 0.39714285714285713 0.3476190476190477
3 0.39714285714285713 0.2742857142857144 0.38285714285714284 0.2742857142857144 0.38285714285714284 0.30857142857142866 0.39714285714285713 0.30857142857142866
3 0.37357142857142855 0.5323809523809524 0.3357142857142858 0.5323809523809524 0.3357142857142858 0.5542857142857143 0.37357142857142855 0.5542857142857143
3 0.3692857142857143 0.49238095238095236 0.33857142857142863 0.49238095238095236 0.33857142857142863 0.5247619047619048 0.3692857142857143 0.5247619047619048
3 0.3557142857142858 0.9533333333333334 0.31928571428571434 0.9533333333333334 0.31928571428571434 0.979047619047619 0.3557142857142858 0.979047619047619
3 0.3957142857142858 0.88 0.3757142857142857 0.88 0.3757142857142858 0.9304761904761905 0.39571428571428585 0.9304761904761905
3 0.4014285714285714 0.8457142857142858 0.36714285714285716 0.8457142857142858 0.36714285714285716 0.8761904761904762 0.4014285714285714 0.8761904761904762
3 0.405 0.7885714285714286 0.37 0.7885714285714286 0.37 0.8142857142857143 0.405 0.8142857142857143
3 0.4107142857142857 0.7276190476190476 0.37642857142857145 0.7276190476190476 0.37642857142857145 0.7504761904761905 0.4107142857142857 0.7504761904761905
3 0.395 0.7542857142857143 0.35357142857142865 0.7542857142857143 0.35357142857142865 0.7790476190476191 0.395 0.7790476190476191
3 0.3921428571428571 0.8228571428571428 0.35428571428571437 0.8228571428571428 0.35428571428571437 0.8447619047619047 0.3921428571428571 0.8447619047619047
3 0.645 0.7676190476190476 0.6107142857142858 0.7676190476190476 0.6107142857142858 0.7895238095238095 0.645 0.7895238095238095
3 0.8085714285714286 0.7704761904761906 0.7778571428571428 0.7704761904761906 0.7778571428571428 0.8076190476190478 0.8085714285714286 0.8076190476190478
11 0.94 0.723809523809524 0.9064285714285715 0.723809523809524 0.9064285714285715 0.744761904761905 0.94 0.744761904761905
3 0.9542857142857143 0.5066666666666669 0.9171428571428571 0.5066666666666669 0.9171428571428571 0.5276190476190479 0.9542857142857143 0.5276190476190479
3 0.885 0.361904761904762 0.8528571428571429 0.361904761904762 0.8528571428571429 0.38380952380952393 0.885 0.38380952380952393
3 0.9078571428571428 0.5095238095238097 0.8757142857142857 0.5095238095238097 0.8757142857142857 0.5304761904761907 0.9078571428571428 0.5304761904761907
3 0.8714285714285714 0.5114285714285717 0.8364285714285714 0.5114285714285717 0.8364285714285714 0.5314285714285717 0.8714285714285714 0.5314285714285717
3 0.8321428571428572 0.5152380952380955 0.7978571428571428 0.5152380952380955 0.7978571428571428 0.5333333333333335 0.8321428571428572 0.5333333333333335
11 0.7957142857142857 0.5171428571428573 0.7592857142857142 0.5171428571428573 0.7592857142857142 0.5371428571428574 0.7957142857142857 0.5371428571428574
2 0.9235714285714286 0.07047619047619062 0.8964285714285715 0.07047619047619061 0.8964285714285715 0.12000000000000015 0.9235714285714286 0.12000000000000016
3 0.7257142857142858 0.09809523809523821 0.6914285714285714 0.09809523809523821 0.6914285714285714 0.12285714285714297 0.7257142857142858 0.12285714285714297
11 0.6871428571428572 0.10571428571428582 0.6278571428571429 0.10571428571428582 0.6278571428571429 0.13142857142857153 0.6871428571428572 0.13142857142857153
3 0.3871428571428571 6.222372069953456e-17 0.375 6.123233995736766e-17 0.375 0.026666666666666727 0.3871428571428571 0.026666666666666727
3 0.3514285714285714 0.02666666666666672 0.31857142857142856 0.02666666666666672 0.31857142857142856 0.05047619047619053 0.3514285714285714 0.05047619047619053
0 0.595 0.16095238095238107 0.5778571428571428 0.16095238095238107 0.5778571428571428 0.18761904761904774 0.595 0.18761904761904774
0 0.5742857142857143 0.16476190476190486 0.555 0.16476190476190486 0.555 0.19238095238095249 0.5742857142857143 0.19238095238095249
7 0.5628571428571428 0.02761904761904771 0.5585714285714286 0.027619047619047706 0.5585714285714286 0.0400000000000001 0.5628571428571428 0.0400000000000001
3 0.5421428571428571 0.031428571428571514 0.5271428571428571 0.03142857142857151 0.5271428571428571 0.07428571428571437 0.5421428571428571 0.07428571428571437
3 0.5407142857142857 8.712487228219741e-17 0.5264285714285715 8.595854199729517e-17 0.5264285714285715 0.027619047619047706 0.5407142857142857 0.027619047619047706
3 0.5628571428571428 0.3780952380952382 0.5485714285714286 0.3780952380952382 0.5485714285714286 0.4180952380952382 0.5628571428571428 0.4180952380952382
11 0.5635714285714286 0.4209523809523811 0.5478571428571428 0.4209523809523811 0.5478571428571428 0.45904761904761915 0.5635714285714286 0.45904761904761915
7 0.6235714285714286 0.5638095238095238 0.6171428571428571 0.5638095238095238 0.6171428571428571 0.5704761904761905 0.6235714285714286 0.5704761904761905
7 0.6092857142857143 0.5647619047619048 0.6028571428571429 0.5647619047619048 0.6028571428571429 0.5733333333333334 0.6092857142857143 0.5733333333333334
7 0.6471428571428571 0.5771428571428572 0.6414285714285715 0.5771428571428572 0.6414285714285715 0.5847619047619048 0.6471428571428571 0.5847619047619048
3 0.5892857142857144 0.9619047619047619 0.5728571428571431 0.9619047619047619 0.5728571428571431 1 0.5892857142857144 1
5 0.5914285714285714 0.8238095238095238 0.5835714285714285 0.8238095238095238 0.5835714285714285 0.8495238095238096 0.5914285714285714 0.8495238095238096
5 0.5828571428571429 0.8142857142857143 0.5771428571428572 0.8142857142857143 0.5771428571428572 0.8371428571428572 0.5828571428571429 0.8371428571428572
1 0.5957142857142858 0.8066666666666666 0.585 0.8066666666666666 0.585 0.8142857142857143 0.5957142857142858 0.8142857142857143
5 0.6407142857142857 0.8609523809523809 0.6242857142857143 0.8609523809523809 0.6242857142857143 0.8742857142857143 0.6407142857142857 0.8742857142857143
5 0.6364285714285715 0.8323809523809523 0.6207142857142857 0.8323809523809523 0.6207142857142857 0.8428571428571429 0.6364285714285715 0.8428571428571429
10 0.44428571428571434 0.878095238095238 0.42714285714285716 0.878095238095238 0.4271428571428572 0.9371428571428572 0.44428571428571445 0.9371428571428572
3 0.04000000000000007 0.7476190476190476 0.0021428571428572115 0.7476190476190476 0.002142857142857213 0.7704761904761904 0.04000000000000007 0.7704761904761904
3 0.1228571428571429 0.6057142857142858 0.08571428571428577 0.6057142857142858 0.08571428571428577 0.6314285714285715 0.1228571428571429 0.6314285714285715
3 0.18285714285714294 0.6038095238095238 0.15000000000000005 0.6038095238095238 0.15000000000000005 0.6247619047619047 0.18285714285714294 0.6247619047619047
3 0.03714285714285721 0.6419047619047619 5.895799590180829e-17 0.6419047619047619 6.005143054390414e-17 0.6657142857142857 0.03714285714285721 0.6657142857142857
3 0.17642857142857146 0.2895238095238095 0.14071428571428576 0.2895238095238095 0.14071428571428576 0.31238095238095237 0.17642857142857146 0.31238095238095237
3 0.13714285714285718 0.4038095238095238 0.10000000000000005 0.4038095238095238 0.10000000000000005 0.4276190476190476 0.13714285714285718 0.4276190476190476