3 0.12928571428571434 0.6243654822335025 0.037142857142857186 0.6243654822335025 0.037142857142857186 0.6941624365482234 0.12928571428571434 0.6941624365482234
3 0.13071428571428576 0.4035532994923858 0.038571428571428604 0.4035532994923858 0.038571428571428604 0.47715736040609136 0.13071428571428576 0.47715736040609136
3 0.2714285714285715 0.6408629441624365 0.19357142857142864 0.6408629441624365 0.19357142857142864 0.7093908629441624 0.2714285714285715 0.7093908629441624
3 0.28 0.4302030456852792 0.2057142857142857 0.4302030456852792 0.2057142857142857 0.4949238578680203 0.28 0.4949238578680203
3 0.5978571428571429 0.6865482233502538 0.515 0.6865482233502538 0.515 0.7563451776649747 0.5978571428571429 0.7563451776649747
3 0.5135714285714286 0.5964467005076144 0.4278571428571429 0.5964467005076144 0.4278571428571429 0.6649746192893401 0.5135714285714286 0.6649746192893401
3 0.5171428571428571 0.5304568527918783 0.43714285714285717 0.5304568527918783 0.43714285714285717 0.5888324873096448 0.5171428571428571 0.5888324873096448
3 0.52 0.4593908629441626 0.4421428571428571 0.4593908629441626 0.4421428571428571 0.5253807106598987 0.52 0.5253807106598987
3 0.595 0.6129441624365484 0.5171428571428571 0.6129441624365484 0.5171428571428571 0.6789340101522843 0.595 0.6789340101522843
3 0.6035714285714285 0.47335025380710677 0.5264285714285715 0.47335025380710677 0.5264285714285715 0.535532994923858 0.6035714285714285 0.535532994923858
3 0.6042857142857143 0.40862944162436565 0.5228571428571429 0.40862944162436565 0.5228571428571429 0.4670050761421321 0.6042857142857143 0.4670050761421321
3 0.6092857142857143 0.3337563451776651 0.5328571428571428 0.3337563451776651 0.5328571428571428 0.39847715736040623 0.6092857142857143 0.39847715736040623
3 0.5228571428571429 0.3172588832487311 0.45571428571428574 0.317258883248731 0.45571428571428574 0.38324873096446715 0.5228571428571429 0.38324873096446715
3 0.5314285714285715 0.25380710659898487 0.4492857142857143 0.25380710659898487 0.4492857142857143 0.31979695431472094 0.5314285714285715 0.31979695431472094
3 0.6121428571428571 0.27284263959390875 0.5385714285714286 0.27284263959390875 0.5385714285714286 0.3324873096446702 0.6121428571428571 0.3324873096446702
3 0.36857142857142855 0.37563451776649753 0.29428571428571426 0.3756345177664975 0.29428571428571426 0.43908629441624375 0.36857142857142855 0.4390862944162438
3 0.38 0.030456852791878243 0.3057142857142857 0.030456852791878236 0.3057142857142857 0.09771573604060921 0.38 0.09771573604060921
3 0.5292857142857142 0.1814720812182742 0.44785714285714284 0.18147208121827418 0.44785714285714284 0.251269035532995 0.5292857142857142 0.25126903553299507
3 0.62 0.1992385786802032 0.535 0.1992385786802032 0.535 0.26522842639593924 0.62 0.26522842639593924
3 0.6121428571428571 0.12690355329949252 0.5371428571428571 0.1269035532994925 0.5371428571428571 0.19035532994923873 0.6121428571428571 0.19035532994923873
3 0.5328571428571428 0.11421319796954325 0.4614285714285714 0.11421319796954325 0.4614285714285714 0.18020304568527928 0.5328571428571428 0.18020304568527934
3 0.7828571428571428 0.0063451776649747806 0.6992857142857143 0.00634517766497477 0.6992857142857143 0.07868020304568543 0.7828571428571428 0.07868020304568545
3 0.7728571428571429 0.07994923857868036 0.6928571428571428 0.07994923857868035 0.6928571428571428 0.15355329949238594 0.7728571428571429 0.15355329949238597
3 0.7607142857142857 0.20685279187817274 0.6842857142857143 0.20685279187817274 0.6842857142857143 0.269035532994924 0.7607142857142857 0.269035532994924
3 0.7607142857142857 0.2842639593908631 0.69 0.2842639593908631 0.69 0.34517766497461944 0.7607142857142857 0.34517766497461944
3 0.7571428571428571 0.3477157360406093 0.6857142857142857 0.3477157360406093 0.6857142857142857 0.40355329949238594 0.7571428571428571 0.40355329949238594
3 0.7692857142857142 0.4213197969543149 0.6864285714285714 0.4213197969543149 0.6864285714285714 0.48984771573604075 0.7692857142857142 0.48984771573604075
3 0.7621428571428571 0.4796954314720814 0.6714285714285714 0.4796954314720814 0.6714285714285714 0.5520304568527921 0.7621428571428571 0.5520304568527921
3 0.7592857142857142 0.5520304568527921 0.6742857142857143 0.5520304568527921 0.6742857142857143 0.6256345177664976 0.7592857142857142 0.6256345177664976
3 0.7535714285714286 0.6256345177664976 0.6757142857142857 0.6256345177664976 0.6757142857142857 0.6979695431472084 0.7535714285714286 0.6979695431472084
3 0.7528571428571429 0.7093908629441628 0.6842857142857143 0.7093908629441628 0.6842857142857143 0.7753807106598988 0.7528571428571429 0.7753807106598988
3 0.0478571428571429 0.4733502538071066 3.26280897201402e-17 0.4733502538071066 3.490243377569957e-17 0.5393401015228426 0.0478571428571429 0.5393401015228426
3 0.05285714285714288 0.3401015228426396 2.3443238726535047e-17 0.3401015228426396 2.5586370625042916e-17 0.4022842639593909 0.05285714285714288 0.4022842639593909
3 0.039285714285714333 0.6269035532994924 4.3212537055628036e-17 0.6269035532994924 4.544314372550357e-17 0.6916243654822335 0.039285714285714333 0.6916243654822335
3 0.10071428571428577 0.8654822335025381 0.04000000000000006 0.8654822335025381 0.04000000000000006 0.9949238578680203 0.1007142857142858 0.9949238578680203
3 0.13928571428571435 0.8730964467005076 0.09857142857142862 0.8730964467005076 0.09857142857142863 0.9936548223350253 0.13928571428571437 0.9936548223350253
3 0.2507142857142858 0.866751269035533 0.2107142857142858 0.866751269035533 0.2107142857142858 0.998730964467005 0.2507142857142858 0.998730964467005
3 0.2928571428571429 0.881979695431472 0.24714285714285722 0.881979695431472 0.24714285714285722 0.9936548223350253 0.2928571428571429 0.9936548223350253
3 0.36357142857142866 0.8984771573604061 0.32428571428571434 0.8984771573604061 0.32428571428571434 0.998730964467005 0.36357142857142866 0.998730964467005
3 0.40285714285714286 0.9187817258883249 0.36857142857142855 0.9187817258883249 0.36857142857142855 0.998730964467005 0.40285714285714286 0.998730964467005
3 0.4392857142857143 0.9137055837563451 0.4035714285714286 0.9137055837563451 0.4035714285714286 0.998730964467005 0.4392857142857143 0.998730964467005
3 0.44 0.9137055837563451 0.4057142857142857 0.9137055837563451 0.4057142857142857 0.998730964467005 0.44 0.998730964467005
3 0.8514285714285714 0.2246192893401017 0.7707142857142857 0.22461928934010167 0.7707142857142857 0.29060913705583774 0.8514285714285714 0.2906091370558378
3 0.845 0.2944162436548225 0.7671428571428571 0.2944162436548225 0.7671428571428571 0.3667512690355331 0.845 0.3667512690355331
3 0.8414285714285714 0.4213197969543149 0.7678571428571429 0.4213197969543149 0.7678571428571429 0.49619289340101536 0.8414285714285714 0.49619289340101536
3 1 0.32106598984771595 0.9221428571428572 0.32106598984771595 0.9221428571428572 0.3832487309644672 1 0.3832487309644673
3 0.9935714285714285 0.44796954314720827 0.9092857142857143 0.44796954314720827 0.9092857142857143 0.5279187817258885 0.9935714285714285 0.5279187817258885
3 1 0.6522842639593911 0.915 0.6522842639593911 0.915 0.7309644670050764 1 0.7309644670050764
3 0.8392857142857143 0.5761421319796955 0.76 0.5761421319796955 0.76 0.6510152284263963 0.8392857142857143 0.6510152284263963
11 1 0.37944162436548245 0.9185714285714286 0.3794416243654824 0.9185714285714286 0.4619289340101525 1 0.46192893401015256
11 0.6064285714285714 0.5444162436548224 0.5221428571428571 0.5444162436548224 0.5221428571428571 0.6040609137055839 0.6064285714285714 0.6040609137055839
11 0.35857142857142865 0.6510152284263959 0.27214285714285724 0.6510152284263959 0.27214285714285724 0.7182741116751269 0.35857142857142865 0.7182741116751269
11 0.3678571428571429 0.5761421319796955 0.2807142857142857 0.5761421319796954 0.28071428571428575 0.6510152284263959 0.3678571428571429 0.6510152284263959
11 0.36 0.5076142131979696 0.2735714285714286 0.5076142131979695 0.2735714285714286 0.5812182741116751 0.36 0.5812182741116753
11 0.36642857142857144 0.4378172588832488 0.28 0.43781725888324874 0.28 0.5063451776649747 0.36642857142857144 0.5063451776649748
11 0.36428571428571427 0.30329949238578685 0.29714285714285715 0.30329949238578685 0.29714285714285715 0.3629441624365483 0.36428571428571427 0.36294416243654837
11 0.145 0.12563451776649748 0.055714285714285716 0.12563451776649745 0.05571428571428572 0.21065989847715735 0.145 0.21065989847715735
11 0.14785714285714285 0.062182741116751296 0.05714285714285714 0.06218274111675129 0.05714285714285714 0.13959390862944165 0.14785714285714285 0.13959390862944165
11 0.15214285714285714 2.3389510567471657e-17 0.06285714285714286 1.3676258670681102e-17 0.06285714285714286 0.06852791878172591 0.15214285714285714 0.06852791878172593
11 0.5107142857142857 0.6725888324873096 0.43142857142857144 0.6725888324873096 0.43142857142857144 0.748730964467005 0.5107142857142857 0.748730964467005
3 0.5428571428571428 1.0972089342614612e-16 0.4657142857142857 1.0132864378731907e-16 0.4657142857142857 0.045685279187817375 0.5428571428571428 0.04568527918781738