3 0.8442857142857143 0.7457142857142858 0.6407142857142857 0.7457142857142857 0.6407142857142858 0.9876190476190476 0.8442857142857143 0.9876190476190476
3 0.7985714285714286 0.5942857142857144 0.6321428571428571 0.5942857142857143 0.6321428571428571 0.7123809523809524 0.7985714285714286 0.7123809523809526
3 0.7471428571428571 0.5209523809523811 0.5942857142857143 0.520952380952381 0.5942857142857143 0.6314285714285716 0.7471428571428571 0.6314285714285717
3 0.695 0.501904761904762 0.55 0.5019047619047619 0.55 0.5885714285714286 0.695 0.5885714285714287
3 0.6307142857142857 0.4723809523809525 0.49642857142857144 0.4723809523809525 0.49642857142857144 0.5533333333333333 0.6307142857142857 0.5533333333333333
3 0.5957142857142858 0.4257142857142858 0.48428571428571426 0.4257142857142858 0.48428571428571426 0.5 0.5957142857142858 0.5
3 0.4135714285714286 0.6152380952380953 0.3207142857142858 0.6152380952380953 0.3207142857142858 0.78 0.4135714285714286 0.78
11 0.3357142857142858 0.7085714285714285 0.22214285714285723 0.7085714285714285 0.22214285714285723 0.979047619047619 0.3357142857142858 0.979047619047619
3 0.28357142857142864 0.5695238095238095 0.19857142857142865 0.5695238095238095 0.19857142857142865 0.72 0.28357142857142864 0.72
3 0.25142857142857145 0.43523809523809526 0.18571428571428572 0.43523809523809526 0.18571428571428575 0.5257142857142857 0.2514285714285715 0.5257142857142857
3 0.31214285714285717 0.4085714285714286 0.24285714285714285 0.4085714285714286 0.2428571428571429 0.4819047619047619 0.3121428571428572 0.4819047619047619
3 0.1071428571428572 0.5371428571428571 0.01642857142857148 0.5371428571428571 0.016428571428571483 0.679047619047619 0.10714285714285722 0.679047619047619
3 0.10000000000000005 0.46095238095238095 0.029285714285714325 0.46095238095238095 0.02928571428571433 0.5523809523809524 0.10000000000000005 0.5523809523809524
7 0.1342857142857143 0.4695238095238095 0.10714285714285718 0.4695238095238095 0.10714285714285718 0.539047619047619 0.1342857142857143 0.539047619047619
7 0.15928571428571434 0.4685714285714286 0.13714285714285718 0.4685714285714286 0.13714285714285718 0.5323809523809524 0.15928571428571434 0.5323809523809524
3 0.09571428571428575 0.38571428571428573 0.038571428571428604 0.38571428571428573 0.038571428571428604 0.4657142857142857 0.09571428571428575 0.4657142857142857
3 0.19285714285714287 0.29428571428571426 0.15142857142857147 0.29428571428571426 0.15142857142857147 0.3457142857142857 0.19285714285714287 0.3457142857142857
11 0.09357142857142861 0.32285714285714284 0.05071428571428573 0.32285714285714284 0.050714285714285746 0.38476190476190475 0.09357142857142861 0.38476190476190475
3 0.09571428571428575 0.2638095238095238 0.058571428571428594 0.2638095238095238 0.058571428571428594 0.32095238095238093 0.09571428571428575 0.32095238095238093
3 0.17 0.21142857142857147 0.13857142857142857 0.21142857142857144 0.1385714285714286 0.25047619047619046 0.17000000000000004 0.25047619047619046
3 0.4942857142857143 0.3447619047619049 0.39 0.3447619047619049 0.39 0.3942857142857144 0.4942857142857143 0.3942857142857144
3 0.4614285714285714 0.32095238095238104 0.37714285714285717 0.32095238095238104 0.37714285714285717 0.37142857142857155 0.4614285714285714 0.37142857142857155
3 0.4042857142857143 0.2771428571428572 0.32857142857142857 0.27714285714285714 0.32857142857142857 0.3190476190476191 0.4042857142857143 0.31904761904761914
3 0.36642857142857144 0.2628571428571429 0.3078571428571429 0.26285714285714284 0.3078571428571429 0.2942857142857143 0.36642857142857144 0.2942857142857144
3 0.33 0.22857142857142862 0.27785714285714286 0.22857142857142862 0.27785714285714286 0.26285714285714284 0.33 0.26285714285714284
3 0.305 0.20761904761904768 0.25214285714285717 0.20761904761904768 0.25214285714285717 0.23809523809523814 0.305 0.23809523809523814
3 0.2742857142857143 0.2028571428571429 0.23857142857142857 0.2028571428571429 0.23857142857142857 0.22952380952380957 0.2742857142857143 0.22952380952380957
3 0.28785714285714287 0.19333333333333338 0.2392857142857143 0.19333333333333338 0.2392857142857143 0.22380952380952387 0.28785714285714287 0.22380952380952387
3 0.185 0.1885714285714286 0.16 0.18857142857142858 0.16 0.21714285714285717 0.185 0.2171428571428572
3 0.15357142857142858 0.17238095238095238 0.12785714285714286 0.17238095238095238 0.12785714285714286 0.1980952380952381 0.15357142857142858 0.1980952380952381
3 0.08428571428571431 0.18 0.05785714285714288 0.18 0.05785714285714288 0.20952380952380953 0.08428571428571431 0.20952380952380953
3 0.042142857142857156 0.10857142857142857 0.032142857142857154 0.10857142857142857 0.032142857142857154 0.12 0.042142857142857156 0.12
4 0.042857142857142864 0.12380952380952381 0.020714285714285723 0.12380952380952381 0.020714285714285727 0.1457142857142857 0.042857142857142864 0.1457142857142857
3 0.4992857142857144 0.8657142857142858 0.35857142857142865 0.8657142857142858 0.35857142857142865 1 0.49928571428571444 1