10 0.1035714285714286 0.5276190476190477 0.07357142857142861 0.5276190476190477 0.07357142857142862 0.5866666666666667 0.1035714285714286 0.5866666666666667
10 0.25785714285714284 0.21333333333333337 0.24642857142857144 0.21333333333333337 0.24642857142857144 0.24761904761904763 0.25785714285714284 0.24761904761904763
4 0.32142857142857145 0.010476190476190528 0.30714285714285716 0.010476190476190528 0.30714285714285716 0.03333333333333339 0.32142857142857145 0.03333333333333339
4 0.28 0.0971428571428572 0.25214285714285717 0.0971428571428572 0.25214285714285717 0.1428571428571429 0.28 0.1428571428571429
3 0.275 0.14666666666666672 0.27 0.14666666666666672 0.27 0.15333333333333338 0.275 0.15333333333333338
3 0.3007142857142857 0.10666666666666672 0.29714285714285715 0.10666666666666672 0.29714285714285715 0.11142857142857149 0.3007142857142857 0.11142857142857149
3 0.29928571428571427 0.140952380952381 0.295 0.140952380952381 0.295 0.14666666666666672 0.29928571428571427 0.14666666666666672
3 0.2621428571428571 0.1971428571428572 0.2571428571428571 0.1971428571428572 0.2571428571428571 0.20761904761904768 0.2621428571428571 0.20761904761904768
3 0.2864285714285714 0.19809523809523816 0.28214285714285714 0.19809523809523816 0.28214285714285714 0.2047619047619048 0.2864285714285714 0.2047619047619048
3 0.2671428571428571 0.1752380952380953 0.26285714285714284 0.1752380952380953 0.26285714285714284 0.18380952380952387 0.2671428571428571 0.18380952380952387
3 0.27785714285714286 0.2371428571428572 0.27285714285714285 0.2371428571428572 0.27285714285714285 0.24571428571428572 0.27785714285714286 0.24571428571428572
3 0.30142857142857143 0.06952380952380957 0.29642857142857143 0.06952380952380957 0.29642857142857143 0.0752380952380953 0.30142857142857143 0.0752380952380953
3 0.2978571428571429 0.05809523809523815 0.29428571428571426 0.05809523809523815 0.29428571428571426 0.06285714285714292 0.2978571428571429 0.06285714285714292
2 0.29214285714285715 0.0990476190476191 0.28714285714285714 0.0990476190476191 0.28714285714285714 0.11047619047619053 0.29214285714285715 0.11047619047619053
2 0.3057142857142857 0.11238095238095243 0.29928571428571427 0.11238095238095243 0.29928571428571427 0.12571428571428578 0.3057142857142857 0.12571428571428578
11 0.2907142857142857 0.17047619047619053 0.2864285714285714 0.17047619047619053 0.2864285714285714 0.17619047619047626 0.2907142857142857 0.17619047619047626
10 0.28714285714285714 0.20857142857142863 0.2792857142857143 0.20857142857142863 0.2792857142857143 0.22476190476190483 0.28714285714285714 0.22476190476190483
10 0.27 0.15523809523809529 0.265 0.15523809523809529 0.265 0.16571428571428576 0.27 0.16571428571428576
3 0.27071428571428574 0.26285714285714284 0.2642857142857143 0.26285714285714284 0.2642857142857143 0.2723809523809524 0.27071428571428574 0.2723809523809524
7 0.2885714285714286 0.2571428571428571 0.2864285714285714 0.2571428571428571 0.2864285714285714 0.2638095238095238 0.2885714285714286 0.2638095238095238
7 0.225 0.24857142857142858 0.22285714285714286 0.24857142857142858 0.22285714285714286 0.2561904761904762 0.225 0.2561904761904762
7 0.2935714285714286 0.2114285714285715 0.2914285714285714 0.2114285714285715 0.2914285714285714 0.2171428571428572 0.2935714285714286 0.2171428571428572
4 0.2935714285714286 0.2723809523809524 0.275 0.2723809523809524 0.275 0.2923809523809524 0.2935714285714286 0.2923809523809524
4 0.23357142857142857 0.22857142857142862 0.22357142857142856 0.22857142857142862 0.22357142857142856 0.23619047619047626 0.23357142857142857 0.23619047619047626
4 0.29214285714285715 0.3914285714285714 0.2664285714285714 0.3914285714285714 0.2664285714285714 0.41904761904761906 0.29214285714285715 0.41904761904761906
4 0.22142857142857142 0.3638095238095238 0.215 0.3638095238095238 0.215 0.3923809523809524 0.22142857142857142 0.3923809523809524
4 0.16714285714285718 0.37333333333333335 0.14571428571428577 0.37333333333333335 0.14571428571428577 0.38857142857142857 0.16714285714285718 0.38857142857142857
3 0.12928571428571434 0.4676190476190476 0.11714285714285719 0.4676190476190476 0.11714285714285719 0.4838095238095238 0.12928571428571434 0.4838095238095238
7 0.26357142857142857 0.4238095238095238 0.26 0.4238095238095238 0.26 0.43333333333333335 0.26357142857142857 0.43333333333333335
7 0.25714285714285723 0.579047619047619 0.2521428571428572 0.579047619047619 0.2521428571428572 0.5914285714285714 0.25714285714285723 0.5914285714285714
10 0.7328571428571429 0.723809523809524 0.7078571428571429 0.723809523809524 0.7078571428571429 0.7704761904761906 0.7328571428571429 0.7704761904761906
3 0.31214285714285717 0.43142857142857144 0.30357142857142855 0.43142857142857144 0.3035714285714286 0.44761904761904764 0.3121428571428572 0.44761904761904764
3 0.31357142857142856 0.41714285714285715 0.3057142857142857 0.41714285714285715 0.3057142857142857 0.43238095238095237 0.31357142857142856 0.43238095238095237
3 0.30857142857142866 0.4714285714285714 0.3014285714285715 0.4714285714285714 0.3014285714285715 0.48857142857142855 0.30857142857142866 0.48857142857142855
4 0.335 0.2676190476190477 0.33214285714285713 0.2676190476190477 0.33214285714285713 0.27333333333333343 0.335 0.27333333333333343
4 0.3007142857142857 0.16380952380952388 0.29642857142857143 0.16380952380952388 0.29642857142857143 0.17428571428571435 0.3007142857142857 0.17428571428571435
4 0.4228571428571429 0.18571428571428578 0.3992857142857143 0.18571428571428578 0.3992857142857143 0.200952380952381 0.4228571428571429 0.200952380952381
4 0.4514285714285714 0.16952380952380958 0.43714285714285717 0.16952380952380958 0.43714285714285717 0.180952380952381 0.4514285714285714 0.180952380952381
3 0.6092857142857143 0.2942857142857144 0.5964285714285714 0.2942857142857144 0.5964285714285714 0.3009523809523811 0.6092857142857143 0.3009523809523811
3 0.6114285714285714 0.3038095238095239 0.6007142857142858 0.3038095238095239 0.6007142857142858 0.31047619047619057 0.6114285714285714 0.31047619047619057
3 0.6292857142857143 0.3142857142857144 0.6178571428571429 0.3142857142857144 0.6178571428571429 0.321904761904762 0.6292857142857143 0.321904761904762
3 0.6314285714285715 0.3057142857142858 0.6257142857142857 0.3057142857142858 0.6257142857142857 0.3142857142857144 0.6314285714285715 0.3142857142857144
3 0.61 0.2695238095238096 0.6028571428571429 0.2695238095238096 0.6028571428571429 0.27904761904761916 0.61 0.27904761904761916
3 0.6128571428571429 0.30952380952380965 0.6007142857142858 0.30952380952380965 0.6007142857142858 0.3152380952380954 0.6128571428571429 0.3152380952380954
3 0.6128571428571429 0.31333333333333346 0.6007142857142858 0.31333333333333346 0.6007142857142858 0.3200000000000001 0.6128571428571429 0.3200000000000001
10 0.9157142857142857 0.8571428571428573 0.8771428571428571 0.8571428571428573 0.8771428571428571 0.9123809523809526 0.9157142857142857 0.9123809523809526
3 0.485 0.6866666666666666 0.475 0.6866666666666666 0.475 0.7142857142857143 0.485 0.7142857142857143
3 0.515 0.7104761904761905 0.5 0.7104761904761905 0.5 0.7342857142857143 0.515 0.7342857142857143
3 0.5364285714285715 0.6838095238095238 0.5192857142857142 0.6838095238095238 0.5192857142857142 0.7047619047619048 0.5364285714285715 0.7047619047619048
3 0.555 0.660952380952381 0.5392857142857143 0.660952380952381 0.5392857142857143 0.6838095238095238 0.555 0.6838095238095238
3 0.5721428571428572 0.638095238095238 0.5564285714285714 0.638095238095238 0.5564285714285714 0.66 0.5721428571428572 0.66
3 0.5885714285714285 0.6161904761904762 0.5742857142857143 0.6161904761904762 0.5742857142857143 0.6361904761904762 0.5885714285714285 0.6361904761904762
3 0.6128571428571429 0.5847619047619048 0.6 0.5847619047619048 0.6 0.6047619047619047 0.6128571428571429 0.6047619047619047
3 0.6314285714285715 0.559047619047619 0.6221428571428571 0.559047619047619 0.6221428571428571 0.5752380952380952 0.6314285714285715 0.5752380952380952
3 0.5242857142857142 0.64 0.5071428571428571 0.64 0.5071428571428571 0.6638095238095238 0.5242857142857142 0.6638095238095238
3 0.5414285714285715 0.6190476190476191 0.5264285714285715 0.6190476190476191 0.5264285714285715 0.64 0.5414285714285715 0.64
3 0.5607142857142857 0.5942857142857143 0.5464285714285714 0.5942857142857143 0.5464285714285714 0.6152380952380953 0.5607142857142857 0.6152380952380953
3 0.6121428571428571 0.5342857142857143 0.5978571428571429 0.5342857142857143 0.5978571428571429 0.5542857142857143 0.6121428571428571 0.5542857142857143
11 0.03214285714285718 0.43238095238095237 0.0228571428571429 0.43238095238095237 0.0228571428571429 0.4514285714285714 0.03214285714285718 0.4514285714285714
4 0.1278571428571429 0.439047619047619 0.12214285714285718 0.439047619047619 0.12214285714285718 0.44857142857142857 0.1278571428571429 0.44857142857142857