10 0.060714285714285776 0.7525380710659898 5.187253942102717e-17 0.7525380710659898 5.353456007701286e-17 0.800761421319797 0.060714285714285776 0.800761421319797
3 0.1578571428571429 0.7690355329949239 0.12642857142857147 0.7690355329949239 0.12642857142857147 0.800761421319797 0.1578571428571429 0.800761421319797
5 0.18142857142857147 0.799492385786802 0.16857142857142862 0.799492385786802 0.16857142857142862 0.8134517766497462 0.18142857142857147 0.8134517766497462
7 0.21785714285714294 0.8908629441624365 0.21142857142857152 0.8908629441624365 0.21142857142857152 0.9035532994923858 0.21785714285714294 0.9035532994923858
7 0.2164285714285715 0.8807106598984772 0.20928571428571438 0.8807106598984772 0.20928571428571438 0.8921319796954315 0.2164285714285715 0.8921319796954315
7 0.08071428571428578 0.7931472081218274 0.07071428571428577 0.7931472081218274 0.07071428571428577 0.8032994923857868 0.08071428571428578 0.8032994923857868
7 0.0721428571428572 0.7969543147208121 0.06142857142857149 0.7969543147208121 0.06142857142857149 0.8045685279187818 0.0721428571428572 0.8045685279187818
7 0.2685714285714286 0.8807106598984772 0.2614285714285715 0.8807106598984772 0.2614285714285715 0.8934010152284264 0.2685714285714286 0.8934010152284264
7 0.37857142857142856 0.9035532994923858 0.37357142857142855 0.9035532994923858 0.37357142857142855 0.916243654822335 0.37857142857142856 0.916243654822335
7 0.36357142857142866 0.916243654822335 0.35857142857142865 0.916243654822335 0.35857142857142865 0.9289340101522843 0.36357142857142866 0.9289340101522843
7 0.4542857142857143 0.9276649746192893 0.45071428571428573 0.9276649746192893 0.45071428571428573 0.9416243654822335 0.4542857142857143 0.9416243654822335
7 0.5264285714285715 0.9200507614213198 0.5214285714285715 0.9200507614213198 0.5214285714285715 0.934010152284264 0.5264285714285715 0.934010152284264
7 0.5014285714285714 0.9073604060913706 0.4942857142857143 0.9073604060913706 0.4942857142857143 0.9187817258883249 0.5014285714285714 0.9187817258883249
7 0.4735714285714286 0.9048223350253807 0.4664285714285714 0.9048223350253807 0.4664285714285714 0.9175126903553299 0.4735714285714286 0.9175126903553299
7 0.46 0.9187817258883249 0.45357142857142857 0.9187817258883249 0.45357142857142857 0.9289340101522843 0.46 0.9289340101522843
7 0.4835714285714286 0.9251269035532995 0.47785714285714287 0.9251269035532995 0.47785714285714287 0.934010152284264 0.4835714285714286 0.934010152284264
7 0.6721428571428572 0.9340101522842641 0.6628571428571428 0.934010152284264 0.6628571428571428 0.9428934010152286 0.6721428571428572 0.9428934010152287
3 0.6307142857142857 0.6434010152284265 0.595 0.6434010152284265 0.595 0.6738578680203046 0.6307142857142857 0.6738578680203046
3 0.6492857142857142 0.5977157360406092 0.6121428571428571 0.5977157360406092 0.6121428571428571 0.6294416243654823 0.6492857142857142 0.6294416243654823
3 0.725 0.6104060913705586 0.6871428571428572 0.6104060913705586 0.6871428571428572 0.6395939086294418 0.725 0.6395939086294418
3 0.805 0.6586294416243658 0.7635714285714286 0.6586294416243658 0.7635714285714286 0.6890862944162439 0.805 0.6890862944162439
11 0.7385714285714285 0.6573604060913708 0.7 0.6573604060913708 0.7 0.6852791878172592 0.7385714285714285 0.6852791878172592
11 0.7778571428571428 0.6142131979695433 0.7442857142857143 0.6142131979695433 0.7442857142857143 0.6408629441624367 0.7778571428571428 0.6408629441624367
3 0.8064285714285714 0.771573604060914 0.7642857142857142 0.771573604060914 0.7642857142857142 0.8121827411167516 0.8064285714285714 0.8121827411167516
1 0.6821428571428572 0.8794416243654826 0.6678571428571428 0.8794416243654826 0.6678571428571428 0.888324873096447 0.6821428571428572 0.888324873096447
8 0.6785714285714286 0.8794416243654826 0.6721428571428572 0.8794416243654826 0.6721428571428572 0.888324873096447 0.6785714285714286 0.888324873096447
4 0.7907142857142857 0.9340101522842642 0.78 0.9340101522842642 0.78 0.955583756345178 0.7907142857142857 0.955583756345178
7 0.8 0.9568527918781728 0.7921428571428571 0.9568527918781728 0.7921428571428571 0.9670050761421323 0.8 0.9670050761421323
7 0.79 0.9606598984771576 0.7821428571428571 0.9606598984771576 0.7821428571428571 0.970812182741117 0.79 0.970812182741117
7 0.7985714285714286 0.9682741116751272 0.7914285714285715 0.9682741116751272 0.7914285714285715 0.9784263959390865 0.7985714285714286 0.9784263959390865
3 0.935 0.9238578680203049 0.9135714285714286 0.9238578680203049 0.9135714285714286 0.9961928934010155 0.935 0.9961928934010155
3 0.9592857142857143 0.9098984771573607 0.9392857142857143 0.9098984771573607 0.9392857142857143 0.9847715736040612 0.9592857142857143 0.9847715736040612
2 0.9971428571428571 0.8591370558375637 0.9678571428571429 0.8591370558375637 0.9678571428571429 0.9631979695431475 0.9971428571428571 0.9631979695431475
7 0.8378571428571429 0.9517766497461931 0.8335714285714285 0.9517766497461931 0.8335714285714285 0.9644670050761425 0.8378571428571429 0.9644670050761425