3 0.4314285714285715 0.7714285714285715 0.38857142857142857 0.7714285714285715 0.3885714285714287 0.9228571428571428 0.4314285714285716 0.9228571428571428
3 0.44 0.5304761904761904 0.4135714285714286 0.5304761904761904 0.4135714285714286 0.6057142857142858 0.44 0.6057142857142858
3 0.36142857142857143 0.26095238095238105 0.3535714285714286 0.26095238095238105 0.3535714285714286 0.2714285714285715 0.36142857142857143 0.2714285714285715
3 0.36428571428571427 0.25333333333333347 0.35714285714285715 0.25333333333333347 0.35714285714285715 0.26190476190476203 0.36428571428571427 0.26190476190476203
3 0.36428571428571427 0.220952380952381 0.35642857142857143 0.220952380952381 0.35642857142857143 0.23238095238095244 0.36428571428571427 0.23238095238095244
7 0.30357142857142855 0.3619047619047619 0.2985714285714286 0.3619047619047619 0.2985714285714286 0.37714285714285717 0.30357142857142855 0.37714285714285717
3 0.18142857142857152 0.9238095238095239 0.1264285714285715 0.9238095238095239 0.1264285714285715 1 0.18142857142857152 1
7 0.4085714285714286 0.41523809523809535 0.40285714285714286 0.41523809523809535 0.40285714285714286 0.4361904761904763 0.4085714285714286 0.4361904761904763
3 0.4085714285714286 0.37047619047619057 0.3914285714285714 0.37047619047619057 0.3914285714285714 0.3980952380952382 0.4085714285714286 0.3980952380952382
3 0.41 0.3304761904761906 0.3964285714285714 0.3304761904761906 0.3964285714285714 0.3495238095238096 0.41 0.3495238095238096
3 0.4142857142857143 0.31333333333333346 0.3992857142857143 0.31333333333333346 0.3992857142857143 0.3323809523809525 0.4142857142857143 0.3323809523809525
3 0.43 0.20952380952380958 0.4207142857142857 0.20952380952380958 0.4207142857142857 0.22190476190476197 0.43 0.22190476190476197
3 0.39714285714285713 0.19047619047619052 0.38785714285714284 0.19047619047619052 0.38785714285714284 0.1990476190476191 0.39714285714285713 0.1990476190476191
3 0.41285714285714287 0.14666666666666672 0.4042857142857143 0.14666666666666672 0.4042857142857143 0.15333333333333338 0.41285714285714287 0.15333333333333338
3 0.4442857142857143 0.24666666666666678 0.4328571428571429 0.24666666666666678 0.4328571428571429 0.26190476190476203 0.4442857142857143 0.26190476190476203
3 0.44642857142857145 0.19428571428571434 0.4392857142857143 0.19428571428571434 0.4392857142857143 0.20380952380952386 0.44642857142857145 0.20380952380952386
3 0.445 0.15238095238095242 0.4392857142857143 0.15238095238095242 0.4392857142857143 0.160952380952381 0.445 0.160952380952381
4 0.45357142857142857 0.13238095238095243 0.44 0.13238095238095243 0.44 0.1514285714285715 0.45357142857142857 0.1514285714285715
3 0.48142857142857143 0.15809523809523815 0.4757142857142857 0.15809523809523815 0.4757142857142857 0.16380952380952388 0.48142857142857143 0.16380952380952388
3 0.5114285714285715 0.23333333333333345 0.5028571428571429 0.23333333333333345 0.5028571428571429 0.24666666666666678 0.5114285714285715 0.24666666666666678
3 0.5471428571428572 0.3142857142857144 0.5342857142857143 0.3142857142857144 0.5342857142857143 0.3333333333333334 0.5471428571428572 0.3333333333333334
3 0.5214285714285715 0.21333333333333343 0.515 0.21333333333333343 0.515 0.22285714285714298 0.5214285714285715 0.22285714285714298
3 0.4857142857142857 0.15333333333333338 0.48142857142857143 0.15333333333333338 0.48142857142857143 0.15809523809523815 0.4857142857142857 0.15809523809523815
3 0.47285714285714286 0.1333333333333334 0.4692857142857143 0.1333333333333334 0.4692857142857143 0.13904761904761911 0.47285714285714286 0.13904761904761911
3 0.485 0.14190476190476195 0.47785714285714287 0.14190476190476195 0.47785714285714287 0.14857142857142863 0.485 0.14857142857142863
3 0.47214285714285714 0.14666666666666672 0.46785714285714286 0.14666666666666672 0.46785714285714286 0.15428571428571433 0.47214285714285714 0.15428571428571433
3 0.4642857142857143 0.19238095238095243 0.45357142857142857 0.19238095238095243 0.45357142857142857 0.20000000000000007 0.4642857142857143 0.20000000000000007
3 0.49142857142857144 0.19619047619047625 0.4764285714285714 0.19619047619047625 0.4764285714285714 0.2047619047619048 0.49142857142857144 0.2047619047619048
3 0.49785714285714283 0.2057142857142858 0.4907142857142857 0.20571428571428577 0.4907142857142857 0.2133333333333334 0.49785714285714283 0.21333333333333343
3 0.4764285714285714 0.12380952380952387 0.4714285714285714 0.12380952380952387 0.4714285714285714 0.12952380952380957 0.4764285714285714 0.12952380952380957
3 0.4707142857142857 0.12571428571428578 0.4664285714285714 0.12571428571428578 0.4664285714285714 0.13047619047619052 0.4707142857142857 0.13047619047619052
5 0.5321428571428571 0.2857142857142858 0.5271428571428571 0.2857142857142858 0.5271428571428571 0.29714285714285726 0.5321428571428571 0.29714285714285726
5 0.5371428571428571 0.2695238095238096 0.5328571428571428 0.2695238095238096 0.5328571428571428 0.282857142857143 0.5371428571428571 0.282857142857143
5 0.45285714285714285 0.22285714285714292 0.44642857142857145 0.22285714285714292 0.44642857142857145 0.22857142857142862 0.45285714285714285 0.22857142857142862
5 0.4407142857142857 0.17238095238095244 0.43714285714285717 0.17238095238095244 0.43714285714285717 0.18380952380952387 0.4407142857142857 0.18380952380952387
5 0.6878571428571428 0.5828571428571431 0.6771428571428572 0.5828571428571431 0.6771428571428572 0.604761904761905 0.6878571428571428 0.604761904761905
5 0.6671428571428571 0.5800000000000001 0.655 0.58 0.655 0.6047619047619048 0.6671428571428571 0.604761904761905
3 0.5264285714285715 0.1980952380952382 0.5071428571428571 0.1980952380952382 0.5071428571428571 0.20952380952380964 0.5264285714285715 0.20952380952380964
8 0.4407142857142857 0.17238095238095244 0.43714285714285717 0.17238095238095244 0.43714285714285717 0.17809523809523814 0.4407142857142857 0.17809523809523814
8 0.4514285714285714 0.22285714285714292 0.44785714285714284 0.22285714285714292 0.44785714285714284 0.22571428571428576 0.4514285714285714 0.22571428571428576
8 0.5364285714285715 0.2723809523809525 0.5328571428571428 0.2723809523809525 0.5328571428571428 0.27714285714285725 0.5364285714285715 0.27714285714285725
8 0.5321428571428571 0.2857142857142858 0.5278571428571428 0.2857142857142858 0.5278571428571428 0.2904761904761906 0.5321428571428571 0.2904761904761906
8 0.6864285714285714 0.5819047619047621 0.6792857142857143 0.5819047619047621 0.6792857142857143 0.5961904761904764 0.6864285714285714 0.5961904761904764
8 0.6657142857142857 0.5800000000000001 0.6571428571428571 0.58 0.6571428571428571 0.5923809523809525 0.6657142857142857 0.5923809523809526
3 0.4692857142857143 0.11809523809523817 0.4642857142857143 0.11809523809523817 0.4642857142857143 0.12380952380952387 0.4692857142857143 0.12380952380952387
4 0.45357142857142857 0.08000000000000008 0.445 0.08000000000000008 0.445 0.12952380952380957 0.45357142857142857 0.12952380952380957
4 0.4685714285714286 0.09619047619047627 0.4614285714285714 0.09619047619047627 0.4614285714285714 0.11523809523809532 0.4685714285714286 0.11523809523809532