3 0.3571428571428572 0.8895238095238095 0.27857142857142864 0.8895238095238095 0.27857142857142864 0.9704761904761905 0.3571428571428572 0.9704761904761905
11 0.37 0.8152380952380952 0.3021428571428572 0.8152380952380952 0.3021428571428572 0.8838095238095238 0.37 0.8838095238095238
3 0.3842857142857143 0.7733333333333333 0.3214285714285715 0.7733333333333333 0.3214285714285715 0.8352380952380952 0.3842857142857143 0.8352380952380952
7 0.3364285714285715 0.7619047619047619 0.3264285714285715 0.7619047619047619 0.3264285714285715 0.7838095238095238 0.3364285714285715 0.7838095238095238
3 0.40714285714285714 0.7238095238095238 0.3528571428571429 0.7238095238095238 0.3528571428571429 0.78 0.40714285714285714 0.78
3 0.44 0.6485714285714286 0.37857142857142856 0.6485714285714286 0.37857142857142856 0.7066666666666667 0.44 0.7066666666666667
3 0.4521428571428571 0.5752380952380952 0.4207142857142857 0.5752380952380952 0.4207142857142857 0.6361904761904762 0.4521428571428571 0.6361904761904762
8 0.1057142857142858 0.9571428571428572 0.08000000000000008 0.9571428571428572 0.08000000000000008 0.9752380952380952 0.1057142857142858 0.9752380952380952
7 0.15500000000000008 0.8857142857142857 0.13785714285714293 0.8857142857142857 0.13785714285714293 0.9152380952380952 0.15500000000000008 0.9152380952380952
7 0.0857142857142858 0.88 0.06857142857142866 0.88 0.06857142857142866 0.9038095238095238 0.0857142857142858 0.9038095238095238
5 0.17785714285714294 0.7942857142857143 0.15928571428571436 0.7942857142857143 0.15928571428571436 0.8361904761904762 0.17785714285714294 0.8361904761904762
5 0.21428571428571436 0.74 0.18857142857142864 0.74 0.18857142857142864 0.7619047619047619 0.21428571428571436 0.7619047619047619
5 0.2407142857142858 0.6742857142857143 0.20857142857142866 0.6742857142857143 0.20857142857142866 0.7 0.2407142857142858 0.7
5 0.2457142857142858 0.6571428571428571 0.2207142857142858 0.6571428571428571 0.2207142857142858 0.68 0.2457142857142858 0.68
5 0.26000000000000006 0.6571428571428571 0.2407142857142858 0.6571428571428571 0.2407142857142858 0.6780952380952381 0.26000000000000006 0.6780952380952381
5 0.26285714285714296 0.6352380952380953 0.24214285714285722 0.6352380952380953 0.24214285714285722 0.6657142857142857 0.26285714285714296 0.6657142857142857
5 0.2907142857142858 0.6466666666666666 0.2657142857142858 0.6466666666666666 0.2657142857142858 0.6695238095238095 0.2907142857142858 0.6695238095238095
5 0.3457142857142858 0.6904761904761905 0.3257142857142858 0.6904761904761905 0.3257142857142858 0.7295238095238096 0.3457142857142858 0.7295238095238096
8 0.3414285714285715 0.6961904761904761 0.3264285714285715 0.6961904761904761 0.3264285714285715 0.7228571428571429 0.3414285714285715 0.7228571428571429
5 0.37857142857142856 0.6104761904761905 0.3621428571428572 0.6104761904761905 0.3621428571428572 0.6438095238095238 0.37857142857142856 0.6438095238095238
8 0.37714285714285717 0.6104761904761905 0.3642857142857144 0.6104761904761905 0.3642857142857144 0.638095238095238 0.37714285714285717 0.638095238095238
5 0.1257142857142858 0.7076190476190476 0.09857142857142866 0.7076190476190476 0.09857142857142866 0.7295238095238096 0.1257142857142858 0.7295238095238096
11 0.34642857142857153 0.46380952380952384 0.30571428571428577 0.4638095238095238 0.30571428571428577 0.5104761904761905 0.34642857142857153 0.5104761904761905
3 0.3285714285714286 0.44857142857142857 0.28928571428571437 0.44857142857142857 0.28928571428571437 0.4876190476190476 0.3285714285714286 0.4876190476190476
11 0.3128571428571429 0.4276190476190476 0.2742857142857143 0.4276190476190476 0.2742857142857143 0.46476190476190476 0.31285714285714294 0.46476190476190476
3 0.43857142857142856 0.46190476190476204 0.4114285714285714 0.46190476190476204 0.4114285714285714 0.5142857142857142 0.43857142857142856 0.5142857142857142
11 0.29285714285714287 0.3466666666666667 0.26142857142857145 0.3466666666666667 0.26142857142857145 0.3761904761904762 0.29285714285714287 0.3761904761904762
11 0.3585714285714286 0.3400000000000001 0.31214285714285717 0.34 0.31214285714285717 0.3695238095238096 0.3585714285714286 0.36952380952380964
7 0.36714285714285716 0.341904761904762 0.36214285714285716 0.341904761904762 0.36214285714285716 0.361904761904762 0.36714285714285716 0.361904761904762
5 0.4164285714285714 0.3561904761904763 0.3985714285714286 0.3561904761904763 0.3985714285714286 0.37523809523809537 0.4164285714285714 0.37523809523809537
8 0.4114285714285714 0.35333333333333344 0.4007142857142857 0.35333333333333344 0.4007142857142857 0.37142857142857155 0.4114285714285714 0.37142857142857155
5 0.4357142857142857 0.34000000000000014 0.41285714285714287 0.34000000000000014 0.41285714285714287 0.35523809523809535 0.4357142857142857 0.35523809523809535
8 0.42857142857142855 0.3361904761904763 0.41785714285714287 0.3361904761904763 0.41785714285714287 0.3523809523809525 0.42857142857142855 0.3523809523809525
8 0.3807142857142857 0.2857142857142858 0.37214285714285716 0.2857142857142858 0.37214285714285716 0.3000000000000001 0.3807142857142857 0.3000000000000001
7 0.38785714285714284 0.29238095238095246 0.38 0.29238095238095246 0.38 0.31142857142857155 0.38785714285714284 0.31142857142857155
7 0.395 0.2895238095238096 0.3871428571428571 0.2895238095238096 0.3871428571428571 0.31142857142857155 0.395 0.31142857142857155
11 0.42 0.27904761904761916 0.40285714285714286 0.27904761904761916 0.40285714285714286 0.31047619047619057 0.42 0.31047619047619057
5 0.42214285714285715 0.25904761904761914 0.4042857142857143 0.25904761904761914 0.4042857142857143 0.2742857142857144 0.42214285714285715 0.2742857142857144
11 0.48 0.3000000000000001 0.4614285714285714 0.3000000000000001 0.4614285714285714 0.34095238095238106 0.48 0.34095238095238106
3 0.48928571428571427 0.20857142857142863 0.46785714285714286 0.20857142857142863 0.46785714285714286 0.2485714285714287 0.48928571428571427 0.2485714285714287
5 0.4957142857142857 0.21047619047619054 0.4878571428571429 0.21047619047619054 0.4878571428571429 0.22761904761904767 0.4957142857142857 0.22761904761904767
8 0.495 0.20952380952380958 0.48857142857142855 0.20952380952380958 0.48857142857142855 0.22190476190476197 0.495 0.22190476190476197
3 0.5314285714285715 0.22190476190476202 0.515 0.22190476190476202 0.515 0.2542857142857144 0.5314285714285715 0.2542857142857144
3 0.5178571428571429 0.16476190476190486 0.5035714285714286 0.16476190476190486 0.5035714285714286 0.19142857142857153 0.5178571428571429 0.19142857142857153
3 0.5478571428571428 0.13333333333333344 0.5328571428571428 0.13333333333333344 0.5328571428571428 0.16000000000000011 0.5478571428571428 0.16000000000000011
3 0.57 0.6542857142857142 0.54 0.6542857142857142 0.54 0.7371428571428571 0.57 0.7371428571428571
10 0.6521428571428571 0.6666666666666666 0.5957142857142858 0.6666666666666666 0.5957142857142858 0.8019047619047619 0.6521428571428571 0.8019047619047619
3 0.7071428571428572 0.8066666666666668 0.6564285714285715 0.8066666666666666 0.6564285714285715 0.9123809523809525 0.7071428571428573 0.9123809523809526
3 0.7714285714285715 0.7742857142857145 0.7207142857142858 0.7742857142857145 0.7207142857142858 0.8761904761904764 0.7714285714285715 0.8761904761904764
5 0.8228571428571428 0.9600000000000002 0.79 0.9600000000000002 0.79 1 0.8228571428571428 1
8 0.82 0.9704761904761907 0.8 0.9704761904761907 0.8 1 0.82 1
5 0.8321428571428572 0.8390476190476193 0.8021428571428572 0.8390476190476193 0.8021428571428572 0.8809523809523812 0.8321428571428572 0.8809523809523812
8 0.8264285714285714 0.8447619047619049 0.8071428571428572 0.8447619047619049 0.8071428571428572 0.8761904761904764 0.8264285714285714 0.8761904761904764
5 0.9 0.9104761904761907 0.8714285714285714 0.9104761904761907 0.8714285714285714 0.965714285714286 0.9 0.965714285714286
8 0.8978571428571429 0.9209523809523812 0.875 0.9209523809523812 0.875 0.9504761904761907 0.8978571428571429 0.9504761904761907
8 0.8892857142857142 0.9114285714285717 0.8757142857142857 0.9114285714285717 0.8757142857142857 0.9361904761904765 0.8892857142857142 0.9361904761904765
3 0.8207142857142857 0.7333333333333335 0.765 0.7333333333333335 0.765 0.8190476190476192 0.8207142857142857 0.8190476190476192
10 0.6928571428571428 0.6390476190476192 0.6307142857142857 0.6390476190476191 0.6307142857142857 0.7714285714285716 0.6928571428571428 0.7714285714285717
3 0.73 0.643809523809524 0.6828571428571428 0.643809523809524 0.6828571428571428 0.7314285714285716 0.73 0.7314285714285716
3 0.7735714285714286 0.6276190476190479 0.7285714285714285 0.6276190476190479 0.7285714285714285 0.7028571428571431 0.7735714285714286 0.7028571428571431
3 0.6464285714285715 0.5704761904761905 0.6107142857142858 0.5704761904761905 0.6107142857142858 0.6390476190476191 0.6464285714285715 0.6390476190476191
10 0.705 0.5628571428571431 0.6657142857142857 0.5628571428571431 0.6657142857142857 0.6380952380952383 0.705 0.6380952380952383
11 0.7392857142857143 0.5342857142857145 0.6985714285714286 0.5342857142857145 0.6985714285714286 0.6066666666666669 0.7392857142857143 0.6066666666666669
5 0.5578571428571428 0.5571428571428572 0.5492857142857143 0.5571428571428572 0.5492857142857143 0.5876190476190476 0.5578571428571428 0.5876190476190476
8 0.5585714285714286 0.5571428571428572 0.5507142857142857 0.5571428571428572 0.5507142857142857 0.5733333333333334 0.5585714285714286 0.5733333333333334
3 0.6257142857142857 0.5028571428571429 0.595 0.5028571428571429 0.595 0.5628571428571428 0.6257142857142857 0.5628571428571428
3 0.6071428571428571 0.4342857142857144 0.5785714285714286 0.4342857142857144 0.5785714285714286 0.4876190476190476 0.6071428571428571 0.4876190476190476
10 0.7157142857142857 0.4561904761904763 0.6807142857142857 0.4561904761904763 0.6807142857142857 0.5304761904761907 0.7157142857142857 0.5304761904761907
10 0.675 0.4180952380952382 0.6135714285714285 0.4180952380952382 0.6135714285714285 0.5371428571428573 0.675 0.5371428571428574
11 0.5914285714285714 0.37047619047619057 0.5621428571428572 0.37047619047619057 0.5621428571428572 0.42857142857142866 0.5914285714285714 0.42857142857142866
3 0.68 0.3885714285714287 0.6492857142857142 0.3885714285714287 0.6492857142857142 0.4371428571428573 0.68 0.4371428571428573
10 0.63 0.37904761904761913 0.6021428571428571 0.37904761904761913 0.6021428571428571 0.42761904761904773 0.63 0.42761904761904773
3 0.615 0.33904761904761915 0.5914285714285714 0.33904761904761915 0.5914285714285714 0.3780952380952382 0.615 0.3780952380952382
3 0.6614285714285715 0.341904761904762 0.635 0.341904761904762 0.635 0.38380952380952393 0.6614285714285715 0.38380952380952393
10 0.6414285714285715 0.29714285714285726 0.6135714285714285 0.29714285714285726 0.6135714285714285 0.34095238095238106 0.6414285714285715 0.34095238095238106
3 0.6307142857142857 0.2666666666666668 0.6078571428571429 0.2666666666666668 0.6078571428571429 0.2990476190476192 0.6307142857142857 0.2990476190476192
3 0.6071428571428571 0.21142857142857155 0.5871428571428572 0.21142857142857155 0.5871428571428572 0.2400000000000001 0.6071428571428571 0.2400000000000001
5 0.54 0.2895238095238096 0.5335714285714286 0.2895238095238096 0.5335714285714286 0.3123809523809525 0.54 0.3123809523809525
8 0.54 0.2904761904761906 0.5335714285714286 0.2904761904761906 0.5335714285714286 0.30476190476190484 0.54 0.30476190476190484
5 0.5378571428571428 0.39714285714285724 0.5307142857142857 0.39714285714285724 0.5307142857142857 0.421904761904762 0.5378571428571428 0.421904761904762
8 0.5378571428571428 0.3980952380952382 0.5307142857142857 0.3980952380952382 0.5307142857142857 0.41142857142857153 0.5378571428571428 0.41142857142857153
5 0.615 0.30761904761904774 0.6028571428571429 0.30761904761904774 0.6028571428571429 0.33523809523809533 0.615 0.33523809523809533
8 0.6135714285714285 0.30761904761904774 0.6028571428571429 0.30761904761904774 0.6028571428571429 0.32761904761904775 0.6135714285714285 0.32761904761904775
3 0.5121428571428571 0.046666666666666745 0.5007142857142857 0.046666666666666745 0.5007142857142857 0.06380952380952389 0.5121428571428571 0.06380952380952389
3 0.5307142857142857 0.059047619047619126 0.5178571428571429 0.059047619047619126 0.5178571428571429 0.08190476190476198 0.5307142857142857 0.08190476190476198
5 0.6014285714285714 0.06571428571428582 0.5957142857142858 0.06571428571428582 0.5957142857142858 0.0761904761904763 0.6014285714285714 0.0761904761904763
8 0.6014285714285714 0.06190476190476201 0.5964285714285714 0.06190476190476201 0.5964285714285714 0.07238095238095249 0.6014285714285714 0.07238095238095249
3 0.6278571428571429 0.0580952380952382 0.6078571428571429 0.05809523809523819 0.6078571428571429 0.07714285714285725 0.6278571428571429 0.07714285714285725
9 0.5692857142857143 9.219840902152217e-17 0.56 9.14402943363357e-17 0.56 0.01809523809523819 0.5692857142857143 0.01809523809523819
5 0.9407142857142857 0.8104761904761907 0.9114285714285715 0.8104761904761907 0.9114285714285715 0.8580952380952384 0.9407142857142857 0.8580952380952384
8 0.9392857142857143 0.8142857142857145 0.9171428571428571 0.8142857142857145 0.9171428571428571 0.8466666666666669 0.9392857142857143 0.8466666666666669
5 0.915 0.7323809523809526 0.8935714285714286 0.7323809523809526 0.8935714285714286 0.7714285714285717 0.915 0.7714285714285717
8 0.9142857142857143 0.7352380952380955 0.8985714285714286 0.7352380952380955 0.8985714285714286 0.7590476190476193 0.9142857142857143 0.7590476190476193
5 0.9228571428571428 0.6771428571428574 0.9021428571428571 0.6771428571428574 0.9021428571428571 0.7123809523809526 0.9228571428571428 0.7123809523809526
8 0.9207142857142857 0.6780952380952383 0.9071428571428571 0.6780952380952383 0.9071428571428571 0.7009523809523812 0.9207142857142857 0.7009523809523812
5 0.825 0.5123809523809526 0.8085714285714286 0.5123809523809526 0.8085714285714286 0.5400000000000003 0.825 0.5400000000000003
8 0.8235714285714286 0.5104761904761906 0.8121428571428572 0.5104761904761906 0.8121428571428572 0.5304761904761907 0.8235714285714286 0.5304761904761907
5 0.9492857142857143 0.5085714285714288 0.9242857142857143 0.5085714285714288 0.9242857142857143 0.5361904761904764 0.9492857142857143 0.5361904761904764
8 0.9464285714285714 0.5057142857142859 0.9314285714285714 0.5057142857142859 0.9314285714285714 0.5285714285714288 0.9464285714285714 0.5285714285714288
7 0.98 0.5219047619047621 0.965 0.5219047619047621 0.965 0.5485714285714288 0.98 0.5485714285714288
7 0.9421428571428572 0.47142857142857153 0.9271428571428572 0.47142857142857153 0.9271428571428572 0.4961904761904764 0.9421428571428572 0.4961904761904764
7 0.9164285714285715 0.422857142857143 0.9042857142857142 0.422857142857143 0.9042857142857142 0.44380952380952393 0.9164285714285715 0.44380952380952393
5 0.8392857142857143 0.401904761904762 0.8214285714285714 0.401904761904762 0.8214285714285714 0.4238095238095239 0.8392857142857143 0.4238095238095239
8 0.8364285714285714 0.3980952380952382 0.8257142857142857 0.3980952380952382 0.8257142857142857 0.4180952380952382 0.8364285714285714 0.4180952380952382
11 0.8571428571428571 0.3361904761904763 0.8242857142857143 0.3361904761904763 0.8242857142857143 0.37047619047619057 0.8571428571428571 0.37047619047619057
3 0.8335714285714285 0.302857142857143 0.7992857142857143 0.302857142857143 0.7992857142857143 0.33523809523809533 0.8335714285714285 0.33523809523809533
5 0.7357142857142858 0.3504761904761906 0.7228571428571429 0.3504761904761906 0.7228571428571429 0.37142857142857155 0.7357142857142858 0.37142857142857155
8 0.735 0.3476190476190477 0.7242857142857143 0.3476190476190477 0.7242857142857143 0.36476190476190484 0.735 0.36476190476190484
5 0.6657142857142857 0.2676190476190477 0.6571428571428571 0.2676190476190477 0.6571428571428571 0.2857142857142858 0.6657142857142857 0.2857142857142858
8 0.6657142857142857 0.2704761904761906 0.66 0.2704761904761906 0.66 0.2800000000000001 0.6657142857142857 0.2800000000000001
8 0.665 0.2666666666666668 0.6578571428571428 0.2666666666666668 0.6578571428571428 0.27714285714285725 0.665 0.27714285714285725
9 0.7278571428571429 0.19047619047619058 0.7164285714285714 0.19047619047619058 0.7164285714285714 0.2104761904761906 0.7278571428571429 0.2104761904761906
8 0.7435714285714285 0.1761904761904763 0.7371428571428571 0.1761904761904763 0.7371428571428571 0.18952380952380962 0.7435714285714285 0.18952380952380962
10 0.7078571428571429 0.12190476190476202 0.6842857142857143 0.12190476190476202 0.6842857142857143 0.15142857142857152 0.7078571428571429 0.15142857142857152
11 0.6721428571428572 0.08571428571428583 0.6557142857142857 0.08571428571428583 0.6557142857142857 0.10476190476190488 0.6721428571428572 0.10476190476190488
3 0.6807142857142857 0.07333333333333344 0.6635714285714286 0.07333333333333344 0.6635714285714286 0.08761904761904772 0.6807142857142857 0.08761904761904772
5 0.5928571428571429 0.037142857142857234 0.5885714285714285 0.037142857142857234 0.5885714285714285 0.04666666666666676 0.5928571428571429 0.04666666666666676
8 0.5928571428571429 0.03428571428571438 0.5885714285714285 0.03428571428571438 0.5885714285714285 0.0438095238095239 0.5928571428571429 0.0438095238095239
3 0.6457142857142857 0.04666666666666677 0.6342857142857142 0.04666666666666677 0.6342857142857142 0.06000000000000011 0.6457142857142857 0.06000000000000011
3 0.6421428571428571 0.0361904761904763 0.6314285714285715 0.0361904761904763 0.6314285714285715 0.04952380952380963 0.6421428571428571 0.04952380952380963
10 0.6385714285714286 0.021904761904762007 0.6285714285714286 0.021904761904762007 0.6285714285714286 0.03904761904761916 0.6385714285714286 0.03904761904761916
7 0.655 0.020000000000000108 0.6507142857142857 0.020000000000000108 0.6507142857142857 0.03238095238095249 0.655 0.03238095238095249
5 0.6807142857142857 0.02571428571428582 0.6728571428571428 0.02571428571428582 0.6728571428571428 0.0361904761904763 0.6807142857142857 0.0361904761904763
5 0.6771428571428572 0.022857142857142965 0.6685714285714286 0.022857142857142965 0.6685714285714286 0.033333333333333444 0.6771428571428572 0.033333333333333444
5 0.6707142857142857 0.01714285714285725 0.6628571428571428 0.01714285714285725 0.6628571428571428 0.027619047619047727 0.6707142857142857 0.027619047619047727