8 0.5357142857142857 0.006666666666666754 0.5314285714285715 0.006666666666666753 0.5314285714285715 0.015238095238095327 0.5357142857142857 0.015238095238095327
7 0.515 0.02000000000000008 0.51 0.02000000000000008 0.51 0.033333333333333416 0.515 0.033333333333333416
7 0.5178571428571429 0.03714285714285723 0.5128571428571429 0.03714285714285723 0.5128571428571429 0.052380952380952465 0.5178571428571429 0.052380952380952465
7 0.5128571428571429 0.03619047619047627 0.5085714285714286 0.03619047619047627 0.5085714285714286 0.052380952380952465 0.5128571428571429 0.052380952380952465
8 0.5535714285714286 0.14571428571428582 0.5464285714285714 0.14571428571428582 0.5464285714285714 0.1580952380952382 0.5535714285714286 0.1580952380952382
8 0.5364285714285715 0.20095238095238105 0.53 0.20095238095238105 0.53 0.21238095238095248 0.5364285714285715 0.21238095238095248
8 0.5378571428571428 0.19714285714285726 0.5307142857142857 0.19714285714285726 0.5307142857142857 0.2104761904761906 0.5378571428571428 0.2104761904761906
8 0.6257142857142857 0.3476190476190477 0.6157142857142858 0.3476190476190477 0.6157142857142858 0.36476190476190484 0.6257142857142857 0.36476190476190484
7 0.35428571428571426 0.4066666666666668 0.3442857142857143 0.4066666666666668 0.3442857142857143 0.43047619047619057 0.35428571428571426 0.43047619047619057
7 0.8892857142857142 0.7495238095238097 0.8742857142857143 0.7495238095238097 0.8742857142857143 0.7742857142857145 0.8892857142857142 0.7742857142857145
8 0.8678571428571429 0.7285714285714288 0.8542857142857143 0.7285714285714288 0.8542857142857143 0.7523809523809526 0.8678571428571429 0.7523809523809526
8 0.6307142857142857 0.6457142857142857 0.6185714285714285 0.6457142857142857 0.6185714285714285 0.6657142857142857 0.6307142857142857 0.6657142857142857
5 0.5364285714285715 0.008571428571428659 0.5314285714285715 0.008571428571428659 0.5314285714285715 0.02095238095238104 0.5364285714285715 0.02095238095238104
5 0.4607142857142857 0.005714285714285788 0.4492857142857143 0.005714285714285787 0.4492857142857143 0.016190476190476265 0.4607142857142857 0.016190476190476265
5 0.4185714285714286 0.018095238095238164 0.4107142857142857 0.018095238095238164 0.4107142857142857 0.03238095238095245 0.4185714285714286 0.03238095238095245
5 0.4107142857142857 0.015238095238095306 0.405 0.015238095238095306 0.405 0.026666666666666734 0.4107142857142857 0.026666666666666734
5 0.40785714285714286 0.01619047619047626 0.4007142857142857 0.01619047619047626 0.4007142857142857 0.026666666666666734 0.40785714285714286 0.026666666666666734
5 0.40214285714285714 0.020000000000000066 0.39571428571428574 0.020000000000000066 0.39571428571428574 0.03142857142857149 0.40214285714285714 0.03142857142857149
5 0.43214285714285716 0.16190476190476197 0.4207142857142857 0.16190476190476197 0.4207142857142857 0.17714285714285719 0.43214285714285716 0.17714285714285719
5 0.5371428571428571 0.20095238095238105 0.5292857142857142 0.20095238095238105 0.5292857142857142 0.2200000000000001 0.5371428571428571 0.2200000000000001
5 0.5535714285714286 0.14761904761904773 0.5457142857142857 0.14761904761904773 0.5457142857142857 0.16476190476190486 0.5535714285714286 0.16476190476190486
5 0.6242857142857143 0.3485714285714287 0.6164285714285714 0.3485714285714287 0.6164285714285714 0.37047619047619057 0.6242857142857143 0.37047619047619057
0 0.5657142857142857 0.40000000000000013 0.55 0.40000000000000013 0.55 0.4504761904761906 0.5657142857142857 0.4504761904761906
5 0.6285714285714286 0.6438095238095238 0.6192857142857143 0.6438095238095238 0.6192857142857143 0.6742857142857143 0.6285714285714286 0.6742857142857143
5 0.8664285714285714 0.7219047619047622 0.8528571428571429 0.7219047619047622 0.8528571428571429 0.763809523809524 0.8664285714285714 0.763809523809524
5 0.8521428571428571 0.7266666666666669 0.8192857142857143 0.7266666666666669 0.8192857142857143 0.7485714285714288 0.8521428571428571 0.7485714285714288
5 0.8464285714285714 0.7104761904761907 0.8178571428571428 0.7104761904761907 0.8178571428571428 0.7304761904761907 0.8464285714285714 0.7304761904761907
5 0.8421428571428572 0.683809523809524 0.8128571428571428 0.683809523809524 0.8128571428571428 0.7133333333333336 0.8421428571428572 0.7133333333333336
5 0.8364285714285714 0.662857142857143 0.81 0.662857142857143 0.81 0.6857142857142859 0.8364285714285714 0.6857142857142859
5 0.875 0.644761904761905 0.845 0.644761904761905 0.845 0.6676190476190479 0.875 0.6676190476190479
5 0.8714285714285714 0.6361904761904764 0.8428571428571429 0.6361904761904764 0.8428571428571429 0.6523809523809526 0.8714285714285714 0.6523809523809526
5 0.8685714285714285 0.6276190476190479 0.8392857142857143 0.6276190476190479 0.8392857142857143 0.644761904761905 0.8685714285714285 0.644761904761905
5 0.7907142857142857 0.6314285714285717 0.7664285714285715 0.6314285714285717 0.7664285714285715 0.6523809523809526 0.7907142857142857 0.6523809523809526
5 0.7921428571428571 0.6123809523809526 0.7607142857142857 0.6123809523809526 0.7607142857142857 0.6352380952380955 0.7921428571428571 0.6352380952380955
5 0.8242857142857143 0.6276190476190479 0.795 0.6276190476190479 0.795 0.6476190476190479 0.8242857142857143 0.6476190476190479
5 0.825 0.6171428571428573 0.7942857142857143 0.6171428571428573 0.7942857142857143 0.6380952380952383 0.825 0.6380952380952383
5 0.8257142857142857 0.6066666666666669 0.7914285714285715 0.6066666666666669 0.7914285714285715 0.6285714285714288 0.8257142857142857 0.6285714285714288
5 0.8142857142857143 0.5828571428571431 0.7835714285714286 0.5828571428571431 0.7835714285714286 0.6028571428571431 0.8142857142857143 0.6028571428571431
5 0.7771428571428571 0.5752380952380954 0.755 0.5752380952380954 0.755 0.5914285714285716 0.7771428571428571 0.5914285714285716
5 0.8107142857142857 0.5761904761904764 0.7828571428571428 0.5761904761904764 0.7828571428571428 0.5895238095238098 0.8107142857142857 0.5895238095238098
5 0.8071428571428572 0.564761904761905 0.7807142857142857 0.564761904761905 0.7807142857142857 0.5790476190476193 0.8071428571428572 0.5790476190476193
5 0.805 0.5542857142857145 0.7764285714285715 0.5542857142857145 0.7764285714285715 0.5695238095238098 0.805 0.5695238095238098
5 0.8021428571428572 0.544761904761905 0.775 0.544761904761905 0.775 0.563809523809524 0.8021428571428572 0.563809523809524
5 0.7971428571428572 0.5390476190476192 0.77 0.5390476190476192 0.77 0.5552380952380954 0.7971428571428572 0.5552380952380954
5 0.7735714285714286 0.5628571428571431 0.7528571428571429 0.5628571428571431 0.7528571428571429 0.5819047619047621 0.7735714285714286 0.5819047619047621
5 0.7728571428571429 0.5561904761904765 0.7478571428571429 0.5561904761904765 0.7478571428571429 0.5695238095238098 0.7728571428571429 0.5695238095238098
5 0.775 0.542857142857143 0.7464285714285714 0.542857142857143 0.7464285714285714 0.5628571428571431 0.775 0.5628571428571431
5 0.7942857142857143 0.5257142857142859 0.7721428571428571 0.5257142857142859 0.7721428571428571 0.5409523809523812 0.7942857142857143 0.5409523809523812
5 0.7928571428571428 0.5161904761904764 0.7692857142857142 0.5161904761904764 0.7692857142857142 0.5333333333333335 0.7928571428571428 0.5333333333333335
5 0.7928571428571428 0.504761904761905 0.7621428571428571 0.504761904761905 0.7621428571428571 0.522857142857143 0.7928571428571428 0.522857142857143
5 0.7807142857142857 0.4809523809523811 0.7585714285714286 0.4809523809523811 0.7585714285714286 0.5000000000000002 0.7807142857142857 0.5000000000000002
5 0.8464285714285714 0.5419047619047621 0.82 0.5419047619047621 0.82 0.5609523809523812 0.8464285714285714 0.5609523809523812
5 0.7771428571428571 0.44380952380952393 0.7528571428571429 0.44380952380952393 0.7528571428571429 0.46285714285714297 0.7771428571428571 0.46285714285714297
5 0.7685714285714286 0.4238095238095239 0.7442857142857143 0.4238095238095239 0.7442857142857143 0.4400000000000001 0.7685714285714286 0.4400000000000001
5 0.7271428571428571 0.282857142857143 0.7092857142857143 0.282857142857143 0.7092857142857143 0.2980952380952382 0.7271428571428571 0.2980952380952382
5 0.725 0.26380952380952394 0.7071428571428572 0.26380952380952394 0.7071428571428572 0.27523809523809534 0.725 0.27523809523809534
5 0.7278571428571429 0.04666666666666679 0.72 0.04666666666666679 0.72 0.058095238095238214 0.7278571428571429 0.058095238095238214
5 0.735 0.04952380952380964 0.7278571428571429 0.04952380952380964 0.7278571428571429 0.058095238095238214 0.735 0.058095238095238214
3 0.4735714285714286 0.007619047619047695 0.46 0.007619047619047694 0.46 0.03142857142857151 0.4735714285714286 0.03142857142857151
3 0.485 0.03238095238095246 0.4714285714285714 0.03238095238095246 0.4714285714285714 0.05333333333333341 0.485 0.05333333333333341
3 0.4664285714285714 0.03333333333333341 0.4521428571428571 0.0333333333333334 0.4521428571428571 0.051428571428571504 0.4664285714285714 0.05142857142857151
10 0.545 0.10285714285714294 0.5314285714285715 0.10285714285714294 0.5314285714285715 0.13142857142857153 0.545 0.13142857142857153
3 0.45071428571428573 0.03428571428571436 0.4357142857142857 0.03428571428571436 0.4357142857142857 0.0514285714285715 0.45071428571428573 0.0514285714285715
11 0.4542857142857143 0.14190476190476195 0.44 0.14190476190476195 0.44 0.1752380952380953 0.4542857142857143 0.1752380952380953
3 0.4235714285714286 0.4095238095238096 0.4007142857142857 0.4095238095238096 0.4007142857142857 0.4580952380952382 0.4235714285714286 0.4580952380952382
3 0.41 0.5228571428571429 0.38142857142857145 0.5228571428571429 0.38142857142857145 0.5885714285714285 0.41 0.5885714285714285
11 0.3985714285714286 0.6057142857142858 0.3621428571428572 0.6057142857142858 0.3621428571428572 0.6819047619047619 0.3985714285714286 0.6819047619047619
3 0.36285714285714293 0.6819047619047619 0.2907142857142858 0.6819047619047619 0.2907142857142858 0.7314285714285714 0.36285714285714293 0.7314285714285714
0 0.2521428571428572 0.6352380952380953 0.20214285714285724 0.6352380952380953 0.20214285714285724 0.6742857142857143 0.2521428571428572 0.6742857142857143
11 0.37500000000000006 0.8295238095238096 0.3314285714285715 0.8295238095238096 0.3314285714285715 0.9428571428571428 0.37500000000000017 0.9428571428571428
3 0.8178571428571428 0.6866666666666669 0.7707142857142857 0.6866666666666669 0.7707142857142857 0.7676190476190479 0.8178571428571428 0.7676190476190479
3 1 0.9009523809523812 0.9457142857142857 0.9009523809523812 0.9457142857142857 0.9571428571428574 1 0.9571428571428574
3 0.6521428571428571 0.47523809523809535 0.6221428571428571 0.47523809523809535 0.6221428571428571 0.5257142857142857 0.6521428571428571 0.5257142857142857
3 0.7607142857142857 0.4800000000000001 0.7278571428571429 0.4800000000000001 0.7278571428571429 0.5380952380952383 0.7607142857142857 0.5380952380952383
3 0.7457142857142857 0.4247619047619049 0.7164285714285714 0.4247619047619049 0.7164285714285714 0.4761904761904763 0.7457142857142857 0.4761904761904763
10 0.7371428571428571 0.36761904761904773 0.7042857142857143 0.36761904761904773 0.7042857142857143 0.41714285714285726 0.7371428571428571 0.41714285714285726
10 0.7221428571428572 0.32380952380952394 0.6964285714285714 0.32380952380952394 0.6964285714285714 0.36666666666666675 0.7221428571428572 0.36666666666666675
3 0.695 0.22761904761904772 0.6735714285714286 0.22761904761904772 0.6735714285714286 0.25904761904761914 0.695 0.25904761904761914
3 0.6835714285714286 0.19904761904761917 0.6642857142857143 0.19904761904761917 0.6642857142857143 0.22666666666666677 0.6835714285714286 0.22666666666666677
10 0.6785714285714286 0.1704761904761906 0.6578571428571428 0.1704761904761906 0.6578571428571428 0.1980952380952382 0.6785714285714286 0.1980952380952382
3 0.6742857142857143 0.14952380952380964 0.6557142857142857 0.14952380952380964 0.6557142857142857 0.17333333333333345 0.6742857142857143 0.17333333333333345
3 0.7092857142857143 0.05047619047619059 0.6807142857142857 0.050476190476190584 0.6807142857142857 0.06857142857142869 0.7092857142857143 0.06857142857142869
3 0.665 0.020000000000000108 0.6485714285714286 0.020000000000000108 0.6485714285714286 0.03714285714285725 0.665 0.03714285714285725
3 0.6414285714285715 0.021904761904762007 0.62 0.021904761904762007 0.62 0.03904761904761915 0.6414285714285715 0.03904761904761916
3 0.6378571428571429 0.016190476190476293 0.6164285714285714 0.016190476190476293 0.6164285714285714 0.02761904761904772 0.6378571428571429 0.02761904761904772
3 0.6357142857142857 0.006666666666666769 0.6157142857142858 0.006666666666666767 0.6157142857142858 0.01904761904761915 0.6357142857142857 0.01904761904761915
3 0.6242857142857143 0.0009523809523810528 0.605 0.0009523809523810514 0.605 0.014285714285714386 0.6242857142857143 0.014285714285714388
3 0.6007142857142858 0.007619047619047715 0.5892857142857143 0.007619047619047714 0.5892857142857143 0.023809523809523905 0.6007142857142858 0.023809523809523905
3 0.7457142857142857 0.05428571428571441 0.715 0.05428571428571441 0.715 0.07238095238095249 0.7457142857142857 0.07238095238095249