4 0.495 0.1647619047619048 0.4807142857142857 0.1647619047619048 0.4807142857142857 0.2047619047619048 0.495 0.2047619047619048
11 0.6792857142857143 0.8009523809523811 0.6421428571428571 0.800952380952381 0.6421428571428571 0.8790476190476192 0.6792857142857143 0.8790476190476193
11 0.5421428571428571 0.2904761904761906 0.535 0.2904761904761906 0.535 0.3009523809523811 0.5421428571428571 0.3009523809523811
11 0.5464285714285714 0.3161904761904763 0.5392857142857143 0.3161904761904763 0.5392857142857143 0.32761904761904775 0.5464285714285714 0.32761904761904775
3 0.57 0.2961904761904763 0.5628571428571428 0.2961904761904763 0.5628571428571428 0.30666666666666675 0.57 0.30666666666666675
3 0.4835714285714286 0.3295238095238096 0.475 0.3295238095238096 0.475 0.341904761904762 0.4835714285714286 0.341904761904762
3 0.4757142857142857 0.23428571428571435 0.47 0.23428571428571435 0.47 0.24190476190476196 0.4757142857142857 0.24190476190476196
3 0.4157142857142857 0.35523809523809535 0.40214285714285714 0.35523809523809535 0.40214285714285714 0.36952380952380964 0.4157142857142857 0.36952380952380964
3 0.5178571428571429 0.49047619047619045 0.5035714285714286 0.49047619047619045 0.5035714285714286 0.5190476190476191 0.5178571428571429 0.5190476190476191
10 0.48428571428571426 0.2428571428571429 0.4742857142857143 0.2428571428571429 0.4742857142857143 0.2704761904761906 0.48428571428571426 0.2704761904761906
10 0.4992857142857143 0.2057142857142858 0.48928571428571427 0.20571428571428577 0.48928571428571427 0.2276190476190477 0.4992857142857143 0.22761904761904772
10 0.47214285714285714 0.21619047619047624 0.4642857142857143 0.21619047619047624 0.4642857142857143 0.23619047619047626 0.47214285714285714 0.23619047619047626
10 0.49142857142857144 0.39904761904761915 0.4785714285714286 0.39904761904761915 0.4785714285714286 0.43523809523809537 0.49142857142857144 0.43523809523809537
3 0.5664285714285714 0.29142857142857154 0.5592857142857143 0.29142857142857154 0.5592857142857143 0.2990476190476192 0.5664285714285714 0.2990476190476192
3 0.2764285714285715 0.5733333333333334 0.23428571428571437 0.5733333333333334 0.23428571428571437 0.5961904761904762 0.2764285714285715 0.5961904761904762
3 0.28214285714285725 0.5552380952380952 0.24928571428571436 0.5552380952380952 0.24928571428571436 0.5714285714285714 0.28214285714285725 0.5714285714285714
7 0.4614285714285714 0.44666666666666677 0.4585714285714286 0.44666666666666677 0.4585714285714286 0.46000000000000013 0.4614285714285714 0.46000000000000013
8 0.4957142857142857 0.6628571428571428 0.4878571428571429 0.6628571428571428 0.4878571428571429 0.679047619047619 0.4957142857142857 0.679047619047619
5 0.495 0.66 0.48714285714285716 0.66 0.48714285714285716 0.6866666666666666 0.495 0.6866666666666666
7 0.46 0.27904761904761916 0.45785714285714285 0.27904761904761916 0.45785714285714285 0.2857142857142858 0.46 0.2857142857142858
4 0.5107142857142857 0.24000000000000007 0.49642857142857144 0.24000000000000005 0.49642857142857144 0.2580952380952382 0.5107142857142857 0.2580952380952382
4 0.4664285714285714 0.2485714285714287 0.455 0.2485714285714287 0.455 0.2561904761904763 0.4664285714285714 0.2561904761904763
3 0.5028571428571429 0.15333333333333343 0.5 0.15333333333333343 0.5 0.15904761904761916 0.5028571428571429 0.15904761904761916
3 0.5078571428571429 0.15238095238095248 0.5042857142857143 0.15238095238095248 0.5042857142857143 0.15714285714285725 0.5078571428571429 0.15714285714285725
3 0.5121428571428571 0.17904761904761915 0.5085714285714286 0.17904761904761915 0.5085714285714286 0.18380952380952392 0.5121428571428571 0.18380952380952392
10 0.5121428571428571 0.16952380952380963 0.5071428571428571 0.16952380952380963 0.5071428571428571 0.1800000000000001 0.5121428571428571 0.1800000000000001
10 0.5085714285714286 0.16285714285714298 0.5042857142857143 0.16285714285714298 0.5042857142857143 0.1704761904761906 0.5085714285714286 0.1704761904761906
4 0.4707142857142857 0.13142857142857148 0.45714285714285713 0.13142857142857148 0.45714285714285713 0.15809523809523815 0.4707142857142857 0.15809523809523815
3 0.4757142857142857 0.16761904761904767 0.47214285714285714 0.16761904761904767 0.47214285714285714 0.17142857142857149 0.4757142857142857 0.17142857142857149
3 0.47714285714285715 0.19619047619047625 0.47214285714285714 0.19619047619047625 0.47214285714285714 0.200952380952381 0.47714285714285715 0.200952380952381
3 0.4692857142857143 0.19809523809523816 0.465 0.19809523809523816 0.465 0.20380952380952386 0.4692857142857143 0.20380952380952386
3 0.4614285714285714 0.1971428571428572 0.45571428571428574 0.1971428571428572 0.45571428571428574 0.20190476190476195 0.4614285714285714 0.20190476190476195
2 0.47928571428571426 0.18666666666666673 0.47 0.18666666666666673 0.47 0.1971428571428572 0.47928571428571426 0.1971428571428572
3 0.052857142857142936 0.9142857142857143 8.397578051296137e-17 0.9142857142857143 8.594396286873389e-17 0.9571428571428572 0.052857142857142936 0.9571428571428572
3 0.07428571428571437 0.8676190476190476 0.0021428571428572228 0.8676190476190476 0.0021428571428572245 0.9133333333333333 0.07428571428571437 0.9133333333333333
7 0.8992857142857142 0.4980952380952383 0.8871428571428571 0.4980952380952383 0.8871428571428571 0.5266666666666668 0.8992857142857142 0.5266666666666668
7 0.9507142857142857 0.47142857142857153 0.94 0.47142857142857153 0.94 0.49333333333333357 0.9507142857142857 0.49333333333333357
8 0.8621428571428571 0.44571428571428584 0.8557142857142858 0.44571428571428584 0.8557142857142858 0.45714285714285724 0.8621428571428571 0.45714285714285724
8 0.8814285714285715 0.4523809523809525 0.875 0.4523809523809525 0.875 0.4657142857142858 0.8814285714285715 0.4657142857142858
8 0.8621428571428571 0.43904761904761913 0.8535714285714285 0.43904761904761913 0.8535714285714285 0.4514285714285715 0.8621428571428571 0.4514285714285715