5 0.28357142857142864 0.8933333333333333 0.2507142857142858 0.8933333333333333 0.2507142857142858 0.9342857142857143 0.28357142857142864 0.9342857142857143
5 0.28928571428571437 0.8590476190476191 0.26428571428571435 0.8590476190476191 0.26428571428571435 0.9019047619047619 0.28928571428571437 0.9019047619047619
7 0.33357142857142863 0.9076190476190477 0.3157142857142858 0.9076190476190477 0.3157142857142858 0.9476190476190476 0.33357142857142863 0.9476190476190476
7 0.3564285714285715 0.9057142857142857 0.33428571428571435 0.9057142857142857 0.33428571428571435 0.9457142857142857 0.3564285714285715 0.9457142857142857
1 0.3207142857142858 0.7923809523809524 0.29142857142857154 0.7923809523809524 0.29142857142857154 0.8228571428571428 0.3207142857142858 0.8228571428571428
5 0.28928571428571437 0.7219047619047619 0.26214285714285723 0.7219047619047619 0.26214285714285723 0.7504761904761905 0.28928571428571437 0.7504761904761905
1 0.3050000000000001 0.7142857142857143 0.28214285714285725 0.7142857142857143 0.28214285714285725 0.7371428571428571 0.3050000000000001 0.7371428571428571
5 0.30571428571428577 0.6819047619047619 0.2800000000000001 0.6819047619047619 0.2800000000000001 0.719047619047619 0.30571428571428577 0.719047619047619
5 0.2007142857142858 0.8266666666666667 0.1857142857142858 0.8266666666666667 0.1857142857142858 0.8857142857142857 0.2007142857142858 0.8857142857142857
7 0.43785714285714283 0.7180952380952381 0.425 0.7180952380952381 0.425 0.7504761904761905 0.43785714285714283 0.7504761904761905
7 0.44642857142857145 0.7209523809523809 0.43857142857142856 0.7209523809523809 0.43857142857142856 0.7504761904761905 0.44642857142857145 0.7504761904761905
7 0.48142857142857143 0.66 0.4714285714285714 0.66 0.4714285714285714 0.6885714285714286 0.48142857142857143 0.6885714285714286
7 0.48642857142857143 0.6085714285714285 0.4757142857142857 0.6085714285714285 0.4757142857142857 0.6409523809523809 0.48642857142857143 0.6409523809523809
7 0.23357142857142865 0.5695238095238095 0.21714285714285722 0.5695238095238095 0.21714285714285722 0.5980952380952381 0.23357142857142865 0.5980952380952381
7 0.2542857142857144 0.5628571428571428 0.24142857142857152 0.5628571428571428 0.24142857142857152 0.5933333333333334 0.2542857142857144 0.5933333333333334
7 0.2700000000000001 0.5647619047619048 0.2564285714285715 0.5647619047619048 0.2564285714285715 0.5904761904761905 0.2700000000000001 0.5904761904761905
7 0.2942857142857144 0.5323809523809524 0.2828571428571429 0.5323809523809524 0.2828571428571429 0.56 0.2942857142857144 0.56
7 0.32928571428571435 0.5495238095238095 0.3157142857142858 0.5495238095238095 0.3157142857142858 0.5761904761904761 0.32928571428571435 0.5761904761904761
7 0.32000000000000006 0.5447619047619048 0.30857142857142866 0.5447619047619048 0.30857142857142866 0.5714285714285714 0.32000000000000006 0.5714285714285714
7 0.31357142857142867 0.5285714285714286 0.2992857142857144 0.5285714285714286 0.2992857142857144 0.5561904761904762 0.31357142857142867 0.5561904761904762
7 0.3071428571428572 0.5228571428571429 0.2950000000000001 0.5228571428571429 0.2950000000000001 0.5485714285714286 0.3071428571428572 0.5485714285714286
7 0.33714285714285724 0.48857142857142855 0.32785714285714296 0.48857142857142855 0.32785714285714296 0.5133333333333333 0.33714285714285724 0.5133333333333333
7 0.3621428571428572 0.481904761904762 0.35357142857142865 0.481904761904762 0.35357142857142865 0.5095238095238095 0.3621428571428572 0.5095238095238095
7 0.38357142857142856 0.49333333333333335 0.3757142857142857 0.49333333333333335 0.3757142857142857 0.5190476190476191 0.38357142857142856 0.5190476190476191
7 0.38 0.4838095238095239 0.37142857142857144 0.4838095238095239 0.37142857142857144 0.5085714285714286 0.38 0.5085714285714286
7 0.4057142857142857 0.47142857142857153 0.3985714285714286 0.47142857142857153 0.3985714285714286 0.49714285714285716 0.4057142857142857 0.49714285714285716
7 0.4164285714285714 0.4685714285714287 0.40714285714285714 0.4685714285714287 0.40714285714285714 0.4942857142857143 0.4164285714285714 0.4942857142857143
7 0.4607142857142857 0.43142857142857155 0.4514285714285714 0.43142857142857155 0.4514285714285714 0.4561904761904763 0.4607142857142857 0.4561904761904763
7 0.49785714285714283 0.45523809523809533 0.48928571428571427 0.45523809523809533 0.48928571428571427 0.47714285714285726 0.49785714285714283 0.47714285714285726
7 0.4585714285714286 0.39904761904761915 0.4514285714285714 0.39904761904761915 0.4514285714285714 0.4238095238095239 0.4585714285714286 0.4238095238095239
7 0.47 0.3914285714285715 0.46214285714285713 0.3914285714285715 0.46214285714285713 0.41428571428571437 0.47 0.41428571428571437
7 0.44 0.2847619047619049 0.43357142857142855 0.2847619047619049 0.43357142857142855 0.302857142857143 0.44 0.302857142857143
7 0.4357142857142857 0.2838095238095239 0.43 0.2838095238095239 0.43 0.301904761904762 0.4357142857142857 0.301904761904762
7 0.4307142857142857 0.26380952380952394 0.42428571428571427 0.26380952380952394 0.42428571428571427 0.28095238095238106 0.4307142857142857 0.28095238095238106
7 0.7485714285714286 0.18571428571428583 0.7428571428571429 0.18571428571428583 0.7428571428571429 0.20000000000000012 0.7485714285714286 0.20000000000000012
10 0.7707142857142857 0.10761904761904775 0.7521428571428571 0.10761904761904775 0.7521428571428571 0.1266666666666668 0.7707142857142857 0.1266666666666668
3 0.7835714285714286 0.11428571428571442 0.77 0.11428571428571442 0.77 0.1266666666666668 0.7835714285714286 0.1266666666666668
5 0.8178571428571428 0.14666666666666678 0.8121428571428572 0.14666666666666678 0.8121428571428572 0.15904761904761916 0.8178571428571428 0.15904761904761916
3 0.7464285714285714 0.2904761904761906 0.7107142857142857 0.2904761904761906 0.7107142857142857 0.32095238095238104 0.7464285714285714 0.32095238095238104
7 0.7192857142857143 0.32476190476190486 0.7135714285714285 0.32476190476190486 0.7135714285714285 0.341904761904762 0.7192857142857143 0.341904761904762
7 0.73 0.32476190476190486 0.7235714285714285 0.32476190476190486 0.7235714285714285 0.3438095238095239 0.73 0.3438095238095239
5 0.785 0.31047619047619057 0.77 0.31047619047619057 0.77 0.32380952380952394 0.785 0.32380952380952394
8 0.7871428571428571 0.30666666666666675 0.7764285714285715 0.30666666666666675 0.7764285714285715 0.32095238095238104 0.7871428571428571 0.32095238095238104
8 0.7828571428571428 0.30476190476190484 0.7764285714285715 0.30476190476190484 0.7764285714285715 0.31904761904761914 0.7828571428571428 0.31904761904761914
8 0.9385714285714286 0.42857142857142866 0.9278571428571428 0.42857142857142866 0.9278571428571428 0.44666666666666677 0.9385714285714286 0.44666666666666677
8 0.9071428571428571 0.37523809523809537 0.8957142857142857 0.37523809523809537 0.8957142857142857 0.39714285714285724 0.9071428571428571 0.39714285714285724
1 0.9085714285714286 0.38285714285714295 0.8907142857142857 0.38285714285714295 0.8907142857142857 0.39904761904761915 0.9085714285714286 0.39904761904761915
1 0.9385714285714286 0.4361904761904763 0.9235714285714286 0.4361904761904763 0.9235714285714286 0.4533333333333334 0.9385714285714286 0.4533333333333334
7 0.8914285714285715 0.4180952380952382 0.8771428571428571 0.4180952380952382 0.8771428571428571 0.441904761904762 0.8914285714285715 0.441904761904762
7 0.9821428571428571 0.321904761904762 0.9742857142857143 0.321904761904762 0.9742857142857143 0.33714285714285724 0.9821428571428571 0.33714285714285724
7 0.9871428571428571 0.31904761904761914 0.9814285714285714 0.31904761904761914 0.9814285714285714 0.3361904761904763 0.9871428571428571 0.3361904761904763
7 0.9914285714285714 0.31904761904761914 0.985 0.31904761904761914 0.985 0.33523809523809533 0.9914285714285714 0.33523809523809533
7 0.9571428571428572 0.2885714285714287 0.9507142857142857 0.2885714285714287 0.9507142857142857 0.30476190476190484 0.9571428571428572 0.30476190476190484
7 0.9614285714285714 0.2857142857142858 0.9557142857142857 0.2857142857142858 0.9557142857142857 0.302857142857143 0.9614285714285714 0.302857142857143
4 0.9778571428571429 0.23809523809523825 0.945 0.23809523809523825 0.945 0.2695238095238096 0.9778571428571429 0.2695238095238096
7 0.8835714285714286 0.19809523809523827 0.8771428571428571 0.19809523809523827 0.8771428571428571 0.21428571428571444 0.8835714285714286 0.21428571428571444
7 0.8371428571428572 0.2314285714285716 0.8307142857142857 0.2314285714285716 0.8307142857142857 0.24380952380952392 0.8371428571428572 0.24380952380952392
7 0.8371428571428572 0.22666666666666682 0.8321428571428572 0.22666666666666682 0.8321428571428572 0.23809523809523825 0.8371428571428572 0.23809523809523825
7 0.9157142857142857 0.19619047619047636 0.91 0.19619047619047636 0.91 0.2114285714285716 0.9157142857142857 0.2114285714285716
7 0.9107142857142857 0.19428571428571445 0.9035714285714286 0.19428571428571445 0.9035714285714286 0.21047619047619065 0.9107142857142857 0.21047619047619065
7 0.9607142857142857 0.19047619047619063 0.9542857142857143 0.19047619047619063 0.9542857142857143 0.202857142857143 0.9607142857142857 0.202857142857143
7 0.9678571428571429 0.19047619047619063 0.96 0.19047619047619063 0.96 0.20380952380952397 0.9678571428571429 0.20380952380952397
3 0.9885714285714285 0.18190476190476207 0.9707142857142858 0.18190476190476207 0.9707142857142858 0.1952380952380954 0.9885714285714285 0.1952380952380954
7 0.9028571428571428 0.19238095238095254 0.8957142857142857 0.19238095238095254 0.8957142857142857 0.20666666666666683 0.9028571428571428 0.20666666666666683
7 0.9078571428571428 0.1914285714285716 0.9021428571428571 0.1914285714285716 0.9021428571428571 0.20571428571428588 0.9078571428571428 0.20571428571428588
7 0.8992857142857142 0.18761904761904777 0.8935714285714286 0.18761904761904777 0.8935714285714286 0.20476190476190492 0.8992857142857142 0.20476190476190492
7 0.9192857142857143 0.18095238095238111 0.9114285714285715 0.18095238095238111 0.9114285714285715 0.19428571428571445 0.9192857142857143 0.19428571428571445
7 0.9171428571428571 0.17809523809523825 0.9114285714285715 0.17809523809523825 0.9114285714285715 0.1933333333333335 0.9171428571428571 0.1933333333333335
7 0.8657142857142858 0.20476190476190492 0.8578571428571429 0.20476190476190492 0.8578571428571429 0.22000000000000017 0.8657142857142858 0.22000000000000017
7 0.8635714285714285 0.20380952380952397 0.8564285714285714 0.20380952380952397 0.8564285714285714 0.2190476190476192 0.8635714285714285 0.2190476190476192
7 0.8592857142857143 0.2009523809523811 0.8514285714285714 0.2009523809523811 0.8514285714285714 0.2171428571428573 0.8592857142857143 0.2171428571428573
7 0.8535714285714285 0.21333333333333349 0.8464285714285714 0.21333333333333349 0.8464285714285714 0.22761904761904778 0.8535714285714285 0.22761904761904778
7 0.85 0.21047619047619065 0.845 0.21047619047619065 0.845 0.2247619047619049 0.85 0.2247619047619049
7 0.8435714285714285 0.21333333333333349 0.8385714285714285 0.21333333333333349 0.8385714285714285 0.22666666666666682 0.8435714285714285 0.22666666666666682
7 0.8421428571428572 0.21047619047619065 0.8364285714285714 0.21047619047619065 0.8364285714285714 0.2247619047619049 0.8421428571428572 0.2247619047619049
5 0.8642857142857143 0.1933333333333335 0.8528571428571429 0.1933333333333335 0.8528571428571429 0.20190476190476206 0.8642857142857143 0.20190476190476206
8 0.8614285714285714 0.18666666666666684 0.8564285714285714 0.18666666666666684 0.8564285714285714 0.20000000000000015 0.8614285714285714 0.20000000000000015
7 0.8057142857142857 0.20571428571428582 0.7992857142857143 0.20571428571428582 0.7992857142857143 0.22380952380952393 0.8057142857142857 0.22380952380952393
7 0.8114285714285714 0.21238095238095248 0.805 0.21238095238095248 0.805 0.2257142857142858 0.8114285714285714 0.2257142857142858
7 0.6607142857142857 0.22476190476190486 0.6557142857142857 0.22476190476190486 0.6557142857142857 0.23714285714285724 0.6607142857142857 0.23714285714285724
7 0.665 0.2257142857142858 0.6607142857142857 0.2257142857142858 0.6607142857142857 0.23904761904761915 0.665 0.23904761904761915
7 0.7057142857142857 0.21904761904761916 0.7021428571428572 0.21904761904761916 0.7021428571428572 0.23047619047619058 0.7057142857142857 0.23047619047619058
7 0.6964285714285714 0.22095238095238107 0.6928571428571428 0.22095238095238107 0.6928571428571428 0.2323809523809525 0.6964285714285714 0.2323809523809525
7 0.6264285714285714 0.14095238095238105 0.6207142857142857 0.14095238095238105 0.6207142857142857 0.15523809523809534 0.6264285714285714 0.15523809523809534
7 0.6328571428571429 0.1400000000000001 0.6278571428571429 0.1400000000000001 0.6278571428571429 0.1542857142857144 0.6328571428571429 0.1542857142857144
7 0.6414285714285715 0.14571428571428582 0.6371428571428571 0.14571428571428582 0.6371428571428571 0.16000000000000011 0.6414285714285715 0.16000000000000011
1 0.67 0.14952380952380964 0.6614285714285715 0.14952380952380964 0.6614285714285715 0.1561904761904763 0.67 0.1561904761904763
8 0.6685714285714286 0.14380952380952391 0.665 0.14380952380952391 0.665 0.15523809523809534 0.6685714285714286 0.15523809523809534
8 0.6707142857142857 0.14380952380952391 0.6671428571428571 0.14380952380952391 0.6671428571428571 0.15333333333333343 0.6707142857142857 0.15333333333333343
3 0.6292857142857143 0.10285714285714297 0.6164285714285714 0.10285714285714297 0.6164285714285714 0.11047619047619059 0.6292857142857143 0.11047619047619059
7 0.5164285714285715 0.10857142857142865 0.5114285714285715 0.10857142857142865 0.5114285714285715 0.12095238095238103 0.5164285714285715 0.12095238095238103
7 0.5785714285714286 0.12476190476190487 0.5742857142857143 0.12476190476190487 0.5742857142857143 0.13904761904761914 0.5785714285714286 0.13904761904761914
7 0.5792857142857143 0.13904761904761914 0.5742857142857143 0.13904761904761914 0.5742857142857143 0.1504761904761906 0.5792857142857143 0.1504761904761906
3 0.43714285714285717 0.058095238095238165 0.43 0.058095238095238165 0.43 0.0676190476190477 0.43714285714285717 0.0676190476190477
4 0.4521428571428571 0.06476190476190484 0.43714285714285717 0.06476190476190484 0.43714285714285717 0.08190476190476198 0.4521428571428571 0.08190476190476198