3 0.58 0.7817258883248731 0.5521428571428572 0.7817258883248731 0.5521428571428572 0.8807106598984772 0.58 0.8807106598984772
3 0.4471428571428571 0.7322335025380711 0.4157142857142857 0.7322335025380711 0.4157142857142857 0.8236040609137056 0.4471428571428571 0.8236040609137056
3 0.45357142857142857 0.8845177664974619 0.4142857142857143 0.8845177664974619 0.4142857142857143 0.9911167512690355 0.45357142857142857 0.9911167512690355
3 0.39285714285714285 0.7119289340101523 0.3607142857142858 0.7119289340101523 0.3607142857142858 0.799492385786802 0.39285714285714285 0.799492385786802
3 0.35785714285714293 0.7842639593908629 0.32285714285714295 0.7842639593908629 0.32285714285714295 0.8451776649746193 0.35785714285714293 0.8451776649746193
3 0.32428571428571434 0.8312182741116751 0.29357142857142865 0.8312182741116751 0.29357142857142865 0.9314720812182741 0.32428571428571434 0.9314720812182741
3 0.41285714285714287 0.520304568527919 0.3821428571428571 0.520304568527919 0.3821428571428571 0.5799492385786803 0.41285714285714287 0.5799492385786803
3 0.42214285714285715 0.47335025380710677 0.3842857142857143 0.47335025380710677 0.3842857142857143 0.5139593908629443 0.42214285714285715 0.5139593908629443
3 0.475 0.4873096446700509 0.45071428571428573 0.4873096446700509 0.45071428571428573 0.5571065989847718 0.475 0.5571065989847718
3 0.4807142857142857 0.40989847715736055 0.4635714285714286 0.40989847715736055 0.4635714285714286 0.4708121827411169 0.4807142857142857 0.4708121827411169
3 0.5064285714285715 0.3553299492385788 0.49 0.3553299492385788 0.49 0.41624365482233516 0.5064285714285715 0.41624365482233516
3 0.6 0.352791878172589 0.5814285714285714 0.352791878172589 0.5814285714285714 0.41116751269035545 0.6 0.41116751269035545
3 0.4857142857142857 0.32360406091370564 0.46214285714285713 0.32360406091370564 0.46214285714285713 0.3870558375634519 0.4857142857142857 0.3870558375634519
3 0.6035714285714285 0.27791878172588846 0.5835714285714285 0.27791878172588846 0.5835714285714285 0.33629441624365497 0.6035714285714285 0.33629441624365497
3 0.49857142857142855 0.2550761421319798 0.4735714285714286 0.25507614213197977 0.4735714285714286 0.3096446700507615 0.49857142857142855 0.3096446700507616
3 0.51 0.2119289340101524 0.49357142857142855 0.21192893401015236 0.49357142857142855 0.2576142131979697 0.51 0.2576142131979697
3 0.6085714285714285 0.21954314720812196 0.59 0.21954314720812196 0.59 0.27030456852791895 0.6085714285714285 0.27030456852791895
3 0.6085714285714285 0.16624365482233516 0.5907142857142857 0.16624365482233516 0.5907142857142857 0.21192893401015242 0.6085714285714285 0.21192893401015242
3 0.5721428571428572 0.07994923857868033 0.5528571428571428 0.07994923857868033 0.5528571428571428 0.12817258883248742 0.5721428571428572 0.12817258883248742
3 0.5314285714285715 0.09644670050761432 0.5064285714285715 0.09644670050761432 0.5064285714285715 0.13705583756345188 0.5314285714285715 0.13705583756345188
3 0.4614285714285714 0.24873096446700516 0.42142857142857143 0.24873096446700516 0.42142857142857143 0.2855329949238579 0.4614285714285714 0.2855329949238579
3 0.4085714285714286 0.2715736040609138 0.37285714285714283 0.2715736040609138 0.37285714285714283 0.30710659898477166 0.4085714285714286 0.30710659898477166
3 0.335 0.44035532994923865 0.2907142857142857 0.4403553299492386 0.2907142857142857 0.4822335025380711 0.335 0.48223350253807123
3 0.3242857142857143 0.4784263959390863 0.2764285714285714 0.4784263959390863 0.2764285714285714 0.516497461928934 0.3242857142857143 0.516497461928934
3 0.27357142857142863 0.5736040609137056 0.22785714285714287 0.5736040609137056 0.2278571428571429 0.616751269035533 0.27357142857142863 0.616751269035533
3 0.2614285714285715 0.6522842639593909 0.20785714285714293 0.6522842639593909 0.20785714285714293 0.6967005076142132 0.2614285714285715 0.6967005076142132
3 0.34285714285714286 0.3832487309644671 0.30142857142857143 0.383248730964467 0.30142857142857143 0.42005076142131986 0.34285714285714286 0.4200507614213199
3 0.3578571428571429 0.3045685279187818 0.31642857142857145 0.3045685279187818 0.31642857142857145 0.33883248730964477 0.3578571428571429 0.3388324873096448
3 0.36857142857142855 0.2525380710659899 0.3264285714285714 0.2525380710659899 0.3264285714285714 0.2868020304568529 0.36857142857142855 0.2868020304568529
11 0.36642857142857144 0.16751269035533004 0.3407142857142857 0.16751269035533004 0.3407142857142857 0.21827411167512697 0.36642857142857144 0.21827411167512697
3 0.35928571428571426 0.28172588832487316 0.3142857142857143 0.28172588832487316 0.3142857142857143 0.30710659898477166 0.35928571428571426 0.30710659898477166
3 0.3385714285714286 0.36167512690355336 0.29642857142857143 0.3616751269035533 0.29642857142857143 0.39213197969543157 0.3385714285714286 0.3921319796954316
11 0.465 0.20431472081218283 0.43357142857142855 0.20431472081218283 0.43357142857142855 0.2398477157360407 0.465 0.2398477157360407
11 0.46285714285714286 0.13324873096446713 0.44857142857142857 0.13324873096446713 0.44857142857142857 0.1713197969543148 0.46285714285714286 0.1713197969543148
3 0.5 0.06979695431472092 0.48642857142857143 0.06979695431472092 0.48642857142857143 0.11548223350253818 0.5 0.11548223350253818
3 0.4835714285714286 0.062182741116751365 0.455 0.06218274111675136 0.455 0.09390862944162448 0.4835714285714286 0.09390862944162448
3 0.4742857142857143 0.04568527918781736 0.44285714285714284 0.04568527918781735 0.44285714285714284 0.08248730964467016 0.4742857142857143 0.08248730964467016
3 0.4585714285714286 0.024111675126903646 0.435 0.024111675126903643 0.435 0.06472081218274121 0.4585714285714286 0.06472081218274123
3 0.4421428571428571 0.015228426395939179 0.4185714285714286 0.015228426395939177 0.4185714285714286 0.050761421319797044 0.4421428571428571 0.050761421319797044
3 0.42428571428571427 0.003807106598984861 0.39785714285714285 0.0038071065989848584 0.39785714285714285 0.03807106598984781 0.42428571428571427 0.03807106598984781
3 0.4085714285714286 8.570973473727985e-17 0.3792857142857143 8.252378811513255e-17 0.3792857142857143 0.032994923857868105 0.4085714285714286 0.03299492385786811
3 0.6521428571428571 0.1624365482233504 0.6128571428571429 0.1624365482233504 0.6128571428571429 0.1890862944162438 0.6521428571428571 0.1890862944162438
3 0.6478571428571429 0.14213197969543162 0.6121428571428571 0.14213197969543162 0.6121428571428571 0.1675126903553301 0.6478571428571429 0.1675126903553301
3 0.6514285714285715 0.12436548223350269 0.6157142857142858 0.12436548223350269 0.6157142857142858 0.14974619289340116 0.6514285714285715 0.14974619289340116
3 0.6514285714285715 0.10279187817258897 0.6185714285714285 0.10279187817258897 0.6185714285714285 0.12817258883248744 0.6514285714285715 0.12817258883248744
3 0.6585714285714286 0.05964467005076156 0.6207142857142857 0.059644670050761545 0.6207142857142857 0.08883248730964481 0.6585714285714286 0.08883248730964481
3 0.6521428571428571 0.03680203045685293 0.6235714285714286 0.03680203045685293 0.6235714285714286 0.06598984771573618 0.6521428571428571 0.06598984771573618
3 0.6521428571428571 0.025380710659898616 0.6221428571428571 0.025380710659898612 0.6221428571428571 0.04822335025380725 0.6521428571428571 0.04822335025380725
3 0.6557142857142857 0.0012690355329950634 0.6257142857142857 0.0012690355329950602 0.6257142857142857 0.030456852791878312 0.6557142857142857 0.030456852791878316
11 0.3892857142857143 0.8921319796954315 0.3528571428571429 0.8921319796954315 0.3528571428571429 0.998730964467005 0.3892857142857143 0.998730964467005
11 0.22428571428571437 0.7982233502538071 0.18285714285714294 0.7982233502538071 0.18285714285714294 0.8845177664974619 0.22428571428571437 0.8845177664974619
7 0.35 0.1281725888324874 0.3442857142857143 0.1281725888324874 0.3442857142857143 0.14720812182741125 0.35 0.14720812182741125
7 0.3292857142857143 0.1548223350253808 0.32357142857142857 0.1548223350253808 0.32357142857142857 0.18020304568527926 0.3292857142857143 0.18020304568527926
7 0.3335714285714286 0.14847715736040618 0.3264285714285714 0.14847715736040618 0.3264285714285714 0.17258883248730972 0.3335714285714286 0.17258883248730972
7 0.3364285714285714 0.14340101522842646 0.3292857142857143 0.14340101522842646 0.3292857142857143 0.16751269035533004 0.3364285714285714 0.16751269035533004
7 0.3457142857142857 0.15228426395939093 0.3392857142857143 0.15228426395939093 0.3392857142857143 0.1713197969543148 0.3457142857142857 0.1713197969543148
7 0.3492857142857143 0.14847715736040618 0.34214285714285714 0.14847715736040618 0.34214285714285714 0.17258883248730972 0.3492857142857143 0.17258883248730972
7 0.31214285714285717 0.29568527918781734 0.30642857142857144 0.29568527918781734 0.30642857142857144 0.3210659898477158 0.31214285714285717 0.3210659898477158
8 0.27214285714285713 0.32233502538071074 0.2664285714285714 0.32233502538071074 0.2664285714285714 0.33883248730964466 0.27214285714285713 0.33883248730964466
5 0.27071428571428574 0.3477157360406091 0.26357142857142857 0.3477157360406091 0.26357142857142857 0.3730964467005076 0.27071428571428574 0.3730964467005076
5 0.2342857142857143 0.46573604060913704 0.22428571428571428 0.46573604060913704 0.22428571428571428 0.4949238578680203 0.2342857142857143 0.4949238578680203
5 0.2892857142857143 0.550761421319797 0.2785714285714286 0.550761421319797 0.2785714285714286 0.5786802030456852 0.2892857142857143 0.5786802030456852
7 0.37142857142857144 0.5748730964467007 0.3628571428571429 0.5748730964467007 0.3628571428571429 0.5964467005076144 0.37142857142857144 0.5964467005076144
7 0.21357142857142866 0.766497461928934 0.2007142857142858 0.766497461928934 0.2007142857142858 0.7906091370558376 0.21357142857142866 0.7906091370558376
7 0.19571428571428579 0.7703045685279187 0.18357142857142866 0.7703045685279187 0.18357142857142866 0.7918781725888325 0.19571428571428579 0.7918781725888325
7 0.1357142857142858 0.8616751269035533 0.12428571428571433 0.8616751269035533 0.12428571428571435 0.8895939086294417 0.1357142857142858 0.8895939086294417
7 0.12928571428571434 0.8553299492385786 0.1185714285714286 0.8553299492385786 0.11857142857142863 0.8845177664974619 0.12928571428571436 0.8845177664974619
7 0.4135714285714286 0.7741116751269036 0.4064285714285714 0.7741116751269036 0.4064285714285714 0.800761421319797 0.4135714285714286 0.800761421319797
7 0.4035714285714286 0.7626903553299492 0.39571428571428574 0.7626903553299492 0.39571428571428574 0.7893401015228426 0.4035714285714286 0.7893401015228426
7 0.42928571428571427 0.7195431472081218 0.42142857142857143 0.7195431472081218 0.42142857142857143 0.751269035532995 0.42928571428571427 0.751269035532995
7 0.6685714285714286 0.418781725888325 0.6592857142857143 0.418781725888325 0.6592857142857143 0.4454314720812184 0.6685714285714286 0.4454314720812184
7 0.6442857142857142 0.418781725888325 0.6385714285714286 0.418781725888325 0.6385714285714286 0.44289340101522856 0.6442857142857142 0.44289340101522856
7 0.6342857142857142 0.4505076142131981 0.6235714285714286 0.4505076142131981 0.6235714285714286 0.4796954314720814 0.6342857142857142 0.4796954314720814
7 0.7514285714285714 0.4809644670050763 0.7414285714285714 0.4809644670050763 0.7414285714285714 0.50253807106599 0.7514285714285714 0.50253807106599
7 0.7492857142857143 0.4644670050761423 0.7421428571428571 0.4644670050761423 0.7421428571428571 0.48984771573604075 0.7492857142857143 0.48984771573604075
1 0.835 0.4225888324873098 0.8192857142857143 0.4225888324873098 0.8192857142857143 0.43781725888324885 0.835 0.43781725888324885
1 0.8407142857142857 0.40482233502538084 0.8242857142857143 0.40482233502538084 0.8242857142857143 0.4200507614213199 0.8407142857142857 0.4200507614213199
1 0.8457142857142858 0.31979695431472105 0.8292857142857143 0.31979695431472105 0.8292857142857143 0.33629441624365497 0.8457142857142858 0.33629441624365497
7 0.9935714285714285 0.5329949238578682 0.9821428571428571 0.5329949238578682 0.9821428571428571 0.5571065989847718 0.9935714285714285 0.5571065989847718
7 0.9892857142857143 0.519035532994924 0.98 0.519035532994924 0.98 0.5431472081218276 0.9892857142857143 0.5431472081218276
7 0.5214285714285715 0.1675126903553301 0.515 0.1675126903553301 0.515 0.19162436548223366 0.5214285714285715 0.19162436548223366
7 0.4857142857142857 0.1763959390862945 0.4807142857142857 0.1763959390862945 0.4807142857142857 0.19670050761421326 0.4857142857142857 0.19670050761421326
7 0.475 0.17005076142131986 0.47 0.17005076142131986 0.47 0.1928934010152285 0.475 0.1928934010152285
7 0.4807142857142857 0.1776649746192894 0.4764285714285714 0.1776649746192894 0.4764285714285714 0.19416243654822343 0.4807142857142857 0.19416243654822343
7 0.5 0.17005076142131992 0.4942857142857143 0.17005076142131986 0.4942857142857143 0.19035532994923868 0.5 0.19035532994923873
1 0.5 0.17385786802030467 0.4942857142857143 0.17385786802030465 0.4942857142857143 0.19923857868020314 0.5 0.1992385786802032
7 0.4714285714285714 0.24238578680203052 0.4664285714285714 0.24238578680203052 0.4664285714285714 0.2664974619289341 0.4714285714285714 0.2664974619289341
10 0.44785714285714284 0.5659898477157362 0.40214285714285714 0.5659898477157362 0.40214285714285714 0.6954314720812182 0.44785714285714284 0.6954314720812182
7 0.4107142857142857 0.6421319796954316 0.40285714285714286 0.6421319796954316 0.40285714285714286 0.6675126903553299 0.4107142857142857 0.6675126903553299
3 0.8121428571428572 0.036802030456852965 0.7728571428571429 0.036802030456852965 0.7728571428571429 0.06598984771573621 0.8121428571428572 0.06598984771573622
3 0.8135714285714286 0.07487309644670068 0.7785714285714286 0.07487309644670068 0.7785714285714286 0.10025380710659916 0.8135714285714286 0.10025380710659916
3 0.815 0.09517766497461946 0.7771428571428571 0.09517766497461946 0.7771428571428571 0.12436548223350272 0.815 0.12436548223350272
3 0.7292857142857143 0.045685279187817424 0.715 0.045685279187817424 0.715 0.08121827411167527 0.7292857142857143 0.08121827411167527
3 0.7292857142857143 0.08121827411167527 0.715 0.08121827411167527 0.715 0.12690355329949252 0.7292857142857143 0.12690355329949252
3 0.7342857142857143 0.12690355329949252 0.7192857142857143 0.12690355329949252 0.7192857142857143 0.17639593908629456 0.7342857142857143 0.17639593908629456
3 0.7592857142857142 0.13705583756345194 0.7407142857142858 0.1370558375634519 0.7407142857142858 0.18654822335025395 0.7592857142857142 0.18654822335025395