3 0.5585714285714286 0.7438095238095238 0.5171428571428571 0.7438095238095238 0.5171428571428571 0.8466666666666667 0.5585714285714286 0.8466666666666667
3 0.3314285714285715 0.6904761904761905 0.26285714285714296 0.6904761904761905 0.26285714285714296 0.7876190476190477 0.3314285714285715 0.7876190476190477
3 0.43357142857142855 0.5647619047619048 0.385 0.5647619047619048 0.385 0.6238095238095238 0.43357142857142855 0.6238095238095238
3 0.6092857142857143 0.52 0.575 0.52 0.575 0.5714285714285714 0.6092857142857143 0.5714285714285714
3 0.6478571428571429 0.4257142857142858 0.6157142857142858 0.4257142857142858 0.6157142857142858 0.4647619047619049 0.6478571428571429 0.4647619047619049
3 0.6842857142857143 0.3933333333333334 0.6607142857142857 0.3933333333333334 0.6607142857142857 0.4238095238095239 0.6842857142857143 0.4238095238095239
3 0.725 0.32476190476190486 0.7078571428571429 0.32476190476190486 0.7078571428571429 0.3485714285714287 0.725 0.3485714285714287
3 0.625 0.3723809523809525 0.6014285714285714 0.3723809523809525 0.6014285714285714 0.40000000000000013 0.625 0.40000000000000013
3 0.5414285714285715 0.4666666666666668 0.5164285714285715 0.4666666666666668 0.5164285714285715 0.5019047619047619 0.5414285714285715 0.5019047619047619
3 0.5528571428571428 0.421904761904762 0.5192857142857142 0.421904761904762 0.5192857142857142 0.45714285714285724 0.5528571428571428 0.45714285714285724
11 0.5714285714285714 0.4247619047619049 0.5457142857142857 0.4247619047619049 0.5457142857142857 0.4666666666666668 0.5714285714285714 0.4666666666666668
11 0.5928571428571429 0.4057142857142858 0.5685714285714286 0.4057142857142858 0.5685714285714286 0.44285714285714295 0.5928571428571429 0.44285714285714295
3 0.6371428571428571 0.35142857142857153 0.6185714285714285 0.35142857142857153 0.6185714285714285 0.37523809523809537 0.6371428571428571 0.37523809523809537
7 0.775 0.37333333333333346 0.7685714285714286 0.37333333333333346 0.7685714285714286 0.3895238095238096 0.775 0.3895238095238096
7 0.7421428571428571 0.3723809523809525 0.7342857142857143 0.3723809523809525 0.7342857142857143 0.3904761904761906 0.7421428571428571 0.3904761904761906
7 0.48 0.3780952380952382 0.47285714285714286 0.3780952380952382 0.47285714285714286 0.3961904761904763 0.48 0.3961904761904763
7 0.505 0.37333333333333346 0.49857142857142855 0.37333333333333346 0.49857142857142855 0.3942857142857144 0.505 0.3942857142857144
4 0.5907142857142857 0.2904761904761906 0.5807142857142857 0.2904761904761906 0.5807142857142857 0.31142857142857155 0.5907142857142857 0.31142857142857155
4 0.37785714285714284 0.5314285714285715 0.3592857142857144 0.5314285714285715 0.3592857142857144 0.56 0.37785714285714284 0.56
5 0.9892857142857143 0.7695238095238097 0.9571428571428572 0.7695238095238097 0.9571428571428572 0.804761904761905 0.9892857142857143 0.804761904761905
8 0.9842857142857143 0.7590476190476193 0.9707142857142858 0.7590476190476193 0.9707142857142858 0.7923809523809526 0.9842857142857143 0.7923809523809526
8 0.3214285714285715 0.6228571428571429 0.3100000000000001 0.6228571428571429 0.3100000000000001 0.6428571428571429 0.3214285714285715 0.6428571428571429
8 0.30357142857142866 0.6209523809523809 0.2950000000000001 0.6209523809523809 0.2950000000000001 0.6419047619047619 0.30357142857142866 0.6419047619047619
5 0.32285714285714295 0.6276190476190476 0.30857142857142866 0.6276190476190476 0.30857142857142866 0.6561904761904762 0.32285714285714295 0.6561904761904762
5 0.3064285714285715 0.6257142857142857 0.2907142857142858 0.6257142857142857 0.2907142857142858 0.6523809523809524 0.3064285714285715 0.6523809523809524
3 0.29357142857142865 0.9104761904761904 0.22285714285714295 0.9104761904761904 0.22285714285714295 0.9942857142857143 0.29357142857142865 0.9942857142857143
3 0.2014285714285715 0.940952380952381 0.13357142857142865 0.940952380952381 0.13357142857142865 1 0.2014285714285715 1
4 0.7928571428571428 0.1485714285714287 0.735 0.1485714285714287 0.735 0.17714285714285724 0.7928571428571428 0.17714285714285724