7 0.3050000000000001 0.5019047619047619 0.27928571428571436 0.5019047619047619 0.27928571428571436 0.559047619047619 0.3050000000000001 0.559047619047619
7 0.3271428571428572 0.4219047619047619 0.31285714285714283 0.4219047619047619 0.3128571428571429 0.46095238095238095 0.32714285714285724 0.46095238095238095
7 0.30928571428571433 0.41904761904761906 0.29428571428571426 0.41904761904761906 0.2942857142857143 0.4580952380952381 0.3092857142857144 0.4580952380952381
7 0.265 0.4057142857142857 0.2507142857142857 0.4057142857142857 0.2507142857142857 0.44 0.265 0.44
7 0.1885714285714286 0.4342857142857143 0.17571428571428577 0.4342857142857143 0.17571428571428577 0.4714285714285714 0.18857142857142864 0.4714285714285714
7 0.23357142857142862 0.4123809523809524 0.22428571428571428 0.4123809523809524 0.22428571428571434 0.4504761904761905 0.23357142857142865 0.4504761904761905
7 0.23928571428571432 0.4123809523809524 0.22714285714285715 0.4123809523809524 0.22714285714285717 0.44761904761904764 0.23928571428571438 0.44761904761904764
7 0.26214285714285723 0.44666666666666666 0.2507142857142858 0.44666666666666666 0.2507142857142858 0.4857142857142857 0.26214285714285723 0.4857142857142857
7 0.2664285714285715 0.4523809523809524 0.25357142857142867 0.4523809523809524 0.25357142857142867 0.48 0.2664285714285715 0.48
7 0.37285714285714283 0.4400000000000001 0.3578571428571429 0.4400000000000001 0.3578571428571429 0.482857142857143 0.37285714285714283 0.482857142857143
7 0.36071428571428577 0.43142857142857155 0.3435714285714286 0.43142857142857155 0.34357142857142864 0.47142857142857153 0.3607142857142858 0.47142857142857153
7 0.28285714285714286 0.2866666666666667 0.275 0.2866666666666667 0.275 0.30952380952380953 0.28285714285714286 0.30952380952380953
11 0.35214285714285715 0.34857142857142864 0.315 0.3485714285714286 0.315 0.39809523809523817 0.35214285714285715 0.3980952380952382
3 0.48642857142857143 0.3800000000000001 0.4521428571428571 0.3800000000000001 0.4521428571428571 0.4257142857142858 0.48642857142857143 0.4257142857142858
3 0.485 0.3361904761904763 0.4542857142857143 0.3361904761904763 0.4542857142857143 0.3780952380952382 0.485 0.3780952380952382
3 0.4928571428571429 0.31047619047619057 0.4685714285714286 0.31047619047619057 0.4685714285714286 0.341904761904762 0.4928571428571429 0.341904761904762
3 0.49642857142857144 0.2885714285714287 0.4742857142857143 0.2885714285714287 0.4742857142857143 0.3161904761904763 0.49642857142857144 0.3161904761904763
3 0.5042857142857143 0.2666666666666668 0.4828571428571429 0.2666666666666668 0.4828571428571429 0.29333333333333345 0.5042857142857143 0.29333333333333345
3 0.5057142857142857 0.2552380952380953 0.4878571428571429 0.2552380952380953 0.4878571428571429 0.282857142857143 0.5057142857142857 0.282857142857143
2 0.5107142857142857 0.21904761904761913 0.4857142857142857 0.2190476190476191 0.4857142857142857 0.2666666666666668 0.5107142857142857 0.2666666666666668
2 0.48928571428571427 0.1971428571428572 0.48142857142857143 0.1971428571428572 0.48142857142857143 0.20761904761904768 0.48928571428571427 0.20761904761904768
8 0.4835714285714286 0.19428571428571434 0.48 0.19428571428571434 0.48 0.19809523809523816 0.4835714285714286 0.19809523809523816
5 0.4835714285714286 0.1952380952380953 0.47928571428571426 0.1952380952380953 0.47928571428571426 0.200952380952381 0.4835714285714286 0.200952380952381
7 0.6521428571428571 0.44571428571428584 0.6364285714285715 0.44571428571428584 0.6364285714285715 0.4895238095238095 0.6521428571428571 0.4895238095238095
8 0.6371428571428571 0.4676190476190477 0.6178571428571429 0.4676190476190477 0.6178571428571429 0.5047619047619047 0.6371428571428571 0.5047619047619047
8 0.775 0.4342857142857144 0.7564285714285715 0.4342857142857144 0.7564285714285715 0.47333333333333344 0.775 0.47333333333333344
7 0.8207142857142857 0.4380952380952382 0.8078571428571428 0.4380952380952382 0.8078571428571428 0.48666666666666675 0.8207142857142857 0.48666666666666675
7 0.7085714285714285 0.42857142857142866 0.6971428571428572 0.42857142857142866 0.6971428571428572 0.47714285714285726 0.7085714285714285 0.47714285714285726
7 0.7307142857142858 0.4161904761904763 0.7164285714285714 0.4161904761904763 0.7164285714285714 0.4542857142857144 0.7307142857142858 0.4542857142857144
7 0.735 0.4180952380952382 0.7264285714285714 0.4180952380952382 0.7264285714285714 0.44761904761904775 0.735 0.44761904761904775
7 0.7342857142857143 0.4047619047619049 0.7228571428571429 0.4047619047619049 0.7228571428571429 0.44571428571428584 0.7342857142857143 0.44571428571428584
7 0.7164285714285714 0.4257142857142858 0.7057142857142857 0.4257142857142858 0.7057142857142857 0.47333333333333344 0.7164285714285714 0.47333333333333344
7 0.7042857142857143 0.41904761904761917 0.6914285714285714 0.41904761904761917 0.6914285714285714 0.4580952380952382 0.7042857142857143 0.4580952380952382
7 0.7114285714285714 0.422857142857143 0.6985714285714286 0.422857142857143 0.6985714285714286 0.4647619047619049 0.7114285714285714 0.4647619047619049
7 0.6742857142857143 0.38666666666666677 0.6607142857142857 0.38666666666666677 0.6607142857142857 0.4247619047619049 0.6742857142857143 0.4247619047619049
7 0.6778571428571428 0.4161904761904763 0.6635714285714286 0.4161904761904763 0.6635714285714286 0.45714285714285724 0.6778571428571428 0.45714285714285724
7 0.6864285714285714 0.40285714285714297 0.6707142857142857 0.40285714285714297 0.6707142857142857 0.44285714285714295 0.6864285714285714 0.44285714285714295
7 0.6821428571428572 0.3980952380952382 0.6721428571428572 0.3980952380952382 0.6721428571428572 0.4361904761904763 0.6821428571428572 0.4361904761904763
7 0.6671428571428571 0.4238095238095239 0.6521428571428571 0.4238095238095239 0.6521428571428571 0.4647619047619049 0.6671428571428571 0.4647619047619049
7 0.6571428571428571 0.441904761904762 0.645 0.441904761904762 0.645 0.481904761904762 0.6571428571428571 0.481904761904762
7 0.6571428571428571 0.43142857142857155 0.6414285714285715 0.43142857142857155 0.6414285714285715 0.47904761904761917 0.6571428571428571 0.47904761904761917
9 0.6471428571428571 0.47714285714285726 0.5835714285714285 0.47714285714285726 0.5835714285714285 0.518095238095238 0.6471428571428571 0.518095238095238
1 0.7785714285714286 0.4485714285714287 0.7457142857142857 0.4485714285714287 0.7457142857142857 0.4780952380952382 0.7785714285714286 0.4780952380952382
7 0.77 0.36476190476190484 0.7564285714285715 0.36476190476190484 0.7564285714285715 0.40095238095238106 0.77 0.40095238095238106
3 0.9714285714285714 0.522857142857143 0.8271428571428572 0.522857142857143 0.8271428571428572 0.5980952380952383 0.9714285714285714 0.5980952380952383
8 0.9207142857142857 0.46285714285714297 0.9 0.46285714285714297 0.9 0.5190476190476193 0.9207142857142857 0.5190476190476193
8 0.9878571428571429 0.4800000000000001 0.9685714285714285 0.4800000000000001 0.9685714285714285 0.5304761904761907 0.9878571428571429 0.5304761904761907
1 0.9957142857142857 0.4952380952380955 0.955 0.4952380952380955 0.955 0.5266666666666668 0.9957142857142857 0.5266666666666668
1 0.9292857142857143 0.4809523809523811 0.8857142857142857 0.4809523809523811 0.8857142857142857 0.5133333333333335 0.9292857142857143 0.5133333333333335
7 0.9835714285714285 0.4057142857142858 0.9721428571428572 0.4057142857142858 0.9721428571428572 0.44666666666666677 0.9835714285714285 0.44666666666666677
3 1 0.3695238095238097 0.935 0.36952380952380964 0.935 0.42095238095238113 1 0.4209523809523812
3 0.9857142857142858 0.36666666666666675 0.9135714285714286 0.36666666666666675 0.9135714285714286 0.4095238095238096 0.9857142857142858 0.4095238095238096
3 0.9707142857142858 0.3485714285714287 0.8857142857142857 0.3485714285714287 0.8857142857142857 0.39523809523809533 0.9707142857142858 0.39523809523809533
11 0.95 0.3323809523809525 0.8764285714285714 0.3323809523809525 0.8764285714285714 0.3800000000000001 0.95 0.3800000000000001
3 0.9207142857142857 0.3342857142857144 0.8571428571428571 0.3342857142857144 0.8571428571428571 0.3657142857142858 0.9207142857142857 0.3657142857142858
3 0.9092857142857143 0.32285714285714295 0.8485714285714285 0.32285714285714295 0.8485714285714285 0.3561904761904763 0.9092857142857143 0.3561904761904763
3 0.895 0.3123809523809525 0.8292857142857143 0.3123809523809525 0.8292857142857143 0.3438095238095239 0.895 0.3438095238095239
3 0.8714285714285714 0.3057142857142858 0.815 0.3057142857142858 0.815 0.3314285714285715 0.8714285714285714 0.3314285714285715
3 0.8628571428571429 0.2961904761904763 0.81 0.2961904761904763 0.81 0.321904761904762 0.8628571428571429 0.321904761904762
9 0.905 0.36857142857142866 0.8721428571428571 0.36857142857142866 0.8721428571428571 0.40000000000000013 0.905 0.40000000000000013
8 0.9128571428571428 0.37523809523809537 0.8992857142857142 0.37523809523809537 0.8992857142857142 0.39714285714285724 0.9128571428571428 0.39714285714285724
7 0.7421428571428571 0.2714285714285715 0.7328571428571429 0.2714285714285715 0.7328571428571429 0.2990476190476192 0.7421428571428571 0.2990476190476192
7 0.7114285714285714 0.25714285714285723 0.705 0.25714285714285723 0.705 0.28095238095238106 0.7114285714285714 0.28095238095238106
8 0.7071428571428572 0.2695238095238096 0.6985714285714286 0.2695238095238096 0.6985714285714286 0.2857142857142858 0.7071428571428572 0.2857142857142858
2 0.6714285714285714 0.24380952380952392 0.6314285714285715 0.24380952380952392 0.6314285714285715 0.302857142857143 0.6714285714285714 0.302857142857143
3 0.7757142857142857 0.3161904761904763 0.7357142857142858 0.3161904761904763 0.7357142857142858 0.3523809523809525 0.7757142857142857 0.3523809523809525
7 0.62 0.2685714285714287 0.6121428571428571 0.2685714285714287 0.6121428571428571 0.2866666666666668 0.62 0.2866666666666668
1 0.62 0.2742857142857144 0.6121428571428571 0.2742857142857144 0.6121428571428571 0.2904761904761906 0.62 0.2904761904761906
8 0.6442857142857142 0.20857142857142869 0.6407142857142857 0.20857142857142869 0.6407142857142857 0.2180952380952382 0.6442857142857142 0.2180952380952382
5 0.645 0.21142857142857155 0.6407142857142857 0.21142857142857155 0.6407142857142857 0.21904761904761916 0.645 0.21904761904761916
5 0.6228571428571429 0.1961904761904763 0.6192857142857143 0.1961904761904763 0.6192857142857143 0.20285714285714296 0.6228571428571429 0.20285714285714296
8 0.6228571428571429 0.19333333333333344 0.6192857142857143 0.19333333333333344 0.6192857142857143 0.20000000000000012 0.6228571428571429 0.20000000000000012
7 0.5692857142857143 0.21523809523809534 0.5628571428571428 0.21523809523809534 0.5628571428571428 0.22857142857142868 0.5692857142857143 0.22857142857142868
7 0.5271428571428571 0.20761904761904773 0.5235714285714286 0.20761904761904773 0.5235714285714286 0.21904761904761916 0.5271428571428571 0.21904761904761916
3 0.54 0.17333333333333345 0.5328571428571428 0.17333333333333345 0.5328571428571428 0.18285714285714297 0.54 0.18285714285714297
3 0.5407142857142857 0.17142857142857154 0.535 0.17142857142857154 0.535 0.1800000000000001 0.5407142857142857 0.1800000000000001
3 0.5421428571428571 0.16952380952380963 0.535 0.16952380952380963 0.535 0.1780952380952382 0.5421428571428571 0.1780952380952382
3 0.55 0.1761904761904763 0.5421428571428571 0.1761904761904763 0.5421428571428571 0.18380952380952392 0.55 0.18380952380952392
2 0.5821428571428572 0.16190476190476202 0.5721428571428572 0.16190476190476202 0.5721428571428572 0.17714285714285724 0.5821428571428572 0.17714285714285724
4 0.5771428571428572 0.1400000000000001 0.5421428571428571 0.1400000000000001 0.5421428571428571 0.1580952380952382 0.5771428571428572 0.1580952380952382
3 0.5392857142857143 0.15142857142857152 0.5357142857142857 0.15142857142857152 0.5357142857142857 0.1561904761904763 0.5392857142857143 0.1561904761904763
3 0.5407142857142857 0.16190476190476202 0.535 0.16190476190476202 0.535 0.16666666666666677 0.5407142857142857 0.16666666666666677
3 0.5328571428571428 0.16285714285714298 0.5278571428571428 0.16285714285714298 0.5278571428571428 0.16761904761904772 0.5328571428571428 0.16761904761904772
3 0.535 0.16000000000000011 0.5314285714285715 0.16000000000000011 0.5314285714285715 0.16571428571428581 0.535 0.16571428571428581
3 0.5607142857142857 0.181904761904762 0.5535714285714286 0.181904761904762 0.5535714285714286 0.19047619047619058 0.5607142857142857 0.19047619047619058
3 0.5721428571428572 0.181904761904762 0.5664285714285714 0.181904761904762 0.5664285714285714 0.18952380952380962 0.5721428571428572 0.18952380952380962
3 0.57 0.20285714285714296 0.5585714285714286 0.20285714285714296 0.5585714285714286 0.21523809523809534 0.57 0.21523809523809534
4 0.57 0.1638095238095239 0.5428571428571428 0.1638095238095239 0.5428571428571428 0.17904761904761915 0.57 0.17904761904761915
3 0.5357142857142857 0.1561904761904763 0.5314285714285715 0.1561904761904763 0.5314285714285715 0.16000000000000011 0.5357142857142857 0.16000000000000011
3 0.525 0.1638095238095239 0.52 0.1638095238095239 0.52 0.16857142857142868 0.525 0.16857142857142868
3 0.5278571428571428 0.16095238095238107 0.5228571428571429 0.16095238095238107 0.5228571428571429 0.16571428571428581 0.5278571428571428 0.16571428571428581
3 0.5307142857142857 0.1580952380952382 0.525 0.1580952380952382 0.525 0.1638095238095239 0.5307142857142857 0.1638095238095239
3 0.5307142857142857 0.1542857142857144 0.5264285714285715 0.1542857142857144 0.5264285714285715 0.16095238095238107 0.5307142857142857 0.16095238095238107
2 0.52 0.1580952380952382 0.5092857142857142 0.1580952380952382 0.5092857142857142 0.1704761904761906 0.52 0.1704761904761906
2 0.5271428571428571 0.1542857142857144 0.5178571428571429 0.1542857142857144 0.5178571428571429 0.16285714285714298 0.5271428571428571 0.16285714285714298
3 0.5085714285714286 0.16476190476190486 0.5042857142857143 0.16476190476190486 0.5042857142857143 0.1704761904761906 0.5085714285714286 0.1704761904761906
3 0.4992857142857143 0.1714285714285715 0.48857142857142855 0.17142857142857149 0.48857142857142855 0.17809523809523817 0.4992857142857143 0.1780952380952382
3 0.5021428571428571 0.16571428571428581 0.49785714285714283 0.16571428571428581 0.49785714285714283 0.17142857142857154 0.5021428571428571 0.17142857142857154
3 0.49857142857142855 0.1657142857142858 0.495 0.16571428571428576 0.495 0.17333333333333342 0.49857142857142855 0.17333333333333345
3 0.495 0.1666666666666667 0.48928571428571427 0.1666666666666667 0.48928571428571427 0.17238095238095244 0.495 0.17238095238095244
4 0.5007142857142857 0.15619047619047627 0.4807142857142857 0.15619047619047624 0.4807142857142857 0.1657142857142858 0.5007142857142857 0.16571428571428581
3 0.485 0.1828571428571429 0.47785714285714287 0.1828571428571429 0.47785714285714287 0.19142857142857148 0.485 0.19142857142857148
3 0.4714285714285714 0.19047619047619052 0.465 0.19047619047619052 0.465 0.1990476190476191 0.4714285714285714 0.1990476190476191
3 0.4685714285714286 0.19333333333333338 0.4607142857142857 0.19333333333333338 0.4607142857142857 0.2028571428571429 0.4685714285714286 0.2028571428571429
3 0.4642857142857143 0.19619047619047625 0.45714285714285713 0.19619047619047625 0.45714285714285713 0.20571428571428577 0.4642857142857143 0.20571428571428577
3 0.46214285714285713 0.1990476190476191 0.45357142857142857 0.1990476190476191 0.45357142857142857 0.20952380952380958 0.46214285714285713 0.20952380952380958
3 0.4585714285714286 0.2028571428571429 0.4492857142857143 0.2028571428571429 0.4492857142857143 0.21428571428571433 0.4585714285714286 0.21428571428571433
3 0.45 0.20857142857142863 0.43785714285714283 0.20857142857142863 0.43785714285714283 0.22285714285714292 0.45 0.22285714285714292
3 0.4421428571428571 0.21523809523809528 0.43142857142857144 0.21523809523809528 0.43142857142857144 0.22952380952380957 0.4421428571428571 0.22952380952380957
3 0.44642857142857145 0.2047619047619048 0.42428571428571427 0.2047619047619048 0.42428571428571427 0.2190476190476191 0.44642857142857145 0.2190476190476191
8 0.42857142857142855 0.22476190476190483 0.42428571428571427 0.22476190476190483 0.42428571428571427 0.2371428571428572 0.42857142857142855 0.2371428571428572
1 0.42857142857142855 0.22857142857142862 0.42428571428571427 0.22857142857142862 0.42428571428571427 0.23809523809523814 0.42857142857142855 0.23809523809523814
3 0.4235714285714286 0.2114285714285715 0.41 0.2114285714285715 0.41 0.2266666666666667 0.4235714285714286 0.2266666666666667
7 0.0578571428571429 0.44857142857142857 0.030714285714285756 0.44857142857142857 0.030714285714285756 0.4876190476190476 0.0578571428571429 0.4876190476190476
3 0.07000000000000003 0.3952380952380952 3.6302030117582255e-17 0.3952380952380952 3.8357687244722454e-17 0.44 0.07000000000000003 0.44
3 0.10857142857142861 0.38571428571428573 0.026428571428571457 0.38571428571428573 0.026428571428571464 0.4238095238095238 0.10857142857142861 0.4238095238095238
3 0.13000000000000003 0.3676190476190476 0.05642857142857147 0.3676190476190476 0.05642857142857147 0.4057142857142857 0.13000000000000003 0.4057142857142857
7 0.12928571428571434 0.37523809523809526 0.11428571428571432 0.37523809523809526 0.11428571428571432 0.4095238095238095 0.12928571428571434 0.4095238095238095
3 0.14642857142857146 0.35523809523809524 0.07928571428571432 0.35523809523809524 0.07928571428571432 0.3933333333333333 0.14642857142857146 0.3933333333333333
3 0.16928571428571432 0.3504761904761905 0.1035714285714286 0.3504761904761905 0.1035714285714286 0.38285714285714284 0.16928571428571432 0.38285714285714284
7 0.1585714285714286 0.36857142857142855 0.1478571428571429 0.36857142857142855 0.1478571428571429 0.40285714285714286 0.1585714285714286 0.40285714285714286
7 0.16857142857142862 0.3647619047619048 0.15285714285714289 0.3647619047619048 0.15285714285714289 0.40285714285714286 0.16857142857142862 0.40285714285714286
3 0.18571428571428572 0.33904761904761904 0.1228571428571429 0.33904761904761904 0.1228571428571429 0.37047619047619046 0.18571428571428572 0.37047619047619046
3 0.2007142857142857 0.32857142857142857 0.15000000000000005 0.32857142857142857 0.15000000000000005 0.36 0.2007142857142857 0.36
3 0.20642857142857143 0.32285714285714284 0.16000000000000003 0.32285714285714284 0.16000000000000003 0.3476190476190476 0.20642857142857143 0.3476190476190476
3 0.21214285714285713 0.3171428571428571 0.17142857142857146 0.3171428571428571 0.17142857142857146 0.33714285714285713 0.21214285714285713 0.33714285714285713
3 0.23857142857142857 0.30095238095238097 0.18428571428571427 0.30095238095238097 0.18428571428571427 0.3314285714285714 0.23857142857142857 0.3314285714285714
3 0.24785714285714286 0.29904761904761906 0.20285714285714285 0.29904761904761906 0.20285714285714285 0.32476190476190475 0.24785714285714286 0.32476190476190475
7 0.22642857142857142 0.3295238095238095 0.21714285714285714 0.3295238095238095 0.21714285714285714 0.35428571428571426 0.22642857142857142 0.35428571428571426
7 0.23 0.32 0.21785714285714286 0.32 0.21785714285714286 0.3438095238095238 0.23 0.3438095238095238
7 0.2342857142857143 0.3180952380952381 0.2257142857142857 0.3180952380952381 0.2257142857142857 0.3438095238095238 0.2342857142857143 0.3438095238095238
3 0.2785714285714286 0.28 0.2357142857142857 0.28 0.2357142857142857 0.30095238095238097 0.2785714285714286 0.30095238095238097
3 0.29285714285714287 0.2752380952380952 0.24928571428571428 0.2752380952380952 0.24928571428571428 0.29523809523809524 0.29285714285714287 0.29523809523809524
11 0.295 0.26571428571428574 0.26 0.26571428571428574 0.26 0.2876190476190476 0.295 0.2876190476190476
3 0.30142857142857143 0.2638095238095238 0.2692857142857143 0.2638095238095238 0.2692857142857143 0.2819047619047619 0.30142857142857143 0.2819047619047619
3 0.30857142857142855 0.259047619047619 0.27714285714285714 0.259047619047619 0.27714285714285714 0.2780952380952381 0.30857142857142855 0.2780952380952381
7 0.2842857142857143 0.24952380952380954 0.2792857142857143 0.24952380952380954 0.2792857142857143 0.26571428571428574 0.2842857142857143 0.26571428571428574
7 0.3171428571428571 0.26285714285714284 0.3107142857142857 0.26285714285714284 0.3107142857142857 0.2819047619047619 0.3171428571428571 0.2819047619047619
11 0.32071428571428573 0.25047619047619046 0.2914285714285714 0.25047619047619046 0.2914285714285714 0.2733333333333333 0.32071428571428573 0.2733333333333333
7 0.335 0.2666666666666667 0.3292857142857143 0.26666666666666666 0.3292857142857143 0.28857142857142865 0.335 0.2885714285714287
7 0.3414285714285714 0.2676190476190477 0.3342857142857143 0.2676190476190477 0.3342857142857143 0.2866666666666668 0.3414285714285714 0.2866666666666668
7 0.34785714285714286 0.2685714285714287 0.3414285714285714 0.2685714285714287 0.3414285714285714 0.2876190476190477 0.34785714285714286 0.2876190476190477
7 0.35642857142857143 0.26190476190476203 0.34785714285714286 0.26190476190476203 0.34785714285714286 0.2838095238095239 0.35642857142857143 0.2838095238095239
7 0.3485714285714286 0.24380952380952392 0.345 0.24380952380952392 0.345 0.26095238095238105 0.3485714285714286 0.26095238095238105
7 0.3407142857142857 0.24761904761904774 0.335 0.24761904761904774 0.335 0.2666666666666668 0.3407142857142857 0.2666666666666668
4 0.3578571428571429 0.22476190476190483 0.3171428571428571 0.22476190476190483 0.3171428571428571 0.24666666666666673 0.3578571428571429 0.24666666666666678
4 0.3964285714285714 0.2114285714285715 0.36214285714285716 0.2114285714285715 0.36214285714285716 0.22761904761904767 0.3964285714285714 0.22761904761904767
4 0.41785714285714287 0.2028571428571429 0.3992857142857143 0.2028571428571429 0.3992857142857143 0.21523809523809528 0.41785714285714287 0.21523809523809528
4 0.43714285714285717 0.18190476190476196 0.4064285714285714 0.18190476190476196 0.4064285714285714 0.20190476190476195 0.43714285714285717 0.20190476190476195
4 0.45785714285714285 0.17238095238095244 0.4392857142857143 0.17238095238095244 0.4392857142857143 0.1885714285714286 0.45785714285714285 0.1885714285714286
4 0.47928571428571426 0.160952380952381 0.4607142857142857 0.160952380952381 0.4607142857142857 0.18000000000000005 0.47928571428571426 0.18000000000000005
7 0.385 0.23238095238095244 0.37857142857142856 0.23238095238095244 0.37857142857142856 0.24571428571428583 0.385 0.24571428571428583
7 0.3742857142857143 0.240952380952381 0.3692857142857143 0.240952380952381 0.3692857142857143 0.25333333333333347 0.3742857142857143 0.25333333333333347
7 0.37714285714285717 0.23619047619047626 0.3707142857142857 0.23619047619047626 0.3707142857142857 0.25142857142857156 0.37714285714285717 0.25142857142857156
7 0.42214285714285715 0.20571428571428577 0.4185714285714286 0.20571428571428577 0.4185714285714286 0.2190476190476191 0.42214285714285715 0.2190476190476191
7 0.45071428571428573 0.18666666666666673 0.44571428571428573 0.18666666666666673 0.44571428571428573 0.1990476190476191 0.45071428571428573 0.1990476190476191
7 0.4742857142857143 0.18190476190476196 0.47 0.18190476190476196 0.47 0.19047619047619052 0.4742857142857143 0.19047619047619052
7 0.4692857142857143 0.18190476190476196 0.4664285714285714 0.18190476190476196 0.4664285714285714 0.19238095238095243 0.4692857142857143 0.19238095238095243
7 0.46714285714285714 0.1828571428571429 0.46285714285714286 0.1828571428571429 0.46285714285714286 0.19333333333333338 0.46714285714285714 0.19333333333333338
7 0.46285714285714286 0.1885714285714286 0.46 0.1885714285714286 0.46 0.1971428571428572 0.46285714285714286 0.1971428571428572
7 0.4607142857142857 0.1885714285714286 0.45571428571428574 0.1885714285714286 0.45571428571428574 0.19809523809523816 0.4607142857142857 0.19809523809523816