3 0.6814285714285714 0.7200000000000001 0.5385714285714286 0.72 0.5385714285714286 0.8352380952380953 0.6814285714285714 0.8352380952380954
3 0.6414285714285715 0.5380952380952381 0.49857142857142855 0.5380952380952381 0.49857142857142855 0.6533333333333333 0.6414285714285715 0.6533333333333333
11 0.5735714285714286 0.40095238095238106 0.44785714285714284 0.40095238095238106 0.44785714285714284 0.5152380952380953 0.5735714285714286 0.5152380952380953
3 0.5442857142857143 0.2990476190476192 0.4407142857142857 0.2990476190476192 0.4407142857142857 0.38285714285714295 0.5442857142857143 0.38285714285714295
3 0.5014285714285714 0.18190476190476199 0.39785714285714285 0.18190476190476196 0.39785714285714285 0.26571428571428585 0.5014285714285714 0.26571428571428585
3 0.49 0.09714285714285721 0.39714285714285713 0.0971428571428572 0.39714285714285713 0.16285714285714292 0.49 0.16285714285714292
3 0.4685714285714286 0.03714285714285722 0.3757142857142857 0.037142857142857214 0.3757142857142857 0.10285714285714292 0.4685714285714286 0.10285714285714294
3 0.32785714285714285 0.07333333333333339 0.27785714285714286 0.07333333333333339 0.27785714285714286 0.16190476190476197 0.32785714285714285 0.16190476190476197
3 0.33285714285714285 0.1828571428571429 0.2835714285714286 0.1828571428571429 0.2835714285714286 0.27619047619047626 0.33285714285714285 0.2761904761904763
3 0.34714285714285714 0.2933333333333334 0.28714285714285714 0.29333333333333333 0.28714285714285714 0.40380952380952384 0.34714285714285714 0.4038095238095239
3 0.38142857142857145 0.5571428571428572 0.3171428571428572 0.5571428571428572 0.3171428571428572 0.7142857142857143 0.38142857142857145 0.7142857142857143
3 0.4407142857142858 0.7752380952380953 0.34642857142857153 0.7752380952380953 0.34642857142857153 0.98 0.4407142857142859 0.98
3 0.27428571428571435 0.7371428571428571 0.19428571428571437 0.7371428571428571 0.19428571428571437 0.9276190476190476 0.27428571428571435 0.9276190476190476
3 0.25714285714285723 0.5047619047619047 0.19357142857142864 0.5047619047619047 0.19357142857142864 0.6876190476190476 0.25714285714285723 0.6876190476190476
3 0.25142857142857145 0.32666666666666666 0.19714285714285715 0.32666666666666666 0.19714285714285718 0.44952380952380955 0.2514285714285715 0.44952380952380955
3 0.24642857142857144 0.1790476190476191 0.19214285714285714 0.1790476190476191 0.19214285714285714 0.3028571428571429 0.24642857142857144 0.3028571428571429
3 0.23357142857142857 0.07428571428571432 0.18357142857142858 0.07428571428571432 0.18357142857142858 0.1666666666666667 0.23357142857142857 0.1666666666666667
3 0.31 4.706142699580543e-17 0.2664285714285714 4.3504119626853596e-17 0.2664285714285714 0.05714285714285719 0.31 0.0571428571428572
7 0.3535714285714286 0.23809523809523814 0.33285714285714285 0.23809523809523814 0.33285714285714285 0.29142857142857154 0.3535714285714286 0.29142857142857154
9 0.39071428571428574 0.25904761904761914 0.36357142857142855 0.25904761904761914 0.36357142857142855 0.32761904761904775 0.39071428571428574 0.32761904761904775
5 0.6764285714285714 0.38761904761904775 0.655 0.38761904761904775 0.655 0.44285714285714295 0.6764285714285714 0.44285714285714295
1 0.78 0.6209523809523811 0.7542857142857143 0.6209523809523811 0.7542857142857143 0.6857142857142859 0.78 0.6857142857142859
1 0.7585714285714286 0.5590476190476192 0.7314285714285714 0.5590476190476192 0.7314285714285714 0.6228571428571431 0.7585714285714286 0.6228571428571431