3 0.3267223382045929 0.07235621521335814 0.3011482254697286 0.07235621521335812 0.3011482254697286 0.09461966604823754 0.3267223382045929 0.09461966604823756
3 0.3115866388308977 0.11317254174397039 0.2818371607515658 0.11317254174397037 0.2818371607515658 0.13265306122448986 0.3115866388308977 0.13265306122448986
3 0.14613778705636749 0.5380333951762524 0.0934237995824635 0.5380333951762524 0.0934237995824635 0.577922077922078 0.14613778705636749 0.577922077922078
3 0.08141962421711903 0.5769944341372912 0.028183716075156615 0.5769944341372912 0.028183716075156618 0.6196660482374768 0.08141962421711903 0.6196660482374768
3 0.2505219206680585 0.7680890538033395 0.2066805845511483 0.7680890538033395 0.2066805845511483 0.862708719851577 0.2505219206680585 0.862708719851577
0 0.5553235908141962 0.6938775510204084 0.5250521920668059 0.6938775510204084 0.5250521920668059 0.733766233766234 0.5553235908141962 0.733766233766234
3 0.5213987473903967 0.35714285714285726 0.4900835073068894 0.35714285714285726 0.4900835073068894 0.3886827458256031 0.5213987473903967 0.3886827458256031
7 0.5255741127348643 0.37291280148423017 0.5219206680584552 0.37291280148423017 0.5219206680584552 0.3951762523191096 0.5255741127348643 0.3951762523191096
7 0.5417536534446764 0.37012987012987025 0.5375782881002088 0.37012987012987025 0.5375782881002088 0.39053803339517634 0.5417536534446764 0.39053803339517634
11 0.5020876826722338 0.0751391465677181 0.49164926931106473 0.0751391465677181 0.49164926931106473 0.09554730983302423 0.5020876826722338 0.09554730983302423
3 0.8152400835073069 0.6215213358070503 0.7823590814196242 0.6215213358070503 0.7823590814196242 0.6660482374768091 0.8152400835073069 0.6660482374768091
5 0.8522964509394572 0.4786641929499074 0.843945720250522 0.4786641929499074 0.843945720250522 0.495361781076067 0.8522964509394572 0.495361781076067
5 0.8569937369519833 0.5259740259740262 0.8502087682672234 0.5259740259740262 0.8502087682672234 0.5408163265306124 0.8569937369519833 0.5408163265306124
3 0.7792275574112735 0.834879406307978 0.7165970772442589 0.834879406307978 0.7165970772442589 0.8905380333951765 0.7792275574112735 0.8905380333951765
3 0.7760960334029228 0.8942486085343231 0.7165970772442589 0.8942486085343231 0.7165970772442589 0.9526901669758813 0.7760960334029228 0.9526901669758813
3 0.855427974947808 0.834879406307978 0.7943632567849687 0.834879406307978 0.7943632567849687 0.8886827458256031 0.855427974947808 0.8886827458256031
10 0.6231732776617954 0.9146567717996291 0.5600208768267223 0.9146567717996291 0.5600208768267223 0.9990723562152134 0.6231732776617954 0.9990723562152134
11 0.43997912317327764 0.5844155844155844 0.39718162839248433 0.5844155844155844 0.39718162839248433 0.6261595547309833 0.43997912317327764 0.6261595547309833
3 0.9994780793319415 0.8979591836734696 0.9311064718162839 0.8979591836734696 0.9311064718162839 0.9638218923933212 0.9994780793319415 0.9638218923933214