10 0.409 0.2553333333333334 0.3995 0.2553333333333334 0.3995 0.2713333333333334 0.409 0.2713333333333334
10 0.42 0.25200000000000006 0.409 0.25200000000000006 0.409 0.2713333333333334 0.42 0.2713333333333334
3 0.433 0.2693333333333334 0.425 0.2693333333333334 0.425 0.2800000000000001 0.433 0.2800000000000001
3 0.428 0.26400000000000007 0.4195 0.26400000000000007 0.4195 0.2746666666666667 0.428 0.2746666666666667
3 0.4245 0.2706666666666667 0.405 0.2706666666666667 0.405 0.2820000000000001 0.4245 0.2820000000000001
3 0.4225 0.2833333333333334 0.4105 0.2833333333333334 0.4105 0.29866666666666675 0.4225 0.29866666666666675
3 0.4255 0.2993333333333334 0.4135 0.2993333333333334 0.4135 0.31400000000000006 0.4255 0.31400000000000006
3 0.428 0.3113333333333334 0.415 0.3113333333333334 0.415 0.33000000000000007 0.428 0.33000000000000007
3 0.4065 0.31066666666666676 0.3935 0.31066666666666676 0.3935 0.3266666666666667 0.4065 0.3266666666666667
10 0.501 0.3900000000000001 0.475 0.3900000000000001 0.475 0.4286666666666668 0.501 0.4286666666666668
11 0.4505 0.42933333333333334 0.427 0.42933333333333334 0.427 0.47 0.4505 0.47
10 0.4930000000000001 0.6366666666666667 0.4255000000000001 0.6366666666666667 0.4255000000000001 0.8086666666666666 0.4930000000000001 0.8086666666666666
10 0.4135000000000001 0.8213333333333334 0.33150000000000013 0.8213333333333334 0.33150000000000013 1 0.4135000000000001 1
2 0.445 0.23800000000000007 0.4335 0.23800000000000007 0.4335 0.25466666666666676 0.445 0.25466666666666676
8 0.5095 0.2746666666666667 0.506 0.2746666666666667 0.506 0.2820000000000001 0.5095 0.2820000000000001
5 0.51 0.2766666666666667 0.504 0.2766666666666667 0.504 0.28266666666666673 0.51 0.28266666666666673
5 0.5155 0.2740000000000001 0.51 0.2740000000000001 0.51 0.2833333333333334 0.5155 0.2833333333333334
4 0.426 0.18266666666666675 0.3985 0.18266666666666675 0.3985 0.2473333333333334 0.426 0.2473333333333334
3 0.435 0.23333333333333342 0.429 0.23333333333333342 0.429 0.24066666666666675 0.435 0.24066666666666675
4 0.438 0.19600000000000006 0.427 0.19600000000000006 0.427 0.22000000000000008 0.438 0.22000000000000008
0 0.403 0.27333333333333343 0.3965 0.27333333333333343 0.3965 0.28466666666666673 0.403 0.28466666666666673
3 0.3955 0.27933333333333343 0.3735 0.27933333333333343 0.3735 0.29066666666666674 0.3955 0.29066666666666674
11 0.2705 0.2700000000000001 0.246 0.2700000000000001 0.246 0.2873333333333334 0.2705 0.2873333333333334
3 0.243 0.28600000000000003 0.224 0.286 0.224 0.29800000000000004 0.243 0.2980000000000001
4 0.2935 0.2900000000000001 0.256 0.2900000000000001 0.256 0.32600000000000007 0.2935 0.32600000000000007
3 0.06950000000000006 0.5306666666666666 0.0005000000000000488 0.5306666666666666 0.0005000000000000505 0.568 0.06950000000000006 0.568
3 0.13550000000000006 0.4533333333333333 0.07850000000000003 0.4533333333333333 0.07850000000000004 0.4826666666666667 0.13550000000000006 0.4826666666666667
3 0.16100000000000006 0.42866666666666664 0.11600000000000003 0.42866666666666664 0.11600000000000003 0.45266666666666666 0.16100000000000006 0.45266666666666666
11 0.17800000000000005 0.4166666666666667 0.13100000000000006 0.4166666666666667 0.13100000000000006 0.44133333333333336 0.17800000000000005 0.44133333333333336
11 0.18100000000000005 0.408 0.14000000000000007 0.408 0.14000000000000007 0.43066666666666664 0.18100000000000005 0.43066666666666664
3 0.18950000000000006 0.40066666666666667 0.14450000000000005 0.40066666666666667 0.14450000000000005 0.42333333333333334 0.18950000000000006 0.42333333333333334
4 0.22600000000000006 0.3626666666666667 0.17500000000000004 0.3626666666666667 0.17500000000000004 0.39666666666666667 0.22600000000000006 0.39666666666666667
0 0.20750000000000005 0.31933333333333336 0.19250000000000006 0.31933333333333336 0.19250000000000006 0.33866666666666667 0.20750000000000005 0.33866666666666667
3 0.17800000000000005 0.326 0.15150000000000005 0.326 0.15150000000000005 0.3426666666666667 0.17800000000000005 0.3426666666666667
3 0.14400000000000004 0.3406666666666667 0.10600000000000002 0.3406666666666667 0.10600000000000002 0.35933333333333334 0.14400000000000004 0.35933333333333334
11 0.14950000000000005 0.3486666666666667 0.12350000000000003 0.3486666666666667 0.12350000000000003 0.376 0.14950000000000005 0.376
3 0.13250000000000006 0.374 0.10450000000000002 0.374 0.10450000000000002 0.39866666666666667 0.13250000000000006 0.39866666666666667
3 0.07750000000000005 0.6933333333333334 0.0005000000000000638 0.6933333333333334 0.0005000000000000663 0.7493333333333333 0.07750000000000005 0.7493333333333333
10 0.14800000000000005 0.7413333333333333 0.0005000000000000682 0.7413333333333333 0.0005000000000000742 0.872 0.14800000000000005 0.872
7 0.12100000000000008 0.82 0.10450000000000008 0.82 0.10450000000000008 0.8773333333333333 0.12100000000000008 0.8773333333333333
3 0.013000000000000055 0.5793333333333334 5.3210903422952496e-17 0.5793333333333334 5.4986641281716154e-17 0.618 0.013000000000000057 0.618
5 0.10350000000000002 0.38133333333333336 0.09400000000000003 0.38133333333333336 0.09400000000000003 0.39666666666666667 0.10350000000000002 0.39666666666666667