10 0.07254697286012526 7.895450142925886e-18 0 0 2.3968817832998826e-18 0.06957328385899816 0.07254697286012526 0.06957328385899818
10 0.26461377870563674 0.020408163265306173 0.1951983298538622 0.020408163265306162 0.1951983298538622 0.07884972170686462 0.26461377870563674 0.07884972170686462
5 0.46555323590814196 0.009276437847866519 0.4462421711899791 0.009276437847866515 0.4462421711899791 0.03246753246753257 0.46555323590814196 0.032467532467532575
5 0.5824634655532359 0.03988868274582573 0.5594989561586639 0.03988868274582572 0.5594989561586639 0.06215213358070514 0.5824634655532359 0.06215213358070514
5 0.6169102296450939 0.07884972170686469 0.6022964509394572 0.07884972170686469 0.6022964509394572 0.10667903525046396 0.6169102296450939 0.10667903525046396
9 0.5709812108559499 0.06215213358070514 0.5563674321503131 0.06215213358070514 0.5563674321503131 0.10853432282003724 0.5709812108559499 0.10853432282003724
7 0.69258872651357 1.4944553471969788e-16 0.6805845511482255 1.481390933291418e-16 0.6805845511482255 0.012987012987013137 0.69258872651357 0.012987012987013139
3 0.7359081419624217 0.06771799628942501 0.6717118997912317 0.06771799628942501 0.6717118997912317 0.12801484230055674 0.7359081419624217 0.12801484230055674
11 0.8366388308977035 0.08163265306122466 0.7776617954070981 0.08163265306122465 0.7776617954070981 0.14100185528756973 0.8366388308977035 0.14100185528756973
10 0.9984342379958246 0.05380333951762544 0.94258872651357 0.05380333951762544 0.94258872651357 0.16883116883116905 0.9984342379958246 0.16883116883116905
7 0.8308977035490606 0.4536178107606681 0.8152400835073069 0.4536178107606681 0.8152400835073069 0.48701298701298723 0.8308977035490606 0.48701298701298723
3 0.7719206680584552 0.2745825602968462 0.7233820459290188 0.27458256029684613 0.7233820459290188 0.3794063079777367 0.7719206680584552 0.3794063079777368
11 0.8846555323590815 0.26808905380333975 0.826722338204593 0.26808905380333975 0.826722338204593 0.3961038961038963 0.8846555323590815 0.3961038961038963
11 0.9504175365344467 0.295918367346939 0.8961377870563675 0.295918367346939 0.8961377870563675 0.39053803339517645 0.9504175365344467 0.39053803339517645
9 0.901356993736952 0.32560296846011155 0.8820459290187892 0.32560296846011155 0.8820459290187892 0.3821892393320967 0.901356993736952 0.3821892393320967
5 0.907098121085595 0.37662337662337686 0.8919624217118998 0.37662337662337686 0.8919624217118998 0.4174397031539891 0.907098121085595 0.4174397031539891
5 0.8836116910229646 0.4220779220779223 0.8648225469728601 0.4220779220779223 0.8648225469728601 0.4749536178107609 0.8836116910229646 0.4749536178107609
5 0.9639874739039666 0.4424860853432284 0.9457202505219207 0.4424860853432284 0.9457202505219207 0.4981447124304269 0.9639874739039666 0.4981447124304269
5 0.9953027139874739 0.2764378478664195 0.9650313152400835 0.2764378478664195 0.9650313152400835 0.3144712430426718 0.9953027139874739 0.3144712430426718
7 0.75 0.6985157699443416 0.7286012526096033 0.6985157699443416 0.7286012526096033 0.7365491651205939 0.75 0.7365491651205939
3 0.4081419624217119 0.40352504638218933 0.3559498956158664 0.40352504638218933 0.3559498956158664 0.5352504638218923 0.4081419624217119 0.5352504638218923
10 0.21398747390396666 0.7068645640074211 0.11847599164926938 0.7068645640074211 0.11847599164926938 0.8951762523191095 0.21398747390396666 0.8951762523191095