7 0.35785714285714293 0.7590476190476191 0.32785714285714296 0.7590476190476191 0.32785714285714296 0.8428571428571429 0.35785714285714293 0.8428571428571429
7 0.2928571428571429 0.8142857142857143 0.2764285714285715 0.8142857142857143 0.2764285714285715 0.8733333333333333 0.2928571428571429 0.8733333333333333
7 0.565 0.5961904761904762 0.5485714285714286 0.5961904761904762 0.5485714285714286 0.6504761904761904 0.565 0.6504761904761904
7 0.6235714285714286 0.58 0.6057142857142858 0.58 0.6057142857142858 0.64 0.6235714285714286 0.64
7 0.555 0.5457142857142857 0.5435714285714286 0.5457142857142857 0.5435714285714286 0.5914285714285714 0.555 0.5914285714285714
7 0.6807142857142857 0.5523809523809526 0.665 0.5523809523809526 0.665 0.6028571428571431 0.6807142857142857 0.6028571428571431
7 0.7478571428571429 0.5904761904761907 0.73 0.5904761904761907 0.73 0.643809523809524 0.7478571428571429 0.643809523809524
7 0.62 0.539047619047619 0.6114285714285714 0.539047619047619 0.6114285714285714 0.580952380952381 0.62 0.580952380952381
7 0.5285714285714286 0.5257142857142857 0.5171428571428571 0.5257142857142857 0.5171428571428571 0.5666666666666667 0.5285714285714286 0.5666666666666667
7 0.7257142857142858 0.46095238095238106 0.715 0.46095238095238106 0.715 0.49142857142857166 0.7257142857142858 0.49142857142857166
7 0.1585714285714286 0.4990476190476191 0.14571428571428577 0.4990476190476191 0.14571428571428577 0.5428571428571428 0.1585714285714286 0.5428571428571428
1 0.1914285714285715 0.48857142857142855 0.1785714285714286 0.48857142857142855 0.1785714285714286 0.5142857142857142 0.1914285714285715 0.5142857142857142
1 0.19714285714285723 0.4895238095238095 0.18785714285714294 0.4895238095238095 0.18785714285714294 0.5171428571428571 0.19714285714285723 0.5171428571428571
1 0.27357142857142863 0.4828571428571429 0.26500000000000007 0.4828571428571429 0.26500000000000007 0.5076190476190476 0.27357142857142863 0.5076190476190476
1 0.2685714285714286 0.4857142857142857 0.25714285714285723 0.4857142857142857 0.25714285714285723 0.5104761904761905 0.2685714285714286 0.5104761904761905
1 0.26214285714285723 0.4876190476190476 0.25000000000000006 0.4876190476190476 0.25000000000000006 0.5104761904761905 0.26214285714285723 0.5104761904761905
1 0.24714285714285722 0.49047619047619045 0.2357142857142858 0.49047619047619045 0.2357142857142858 0.5123809523809524 0.24714285714285722 0.5123809523809524
1 0.23785714285714293 0.48857142857142855 0.21928571428571436 0.48857142857142855 0.21928571428571436 0.5114285714285715 0.23785714285714293 0.5114285714285715
1 0.2850000000000001 0.5257142857142857 0.2635714285714287 0.5257142857142857 0.2635714285714287 0.5485714285714286 0.2850000000000001 0.5485714285714286
1 0.2828571428571429 0.5361904761904762 0.25285714285714295 0.5361904761904762 0.25285714285714295 0.5580952380952381 0.2828571428571429 0.5580952380952381
1 0.2850000000000001 0.5371428571428571 0.25714285714285723 0.5371428571428571 0.25714285714285723 0.5628571428571428 0.2850000000000001 0.5628571428571428
1 0.3064285714285715 0.5971428571428572 0.2700000000000001 0.5971428571428572 0.2700000000000001 0.6314285714285715 0.3064285714285715 0.6314285714285715
5 0.29357142857142865 0.5866666666666667 0.2635714285714287 0.5866666666666667 0.2635714285714287 0.6180952380952381 0.29357142857142865 0.6180952380952381
1 0.3050000000000001 0.5647619047619048 0.2757142857142858 0.5647619047619048 0.2757142857142858 0.5904761904761905 0.3050000000000001 0.5904761904761905
1 0.3121428571428572 0.5752380952380952 0.2764285714285715 0.5752380952380952 0.2764285714285715 0.6038095238095238 0.3121428571428572 0.6038095238095238
5 0.2164285714285715 0.48857142857142855 0.20428571428571438 0.48857142857142855 0.20428571428571438 0.5133333333333333 0.2164285714285715 0.5133333333333333
8 0.6121428571428571 0.5361904761904762 0.6064285714285714 0.5361904761904762 0.6064285714285714 0.5552380952380952 0.6121428571428571 0.5552380952380952
8 0.6042857142857143 0.5304761904761904 0.5957142857142858 0.5304761904761904 0.5957142857142858 0.5514285714285714 0.6042857142857143 0.5514285714285714
7 0.6257142857142857 0.5295238095238095 0.615 0.5295238095238095 0.615 0.5495238095238095 0.6257142857142857 0.5495238095238095
8 0.7592857142857142 0.5895238095238098 0.7442857142857143 0.5895238095238098 0.7442857142857143 0.6228571428571431 0.7592857142857142 0.6228571428571431
1 0.8035714285714286 0.6228571428571431 0.7685714285714286 0.6228571428571431 0.7685714285714286 0.6514285714285717 0.8035714285714286 0.6514285714285717
5 0.715 0.4857142857142858 0.6921428571428572 0.4857142857142858 0.6921428571428572 0.504761904761905 0.715 0.504761904761905
1 0.7021428571428572 0.4838095238095239 0.6814285714285714 0.4838095238095239 0.6814285714285714 0.5009523809523811 0.7021428571428572 0.5009523809523811
1 0.6971428571428572 0.47523809523809535 0.6728571428571428 0.47523809523809535 0.6728571428571428 0.4980952380952383 0.6971428571428572 0.4980952380952383
3 0.5664285714285714 0.401904761904762 0.5464285714285714 0.401904761904762 0.5464285714285714 0.4209523809523811 0.5664285714285714 0.4209523809523811
3 0.5564285714285714 0.3961904761904763 0.535 0.3961904761904763 0.535 0.4123809523809525 0.5564285714285714 0.4123809523809525
0 0.5592857142857143 0.4514285714285715 0.5235714285714286 0.4514285714285715 0.5235714285714286 0.49142857142857144 0.5592857142857143 0.49142857142857144
7 0.8328571428571429 0.7876190476190479 0.8042857142857143 0.7876190476190479 0.8042857142857143 0.8952380952380955 0.8328571428571429 0.8952380952380955
1 0.31785714285714295 0.4847619047619048 0.28928571428571437 0.4847619047619048 0.28928571428571437 0.5066666666666667 0.31785714285714295 0.5066666666666667
1 0.23928571428571438 0.49333333333333335 0.22928571428571437 0.49333333333333335 0.22928571428571437 0.5114285714285715 0.23928571428571438 0.5114285714285715
1 0.43 0.5190476190476191 0.4057142857142857 0.5190476190476191 0.4057142857142857 0.539047619047619 0.43 0.539047619047619
1 0.3557142857142858 0.520952380952381 0.33285714285714296 0.520952380952381 0.33285714285714296 0.5485714285714286 0.3557142857142858 0.5485714285714286
5 0.3207142857142858 0.6209523809523809 0.3014285714285715 0.6209523809523809 0.3014285714285715 0.6571428571428571 0.3207142857142858 0.6571428571428571
6 0.5207142857142857 0.4542857142857144 0.4957142857142857 0.4542857142857144 0.4957142857142857 0.48857142857142855 0.5207142857142857 0.48857142857142855
3 0.5664285714285714 0.4247619047619049 0.5385714285714286 0.4247619047619049 0.5385714285714286 0.44476190476190486 0.5664285714285714 0.44476190476190486
1 0.6671428571428571 0.4685714285714287 0.6414285714285715 0.4685714285714287 0.6414285714285715 0.4847619047619049 0.6671428571428571 0.4847619047619049