3 0.03500000000000007 0.7485714285714286 6.875517029498712e-17 0.7485714285714286 7.330385840610586e-17 0.8476190476190476 0.03500000000000008 0.8476190476190476
3 0.07714285714285721 0.7428571428571429 0.03500000000000007 0.7428571428571429 0.03500000000000007 0.8457142857142858 0.07714285714285722 0.8457142857142858
3 0.11428571428571437 0.7428571428571429 0.07571428571428578 0.7428571428571429 0.07571428571428579 0.8428571428571429 0.11428571428571437 0.8428571428571429
3 0.1407142857142858 0.7552380952380953 0.11214285714285722 0.7552380952380953 0.11214285714285722 0.8485714285714285 0.1407142857142858 0.8485714285714285
11 0.17642857142857152 0.7571428571428571 0.1407142857142858 0.7571428571428571 0.1407142857142858 0.8438095238095238 0.17642857142857152 0.8438095238095238
3 0.2157142857142858 0.7390476190476191 0.18000000000000008 0.7390476190476191 0.18000000000000008 0.839047619047619 0.2157142857142858 0.839047619047619
3 0.24785714285714294 0.7380952380952381 0.21357142857142866 0.7380952380952381 0.21357142857142866 0.839047619047619 0.24785714285714294 0.839047619047619
3 0.36642857142857144 0.7114285714285714 0.32785714285714296 0.7114285714285714 0.32785714285714296 0.8066666666666666 0.36642857142857144 0.8066666666666666
11 0.0621428571428572 0.6171428571428571 5.668365184624892e-17 0.6171428571428571 5.887052113044062e-17 0.6647619047619048 0.0621428571428572 0.6647619047619048
3 0.11357142857142861 0.5628571428571428 0.04214285714285719 0.5628571428571428 0.0421428571428572 0.6104761904761905 0.11357142857142861 0.6104761904761905
3 0.4585714285714286 0.5342857142857143 0.38785714285714284 0.5342857142857143 0.38785714285714284 0.5828571428571429 0.4585714285714286 0.5828571428571429
3 0.54 0.5247619047619048 0.46785714285714286 0.5247619047619048 0.46785714285714286 0.5723809523809524 0.54 0.5723809523809524
4 0.3757142857142857 0.5295238095238095 0.16142857142857148 0.5295238095238095 0.16142857142857148 0.660952380952381 0.3757142857142857 0.660952380952381
3 0.6621428571428571 0.6952380952380952 0.6221428571428571 0.6952380952380952 0.6221428571428571 0.7885714285714286 0.6621428571428571 0.7885714285714286
3 0.7385714285714285 0.6742857142857145 0.7028571428571428 0.6742857142857145 0.7028571428571428 0.7733333333333335 0.7385714285714285 0.7733333333333335
3 0.7764285714285715 0.6790476190476192 0.7421428571428571 0.6790476190476192 0.7421428571428571 0.7666666666666668 0.7764285714285715 0.7666666666666668
3 0.8121428571428572 0.6800000000000003 0.7778571428571428 0.6800000000000003 0.7778571428571428 0.7742857142857145 0.8121428571428572 0.7742857142857145
3 0.8557142857142858 0.6761904761904765 0.8142857142857143 0.6761904761904765 0.8142857142857143 0.7676190476190479 0.8557142857142858 0.7676190476190479
3 0.8935714285714286 0.6666666666666669 0.855 0.6666666666666669 0.855 0.764761904761905 0.8935714285714286 0.764761904761905
3 0.9278571428571428 0.6609523809523812 0.8935714285714286 0.6609523809523812 0.8935714285714286 0.7571428571428573 0.9278571428571428 0.7571428571428573
3 0.9664285714285714 0.6561904761904764 0.9242857142857143 0.6561904761904764 0.9242857142857143 0.7561904761904764 0.9664285714285714 0.7561904761904764
10 0.6457142857142857 0.5057142857142857 0.5478571428571428 0.5057142857142857 0.5478571428571428 0.5695238095238095 0.6457142857142857 0.5695238095238095
11 0.6971428571428572 0.5609523809523811 0.6271428571428571 0.560952380952381 0.6271428571428571 0.600952380952381 0.6971428571428572 0.6009523809523811
3 0.7471428571428571 0.5152380952380955 0.6807142857142857 0.5152380952380955 0.6807142857142857 0.5580952380952383 0.7471428571428571 0.5580952380952383
11 0.8428571428571429 0.5466666666666669 0.7785714285714286 0.5466666666666669 0.7785714285714286 0.5933333333333336 0.8428571428571429 0.5933333333333336
3 0.8428571428571429 0.5066666666666669 0.7707142857142857 0.5066666666666669 0.7707142857142857 0.5495238095238097 0.8428571428571429 0.5495238095238097
3 0.8978571428571429 0.45523809523809533 0.8557142857142858 0.45523809523809533 0.8557142857142858 0.5457142857142859 0.8978571428571429 0.5457142857142859
5 0.9614285714285714 0.4257142857142858 0.9435714285714286 0.4257142857142858 0.9435714285714286 0.4695238095238096 0.9614285714285714 0.4695238095238096
3 0.7714285714285715 0.034285714285714405 0.7142857142857143 0.034285714285714405 0.7142857142857143 0.0723809523809525 0.7714285714285715 0.07238095238095252
11 0.8414285714285714 0.02761904761904775 0.7842857142857143 0.027619047619047748 0.7842857142857143 0.06952380952380965 0.8414285714285714 0.06952380952380965
3 0.9121428571428571 0.036190476190476335 0.8557142857142858 0.03619047619047633 0.8557142857142858 0.07428571428571444 0.9121428571428571 0.07428571428571445