3 0.5871428571428572 0.012380952380952473 0.5685714285714286 0.012380952380952472 0.5685714285714286 0.060000000000000095 0.5871428571428572 0.060000000000000095
3 0.6 0.10666666666666677 0.5821428571428572 0.10666666666666677 0.5821428571428572 0.1504761904761906 0.6 0.1504761904761906
5 0.6214285714285714 0.16571428571428581 0.615 0.16571428571428581 0.615 0.1866666666666668 0.6214285714285714 0.1866666666666668
5 0.645 0.23333333333333345 0.6307142857142857 0.23333333333333345 0.6307142857142857 0.2400000000000001 0.645 0.2400000000000001
5 0.6471428571428571 0.2400000000000001 0.6314285714285715 0.2400000000000001 0.6314285714285715 0.2504761904761906 0.6471428571428571 0.2504761904761906
5 0.6442857142857142 0.30476190476190484 0.6371428571428571 0.30476190476190484 0.6371428571428571 0.3295238095238096 0.6442857142857142 0.3295238095238096
5 0.6621428571428571 0.35333333333333344 0.6471428571428571 0.35333333333333344 0.6471428571428571 0.36666666666666675 0.6621428571428571 0.36666666666666675
3 0.6157142857142858 0.2723809523809525 0.595 0.2723809523809525 0.595 0.32476190476190486 0.6157142857142858 0.32476190476190486
3 0.65 0.4323809523809525 0.6207142857142857 0.4323809523809525 0.6207142857142857 0.481904761904762 0.65 0.481904761904762
3 0.5578571428571428 0.3980952380952382 0.5371428571428571 0.3980952380952382 0.5371428571428571 0.4523809523809525 0.5578571428571428 0.4523809523809525
3 0.5221428571428571 0.47333333333333344 0.475 0.47333333333333344 0.475 0.5057142857142857 0.5221428571428571 0.5057142857142857
7 0.6692857142857143 0.5371428571428573 0.6607142857142857 0.5371428571428571 0.6607142857142857 0.5495238095238096 0.6692857142857143 0.5495238095238097
11 0.7092857142857143 0.4723809523809525 0.6921428571428572 0.4723809523809525 0.6921428571428572 0.5142857142857145 0.7092857142857143 0.5142857142857145
5 0.7292857142857143 0.4942857142857145 0.7221428571428572 0.4942857142857145 0.7221428571428572 0.5209523809523812 0.7292857142857143 0.5209523809523812
5 0.7478571428571429 0.4980952380952383 0.74 0.4980952380952383 0.74 0.5200000000000002 0.7478571428571429 0.5200000000000002
3 0.8214285714285714 0.5400000000000003 0.7814285714285715 0.5400000000000003 0.7814285714285715 0.5704761904761907 0.8214285714285714 0.5704761904761907
3 0.8042857142857143 0.5571428571428574 0.7542857142857143 0.5571428571428574 0.7542857142857143 0.5971428571428573 0.8042857142857143 0.5971428571428573
5 0.83 0.5171428571428573 0.8221428571428572 0.5171428571428573 0.8221428571428572 0.5380952380952383 0.83 0.5380952380952383
3 0.8792857142857143 0.5523809523809526 0.8307142857142857 0.5523809523809526 0.8307142857142857 0.5847619047619049 0.8792857142857143 0.5847619047619049
10 0.9464285714285714 0.5600000000000002 0.8878571428571429 0.5600000000000002 0.8878571428571429 0.5971428571428573 0.9464285714285714 0.5971428571428573
3 1 0.5771428571428574 0.9692857142857143 0.5771428571428574 0.9692857142857143 0.6104761904761907 1 0.6104761904761907
5 0.8392857142857143 0.6276190476190479 0.8171428571428572 0.6276190476190479 0.8171428571428572 0.6390476190476193 0.8392857142857143 0.6390476190476193
8 0.8335714285714285 0.6276190476190479 0.825 0.6276190476190479 0.825 0.6380952380952383 0.8335714285714285 0.6380952380952383
8 0.8392857142857143 0.6295238095238097 0.8314285714285714 0.6295238095238097 0.8314285714285714 0.6390476190476193 0.8392857142857143 0.6390476190476193
10 0.8835714285714286 0.8952380952380955 0.8271428571428572 0.8952380952380955 0.8271428571428572 0.9323809523809526 0.8835714285714286 0.9323809523809526
3 0.7 0.8333333333333335 0.65 0.8333333333333334 0.65 0.8657142857142858 0.7 0.8657142857142859
0 0.6792857142857144 0.8676190476190477 0.6407142857142857 0.8676190476190476 0.6407142857142858 0.8933333333333334 0.6792857142857145 0.8933333333333335
5 0.5828571428571431 0.9571428571428572 0.5621428571428573 0.9571428571428572 0.5621428571428573 0.9704761904761905 0.5828571428571431 0.9704761904761905
5 0.547857142857143 0.9114285714285715 0.5235714285714287 0.9114285714285715 0.5235714285714287 0.9247619047619048 0.547857142857143 0.9247619047619048
5 0.5064285714285716 0.8761904761904762 0.5021428571428571 0.8761904761904762 0.5021428571428572 0.9019047619047619 0.5064285714285716 0.9019047619047619
3 0.5264285714285715 0.8171428571428572 0.47214285714285714 0.8171428571428572 0.47214285714285714 0.8495238095238096 0.5264285714285715 0.8495238095238096
3 0.39571428571428574 0.7914285714285715 0.3428571428571429 0.7914285714285715 0.3428571428571429 0.8247619047619048 0.39571428571428574 0.8247619047619048
3 0.3121428571428572 0.7723809523809524 0.25500000000000006 0.7723809523809524 0.25500000000000006 0.8076190476190476 0.3121428571428572 0.8076190476190476
3 0.2542857142857144 0.7590476190476191 0.2014285714285715 0.7590476190476191 0.2014285714285715 0.7952380952380952 0.2542857142857144 0.7952380952380952
5 0.3107142857142858 0.7295238095238096 0.2900000000000001 0.7295238095238096 0.2900000000000001 0.7409523809523809 0.3107142857142858 0.7409523809523809
5 0.3607142857142858 0.7209523809523809 0.3407142857142858 0.7209523809523809 0.3407142857142858 0.7323809523809524 0.3607142857142858 0.7323809523809524
8 0.35357142857142865 0.72 0.3450000000000001 0.72 0.3450000000000001 0.7304761904761905 0.35357142857142865 0.7304761904761905
8 0.30357142857142866 0.7295238095238096 0.2942857142857144 0.7295238095238096 0.2942857142857144 0.74 0.30357142857142866 0.74
3 0.04428571428571435 0.7180952380952381 6.595597761122173e-17 0.7180952380952381 6.748678611015593e-17 0.7514285714285714 0.04428571428571436 0.7514285714285714
3 0.035714285714285775 0.6466666666666666 5.939536975864662e-17 0.6466666666666666 6.136355211441916e-17 0.6895238095238095 0.035714285714285775 0.6895238095238095
10 0.10857142857142861 0.5904761904761905 0.0471428571428572 0.5904761904761905 0.0471428571428572 0.6257142857142857 0.10857142857142861 0.6257142857142857
3 0.04214285714285719 0.5076190476190476 4.662405313896709e-17 0.5076190476190476 4.8023649480849786e-17 0.5380952380952381 0.04214285714285719 0.5380952380952381
3 0.0578571428571429 0.4695238095238095 0.008571428571428615 0.4695238095238095 0.008571428571428615 0.5009523809523809 0.0578571428571429 0.5009523809523809
10 0.07428571428571433 0.43333333333333335 0.019285714285714326 0.43333333333333335 0.019285714285714326 0.46476190476190476 0.07428571428571433 0.46476190476190476
8 0.037857142857142895 0.4123809523809524 0.03357142857142861 0.4123809523809524 0.03357142857142861 0.4238095238095238 0.037857142857142895 0.4238095238095238
8 0.03357142857142861 0.4114285714285714 0.028571428571428612 0.4114285714285714 0.028571428571428612 0.4219047619047619 0.03357142857142861 0.4219047619047619
5 0.044285714285714324 0.41333333333333333 0.02357142857142861 0.41333333333333333 0.02357142857142861 0.4238095238095238 0.044285714285714324 0.4238095238095238
8 0.11214285714285718 0.4276190476190476 0.1028571428571429 0.4276190476190476 0.1028571428571429 0.439047619047619 0.11214285714285718 0.439047619047619
5 0.1178571428571429 0.4276190476190476 0.09857142857142862 0.4276190476190476 0.09857142857142862 0.44 0.1178571428571429 0.44
3 0.14428571428571432 0.4542857142857143 0.09428571428571432 0.4542857142857143 0.09428571428571432 0.4866666666666667 0.14428571428571432 0.4866666666666667
3 0.1178571428571429 0.4828571428571429 0.07357142857142861 0.4828571428571429 0.07357142857142861 0.5114285714285715 0.1178571428571429 0.5114285714285715
10 0.09571428571428575 0.52 0.04428571428571434 0.52 0.04428571428571434 0.5542857142857143 0.09571428571428575 0.5542857142857143
2 0.19785714285714293 0.5190476190476191 0.09571428571428575 0.5190476190476191 0.09571428571428575 0.579047619047619 0.19785714285714293 0.579047619047619
3 0.17428571428571432 0.49333333333333335 0.13071428571428576 0.49333333333333335 0.13071428571428576 0.5238095238095238 0.17428571428571432 0.5238095238095238
10 0.21285714285714294 0.4657142857142857 0.1578571428571429 0.4657142857142857 0.1578571428571429 0.4980952380952381 0.21285714285714294 0.4980952380952381
3 0.2314285714285715 0.5085714285714286 0.18857142857142864 0.5085714285714286 0.18857142857142864 0.54 0.2314285714285715 0.54
3 0.16571428571428576 0.40285714285714286 0.1185714285714286 0.40285714285714286 0.1185714285714286 0.43333333333333335 0.16571428571428576 0.43333333333333335
3 0.21857142857142858 0.4142857142857143 0.16857142857142862 0.4142857142857143 0.16857142857142862 0.44 0.21857142857142858 0.44
5 0.28 0.39714285714285713 0.27285714285714285 0.39714285714285713 0.27285714285714285 0.4228571428571429 0.28 0.4228571428571429
10 0.30571428571428577 0.5114285714285715 0.24000000000000007 0.5114285714285715 0.24000000000000007 0.5542857142857143 0.30571428571428577 0.5542857142857143
8 0.28357142857142864 0.6228571428571429 0.27357142857142863 0.6228571428571429 0.27357142857142863 0.6342857142857142 0.28357142857142864 0.6342857142857142
8 0.4114285714285714 0.520952380952381 0.40214285714285714 0.520952380952381 0.40214285714285714 0.5323809523809524 0.4114285714285714 0.5323809523809524
8 0.4471428571428571 0.6057142857142858 0.44 0.6057142857142858 0.44 0.6161904761904762 0.4471428571428571 0.6161904761904762
8 0.44142857142857145 0.6066666666666667 0.4342857142857143 0.6066666666666667 0.4342857142857143 0.6152380952380953 0.44142857142857145 0.6152380952380953
5 0.2871428571428572 0.6247619047619047 0.2664285714285715 0.6247619047619047 0.2664285714285715 0.6342857142857142 0.2871428571428572 0.6342857142857142
5 0.44857142857142857 0.6066666666666667 0.42928571428571427 0.6066666666666667 0.42928571428571427 0.6161904761904762 0.44857142857142857 0.6161904761904762
5 0.4135714285714286 0.5190476190476191 0.3964285714285714 0.5190476190476191 0.3964285714285714 0.5304761904761904 0.4135714285714286 0.5304761904761904
7 0.4735714285714286 0.4980952380952381 0.46785714285714286 0.4980952380952381 0.46785714285714286 0.5076190476190476 0.4735714285714286 0.5076190476190476
3 0.4685714285714286 0.4685714285714287 0.42428571428571427 0.4685714285714287 0.42428571428571427 0.49714285714285716 0.4685714285714286 0.49714285714285716
3 0.41714285714285715 0.4533333333333334 0.3692857142857143 0.4533333333333334 0.3692857142857143 0.4847619047619049 0.41714285714285715 0.4847619047619049
3 0.3578571428571429 0.440952380952381 0.3092857142857143 0.44095238095238093 0.30928571428571433 0.4733333333333334 0.35785714285714293 0.47333333333333344
5 0.335 0.4114285714285715 0.3264285714285714 0.4114285714285714 0.3264285714285714 0.4371428571428572 0.335 0.4371428571428573
5 0.34714285714285714 0.4123809523809525 0.33714285714285713 0.4123809523809525 0.33714285714285713 0.43904761904761913 0.34714285714285714 0.43904761904761913