3 0.6728571428571428 0.5514285714285715 0.59 0.5514285714285714 0.59 0.6333333333333334 0.6728571428571428 0.6333333333333335
3 0.8085714285714286 0.6723809523809526 0.7142857142857143 0.6723809523809526 0.7142857142857143 0.7761904761904764 0.8085714285714286 0.7761904761904764
3 0.9664285714285714 0.5828571428571431 0.9028571428571428 0.5828571428571431 0.9028571428571428 0.6571428571428574 0.9664285714285714 0.6571428571428574
3 0.8692857142857143 0.4761904761904763 0.8114285714285714 0.4761904761904763 0.8114285714285714 0.542857142857143 0.8692857142857143 0.542857142857143
3 0.7464285714285714 0.45714285714285724 0.69 0.45714285714285724 0.69 0.5076190476190479 0.7464285714285714 0.5076190476190479
3 0.32428571428571434 0.4580952380952381 0.2907142857142858 0.4580952380952381 0.2907142857142858 0.5066666666666667 0.32428571428571434 0.5066666666666667
3 0.24214285714285713 0.38571428571428573 0.19785714285714287 0.38571428571428573 0.19785714285714287 0.42 0.24214285714285713 0.42
3 0.16642857142857148 0.4685714285714286 0.11071428571428575 0.4685714285714286 0.11071428571428575 0.5247619047619048 0.16642857142857148 0.5247619047619048
3 0.565 0.3361904761904763 0.545 0.3361904761904763 0.545 0.37142857142857155 0.565 0.37142857142857155
3 0.5985714285714285 0.341904761904762 0.5778571428571428 0.341904761904762 0.5778571428571428 0.3761904761904763 0.5985714285714285 0.3761904761904763
3 0.63 0.34095238095238106 0.6042857142857143 0.34095238095238106 0.6042857142857143 0.37523809523809537 0.63 0.37523809523809537
3 0.48214285714285715 0.33714285714285724 0.4564285714285714 0.33714285714285724 0.4564285714285714 0.37142857142857155 0.48214285714285715 0.37142857142857155
3 0.4114285714285714 0.32095238095238104 0.39571428571428574 0.32095238095238104 0.39571428571428574 0.3504761904761906 0.4114285714285714 0.3504761904761906
3 0.6635714285714286 0.341904761904762 0.6364285714285715 0.341904761904762 0.6364285714285715 0.3780952380952382 0.6635714285714286 0.3780952380952382
3 0.5128571428571429 0.3323809523809525 0.49142857142857144 0.3323809523809525 0.49142857142857144 0.37523809523809537 0.5128571428571429 0.37523809523809537
3 0.16357142857142862 0.3304761904761905 0.1342857142857143 0.3304761904761905 0.1342857142857143 0.36 0.16357142857142862 0.36
3 0.2057142857142857 0.35904761904761906 0.17000000000000004 0.35904761904761906 0.17000000000000004 0.38857142857142857 0.2057142857142857 0.38857142857142857
3 0.12357142857142861 0.2923809523809524 0.09928571428571432 0.2923809523809524 0.09928571428571432 0.319047619047619 0.12357142857142861 0.319047619047619
3 0.08000000000000002 0.26095238095238094 0.05714285714285716 0.26095238095238094 0.05714285714285716 0.28285714285714286 0.08000000000000002 0.28285714285714286
11 0.13142857142857148 0.42 0.08428571428571432 0.42 0.08428571428571432 0.48095238095238096 0.13142857142857148 0.48095238095238096
3 0.09571428571428575 0.4038095238095238 0.059285714285714324 0.4038095238095238 0.059285714285714324 0.44571428571428573 0.09571428571428575 0.44571428571428573
3 0.08428571428571432 0.36857142857142855 0.04642857142857147 0.36857142857142855 0.04642857142857147 0.4104761904761905 0.08428571428571432 0.4104761904761905
3 0.03071428571428575 0.3514285714285714 3.227819063466952e-17 0.3514285714285714 3.429011037612589e-17 0.3952380952380952 0.030714285714285756 0.3952380952380952
3 0.1521428571428572 0.31333333333333335 0.1228571428571429 0.31333333333333335 0.1228571428571429 0.34095238095238095 0.1521428571428572 0.34095238095238095
3 0.10642857142857147 0.2742857142857143 0.08214285714285716 0.2742857142857143 0.08214285714285716 0.2980952380952381 0.10642857142857147 0.2980952380952381
3 0.34142857142857147 0.4047619047619048 0.2907142857142857 0.40476190476190477 0.29071428571428576 0.4428571428571429 0.3414285714285715 0.44285714285714295
3 0.3007142857142857 0.38095238095238093 0.26142857142857145 0.38095238095238093 0.26142857142857145 0.41333333333333333 0.3007142857142857 0.41333333333333333
3 0.48857142857142855 0.4104761904761906 0.4235714285714286 0.4104761904761906 0.4235714285714286 0.45714285714285724 0.48857142857142855 0.45714285714285724
3 0.45285714285714285 0.40095238095238106 0.395 0.40095238095238106 0.395 0.44285714285714295 0.45285714285714285 0.44285714285714295
3 0.4421428571428571 0.38571428571428584 0.3842857142857143 0.38571428571428584 0.3842857142857143 0.42761904761904773 0.4421428571428571 0.42761904761904773
3 0.4135714285714286 0.3723809523809525 0.3578571428571429 0.3723809523809525 0.3578571428571429 0.4076190476190477 0.4135714285714286 0.4076190476190477
3 0.37857142857142856 0.35238095238095246 0.32285714285714284 0.3523809523809524 0.32285714285714284 0.3876190476190477 0.37857142857142856 0.38761904761904775
3 0.3407142857142857 0.3266666666666667 0.29214285714285715 0.32666666666666666 0.29214285714285715 0.36190476190476195 0.3407142857142857 0.361904761904762
3 0.21285714285714286 0.31523809523809526 0.16214285714285717 0.31523809523809526 0.16214285714285717 0.3419047619047619 0.21285714285714286 0.3419047619047619
3 0.7035714285714286 0.41333333333333344 0.6421428571428571 0.41333333333333344 0.6421428571428571 0.44476190476190486 0.7035714285714286 0.44476190476190486
3 0.7478571428571429 0.39523809523809533 0.7028571428571428 0.39523809523809533 0.7028571428571428 0.42952380952380964 0.7478571428571429 0.42952380952380964
3 0.8185714285714286 0.3609523809523811 0.78 0.3609523809523811 0.78 0.3923809523809525 0.8185714285714286 0.3923809523809525
3 0.8478571428571429 0.341904761904762 0.8128571428571428 0.341904761904762 0.8128571428571428 0.37047619047619057 0.8478571428571429 0.37047619047619057
3 0.8828571428571429 0.32476190476190486 0.8485714285714285 0.32476190476190486 0.8485714285714285 0.3504761904761906 0.8828571428571429 0.3504761904761906
3 0.9057142857142857 0.3123809523809525 0.8757142857142857 0.3123809523809525 0.8757142857142857 0.341904761904762 0.9057142857142857 0.341904761904762
3 0.9214285714285714 0.3000000000000001 0.8978571428571429 0.3000000000000001 0.8978571428571429 0.3323809523809525 0.9214285714285714 0.3323809523809525
3 0.8771428571428571 0.41714285714285726 0.8285714285714286 0.41714285714285726 0.8285714285714286 0.4580952380952382 0.8771428571428571 0.4580952380952382
3 0.8657142857142858 0.3895238095238096 0.8242857142857143 0.3895238095238096 0.8242857142857143 0.422857142857143 0.8657142857142858 0.422857142857143
3 0.9878571428571429 0.3885714285714287 0.9471428571428572 0.3885714285714287 0.9471428571428572 0.42952380952380964 0.9878571428571429 0.42952380952380964
10 0.9521428571428572 0.3885714285714287 0.8678571428571429 0.3885714285714287 0.8678571428571429 0.4780952380952382 0.9521428571428572 0.4780952380952382
2 0.9992857142857143 0.30285714285714305 0.9578571428571429 0.302857142857143 0.9578571428571429 0.37238095238095253 0.9992857142857143 0.3723809523809526
7 0.6185714285714285 0.4180952380952382 0.605 0.4180952380952382 0.605 0.44952380952380966 0.6185714285714285 0.44952380952380966
7 0.44357142857142856 0.362857142857143 0.4342857142857143 0.362857142857143 0.4342857142857143 0.38666666666666677 0.44357142857142856 0.38666666666666677
7 0.4307142857142857 0.3600000000000001 0.4228571428571429 0.3600000000000001 0.4228571428571429 0.38571428571428584 0.4307142857142857 0.38571428571428584
7 0.2564285714285715 0.6180952380952381 0.23928571428571438 0.6180952380952381 0.23928571428571438 0.6666666666666666 0.2564285714285715 0.6666666666666666
8 0.21285714285714294 0.5914285714285714 0.1950000000000001 0.5914285714285714 0.1950000000000001 0.6266666666666667 0.21285714285714294 0.6266666666666667
5 0.22428571428571437 0.5971428571428572 0.1907142857142858 0.5971428571428572 0.1907142857142858 0.6428571428571429 0.22428571428571437 0.6428571428571429
3 0.4442857142857143 0.33523809523809533 0.4207142857142857 0.33523809523809533 0.4207142857142857 0.3657142857142858 0.4442857142857143 0.3657142857142858
3 0.03428571428571431 0.22 0.01642857142857145 0.22 0.01642857142857145 0.23714285714285716 0.03428571428571431 0.23714285714285716
3 0.02142857142857145 0.21523809523809523 0.006428571428571449 0.21523809523809523 0.006428571428571449 0.23142857142857143 0.02142857142857145 0.23142857142857143
3 0.010714285714285733 0.20095238095238097 1.8457176758577968e-17 0.20095238095238097 1.9113237543835475e-17 0.21523809523809523 0.010714285714285735 0.21523809523809523
3 0.02642857142857145 0.19904761904761906 0.005714285714285732 0.19904761904761906 0.005714285714285733 0.21142857142857144 0.02642857142857145 0.21142857142857144
3 0.03428571428571431 0.20095238095238097 0.015714285714285736 0.20095238095238097 0.015714285714285736 0.21619047619047618 0.03428571428571431 0.21619047619047618
3 0.0442857142857143 0.20285714285714285 0.022857142857142878 0.20285714285714285 0.022857142857142878 0.22095238095238096 0.0442857142857143 0.22095238095238096
3 0.06142857142857145 0.21142857142857144 0.03500000000000002 0.21142857142857144 0.03500000000000002 0.23142857142857143 0.06142857142857145 0.23142857142857143
3 0.06857142857142859 0.22095238095238096 0.0442857142857143 0.22095238095238096 0.0442857142857143 0.23904761904761904 0.06857142857142859 0.23904761904761904
3 0.08142857142857145 0.22952380952380952 0.052142857142857164 0.22952380952380952 0.052142857142857164 0.24761904761904763 0.08142857142857145 0.24761904761904763
3 0.0892857142857143 0.2361904761904762 0.06000000000000002 0.2361904761904762 0.06000000000000002 0.25142857142857145 0.0892857142857143 0.25142857142857145
3 0.09857142857142862 0.24285714285714285 0.06857142857142859 0.24285714285714285 0.06857142857142859 0.259047619047619 0.09857142857142862 0.259047619047619
3 0.07285714285714288 0.25142857142857145 0.050000000000000024 0.25142857142857145 0.050000000000000024 0.26761904761904765 0.07285714285714288 0.26761904761904765
3 0.125 0.1819047619047619 0.10642857142857143 0.1819047619047619 0.10642857142857143 0.19333333333333333 0.125 0.19333333333333333
3 0.11928571428571429 0.18666666666666668 0.10642857142857143 0.18666666666666668 0.10642857142857143 0.20095238095238097 0.11928571428571429 0.20095238095238097
3 0.12928571428571428 0.19047619047619047 0.115 0.19047619047619047 0.115 0.20666666666666667 0.12928571428571428 0.20666666666666667
3 0.18214285714285716 0.2161904761904762 0.15642857142857142 0.21619047619047618 0.15642857142857144 0.23333333333333336 0.1821428571428572 0.2333333333333334
3 0.20214285714285715 0.22952380952380957 0.17071428571428576 0.22952380952380957 0.17071428571428576 0.24761904761904763 0.20214285714285715 0.24761904761904763
3 0.24 0.24190476190476196 0.2057142857142857 0.24190476190476196 0.2057142857142857 0.259047619047619 0.24 0.259047619047619
3 0.10928571428571433 0.2523809523809524 0.08142857142857145 0.2523809523809524 0.08142857142857145 0.2714285714285714 0.10928571428571433 0.2714285714285714
3 0.1185714285714286 0.2580952380952381 0.08642857142857145 0.2580952380952381 0.08642857142857145 0.27904761904761904 0.1185714285714286 0.27904761904761904
3 0.14571428571428577 0.2752380952380952 0.10714285714285718 0.2752380952380952 0.10714285714285718 0.29619047619047617 0.14571428571428577 0.29619047619047617
3 0.1785714285714286 0.29619047619047617 0.13571428571428576 0.29619047619047617 0.13571428571428576 0.3142857142857143 0.1785714285714286 0.3142857142857143
3 0.19428571428571428 0.30857142857142855 0.15571428571428575 0.30857142857142855 0.15571428571428575 0.3295238095238095 0.19428571428571428 0.3295238095238095
7 0.27285714285714285 0.27904761904761904 0.26571428571428574 0.27904761904761904 0.26571428571428574 0.3 0.27285714285714285 0.3
7 0.2671428571428571 0.28 0.26071428571428573 0.28 0.26071428571428573 0.2980952380952381 0.2671428571428571 0.2980952380952381
3 0.3457142857142857 0.34380952380952384 0.2985714285714286 0.3438095238095238 0.2985714285714286 0.3714285714285715 0.3457142857142857 0.37142857142857155
7 0.3942857142857143 0.2847619047619049 0.38785714285714284 0.2847619047619049 0.38785714285714284 0.30857142857142866 0.3942857142857143 0.30857142857142866
7 0.4057142857142857 0.3038095238095239 0.4 0.3038095238095239 0.4 0.32761904761904775 0.4057142857142857 0.32761904761904775
7 0.37 0.32666666666666677 0.3628571428571429 0.32666666666666677 0.3628571428571429 0.3523809523809525 0.37 0.3523809523809525
1 0.4521428571428571 0.32380952380952394 0.435 0.32380952380952394 0.435 0.34285714285714297 0.4521428571428571 0.34285714285714297
5 0.4342857142857143 0.32380952380952394 0.41785714285714287 0.32380952380952394 0.41785714285714287 0.34095238095238106 0.4342857142857143 0.34095238095238106
3 0.5371428571428571 0.34095238095238106 0.5178571428571429 0.34095238095238106 0.5178571428571429 0.36952380952380964 0.5371428571428571 0.36952380952380964
1 0.5 0.4247619047619049 0.49 0.4247619047619049 0.49 0.44380952380952393 0.5 0.44380952380952393
9 0.49642857142857144 0.42952380952380964 0.4742857142857143 0.42952380952380964 0.4742857142857143 0.4533333333333334 0.49642857142857144 0.4533333333333334
3 0.6871428571428572 0.33904761904761915 0.6664285714285715 0.33904761904761915 0.6664285714285715 0.3657142857142858 0.6871428571428572 0.3657142857142858
3 0.9564285714285714 0.2857142857142858 0.935 0.2857142857142858 0.935 0.31047619047619057 0.9564285714285714 0.31047619047619057
3 0.9371428571428572 0.29523809523809535 0.9157142857142857 0.29523809523809535 0.9157142857142857 0.32285714285714295 0.9371428571428572 0.32285714285714295
3 1 0.29428571428571443 0.9735714285714285 0.2942857142857144 0.9735714285714285 0.3171428571428573 1 0.31714285714285734