5 0.9265 0.3513333333333335 0.9015 0.3513333333333335 0.9015 0.3746666666666668 0.9265 0.3746666666666668
10 0.9535 0.2126666666666668 0.9195 0.2126666666666668 0.9195 0.26666666666666683 0.9535 0.26666666666666683
7 0.8385 0.10200000000000015 0.8365 0.10200000000000015 0.8365 0.10733333333333349 0.8385 0.10733333333333349
7 0.8435 0.10133333333333348 0.842 0.10133333333333348 0.842 0.10800000000000015 0.8435 0.10800000000000015
10 0.826 0.12000000000000015 0.817 0.12000000000000015 0.817 0.13466666666666682 0.826 0.13466666666666682
3 0.8165 0.1406666666666668 0.807 0.14066666666666677 0.807 0.15000000000000013 0.8165 0.15000000000000016
3 0.807 0.14666666666666678 0.793 0.14666666666666678 0.793 0.15533333333333343 0.807 0.15533333333333343
3 0.8045 0.1520000000000001 0.7885 0.1520000000000001 0.7885 0.16333333333333344 0.8045 0.16333333333333344
7 0.807 0.15733333333333344 0.8035 0.15733333333333344 0.8035 0.16733333333333344 0.807 0.16733333333333344
7 0.8135 0.15800000000000014 0.8105 0.1580000000000001 0.8105 0.16800000000000012 0.8135 0.16800000000000015
3 0.7635 0.1440000000000001 0.748 0.1440000000000001 0.748 0.15266666666666678 0.7635 0.15266666666666678
3 0.753 0.16466666666666677 0.7395 0.16466666666666677 0.7395 0.17800000000000016 0.753 0.17800000000000016
3 0.728 0.1893333333333335 0.714 0.1893333333333335 0.714 0.20733333333333348 0.728 0.20733333333333348
3 0.703 0.21666666666666679 0.6865 0.21666666666666673 0.6865 0.23400000000000012 0.703 0.23400000000000015
3 0.6755 0.2093333333333334 0.6585 0.2093333333333334 0.6585 0.2233333333333334 0.6755 0.2233333333333334
3 0.66 0.20866666666666675 0.644 0.20866666666666675 0.644 0.22266666666666673 0.66 0.22266666666666673
11 0.6475 0.2113333333333334 0.635 0.2113333333333334 0.635 0.22933333333333342 0.6475 0.22933333333333342
0 0.6735 0.23600000000000007 0.664 0.23600000000000007 0.664 0.2593333333333334 0.6735 0.2593333333333334
3 0.6675 0.2573333333333334 0.6465 0.2573333333333334 0.6465 0.2760000000000001 0.6675 0.2760000000000001
3 0.6505 0.27533333333333343 0.6275 0.27533333333333343 0.6275 0.2960000000000001 0.6505 0.2960000000000001
3 0.635 0.28866666666666674 0.61 0.28866666666666674 0.61 0.31000000000000005 0.635 0.31000000000000005
7 0.5955 0.31066666666666676 0.588 0.31066666666666676 0.588 0.3313333333333334 0.5955 0.3313333333333334
3 0.59 0.3353333333333334 0.5625 0.3353333333333334 0.5625 0.36000000000000015 0.59 0.36000000000000015
3 0.5645 0.3633333333333335 0.5325 0.3633333333333335 0.5325 0.3933333333333335 0.5645 0.3933333333333335
3 0.535 0.3873333333333335 0.5 0.3873333333333335 0.5 0.43400000000000016 0.535 0.43400000000000016
3 0.561 0.4146666666666668 0.52 0.4146666666666668 0.52 0.4533333333333335 0.561 0.4533333333333335
11 0.489 0.3640000000000001 0.446 0.364 0.446 0.4000000000000001 0.489 0.40000000000000013
3 0.4025 0.396 0.3605 0.396 0.3605 0.422 0.4025 0.422
3 0.4375 0.412 0.3995 0.412 0.3995 0.44466666666666665 0.4375 0.44466666666666665
3 0.476 0.4553333333333334 0.4345 0.4553333333333333 0.4345 0.49866666666666676 0.476 0.4986666666666668
3 0.7465 0.3973333333333335 0.7145 0.3973333333333335 0.7145 0.4366666666666668 0.7465 0.4366666666666668
11 0.736 0.45466666666666683 0.7025 0.45466666666666683 0.7025 0.5186666666666668 0.736 0.5186666666666668
3 0.644 0.42600000000000016 0.607 0.42600000000000016 0.607 0.46600000000000014 0.644 0.46600000000000014
3 0.696 0.5593333333333335 0.6425 0.5593333333333335 0.6425 0.6506666666666668 0.696 0.6506666666666668
3 0.6685 0.6800000000000002 0.61 0.6800000000000002 0.61 0.788 0.6685 0.788
3 0.601 0.808 0.5055000000000001 0.808 0.5055000000000001 0.9866666666666667 0.601 0.9866666666666667
11 0.3510000000000001 0.7753333333333333 0.22400000000000006 0.7753333333333333 0.22400000000000006 0.9153333333333333 0.3510000000000001 0.9153333333333333
3 0.4730000000000001 0.716 0.3870000000000001 0.716 0.3870000000000001 0.8453333333333334 0.4730000000000001 0.8453333333333334
9 0.5885 0.6146666666666668 0.5635 0.6146666666666668 0.5635 0.6673333333333334 0.5885 0.6673333333333334
8 0.5875 0.6173333333333335 0.5695 0.6173333333333335 0.5695 0.6460000000000001 0.5875 0.6460000000000001
3 0.5795 0.5320000000000001 0.521 0.5320000000000001 0.521 0.6173333333333335 0.5795 0.6173333333333335
11 0.22450000000000006 0.672 0.12150000000000005 0.672 0.12150000000000005 0.7546666666666667 0.22450000000000006 0.7546666666666667
3 0.32600000000000007 0.6133333333333333 0.24200000000000005 0.6133333333333333 0.24200000000000005 0.6946666666666667 0.3260000000000001 0.6946666666666667
1 0.23150000000000007 0.5613333333333334 0.20750000000000005 0.5613333333333334 0.20750000000000005 0.5886666666666667 0.23150000000000007 0.5886666666666667
1 0.19200000000000006 0.546 0.17600000000000005 0.546 0.17600000000000005 0.5753333333333334 0.19200000000000006 0.5753333333333334
9 0.16250000000000006 0.5726666666666667 0.11800000000000006 0.5726666666666667 0.11800000000000006 0.6106666666666667 0.16250000000000006 0.6106666666666667
9 0.14550000000000005 0.534 0.10700000000000005 0.534 0.10700000000000005 0.5693333333333334 0.14550000000000005 0.5693333333333334
1 0.11550000000000006 0.5313333333333333 0.08800000000000005 0.5313333333333333 0.08800000000000005 0.558 0.11550000000000006 0.558
1 0.14600000000000005 0.5213333333333333 0.11200000000000006 0.5213333333333333 0.11200000000000006 0.552 0.14600000000000005 0.552
1 0.06000000000000004 0.5106666666666667 0.03200000000000004 0.5106666666666667 0.03200000000000004 0.5373333333333333 0.06000000000000004 0.5373333333333333
5 0.07400000000000005 0.558 0.046000000000000055 0.558 0.046000000000000055 0.6006666666666667 0.07400000000000005 0.6006666666666667
3 0.06350000000000006 0.5506666666666666 5.0577912804785686e-17 0.5506666666666666 5.3272135762909864e-17 0.6093333333333333 0.06350000000000006 0.6093333333333333