3 0.28285714285714286 0.501269035532995 0.2664285714285714 0.501269035532995 0.2664285714285714 0.549492385786802 0.28285714285714286 0.549492385786802
3 0.3535714285714286 0.47461928934010167 0.335 0.47461928934010167 0.335 0.5266497461928935 0.3535714285714286 0.5266497461928935
3 0.2900000000000001 0.7614213197969543 0.2635714285714287 0.7614213197969543 0.2635714285714287 0.8312182741116751 0.2900000000000001 0.8312182741116751
3 0.275 0.16370558375634525 0.265 0.16370558375634525 0.265 0.18147208121827418 0.275 0.18147208121827418
3 0.30142857142857143 0.11421319796954323 0.2935714285714286 0.11421319796954323 0.2935714285714286 0.1281725888324874 0.30142857142857143 0.1281725888324874
3 0.2592857142857143 0.11548223350253814 0.25214285714285717 0.11548223350253814 0.25214285714285717 0.13071065989847722 0.2592857142857143 0.13071065989847722
3 0.2307142857142857 0.22461928934010159 0.22142857142857142 0.22461928934010159 0.22142857142857142 0.24238578680203052 0.2307142857142857 0.24238578680203052
3 0.225 0.3159898477157361 0.21357142857142858 0.3159898477157361 0.21357142857142858 0.3362944162436548 0.225 0.3362944162436548
3 0.23357142857142857 0.19670050761421326 0.22357142857142856 0.19670050761421326 0.22357142857142856 0.21192893401015236 0.23357142857142857 0.21192893401015236
3 0.235 0.20685279187817265 0.225 0.20685279187817265 0.225 0.22461928934010159 0.235 0.22461928934010159
3 0.59 0.25126903553299507 0.5771428571428572 0.25126903553299507 0.5771428571428572 0.27157360406091385 0.59 0.27157360406091385
3 0.8742857142857143 0.2055837563451779 0.8564285714285714 0.2055837563451779 0.8564285714285714 0.22081218274111697 0.8742857142857143 0.22081218274111697
3 0.7935714285714286 0.2322335025380712 0.7707142857142857 0.2322335025380712 0.7707142857142857 0.2487309644670052 0.7935714285714286 0.2487309644670052
3 0.46285714285714286 0.36294416243654837 0.4357142857142857 0.36294416243654837 0.4357142857142857 0.38451776649746205 0.46285714285714286 0.38451776649746205
3 0.4614285714285714 0.352791878172589 0.43214285714285716 0.352791878172589 0.43214285714285716 0.37182741116751283 0.4614285714285714 0.37182741116751283
3 0.3142857142857143 0.09010152284263967 0.3078571428571429 0.09010152284263967 0.3078571428571429 0.10152284263959398 0.3142857142857143 0.10152284263959398
3 0.49714285714285716 0.352791878172589 0.47285714285714286 0.352791878172589 0.47285714285714286 0.3743654822335027 0.49714285714285716 0.3743654822335027
3 0.7207142857142858 0.26015228426395953 0.695 0.26015228426395953 0.695 0.27791878172588846 0.7207142857142858 0.27791878172588846
3 0.8 0.23984771573604075 0.775 0.23984771573604075 0.775 0.2563451776649748 0.8 0.2563451776649748
3 0.8192857142857143 0.22335025380710674 0.795 0.22335025380710674 0.795 0.24111675126903567 0.8192857142857143 0.24111675126903567
3 0.8607142857142858 0.22081218274111697 0.8414285714285714 0.22081218274111697 0.8414285714285714 0.23604060913705605 0.8607142857142858 0.23604060913705605
3 0.8914285714285715 0.20939086294416265 0.8678571428571429 0.20939086294416265 0.8678571428571429 0.2284263959390865 0.8914285714285715 0.2284263959390865
11 0.9185714285714286 0.20050761421319818 0.8964285714285715 0.20050761421319818 0.8964285714285715 0.21573604060913726 0.9185714285714286 0.21573604060913726
11 0.9114285714285715 0.1903553299492388 0.8878571428571429 0.1903553299492388 0.8878571428571429 0.20812182741116772 0.9114285714285715 0.20812182741116772
3 0.8457142857142858 0.21573604060913723 0.8271428571428572 0.2157360406091372 0.8271428571428572 0.23223350253807123 0.8457142857142858 0.2322335025380713
2 0.7642857142857142 0.23096446700507628 0.7285714285714285 0.23096446700507628 0.7285714285714285 0.25888324873096463 0.7642857142857142 0.25888324873096463
3 0.6507142857142857 0.27030456852791895 0.6278571428571429 0.27030456852791895 0.6278571428571429 0.28680203045685293 0.6507142857142857 0.28680203045685293
7 0.8685714285714285 0.2804568527918784 0.8642857142857143 0.2804568527918784 0.8642857142857143 0.2969543147208124 0.8685714285714285 0.2969543147208124
2 0.4564285714285714 0.2982233502538072 0.3871428571428571 0.2982233502538072 0.3871428571428571 0.34644670050761434 0.4564285714285714 0.34644670050761434
7 0.5657142857142857 0.27157360406091385 0.5607142857142857 0.27157360406091385 0.5607142857142857 0.2893401015228428 0.5657142857142857 0.2893401015228428
7 0.4471428571428571 0.34517766497461944 0.44357142857142856 0.34517766497461944 0.44357142857142856 0.35659898477157376 0.4471428571428571 0.35659898477157376
7 0.45714285714285713 0.33629441624365497 0.45285714285714285 0.33629441624365497 0.45285714285714285 0.35025380710659915 0.45714285714285713 0.35025380710659915
7 0.4328571428571429 0.3477157360406093 0.42928571428571427 0.3477157360406093 0.42928571428571427 0.36421319796954327 0.4328571428571429 0.36421319796954327
7 0.405 0.3756345177664976 0.4014285714285714 0.3756345177664976 0.4014285714285714 0.38959390862944177 0.405 0.38959390862944177
7 0.40785714285714286 0.3807106598984773 0.405 0.3807106598984773 0.405 0.3921319796954316 0.40785714285714286 0.3921319796954316
7 0.4092857142857143 0.36294416243654837 0.405 0.36294416243654837 0.405 0.3807106598984773 0.4092857142857143 0.3807106598984773
7 0.4228571428571429 0.3477157360406093 0.41928571428571426 0.3477157360406093 0.41928571428571426 0.36294416243654837 0.4228571428571429 0.36294416243654837
7 0.42714285714285716 0.3489847715736042 0.4228571428571429 0.3489847715736042 0.4228571428571429 0.36294416243654837 0.42714285714285716 0.36294416243654837
7 0.3821428571428571 0.3934010152284265 0.37857142857142856 0.3934010152284265 0.37857142857142856 0.41116751269035545 0.3821428571428571 0.41116751269035545
7 0.38571428571428573 0.4010152284263961 0.38142857142857145 0.4010152284263961 0.38142857142857145 0.4200507614213199 0.38571428571428573 0.4200507614213199
11 0.38357142857142856 0.2664974619289341 0.37285714285714283 0.2664974619289341 0.37285714285714283 0.2868020304568529 0.38357142857142856 0.2868020304568529
11 0.3578571428571429 0.2880710659898478 0.34285714285714286 0.2880710659898478 0.34285714285714286 0.318527918781726 0.3578571428571429 0.318527918781726
11 0.32571428571428573 0.10913705583756353 0.315 0.10913705583756353 0.315 0.13705583756345185 0.32571428571428573 0.13705583756345185
11 0.29 0.09010152284263967 0.28214285714285714 0.09010152284263967 0.28214285714285714 0.11040609137055844 0.29 0.11040609137055844
11 0.22357142857142856 0.28934010152284273 0.21285714285714286 0.28934010152284273 0.21285714285714286 0.3109137055837564 0.22357142857142856 0.3109137055837564
11 0.22714285714285715 0.26522842639593913 0.21642857142857144 0.26522842639593913 0.21642857142857144 0.284263959390863 0.22714285714285715 0.284263959390863
11 0.2292857142857143 0.24746192893401023 0.21785714285714286 0.24746192893401023 0.21785714285714286 0.26395939086294423 0.2292857142857143 0.26395939086294423
11 0.22 0.18147208121827418 0.2042857142857143 0.18147208121827418 0.2042857142857143 0.19670050761421326 0.22 0.19670050761421326
3 0.3742857142857143 0.22715736040609144 0.36357142857142855 0.22715736040609144 0.36357142857142855 0.24492385786802037 0.3742857142857143 0.24492385786802037
7 0.3464285714285714 0.17258883248730972 0.3435714285714286 0.17258883248730972 0.3435714285714286 0.18527918781725897 0.3464285714285714 0.18527918781725897
7 0.3457142857142857 0.18020304568527926 0.34285714285714286 0.18020304568527926 0.34285714285714286 0.1928934010152285 0.3457142857142857 0.1928934010152285
11 0.5428571428571428 0.25000000000000017 0.52 0.25000000000000017 0.52 0.27157360406091385 0.5428571428571428 0.27157360406091385
11 0.5385714285714286 0.24365482233502553 0.5128571428571429 0.24365482233502553 0.5128571428571429 0.26649746192893414 0.5385714285714286 0.26649746192893414
7 0.4514285714285714 0.5748730964467007 0.44357142857142856 0.5748730964467007 0.44357142857142856 0.5951776649746194 0.4514285714285714 0.5951776649746194
7 0.4635714285714286 0.619289340101523 0.46 0.619289340101523 0.46 0.6421319796954316 0.4635714285714286 0.6421319796954316
7 0.16571428571428576 0.5596446700507615 0.16000000000000003 0.5596446700507615 0.16000000000000003 0.5799492385786802 0.16571428571428576 0.5799492385786802