2 0.04285714285714288 0.23730964467005075 0.0007142857142857308 0.23730964467005075 0.0007142857142857317 0.26776649746192893 0.04285714285714288 0.26776649746192893
3 0.06500000000000002 0.23223350253807107 0.047857142857142876 0.23223350253807107 0.047857142857142876 0.2398477157360406 0.06500000000000002 0.2398477157360406
3 0.08428571428571431 0.22461928934010153 0.06928571428571431 0.22461928934010153 0.06928571428571431 0.23477157360406092 0.08428571428571431 0.23477157360406092
3 0.08857142857142859 0.22715736040609136 0.0742857142857143 0.22715736040609136 0.0742857142857143 0.23857868020304568 0.08857142857142859 0.23857868020304568
11 0.09571428571428571 0.23223350253807107 0.06785714285714288 0.23223350253807107 0.06785714285714288 0.24873096446700507 0.09571428571428571 0.24873096446700507
10 0.105 0.22842639593908629 0.08000000000000002 0.22842639593908629 0.08000000000000002 0.2512690355329949 0.105 0.2512690355329949
10 0.12 0.23223350253807107 0.09785714285714285 0.23223350253807107 0.09785714285714285 0.25253807106598986 0.12 0.25253807106598986
10 0.11357142857142857 0.2182741116751269 0.08857142857142859 0.2182741116751269 0.08857142857142859 0.23477157360406092 0.11357142857142857 0.23477157360406092
11 0.16 0.21446700507614214 0.14642857142857144 0.21446700507614214 0.14642857142857144 0.22588832487309646 0.16 0.22588832487309646
3 0.13142857142857142 0.2233502538071066 0.11714285714285715 0.2233502538071066 0.11714285714285715 0.23477157360406092 0.13142857142857142 0.23477157360406092
11 0.14642857142857144 0.2131979695431472 0.13142857142857142 0.2131979695431472 0.13142857142857142 0.2233502538071066 0.14642857142857144 0.2233502538071066
2 0.17285714285714285 0.19416243654822338 0.13785714285714284 0.19416243654822335 0.13785714285714284 0.21827411167512695 0.17285714285714285 0.21827411167512697
2 0.25214285714285717 0.1763959390862945 0.21785714285714286 0.1763959390862945 0.21785714285714286 0.20558375634517773 0.25214285714285717 0.20558375634517773
2 0.25357142857142856 0.20812182741116758 0.225 0.20812182741116758 0.225 0.22842639593908637 0.25357142857142856 0.22842639593908637
11 0.2692857142857143 0.19543147208121833 0.255 0.19543147208121833 0.255 0.20685279187817265 0.2692857142857143 0.20685279187817265
10 0.29214285714285715 0.1827411167512691 0.2735714285714286 0.1827411167512691 0.2735714285714286 0.19670050761421326 0.29214285714285715 0.19670050761421326
3 0.30357142857142855 0.19035532994923865 0.29 0.19035532994923865 0.29 0.19923857868020312 0.30357142857142855 0.19923857868020312
3 0.20642857142857143 0.2093908629441625 0.19285714285714287 0.2093908629441625 0.19285714285714287 0.2195431472081219 0.20642857142857143 0.2195431472081219
3 0.1757142857142857 0.21700507614213202 0.16071428571428573 0.217005076142132 0.16071428571428573 0.22969543147208124 0.1757142857142857 0.2296954314720813
3 0.16071428571428573 0.233502538071066 0.1457142857142857 0.233502538071066 0.1457142857142857 0.24492385786802032 0.16071428571428573 0.24492385786802032
11 0.15928571428571428 0.22715736040609136 0.1457142857142857 0.22715736040609136 0.1457142857142857 0.23604060913705585 0.15928571428571428 0.23604060913705585
11 0.18285714285714286 0.20812182741116758 0.17 0.20812182741116758 0.17 0.21827411167512697 0.18285714285714286 0.21827411167512697
3 0.2 0.22081218274111683 0.18642857142857142 0.22081218274111683 0.18642857142857142 0.2296954314720813 0.2 0.2296954314720813
11 0.21285714285714286 0.2030456852791879 0.1992857142857143 0.2030456852791879 0.1992857142857143 0.21192893401015236 0.21285714285714286 0.21192893401015236
11 0.31642857142857145 0.18401015228426404 0.30428571428571427 0.18401015228426404 0.30428571428571427 0.1928934010152285 0.31642857142857145 0.1928934010152285
3 0.3157142857142857 0.1776649746192894 0.30357142857142855 0.1776649746192894 0.30357142857142855 0.18654822335025387 0.3157142857142857 0.18654822335025387
3 0.33285714285714285 0.18401015228426404 0.32 0.18401015228426404 0.32 0.1928934010152285 0.33285714285714285 0.1928934010152285
11 0.3607142857142857 0.17512690355329957 0.34785714285714286 0.17512690355329957 0.34785714285714286 0.1827411167512691 0.3607142857142857 0.1827411167512691
3 0.3914285714285714 0.17385786802030465 0.3807142857142857 0.17385786802030465 0.3807142857142857 0.18401015228426404 0.3914285714285714 0.18401015228426404
3 0.39785714285714285 0.16878172588832493 0.3871428571428571 0.16878172588832493 0.3871428571428571 0.17893401015228433 0.39785714285714285 0.17893401015228433
3 0.40285714285714286 0.19162436548223358 0.39357142857142857 0.19162436548223358 0.39357142857142857 0.20050761421319804 0.40285714285714286 0.20050761421319804
3 0.3871428571428571 0.1611675126903554 0.3757142857142857 0.1611675126903554 0.3757142857142857 0.17258883248730972 0.3871428571428571 0.17258883248730972
3 0.3914285714285714 0.14593908629441632 0.3871428571428571 0.14593908629441632 0.3871428571428571 0.15736040609137064 0.3914285714285714 0.15736040609137064
3 0.39785714285714285 0.13578680203045693 0.39357142857142857 0.13578680203045693 0.39357142857142857 0.14340101522842646 0.39785714285714285 0.14340101522842646
3 0.42142857142857143 0.17385786802030465 0.40785714285714286 0.17385786802030465 0.40785714285714286 0.18401015228426404 0.42142857142857143 0.18401015228426404
7 0.37285714285714283 0.27538071065989855 0.37 0.27538071065989855 0.37 0.2880710659898478 0.37285714285714283 0.2880710659898478
7 0.37642857142857145 0.28172588832487316 0.37357142857142855 0.28172588832487316 0.37357142857142855 0.29060913705583763 0.37642857142857145 0.29060913705583763
8 0.4235714285714286 0.5000000000000001 0.42142857142857143 0.5000000000000001 0.42142857142857143 0.5063451776649748 0.4235714285714286 0.5063451776649748
8 0.4042857142857143 0.3946700507614215 0.40214285714285714 0.3946700507614215 0.40214285714285714 0.4010152284263961 0.4042857142857143 0.4010152284263961
8 0.43714285714285717 0.517766497461929 0.43357142857142855 0.517766497461929 0.43357142857142855 0.5241116751269037 0.43714285714285717 0.5241116751269037
8 0.3807142857142857 0.2715736040609138 0.37785714285714284 0.2715736040609138 0.37785714285714284 0.2779187817258884 0.3807142857142857 0.2779187817258884
1 0.3807142857142857 0.2715736040609138 0.37714285714285717 0.2715736040609138 0.37714285714285717 0.28172588832487316 0.3807142857142857 0.28172588832487316
1 0.4057142857142857 0.3934010152284265 0.4014285714285714 0.3934010152284265 0.4014285714285714 0.40355329949238594 0.4057142857142857 0.40355329949238594
1 0.42428571428571427 0.5000000000000001 0.4207142857142857 0.5000000000000001 0.4207142857142857 0.5101522842639595 0.42428571428571427 0.5101522842639595
1 0.43785714285714283 0.519035532994924 0.4328571428571429 0.519035532994924 0.4328571428571429 0.5304568527918783 0.43785714285714283 0.5304568527918783
7 0.405 0.43020304568527934 0.40214285714285714 0.43020304568527934 0.40214285714285714 0.44162436548223366 0.405 0.44162436548223366
2 0.36428571428571427 0.043147208121827485 0.35642857142857143 0.043147208121827485 0.35642857142857143 0.062182741116751344 0.36428571428571427 0.062182741116751344
3 0.36857142857142855 0.059644670050761496 0.3607142857142857 0.059644670050761496 0.3607142857142857 0.07106598984771581 0.36857142857142855 0.07106598984771581
3 0.37857142857142856 0.01269035532994932 0.3742857142857143 0.01269035532994932 0.3742857142857143 0.022842639593908712 0.37857142857142856 0.022842639593908712
11 0.38285714285714284 0.020304568527918863 0.37785714285714284 0.020304568527918863 0.37785714285714284 0.0329949238578681 0.38285714285714284 0.0329949238578681
11 0.39357142857142857 0.038071065989847795 0.39 0.038071065989847795 0.39 0.046954314720812275 0.39357142857142857 0.046954314720812275
11 0.3992857142857143 0.050761421319797044 0.39357142857142857 0.050761421319797044 0.39357142857142857 0.06345177664974629 0.3992857142857143 0.06345177664974629
3 0.3892857142857143 0.04060913705583765 0.385 0.04060913705583765 0.385 0.048223350253807196 0.3892857142857143 0.048223350253807196
3 0.3992857142857143 0.03934010152284273 0.395 0.03934010152284273 0.395 0.04441624365482243 0.3992857142857143 0.04441624365482243
11 0.405 0.07360406091370568 0.3964285714285714 0.07360406091370568 0.3964285714285714 0.08248730964467012 0.405 0.08248730964467012
3 0.39 0.07868020304568538 0.3807142857142857 0.07868020304568538 0.3807142857142857 0.08248730964467012 0.39 0.08248730964467012
3 0.3807142857142857 0.07360406091370567 0.37 0.07360406091370565 0.37 0.08248730964467012 0.3807142857142857 0.08248730964467012
3 0.42928571428571427 0.09390862944162448 0.4228571428571429 0.09390862944162448 0.4228571428571429 0.10279187817258895 0.42928571428571427 0.10279187817258895
3 0.43642857142857144 0.10913705583756356 0.43 0.10913705583756356 0.43 0.11802030456852802 0.43642857142857144 0.11802030456852802
3 0.445 0.14086294416243667 0.43857142857142856 0.14086294416243667 0.43857142857142856 0.15101522842639606 0.445 0.15101522842639606
10 0.41214285714285714 0.08883248730964474 0.40285714285714286 0.08883248730964474 0.40285714285714286 0.10913705583756353 0.41214285714285714 0.10913705583756353
3 0.41214285714285714 0.11421319796954323 0.40714285714285714 0.11421319796954323 0.40714285714285714 0.12309644670050769 0.41214285714285714 0.12309644670050769
3 0.41714285714285715 0.1230964467005077 0.4107142857142857 0.12309644670050769 0.4107142857142857 0.13578680203045695 0.41714285714285715 0.13578680203045695
10 0.42642857142857143 0.11928934010152295 0.41714285714285715 0.11928934010152295 0.41714285714285715 0.13705583756345188 0.42642857142857143 0.13705583756345188
3 0.42428571428571427 0.14467005076142142 0.4164285714285714 0.14467005076142142 0.4164285714285714 0.15609137055837574 0.42428571428571427 0.15609137055837574
3 0.43214285714285716 0.1434010152284265 0.42642857142857143 0.1434010152284265 0.42642857142857143 0.1535532994923859 0.43214285714285716 0.1535532994923859
3 0.4278571428571429 0.13705583756345188 0.42214285714285715 0.13705583756345188 0.42214285714285715 0.14720812182741128 0.4278571428571429 0.14720812182741128
3 0.42142857142857143 0.13959390862944174 0.4164285714285714 0.13959390862944174 0.4164285714285714 0.14974619289340113 0.42142857142857143 0.14974619289340113
3 0.4607142857142857 0.15101522842639606 0.44857142857142857 0.15101522842639606 0.44857142857142857 0.16116751269035542 0.4607142857142857 0.16116751269035542
3 0.46714285714285714 0.18527918781725897 0.4585714285714286 0.18527918781725897 0.4585714285714286 0.1979695431472082 0.46714285714285714 0.1979695431472082
3 0.48 0.20812182741116758 0.4707142857142857 0.20812182741116758 0.4707142857142857 0.22208121827411176 0.48 0.22208121827411176
3 0.5114285714285715 0.2626903553299494 0.5021428571428571 0.2626903553299494 0.5021428571428571 0.2791878172588834 0.5114285714285715 0.2791878172588834
2 0.4542857142857143 0.19543147208121833 0.43857142857142856 0.19543147208121833 0.43857142857142856 0.23477157360406098 0.4542857142857143 0.23477157360406098
2 0.4257142857142857 0.20431472081218283 0.41214285714285714 0.20431472081218283 0.41214285714285714 0.2360406091370559 0.4257142857142857 0.2360406091370559
2 0.43857142857142856 0.20558375634517773 0.4235714285714286 0.20558375634517773 0.4235714285714286 0.24365482233502544 0.43857142857142856 0.24365482233502544
3 0.42714285714285716 0.19923857868020312 0.41928571428571426 0.19923857868020312 0.41928571428571426 0.2195431472081219 0.42714285714285716 0.2195431472081219
2 0.4357142857142857 0.19416243654822343 0.4257142857142857 0.19416243654822343 0.4257142857142857 0.2144670050761422 0.4357142857142857 0.2144670050761422
8 0.4357142857142857 0.15989847715736052 0.43357142857142855 0.15989847715736052 0.43357142857142855 0.16497461928934018 0.4357142857142857 0.16497461928934018
5 0.43714285714285717 0.16243654822335032 0.43214285714285716 0.16243654822335032 0.43214285714285716 0.16751269035533004 0.43714285714285717 0.16751269035533004
11 0.4471428571428571 0.22842639593908637 0.44 0.22842639593908637 0.44 0.24492385786802037 0.4471428571428571 0.24492385786802037
11 0.46 0.2855329949238579 0.4514285714285714 0.2855329949238579 0.4514285714285714 0.30329949238578685 0.46 0.30329949238578685
2 0.4492857142857143 0.24873096446700516 0.4392857142857143 0.24873096446700516 0.4392857142857143 0.2741116751269036 0.4492857142857143 0.2741116751269036
3 0.4492857142857143 0.24111675126903562 0.44357142857142856 0.24111675126903562 0.44357142857142856 0.251269035532995 0.4492857142857143 0.251269035532995
3 0.4407142857142857 0.24365482233502544 0.435 0.24365482233502544 0.435 0.2576142131979696 0.4407142857142857 0.2576142131979696
3 0.4342857142857143 0.24873096446700516 0.42642857142857143 0.24873096446700516 0.42642857142857143 0.26269035532994933 0.4342857142857143 0.26269035532994933
3 0.43857142857142856 0.26395939086294423 0.43214285714285716 0.26395939086294423 0.43214285714285716 0.27538071065989855 0.43857142857142856 0.27538071065989855
3 0.44285714285714284 0.2741116751269036 0.43714285714285717 0.2741116751269036 0.43714285714285717 0.2868020304568529 0.44285714285714284 0.2868020304568529
3 0.45 0.2918781725888326 0.44285714285714284 0.2918781725888326 0.44285714285714284 0.3058375634517767 0.45 0.3058375634517767
3 0.46785714285714286 0.3058375634517767 0.4592857142857143 0.3058375634517767 0.4592857142857143 0.3210659898477158 0.46785714285714286 0.3210659898477158
3 0.4742857142857143 0.3274111675126905 0.465 0.3274111675126905 0.465 0.3426395939086296 0.4742857142857143 0.3426395939086296
3 0.5292857142857142 0.21700507614213213 0.515 0.21700507614213213 0.515 0.22969543147208135 0.5292857142857142 0.22969543147208135
3 0.5242857142857142 0.4543147208121829 0.5135714285714286 0.4543147208121829 0.5135714285714286 0.4720812182741118 0.5242857142857142 0.4720812182741118
3 0.5192857142857142 0.4784263959390864 0.5092857142857142 0.4784263959390864 0.5092857142857142 0.49619289340101536 0.5192857142857142 0.49619289340101536
3 0.7114285714285714 0.7944162436548227 0.6878571428571428 0.7944162436548227 0.6878571428571428 0.8350253807106602 0.7114285714285714 0.8350253807106602
3 0.5771428571428572 0.17639593908629456 0.5678571428571428 0.17639593908629456 0.5678571428571428 0.19035532994923873 0.5771428571428572 0.19035532994923873
3 0.5821428571428572 0.1738578680203047 0.5721428571428572 0.1738578680203047 0.5721428571428572 0.1890862944162438 0.5821428571428572 0.1890862944162438
11 0.6207142857142857 0.35152284263959405 0.6085714285714285 0.35152284263959405 0.6085714285714285 0.36421319796954327 0.6207142857142857 0.36421319796954327
3 0.6178571428571429 0.3477157360406093 0.6064285714285714 0.3477157360406093 0.6064285714285714 0.35659898477157376 0.6178571428571429 0.35659898477157376
3 0.6328571428571429 0.37309644670050773 0.6171428571428571 0.37309644670050773 0.6171428571428571 0.3870558375634519 0.6328571428571429 0.3870558375634519
3 0.6571428571428571 0.4060913705583758 0.6414285714285715 0.4060913705583758 0.6414285714285715 0.418781725888325 0.6571428571428571 0.418781725888325
7 0.6128571428571429 0.418781725888325 0.61 0.418781725888325 0.61 0.43147208121827424 0.6128571428571429 0.43147208121827424
7 0.6157142857142858 0.4200507614213199 0.6128571428571429 0.4200507614213199 0.6128571428571429 0.43020304568527934 0.6157142857142858 0.43020304568527934
7 0.9771428571428571 0.6040609137055839 0.9728571428571429 0.6040609137055839 0.9728571428571429 0.619289340101523 0.9771428571428571 0.619289340101523