3 0.9757142857142858 0.8666666666666669 0.8314285714285714 0.8666666666666669 0.8314285714285714 1 0.9757142857142858 1
3 0.8621428571428571 0.6542857142857145 0.7435714285714285 0.6542857142857145 0.7435714285714285 0.8219047619047621 0.8621428571428571 0.8219047619047621
3 0.7621428571428571 0.4904761904761907 0.6664285714285715 0.4904761904761907 0.6664285714285715 0.6085714285714288 0.7621428571428571 0.6085714285714288
3 0.7028571428571428 0.3942857142857144 0.6278571428571429 0.3942857142857144 0.6278571428571429 0.4847619047619049 0.7028571428571428 0.4847619047619049
3 0.665 0.31333333333333346 0.5857142857142857 0.31333333333333346 0.5857142857142857 0.401904761904762 0.665 0.401904761904762
3 0.6064285714285714 0.5361904761904762 0.5214285714285715 0.5361904761904762 0.5214285714285715 0.6961904761904761 0.6064285714285714 0.6961904761904761
3 0.5985714285714285 0.2200000000000001 0.5292857142857142 0.2200000000000001 0.5292857142857142 0.29238095238095246 0.5985714285714285 0.29238095238095246
3 0.5542857142857143 0.1400000000000001 0.5192857142857142 0.1400000000000001 0.5192857142857142 0.18952380952380962 0.5542857142857143 0.18952380952380962
11 0.4850000000000001 0.7457142857142857 0.32714285714285724 0.7457142857142857 0.32714285714285724 1 0.48500000000000015 1
3 0.4257142857142857 0.6066666666666667 0.3428571428571429 0.6066666666666667 0.3428571428571429 0.7676190476190476 0.4257142857142857 0.7676190476190476
3 0.42714285714285716 0.44476190476190486 0.3414285714285715 0.44476190476190486 0.3414285714285715 0.5961904761904762 0.42714285714285716 0.5961904761904762
3 0.3871428571428571 0.3552380952380953 0.3271428571428571 0.35523809523809524 0.3271428571428572 0.4628571428571429 0.3871428571428571 0.46285714285714297
3 0.3757142857142857 0.2771428571428572 0.3242857142857143 0.27714285714285714 0.3242857142857143 0.36571428571428577 0.3757142857142857 0.3657142857142858
3 0.3585714285714286 0.22000000000000006 0.31357142857142856 0.22000000000000006 0.31357142857142856 0.2828571428571429 0.3585714285714286 0.282857142857143
10 0.35214285714285715 0.13619047619047625 0.29214285714285715 0.13619047619047625 0.29214285714285715 0.22285714285714292 0.35214285714285715 0.22285714285714292
3 0.38357142857142856 0.11523809523809529 0.3435714285714286 0.11523809523809529 0.3435714285714286 0.18000000000000005 0.38357142857142856 0.18000000000000005
10 0.47285714285714286 7.272069326365474e-17 0.41785714285714287 6.82303216667811e-17 0.41785714285714287 0.05619047619047626 0.47285714285714286 0.05619047619047627
3 0.3314285714285714 0.11619047619047625 0.2985714285714286 0.11619047619047625 0.2985714285714286 0.15428571428571433 0.3314285714285714 0.15428571428571433
3 0.33071428571428574 0.08190476190476195 0.29285714285714287 0.08190476190476195 0.29285714285714287 0.12761904761904766 0.33071428571428574 0.12761904761904766
3 0.31857142857142856 0.049523809523809574 0.2885714285714286 0.04952380952380957 0.2885714285714286 0.08476190476190482 0.31857142857142856 0.08476190476190482
3 0.3057142857142857 0.02000000000000005 0.2814285714285714 0.02000000000000005 0.2814285714285714 0.060000000000000046 0.3057142857142857 0.06000000000000005
3 0.3 0.002857142857142904 0.27285714285714285 0.002857142857142902 0.27285714285714285 0.034285714285714336 0.3 0.03428571428571434