3 0.7914285714285715 0.7133333333333336 0.7114285714285714 0.7133333333333336 0.7114285714285714 0.8104761904761907 0.7914285714285715 0.8104761904761907
3 0.4878571428571429 0.741904761904762 0.3892857142857143 0.741904761904762 0.3892857142857143 0.820952380952381 0.4878571428571429 0.820952380952381
3 0.3550000000000001 0.74 0.2564285714285715 0.74 0.2564285714285715 0.8238095238095238 0.3550000000000001 0.8238095238095238
3 0.2307142857142858 0.7866666666666666 0.13071428571428578 0.7866666666666666 0.13071428571428578 0.8695238095238095 0.2307142857142858 0.8695238095238095
3 0.3921428571428571 0.6276190476190476 0.33214285714285724 0.6276190476190476 0.33214285714285724 0.7142857142857143 0.3921428571428571 0.7142857142857143
3 0.36285714285714293 0.5047619047619047 0.32500000000000007 0.5047619047619047 0.32500000000000007 0.5571428571428572 0.36285714285714293 0.5571428571428572
3 0.44857142857142857 0.6009523809523809 0.4014285714285714 0.6009523809523809 0.4014285714285714 0.6838095238095238 0.44857142857142857 0.6838095238095238
3 0.4835714285714286 0.6104761904761905 0.44642857142857145 0.6104761904761905 0.44642857142857145 0.6876190476190476 0.4835714285714286 0.6876190476190476
3 0.5128571428571429 0.6761904761904762 0.43357142857142855 0.6761904761904762 0.43357142857142855 0.7504761904761905 0.5128571428571429 0.7504761904761905
3 0.5228571428571429 0.5971428571428572 0.48928571428571427 0.5971428571428572 0.48928571428571427 0.6685714285714286 0.5228571428571429 0.6685714285714286
3 0.615 0.64 0.5378571428571428 0.64 0.5378571428571428 0.7085714285714285 0.615 0.7085714285714285
3 0.7028571428571428 0.6190476190476192 0.6314285714285715 0.6190476190476191 0.6314285714285715 0.6704761904761906 0.7028571428571428 0.6704761904761907
3 0.6607142857142857 0.5485714285714286 0.6235714285714286 0.5485714285714286 0.6235714285714286 0.6152380952380953 0.6607142857142857 0.6152380952380953
3 0.6278571428571429 0.41428571428571437 0.5707142857142857 0.41428571428571437 0.5707142857142857 0.44761904761904775 0.6278571428571429 0.44761904761904775
3 0.6078571428571429 0.38285714285714295 0.5607142857142857 0.38285714285714295 0.5607142857142857 0.41142857142857153 0.6078571428571429 0.41142857142857153
3 0.7142857142857143 0.5380952380952383 0.6807142857142857 0.5380952380952383 0.6807142857142857 0.6028571428571431 0.7142857142857143 0.6028571428571431
3 0.85 0.37047619047619057 0.8064285714285714 0.37047619047619057 0.8064285714285714 0.4057142857142858 0.85 0.4057142857142858
3 0.7757142857142857 0.2714285714285715 0.7428571428571429 0.2714285714285715 0.7428571428571429 0.2980952380952382 0.7757142857142857 0.2980952380952382
3 0.625 0.18095238095238106 0.6057142857142858 0.18095238095238106 0.6057142857142858 0.1980952380952382 0.625 0.1980952380952382
3 0.41 0.48857142857142855 0.37285714285714283 0.48857142857142855 0.37285714285714283 0.5495238095238095 0.41 0.5495238095238095
3 0.32928571428571435 0.6495238095238095 0.2564285714285715 0.6495238095238095 0.2564285714285715 0.7457142857142857 0.32928571428571435 0.7457142857142857
3 0.17785714285714294 0.6838095238095238 0.09785714285714293 0.6838095238095238 0.09785714285714293 0.7952380952380952 0.17785714285714294 0.7952380952380952
3 0.5821428571428572 0.5619047619047619 0.5435714285714286 0.5619047619047619 0.5435714285714286 0.6285714285714286 0.5821428571428572 0.6285714285714286
3 0.6228571428571429 0.5523809523809524 0.5871428571428572 0.5523809523809524 0.5871428571428572 0.6228571428571429 0.6228571428571429 0.6228571428571429
3 0.5328571428571428 0.46095238095238106 0.49214285714285716 0.46095238095238106 0.49214285714285716 0.5171428571428571 0.5328571428571428 0.5171428571428571
3 0.565 0.45523809523809533 0.5164285714285715 0.45523809523809533 0.5164285714285715 0.5095238095238095 0.565 0.5095238095238095
3 0.5928571428571429 0.44476190476190486 0.5407142857142857 0.44476190476190486 0.5407142857142857 0.4895238095238095 0.5928571428571429 0.4895238095238095
3 0.5 0.4685714285714287 0.4585714285714286 0.4685714285714287 0.4585714285714286 0.5276190476190477 0.5 0.5276190476190477
3 0.7828571428571428 0.5276190476190479 0.7385714285714285 0.5276190476190479 0.7385714285714285 0.5752380952380954 0.7828571428571428 0.5752380952380954
3 0.8557142857142858 0.4638095238095239 0.8085714285714286 0.4638095238095239 0.8085714285714286 0.49904761904761924 0.8557142857142858 0.49904761904761924
3 0.8264285714285714 0.44476190476190486 0.7842857142857143 0.44476190476190486 0.7842857142857143 0.4809523809523811 0.8264285714285714 0.4809523809523811
3 0.8128571428571428 0.43142857142857155 0.7657142857142857 0.43142857142857155 0.7657142857142857 0.4638095238095239 0.8128571428571428 0.4638095238095239
3 0.7907142857142857 0.4104761904761906 0.7485714285714286 0.4104761904761906 0.7485714285714286 0.44285714285714295 0.7907142857142857 0.44285714285714295
3 0.7328571428571429 0.3723809523809525 0.6914285714285714 0.3723809523809525 0.6914285714285714 0.4038095238095239 0.7328571428571429 0.4038095238095239
3 0.7057142857142857 0.3561904761904763 0.6678571428571428 0.3561904761904763 0.6678571428571428 0.381904761904762 0.7057142857142857 0.381904761904762
3 0.6942857142857143 0.341904761904762 0.6592857142857143 0.341904761904762 0.6592857142857143 0.3638095238095239 0.6942857142857143 0.3638095238095239
3 0.6835714285714286 0.3304761904761906 0.6435714285714286 0.3304761904761906 0.6435714285714286 0.3523809523809525 0.6835714285714286 0.3523809523809525
3 0.6728571428571428 0.321904761904762 0.6335714285714286 0.321904761904762 0.6335714285714286 0.33904761904761915 0.6728571428571428 0.33904761904761915
3 0.6471428571428571 0.3057142857142858 0.6157142857142858 0.3057142857142858 0.6157142857142858 0.32761904761904775 0.6471428571428571 0.32761904761904775
3 0.605 0.281904761904762 0.575 0.281904761904762 0.575 0.302857142857143 0.605 0.302857142857143
3 0.6342857142857142 0.20857142857142869 0.61 0.20857142857142869 0.61 0.22666666666666677 0.6342857142857142 0.22666666666666677
3 0.6621428571428571 0.1742857142857144 0.6428571428571429 0.1742857142857144 0.6428571428571429 0.19142857142857153 0.6621428571428571 0.19142857142857153
3 0.6407142857142857 0.16571428571428581 0.6235714285714286 0.16571428571428581 0.6235714285714286 0.18380952380952392 0.6407142857142857 0.18380952380952392
3 0.6257142857142857 0.15904761904761916 0.6078571428571429 0.15904761904761916 0.6078571428571429 0.17523809523809536 0.6257142857142857 0.17523809523809536
3 0.56 0.14285714285714296 0.545 0.14285714285714296 0.545 0.1542857142857144 0.56 0.1542857142857144
3 0.5135714285714286 0.12571428571428583 0.5007142857142857 0.12571428571428583 0.5007142857142857 0.1361904761904763 0.5135714285714286 0.1361904761904763
3 0.5571428571428572 0.12857142857142867 0.5435714285714286 0.12857142857142867 0.5435714285714286 0.13904761904761914 0.5571428571428572 0.13904761904761914
3 0.4664285714285714 0.09142857142857151 0.4514285714285714 0.09142857142857151 0.4514285714285714 0.10095238095238103 0.4664285714285714 0.10095238095238103
3 0.4278571428571429 0.09238095238095247 0.41928571428571426 0.09238095238095247 0.41928571428571426 0.10095238095238103 0.4278571428571429 0.10095238095238103
3 0.44785714285714284 0.0895238095238096 0.44 0.0895238095238096 0.44 0.09809523809523818 0.44785714285714284 0.09809523809523818
3 0.4542857142857143 0.09523809523809532 0.4471428571428571 0.09523809523809532 0.4471428571428571 0.10285714285714294 0.4542857142857143 0.10285714285714294
3 0.3507142857142857 0.0371428571428572 0.3457142857142857 0.0371428571428572 0.3457142857142857 0.04380952380952386 0.3507142857142857 0.04380952380952386
11 0.48 0.11809523809523817 0.4664285714285714 0.11809523809523817 0.4664285714285714 0.13142857142857148 0.48 0.13142857142857148
11 0.5021428571428571 0.11714285714285723 0.49 0.11714285714285723 0.49 0.12857142857142864 0.5021428571428571 0.12857142857142867
3 0.5721428571428572 0.14666666666666678 0.5621428571428572 0.14666666666666678 0.5621428571428572 0.16000000000000011 0.5721428571428572 0.16000000000000011
3 0.5457142857142857 0.12190476190476202 0.535 0.12190476190476202 0.535 0.1323809523809525 0.5457142857142857 0.1323809523809525
3 0.5357142857142857 0.11809523809523817 0.5235714285714286 0.11809523809523817 0.5235714285714286 0.12952380952380962 0.5357142857142857 0.12952380952380962
3 0.5242857142857142 0.11428571428571437 0.5092857142857142 0.11428571428571437 0.5092857142857142 0.12380952380952391 0.5242857142857142 0.12380952380952391
3 0.5157142857142857 0.11047619047619056 0.5042857142857143 0.11047619047619056 0.5042857142857143 0.12095238095238103 0.5157142857142857 0.12095238095238103
3 0.5085714285714286 0.10666666666666674 0.495 0.10666666666666674 0.495 0.11809523809523817 0.5085714285714286 0.11809523809523817
3 0.505 0.1057142857142858 0.49 0.1057142857142858 0.49 0.11523809523809532 0.505 0.11523809523809532
3 0.47714285714285715 0.08666666666666675 0.4657142857142857 0.08666666666666675 0.4657142857142857 0.09809523809523818 0.47714285714285715 0.09809523809523818
10 0.43642857142857144 0.07047619047619055 0.41785714285714287 0.07047619047619055 0.41785714285714287 0.09047619047619056 0.43642857142857144 0.09047619047619056
3 0.42214285714285715 0.07619047619047627 0.415 0.07619047619047627 0.415 0.08476190476190484 0.42214285714285715 0.08476190476190484
3 0.4157142857142857 0.07238095238095245 0.4092857142857143 0.07238095238095243 0.4092857142857143 0.08000000000000007 0.4157142857142857 0.08000000000000008
3 0.4057142857142857 0.06952380952380957 0.39785714285714285 0.06952380952380957 0.39785714285714285 0.0771428571428572 0.4057142857142857 0.0771428571428572
3 0.39785714285714285 0.06476190476190481 0.39071428571428574 0.06476190476190481 0.39071428571428574 0.07333333333333339 0.39785714285714285 0.07333333333333339
3 0.39571428571428574 0.06095238095238101 0.38857142857142857 0.06095238095238101 0.38857142857142857 0.06857142857142863 0.39571428571428574 0.06857142857142863
3 0.3892857142857143 0.058095238095238165 0.38285714285714284 0.058095238095238165 0.38285714285714284 0.06476190476190481 0.3892857142857143 0.06476190476190481
3 0.385 0.05523809523809531 0.37714285714285717 0.05523809523809531 0.37714285714285717 0.06285714285714292 0.385 0.06285714285714292
3 0.37357142857142855 0.050476190476190536 0.36714285714285716 0.05047619047619053 0.36714285714285716 0.05809523809523816 0.37357142857142855 0.058095238095238165
3 0.3657142857142857 0.044761904761904815 0.35928571428571426 0.044761904761904815 0.35928571428571426 0.05238095238095244 0.3657142857142857 0.05238095238095244
3 0.345 0.03428571428571434 0.34 0.03428571428571434 0.34 0.040952380952381004 0.345 0.040952380952381004
2 0.32857142857142857 0.021904761904761958 0.31857142857142856 0.021904761904761958 0.31857142857142856 0.03523809523809529 0.32857142857142857 0.03523809523809529
7 0.5307142857142857 0.13714285714285726 0.5271428571428571 0.13714285714285726 0.5271428571428571 0.14761904761904773 0.5307142857142857 0.14761904761904773
3 0.5821428571428572 0.2666666666666668 0.5585714285714286 0.2666666666666668 0.5585714285714286 0.2876190476190477 0.5821428571428572 0.2876190476190477
3 0.5457142857142857 0.16000000000000011 0.5292857142857142 0.16000000000000011 0.5292857142857142 0.17333333333333345 0.5457142857142857 0.17333333333333345
4 0.41214285714285714 0.056190476190476256 0.4007142857142857 0.056190476190476256 0.4007142857142857 0.06666666666666672 0.41214285714285714 0.06666666666666672
4 0.395 0.04476190476190483 0.385 0.04476190476190483 0.385 0.05714285714285721 0.395 0.05714285714285721
4 0.3821428571428571 0.04285714285714293 0.3757142857142857 0.04285714285714293 0.3757142857142857 0.05047619047619054 0.3821428571428571 0.05047619047619054
3 0.7121428571428572 0.1980952380952382 0.6907142857142857 0.1980952380952382 0.6907142857142857 0.2180952380952382 0.7121428571428572 0.2180952380952382
3 0.7507142857142857 0.38761904761904775 0.7057142857142857 0.38761904761904775 0.7057142857142857 0.4180952380952382 0.7507142857142857 0.4180952380952382
11 0.625 0.2857142857142858 0.5907142857142857 0.2857142857142858 0.5907142857142857 0.3200000000000001 0.625 0.3200000000000001
3 0.5807142857142857 0.36857142857142866 0.5378571428571428 0.36857142857142866 0.5378571428571428 0.39523809523809533 0.5807142857142857 0.39523809523809533
3 0.5764285714285714 0.3504761904761906 0.5385714285714286 0.3504761904761906 0.5385714285714286 0.3742857142857144 0.5764285714285714 0.3742857142857144
3 0.5714285714285714 0.33904761904761915 0.53 0.33904761904761915 0.53 0.362857142857143 0.5714285714285714 0.362857142857143
3 0.93 0.3038095238095239 0.8985714285714286 0.3038095238095239 0.8985714285714286 0.32666666666666677 0.93 0.32666666666666677
3 1 0.4457142857142859 0.9621428571428572 0.44571428571428584 0.9621428571428572 0.4952380952380955 1 0.4952380952380955
7 0.7285714285714285 0.5142857142857145 0.7135714285714285 0.5142857142857145 0.7135714285714285 0.5419047619047621 0.7285714285714285 0.5419047619047621
11 0.4764285714285714 0.5123809523809524 0.41928571428571426 0.5123809523809524 0.41928571428571426 0.5542857142857143 0.4764285714285714 0.5542857142857143
1 0.3357142857142858 0.5352380952380953 0.31785714285714295 0.5352380952380953 0.31785714285714295 0.5619047619047619 0.3357142857142858 0.5619047619047619
5 0.3121428571428572 0.5266666666666666 0.3014285714285715 0.5266666666666666 0.3014285714285715 0.5552380952380952 0.3121428571428572 0.5552380952380952
5 0.30785714285714294 0.5371428571428571 0.2950000000000001 0.5371428571428571 0.2950000000000001 0.5666666666666667 0.30785714285714294 0.5666666666666667
11 0.22428571428571437 0.6876190476190476 0.1557142857142858 0.6876190476190476 0.1557142857142858 0.7847619047619048 0.22428571428571437 0.7847619047619048
3 0.0814285714285715 0.7314285714285714 0.010000000000000066 0.7314285714285714 0.010000000000000073 0.8428571428571429 0.0814285714285715 0.8428571428571429
3 0.04571428571428578 0.5904761904761905 5.423435824795421e-17 0.5904761904761905 5.733971263150643e-17 0.6580952380952381 0.04571428571428578 0.6580952380952381
5 0.09642857142857147 0.5361904761904762 0.08428571428571432 0.5361904761904762 0.08428571428571434 0.5685714285714286 0.09642857142857147 0.5685714285714286
5 0.08714285714285719 0.5361904761904762 0.07500000000000004 0.5361904761904762 0.07500000000000005 0.5676190476190476 0.0871428571428572 0.5676190476190476
5 0.027857142857142907 0.5447619047619048 0.013571428571428621 0.5447619047619048 0.013571428571428625 0.580952380952381 0.027857142857142907 0.580952380952381
5 0.01642857142857148 0.5466666666666666 5.021051876504148e-17 0.5466666666666666 5.169758987829184e-17 0.579047619047619 0.01642857142857148 0.579047619047619
5 0.051428571428571476 0.5466666666666666 0.03785714285714291 0.5466666666666666 0.03785714285714291 0.579047619047619 0.05142857142857149 0.579047619047619
5 0.05928571428571434 0.5466666666666666 0.04857142857142861 0.5466666666666666 0.04857142857142862 0.5761904761904761 0.059285714285714344 0.5761904761904761
7 0.21857142857142867 0.5076190476190476 0.20642857142857152 0.5076190476190476 0.20642857142857152 0.540952380952381 0.21857142857142867 0.540952380952381
7 0.21000000000000008 0.4990476190476191 0.2007142857142858 0.4990476190476191 0.2007142857142858 0.5266666666666666 0.21000000000000008 0.5266666666666666
7 0.1857142857142858 0.5285714285714286 0.1735714285714286 0.5285714285714286 0.1735714285714286 0.559047619047619 0.1857142857142858 0.559047619047619
3 0.1164285714285715 0.8742857142857143 8.030184011551931e-17 0.8742857142857143 8.471931606958654e-17 0.9704761904761905 0.1164285714285715 0.9704761904761905