3 0.8855 0.39466666666666683 0.845 0.39466666666666683 0.845 0.4146666666666668 0.8855 0.4146666666666668
0 0.8055 0.47266666666666685 0.771 0.47266666666666685 0.771 0.5073333333333335 0.8055 0.5073333333333335
3 0.21800000000000005 0.4266666666666667 0.15550000000000005 0.4266666666666667 0.15550000000000005 0.446 0.21800000000000005 0.446
3 0.12850000000000006 0.466 0.06050000000000004 0.466 0.06050000000000004 0.49933333333333335 0.12850000000000006 0.49933333333333335
3 0.15450000000000005 0.4533333333333333 0.11050000000000003 0.4533333333333333 0.11050000000000004 0.48533333333333334 0.15450000000000005 0.48533333333333334
3 0.04000000000000004 0.478 0.0025000000000000434 0.478 0.002500000000000045 0.5113333333333333 0.04000000000000004 0.5113333333333333
3 0.23450000000000007 0.4033333333333333 0.18850000000000006 0.4033333333333333 0.18850000000000006 0.424 0.23450000000000007 0.424
3 0.346 0.4146666666666667 0.3095 0.4146666666666667 0.3095 0.43533333333333335 0.346 0.43533333333333335
3 0.345 0.40066666666666667 0.322 0.40066666666666667 0.322 0.4126666666666667 0.345 0.4126666666666667
3 0.35 0.38666666666666666 0.3135 0.38666666666666666 0.3135 0.4046666666666667 0.35 0.4046666666666667
3 0.267 0.38133333333333336 0.23150000000000007 0.38133333333333336 0.23150000000000007 0.398 0.267 0.398
3 0.2585 0.37533333333333335 0.21600000000000005 0.37533333333333335 0.21600000000000005 0.39066666666666666 0.2585 0.39066666666666666
3 0.25250000000000006 0.35733333333333334 0.23050000000000007 0.35733333333333334 0.23050000000000007 0.37133333333333335 0.25250000000000006 0.37133333333333335
3 0.2865 0.346 0.2585 0.346 0.2585 0.35733333333333334 0.2865 0.35733333333333334
3 0.3625 0.3446666666666667 0.3335 0.3446666666666667 0.3335 0.3586666666666667 0.3625 0.3586666666666667
3 0.438 0.33933333333333343 0.4295 0.33933333333333343 0.4295 0.352 0.438 0.352
3 0.342 0.31600000000000006 0.3295 0.31600000000000006 0.3295 0.3340000000000001 0.342 0.3340000000000001
3 0.291 0.3293333333333334 0.2775 0.3293333333333334 0.2775 0.3380000000000001 0.291 0.3380000000000001
7 0.2795 0.5046666666666667 0.269 0.5046666666666667 0.269 0.5433333333333333 0.2795 0.5433333333333333
7 0.18150000000000005 0.5393333333333333 0.17000000000000007 0.5393333333333333 0.17000000000000007 0.5813333333333334 0.18150000000000005 0.5813333333333334
7 0.19100000000000006 0.5366666666666666 0.17850000000000005 0.5366666666666666 0.17850000000000005 0.5753333333333334 0.19100000000000006 0.5753333333333334
7 0.49000000000000005 0.5766666666666668 0.4795 0.5766666666666668 0.47950000000000004 0.6226666666666668 0.4900000000000001 0.6226666666666668
7 0.5115 0.5753333333333335 0.499 0.5753333333333335 0.499 0.6146666666666668 0.5115 0.6146666666666668
7 0.47950000000000004 0.6073333333333335 0.471 0.6073333333333335 0.47100000000000003 0.6420000000000001 0.4795000000000001 0.6420000000000001
7 0.49700000000000005 0.6100000000000001 0.4885 0.6100000000000001 0.48850000000000005 0.6366666666666668 0.4970000000000001 0.6366666666666668
7 0.8635 0.49933333333333346 0.851 0.49933333333333346 0.851 0.5393333333333334 0.8635 0.5393333333333334
8 0.7355 0.4366666666666668 0.724 0.4366666666666668 0.724 0.4480000000000002 0.7355 0.4480000000000002
9 0.7345 0.44333333333333347 0.724 0.44333333333333347 0.724 0.4560000000000001 0.7345 0.4560000000000001
7 0.896 0.5006666666666668 0.8875 0.5006666666666668 0.8875 0.5313333333333334 0.896 0.5313333333333334
7 0.543 0.6186666666666668 0.5055 0.6186666666666668 0.5055000000000001 0.6493333333333335 0.543 0.6493333333333335
7 0.969 0.5586666666666669 0.9605 0.5586666666666669 0.9605 0.5880000000000002 0.969 0.5880000000000002
3 0.369 0.32266666666666677 0.3535 0.32266666666666677 0.3535 0.3293333333333334 0.369 0.3293333333333334
3 0.367 0.31466666666666676 0.3555 0.31466666666666676 0.3555 0.32400000000000007 0.367 0.32400000000000007
7 0.6915 0.3993333333333335 0.6825 0.3993333333333335 0.6825 0.4226666666666668 0.6915 0.4226666666666668
4 0.511 0.26800000000000007 0.3935 0.26800000000000007 0.3935 0.31466666666666676 0.511 0.31466666666666676