7 0.25785714285714284 0.5076142131979695 0.25142857142857145 0.5076142131979695 0.25142857142857145 0.5368020304568528 0.25785714285714284 0.5368020304568528
7 0.26357142857142857 0.49619289340101524 0.2542857142857143 0.49619289340101524 0.2542857142857143 0.5253807106598984 0.26357142857142857 0.5253807106598984
7 0.4307142857142857 0.0748730964467006 0.42642857142857143 0.0748730964467006 0.42642857142857143 0.09390862944162448 0.4307142857142857 0.09390862944162448
5 0.43214285714285716 0.1535532994923859 0.4278571428571429 0.1535532994923859 0.4278571428571429 0.17893401015228433 0.43214285714285716 0.17893401015228433
3 0.3742857142857143 0.1611675126903554 0.3407142857142857 0.1611675126903554 0.3407142857142857 0.18401015228426404 0.3742857142857143 0.18401015228426404
10 0.5207142857142857 1.1197436786620153e-16 0.5085714285714286 1.1065336560823801e-16 0.5085714285714286 0.026649746192893512 0.5207142857142857 0.02664974619289352
10 0.515 0.12436548223350265 0.495 0.12436548223350265 0.495 0.1916243654822336 0.515 0.19162436548223366
10 0.5007142857142857 0.18781725888324885 0.4835714285714286 0.1878172588832488 0.4835714285714286 0.2500000000000001 0.5007142857142857 0.25000000000000017
10 0.485 0.3413705583756347 0.4614285714285714 0.3413705583756347 0.4614285714285714 0.4225888324873098 0.485 0.4225888324873098
10 0.49357142857142855 0.28045685279187826 0.4707142857142857 0.28045685279187826 0.4707142857142857 0.3553299492385788 0.49357142857142855 0.3553299492385788
7 0.6364285714285715 0.9822335025380711 0.63 0.9822335025380711 0.63 0.998730964467005 0.6364285714285715 0.998730964467005
7 0.6442857142857142 0.9644670050761421 0.6357142857142857 0.9644670050761421 0.6357142857142857 0.9936548223350253 0.6442857142857142 0.9936548223350253
7 0.6707142857142857 0.9606598984771576 0.6635714285714286 0.9606598984771576 0.6635714285714286 0.9898477157360409 0.6707142857142857 0.9898477157360409
7 0.6821428571428572 0.9467005076142135 0.6735714285714286 0.9467005076142135 0.6735714285714286 0.9733502538071069 0.6821428571428572 0.9733502538071069
7 0.6785714285714286 0.9111675126903556 0.6707142857142857 0.9111675126903556 0.6707142857142857 0.9340101522842642 0.6785714285714286 0.9340101522842642
7 0.6792857142857143 0.8997461928934013 0.6721428571428572 0.8997461928934013 0.6721428571428572 0.921319796954315 0.6792857142857143 0.921319796954315
7 0.6764285714285714 0.8667512690355332 0.6707142857142857 0.8667512690355332 0.6707142857142857 0.8895939086294419 0.6764285714285714 0.8895939086294419
1 0.63 0.8324873096446701 0.6207142857142857 0.8324873096446701 0.6207142857142857 0.8705583756345178 0.63 0.8705583756345178
8 0.7707142857142857 0.8299492385786805 0.7578571428571429 0.8299492385786805 0.7578571428571429 0.855329949238579 0.7707142857142857 0.855329949238579
7 0.6571428571428571 0.8299492385786802 0.6492857142857142 0.8299492385786802 0.6492857142857142 0.8616751269035533 0.6571428571428571 0.8616751269035533
7 0.6635714285714286 0.83502538071066 0.6557142857142857 0.8350253807106599 0.6557142857142857 0.8629441624365484 0.6635714285714286 0.8629441624365485
7 0.6757142857142857 0.8337563451776653 0.6685714285714286 0.8337563451776653 0.6685714285714286 0.8604060913705587 0.6757142857142857 0.8604060913705587
7 0.6692857142857143 0.8121827411167514 0.6621428571428571 0.8121827411167513 0.6621428571428571 0.8401015228426397 0.6692857142857143 0.8401015228426398
8 0.6278571428571429 0.7956852791878173 0.6207142857142857 0.7956852791878173 0.6207142857142857 0.815989847715736 0.6278571428571429 0.815989847715736
7 0.6242857142857143 0.7766497461928934 0.6192857142857143 0.7766497461928934 0.6192857142857143 0.8020304568527918 0.6242857142857143 0.8020304568527918
7 0.6242857142857143 0.7677664974619289 0.6192857142857143 0.7677664974619289 0.6192857142857143 0.7918781725888325 0.6242857142857143 0.7918781725888325
7 0.6292857142857143 0.7576142131979695 0.6235714285714286 0.7576142131979695 0.6235714285714286 0.7829949238578681 0.6292857142857143 0.7829949238578681
7 0.64 0.7373096446700508 0.6321428571428571 0.7373096446700508 0.6321428571428571 0.7652284263959391 0.64 0.7652284263959391
7 0.645 0.7423857868020305 0.6392857142857142 0.7423857868020305 0.6392857142857142 0.7601522842639594 0.645 0.7601522842639594
7 0.6607142857142857 0.7360406091370558 0.6542857142857142 0.7360406091370558 0.6542857142857142 0.7614213197969543 0.6607142857142857 0.7614213197969543
7 0.6707142857142857 0.7385786802030458 0.6621428571428571 0.7385786802030457 0.6621428571428571 0.7652284263959392 0.6707142857142857 0.7652284263959394
7 0.64 0.7195431472081218 0.6335714285714286 0.7195431472081218 0.6335714285714286 0.7423857868020305 0.64 0.7423857868020305
7 0.6414285714285715 0.6979695431472082 0.635 0.6979695431472082 0.635 0.7220812182741116 0.6414285714285715 0.7220812182741116
7 0.6235714285714286 0.6776649746192893 0.6157142857142858 0.6776649746192893 0.6157142857142858 0.7068527918781726 0.6235714285714286 0.7068527918781726
7 0.6278571428571429 0.6649746192893401 0.62 0.6649746192893401 0.62 0.6865482233502538 0.6278571428571429 0.6865482233502538
7 0.6335714285714286 0.6700507614213198 0.6271428571428571 0.6700507614213198 0.6271428571428571 0.6967005076142132 0.6335714285714286 0.6967005076142132
7 0.6564285714285715 0.6637055837563451 0.6485714285714286 0.6637055837563451 0.6485714285714286 0.6903553299492385 0.6564285714285715 0.6903553299492385
7 0.6507142857142857 0.6535532994923858 0.6421428571428571 0.6535532994923858 0.6421428571428571 0.6802030456852792 0.6507142857142857 0.6802030456852792
7 0.6428571428571429 0.6383248730964468 0.635 0.6383248730964468 0.635 0.6598984771573604 0.6428571428571429 0.6598984771573604
8 0.6207142857142857 0.6332487309644671 0.6142857142857143 0.6332487309644671 0.6142857142857143 0.6510152284263959 0.6207142857142857 0.6510152284263959
7 0.6285714285714286 0.6294416243654823 0.6207142857142857 0.6294416243654823 0.6207142857142857 0.6560913705583756 0.6285714285714286 0.6560913705583756
7 0.6285714285714286 0.6116751269035534 0.6235714285714286 0.6116751269035534 0.6235714285714286 0.6383248730964468 0.6285714285714286 0.6383248730964468
8 0.6192857142857143 0.6053299492385789 0.6114285714285714 0.6053299492385789 0.6114285714285714 0.6205583756345179 0.6192857142857143 0.6205583756345179
8 0.62 0.5989847715736042 0.6107142857142858 0.5989847715736042 0.6107142857142858 0.6167512690355331 0.62 0.6167512690355331
8 0.6171428571428571 0.5888324873096448 0.6092857142857143 0.5888324873096448 0.6092857142857143 0.6078680203045687 0.6171428571428571 0.6078680203045687
7 0.6335714285714286 0.6154822335025382 0.63 0.6154822335025382 0.63 0.6395939086294418 0.6335714285714286 0.6395939086294418
7 0.6428571428571429 0.5964467005076144 0.635 0.5964467005076144 0.635 0.6230964467005078 0.6428571428571429 0.6230964467005078
7 0.6485714285714286 0.6040609137055839 0.6421428571428571 0.6040609137055839 0.6421428571428571 0.6294416243654823 0.6485714285714286 0.6294416243654823
7 0.6535714285714286 0.6129441624365484 0.6471428571428571 0.6129441624365484 0.6471428571428571 0.637055837563452 0.6535714285714286 0.637055837563452
7 0.6614285714285715 0.6053299492385789 0.6557142857142857 0.6053299492385789 0.6557142857142857 0.637055837563452 0.6614285714285715 0.637055837563452
7 0.6564285714285715 0.6065989847715737 0.65 0.6065989847715737 0.65 0.6307106598984773 0.6564285714285715 0.6307106598984773
7 0.6442857142857142 0.58502538071066 0.6378571428571429 0.58502538071066 0.6378571428571429 0.6091370558375636 0.6442857142857142 0.6091370558375636
8 0.6678571428571428 0.6065989847715737 0.6621428571428571 0.6065989847715737 0.6621428571428571 0.6256345177664976 0.6678571428571428 0.6256345177664976
2 0.5171428571428571 0.06598984771573616 0.5021428571428571 0.06598984771573616 0.5021428571428571 0.12055837563451788 0.5171428571428571 0.12055837563451788
7 0.6278571428571429 0.4606598984771575 0.6228571428571429 0.4606598984771575 0.6228571428571429 0.4784263959390864 0.6278571428571429 0.4784263959390864
7 0.6457142857142857 0.4175126903553301 0.6407142857142857 0.4175126903553301 0.6407142857142857 0.44289340101522856 0.6457142857142857 0.44289340101522856
7 0.6392857142857142 0.4200507614213199 0.635 0.4200507614213199 0.635 0.4441624365482235 0.6392857142857142 0.4441624365482235
7 0.6214285714285714 0.40862944162436565 0.6178571428571429 0.40862944162436565 0.6178571428571429 0.43147208121827424 0.6214285714285714 0.43147208121827424
7 0.6264285714285714 0.4213197969543149 0.6207142857142857 0.4213197969543149 0.6207142857142857 0.4467005076142133 0.6264285714285714 0.4467005076142133
7 0.6285714285714286 0.42385786802030473 0.6235714285714286 0.42385786802030473 0.6235714285714286 0.4467005076142133 0.6285714285714286 0.4467005076142133
7 0.6285714285714286 0.40482233502538084 0.6242857142857143 0.40482233502538084 0.6242857142857143 0.4175126903553301 0.6285714285714286 0.4175126903553301
7 0.6264285714285714 0.41624365482233516 0.6235714285714286 0.41624365482233516 0.6235714285714286 0.4289340101522844 0.6264285714285714 0.4289340101522844
7 0.6128571428571429 0.39086294416243667 0.6085714285714285 0.39086294416243667 0.6085714285714285 0.41497461928934026 0.6128571428571429 0.41497461928934026
7 0.6278571428571429 0.3388324873096448 0.6221428571428571 0.3388324873096448 0.6221428571428571 0.36294416243654837 0.6278571428571429 0.36294416243654837
7 0.6121428571428571 0.28553299492385803 0.6078571428571429 0.28553299492385803 0.6078571428571429 0.3071065989847717 0.6121428571428571 0.3071065989847717
7 0.6257142857142857 0.27791878172588846 0.6207142857142857 0.27791878172588846 0.6207142857142857 0.3007614213197971 0.6257142857142857 0.3007614213197971
7 0.6042857142857143 0.2626903553299494 0.6007142857142858 0.2626903553299494 0.6007142857142858 0.2880710659898479 0.6042857142857143 0.2880710659898479
7 0.6214285714285714 0.25126903553299507 0.6178571428571429 0.25126903553299507 0.6178571428571429 0.27157360406091385 0.6214285714285714 0.27157360406091385
7 0.6178571428571429 0.21954314720812196 0.6128571428571429 0.21954314720812196 0.6128571428571429 0.2423857868020306 0.6178571428571429 0.2423857868020306
7 0.615 0.21446700507614228 0.6107142857142858 0.21446700507614228 0.6107142857142858 0.2322335025380712 0.615 0.2322335025380712
7 0.6228571428571429 0.2220812182741118 0.6192857142857143 0.2220812182741118 0.6192857142857143 0.24111675126903567 0.6228571428571429 0.24111675126903567
7 0.5971428571428572 0.15862944162436562 0.5928571428571429 0.15862944162436562 0.5928571428571429 0.17766497461928948 0.5971428571428572 0.17766497461928948
7 0.6078571428571429 0.1573604060913707 0.6028571428571429 0.1573604060913707 0.6028571428571429 0.1725888324873098 0.6078571428571429 0.1725888324873098
7 0.6 0.06218274111675139 0.5971428571428572 0.06218274111675139 0.5971428571428572 0.08121827411167527 0.6 0.08121827411167527
7 0.6007142857142858 0.07487309644670063 0.5978571428571429 0.07487309644670063 0.5978571428571429 0.09137055837563467 0.6007142857142858 0.09137055837563467
7 0.6057142857142858 0.06472081218274124 0.6014285714285714 0.06472081218274124 0.6014285714285714 0.0824873096446702 0.6057142857142858 0.0824873096446702
7 0.605 0.07360406091370571 0.6014285714285714 0.07360406091370571 0.6014285714285714 0.08629441624365497 0.605 0.08629441624365497
7 0.6064285714285714 0.09517766497461944 0.6028571428571429 0.09517766497461944 0.6028571428571429 0.1142131979695433 0.6064285714285714 0.1142131979695433
7 0.6464285714285715 0.12563451776649762 0.6414285714285715 0.12563451776649762 0.6414285714285715 0.14593908629441638 0.6464285714285715 0.14593908629441638
7 0.6342857142857142 0.1091370558375636 0.6307142857142857 0.1091370558375636 0.6307142857142857 0.12944162436548237 0.6342857142857142 0.12944162436548237
7 0.6442857142857142 0.1573604060913707 0.6407142857142857 0.1573604060913707 0.6407142857142857 0.17639593908629456 0.6442857142857142 0.17639593908629456
7 0.635 0.16116751269035548 0.6292857142857143 0.16116751269035548 0.6292857142857143 0.18147208121827427 0.635 0.18147208121827427
7 0.6264285714285714 0.15989847715736055 0.6228571428571429 0.15989847715736055 0.6228571428571429 0.17766497461928948 0.6264285714285714 0.17766497461928948
7 0.6221428571428571 0.15862944162436562 0.6185714285714285 0.15862944162436562 0.6185714285714285 0.17639593908629456 0.6221428571428571 0.17639593908629456
7 0.6135714285714285 0.15355329949238594 0.6092857142857143 0.15355329949238594 0.6092857142857143 0.1738578680203047 0.6135714285714285 0.1738578680203047
7 0.6178571428571429 0.1573604060913707 0.6135714285714285 0.1573604060913707 0.6135714285714285 0.17512690355329963 0.6178571428571429 0.17512690355329963
7 0.63 0.15609137055837577 0.6257142857142857 0.15609137055837577 0.6257142857142857 0.1725888324873098 0.63 0.1725888324873098
7 0.6264285714285714 0.13197969543147223 0.6214285714285714 0.13197969543147223 0.6214285714285714 0.1510152284263961 0.6264285714285714 0.1510152284263961
8 0.6342857142857142 0.13832487309644684 0.6285714285714286 0.13832487309644684 0.6285714285714286 0.14974619289340116 0.6342857142857142 0.14974619289340116
7 0.605 0.12182741116751283 0.6014285714285714 0.12182741116751283 0.6014285714285714 0.13832487309644684 0.605 0.13832487309644684
7 0.61 0.12182741116751283 0.6064285714285714 0.12182741116751283 0.6064285714285714 0.13959390862944177 0.61 0.13959390862944177
7 0.6178571428571429 0.12182741116751283 0.6121428571428571 0.12182741116751283 0.6121428571428571 0.1408629441624367 0.6178571428571429 0.1408629441624367
7 0.6207142857142857 0.11040609137055853 0.6171428571428571 0.11040609137055853 0.6171428571428571 0.12817258883248744 0.6207142857142857 0.12817258883248744