3 0.6092857142857143 0.72 0.5128571428571429 0.72 0.5128571428571429 0.7876190476190477 0.6092857142857143 0.7876190476190477
3 0.7378571428571429 0.7485714285714287 0.6357142857142857 0.7485714285714286 0.6357142857142857 0.8104761904761906 0.7378571428571429 0.8104761904761907
7 0.8057142857142857 0.7561904761904764 0.7892857142857143 0.7561904761904764 0.7892857142857143 0.7923809523809526 0.8057142857142857 0.7923809523809526
7 0.8164285714285714 0.744761904761905 0.8 0.744761904761905 0.8 0.784761904761905 0.8164285714285714 0.784761904761905
7 0.8442857142857143 0.7409523809523811 0.8228571428571428 0.7409523809523811 0.8228571428571428 0.7866666666666668 0.8442857142857143 0.7866666666666668
8 0.6828571428571428 0.6400000000000002 0.6721428571428572 0.6400000000000002 0.6721428571428572 0.6580952380952383 0.6828571428571428 0.6580952380952383
7 0.6935714285714286 0.6342857142857145 0.6792857142857143 0.6342857142857145 0.6792857142857143 0.6752380952380954 0.6935714285714286 0.6752380952380954
8 0.7292857142857143 0.6361904761904764 0.7164285714285714 0.6361904761904764 0.7164285714285714 0.6561904761904764 0.7292857142857143 0.6561904761904764
8 0.715 0.6323809523809526 0.7028571428571428 0.6323809523809526 0.7028571428571428 0.6485714285714288 0.715 0.6485714285714288
8 0.7535714285714286 0.6342857142857145 0.7421428571428571 0.6342857142857145 0.7421428571428571 0.6571428571428574 0.7535714285714286 0.6571428571428574
8 0.7721428571428571 0.6419047619047621 0.7564285714285715 0.6419047619047621 0.7564285714285715 0.6600000000000003 0.7721428571428571 0.6600000000000003
8 0.7714285714285715 0.624761904761905 0.7557142857142857 0.624761904761905 0.7557142857142857 0.6457142857142859 0.7714285714285715 0.6457142857142859
8 0.715 0.6161904761904764 0.7035714285714286 0.6161904761904764 0.7035714285714286 0.6361904761904764 0.715 0.6361904761904764
7 0.6571428571428571 0.6238095238095238 0.6428571428571429 0.6238095238095238 0.6428571428571429 0.6571428571428571 0.6571428571428571 0.6571428571428571
7 0.645 0.6161904761904762 0.6342857142857142 0.6161904761904762 0.6342857142857142 0.6523809523809524 0.645 0.6523809523809524
7 0.53 0.6466666666666666 0.5207142857142857 0.6466666666666666 0.5207142857142857 0.6819047619047619 0.53 0.6819047619047619
7 0.5214285714285715 0.6371428571428571 0.5085714285714286 0.6371428571428571 0.5085714285714286 0.6704761904761904 0.5214285714285715 0.6704761904761904
7 0.45071428571428573 0.6476190476190476 0.43785714285714283 0.6476190476190476 0.43785714285714283 0.679047619047619 0.45071428571428573 0.679047619047619
7 0.6178571428571429 0.6304761904761905 0.6057142857142858 0.6304761904761905 0.6057142857142858 0.6666666666666666 0.6178571428571429 0.6666666666666666
7 0.605 0.6247619047619047 0.595 0.6247619047619047 0.595 0.660952380952381 0.605 0.660952380952381
7 0.595 0.6361904761904762 0.5864285714285714 0.6361904761904762 0.5864285714285714 0.6676190476190477 0.595 0.6676190476190477
7 0.5892857142857143 0.6314285714285715 0.5807142857142857 0.6314285714285715 0.5807142857142857 0.6628571428571428 0.5892857142857143 0.6628571428571428
7 0.5835714285714285 0.6304761904761905 0.5742857142857143 0.6304761904761905 0.5742857142857143 0.6647619047619048 0.5835714285714285 0.6647619047619048
8 0.5685714285714286 0.6238095238095238 0.555 0.6238095238095238 0.555 0.6504761904761904 0.5685714285714286 0.6504761904761904
8 0.5735714285714286 0.6190476190476191 0.565 0.6190476190476191 0.565 0.64 0.5735714285714286 0.64
5 0.5778571428571428 0.6238095238095238 0.5478571428571428 0.6238095238095238 0.5478571428571428 0.6619047619047619 0.5778571428571428 0.6619047619047619
7 0.6171428571428571 0.6066666666666667 0.6057142857142858 0.6066666666666667 0.6057142857142858 0.64 0.6171428571428571 0.64
7 0.6228571428571429 0.5895238095238096 0.6114285714285714 0.5895238095238096 0.6114285714285714 0.6142857142857143 0.6228571428571429 0.6142857142857143
3 0.5707142857142857 0.540952380952381 0.5607142857142857 0.540952380952381 0.5607142857142857 0.58 0.5707142857142857 0.58
7 0.5907142857142857 0.46000000000000013 0.5842857142857143 0.46000000000000013 0.5842857142857143 0.4847619047619049 0.5907142857142857 0.4847619047619049
7 0.5735714285714286 0.44380952380952393 0.5635714285714286 0.44380952380952393 0.5635714285714286 0.4742857142857144 0.5735714285714286 0.4742857142857144
5 0.5464285714285714 0.441904761904762 0.5364285714285715 0.441904761904762 0.5364285714285715 0.4685714285714287 0.5464285714285714 0.4685714285714287
5 0.5478571428571428 0.41523809523809535 0.5307142857142857 0.41523809523809535 0.5307142857142857 0.4371428571428573 0.5478571428571428 0.4371428571428573
7 0.5685714285714286 0.37047619047619057 0.5635714285714286 0.37047619047619057 0.5635714285714286 0.3923809523809525 0.5685714285714286 0.3923809523809525
7 0.5628571428571428 0.37142857142857155 0.5578571428571428 0.37142857142857155 0.5578571428571428 0.3942857142857144 0.5628571428571428 0.3942857142857144
7 0.5507142857142857 0.36666666666666675 0.5471428571428572 0.36666666666666675 0.5471428571428572 0.3885714285714287 0.5507142857142857 0.3885714285714287
7 0.5542857142857143 0.36476190476190484 0.55 0.36476190476190484 0.55 0.38666666666666677 0.5542857142857143 0.38666666666666677
7 0.5371428571428571 0.36666666666666675 0.5307142857142857 0.36666666666666675 0.5307142857142857 0.3904761904761906 0.5371428571428571 0.3904761904761906
7 0.5392857142857143 0.3476190476190477 0.5342857142857143 0.3476190476190477 0.5342857142857143 0.36857142857142866 0.5392857142857143 0.36857142857142866
4 0.5585714285714286 0.32666666666666677 0.5421428571428571 0.32666666666666677 0.5421428571428571 0.3523809523809525 0.5585714285714286 0.3523809523809525
11 0.5521428571428572 0.27904761904761916 0.5357142857142857 0.27904761904761916 0.5357142857142857 0.3009523809523811 0.5521428571428572 0.3009523809523811
7 0.535 0.2676190476190477 0.5314285714285715 0.2676190476190477 0.5314285714285715 0.2866666666666668 0.535 0.2866666666666668
7 0.5321428571428571 0.2676190476190477 0.5271428571428571 0.2676190476190477 0.5271428571428571 0.2866666666666668 0.5321428571428571 0.2866666666666668
7 0.54 0.26190476190476203 0.5364285714285715 0.26190476190476203 0.5364285714285715 0.27904761904761916 0.54 0.27904761904761916
7 0.5442857142857143 0.2600000000000001 0.54 0.2600000000000001 0.54 0.2800000000000001 0.5442857142857143 0.2800000000000001
4 0.5421428571428571 0.23333333333333345 0.5235714285714286 0.23333333333333345 0.5235714285714286 0.26571428571428585 0.5421428571428571 0.26571428571428585
7 0.3792857142857143 0.6828571428571428 0.3614285714285715 0.6828571428571428 0.3614285714285715 0.7171428571428572 0.3792857142857143 0.7171428571428572
7 0.3650000000000001 0.6923809523809524 0.34857142857142864 0.6923809523809524 0.34857142857142864 0.7238095238095238 0.3650000000000001 0.7238095238095238
7 0.3678571428571429 0.6704761904761904 0.3564285714285715 0.6704761904761904 0.3564285714285715 0.7 0.3678571428571429 0.7
7 0.33714285714285724 0.6952380952380952 0.3264285714285715 0.6952380952380952 0.3264285714285715 0.7219047619047619 0.33714285714285724 0.7219047619047619
7 0.3357142857142858 0.679047619047619 0.3235714285714287 0.679047619047619 0.3235714285714287 0.7066666666666667 0.3357142857142858 0.7066666666666667
3 0.3407142857142858 0.7057142857142857 0.2464285714285715 0.7057142857142857 0.2464285714285715 0.7695238095238095 0.3407142857142858 0.7695238095238095
7 0.27357142857142863 0.6771428571428572 0.2607142857142858 0.6771428571428572 0.2607142857142858 0.7085714285714285 0.27357142857142863 0.7085714285714285
7 0.2521428571428572 0.6723809523809524 0.2371428571428572 0.6723809523809524 0.2371428571428572 0.7047619047619048 0.2521428571428572 0.7047619047619048
7 0.2878571428571429 0.6533333333333333 0.2757142857142858 0.6533333333333333 0.2757142857142858 0.6866666666666666 0.2878571428571429 0.6866666666666666
7 0.29857142857142865 0.6352380952380953 0.2900000000000001 0.6352380952380953 0.2900000000000001 0.6714285714285714 0.29857142857142865 0.6714285714285714
7 0.3171428571428572 0.6552380952380953 0.2964285714285715 0.6552380952380953 0.2964285714285715 0.6876190476190476 0.3171428571428572 0.6876190476190476
7 0.33357142857142863 0.6314285714285715 0.3235714285714287 0.6314285714285715 0.3235714285714287 0.6647619047619048 0.33357142857142863 0.6647619047619048
7 0.3207142857142858 0.6295238095238095 0.3100000000000001 0.6295238095238095 0.3100000000000001 0.6561904761904762 0.3207142857142858 0.6561904761904762
7 0.3071428571428572 0.6257142857142857 0.29785714285714293 0.6257142857142857 0.29785714285714293 0.66 0.3071428571428572 0.66
5 0.2928571428571429 0.6180952380952381 0.25928571428571434 0.6180952380952381 0.25928571428571434 0.6561904761904762 0.2928571428571429 0.6561904761904762
7 0.24000000000000007 0.6276190476190476 0.22214285714285723 0.6276190476190476 0.22214285714285723 0.6619047619047619 0.24000000000000007 0.6619047619047619
7 0.2557142857142858 0.6 0.23857142857142866 0.6 0.23857142857142866 0.6352380952380953 0.2557142857142858 0.6352380952380953
7 0.2250000000000001 0.6190476190476191 0.21000000000000008 0.6190476190476191 0.21000000000000008 0.6514285714285715 0.2250000000000001 0.6514285714285715
7 0.21928571428571436 0.6133333333333333 0.20785714285714293 0.6133333333333333 0.20785714285714293 0.6409523809523809 0.21928571428571436 0.6409523809523809
7 0.3642857142857144 0.580952380952381 0.35357142857142865 0.580952380952381 0.35357142857142865 0.6152380952380953 0.3642857142857144 0.6152380952380953
7 0.3557142857142858 0.5828571428571429 0.34857142857142864 0.5828571428571429 0.34857142857142864 0.6123809523809524 0.3557142857142858 0.6123809523809524
7 0.34214285714285725 0.5876190476190476 0.33000000000000007 0.5876190476190476 0.33000000000000007 0.6180952380952381 0.34214285714285725 0.6180952380952381
7 0.4207142857142857 0.5876190476190476 0.41285714285714287 0.5876190476190476 0.41285714285714287 0.6257142857142857 0.4207142857142857 0.6257142857142857
7 0.41285714285714287 0.5742857142857143 0.405 0.5742857142857143 0.405 0.6047619047619047 0.41285714285714287 0.6047619047619047
7 0.28214285714285725 0.5752380952380952 0.2714285714285715 0.5752380952380952 0.2714285714285715 0.6133333333333333 0.28214285714285725 0.6133333333333333
7 0.2900000000000001 0.5733333333333334 0.27928571428571436 0.5733333333333334 0.27928571428571436 0.6057142857142858 0.2900000000000001 0.6057142857142858
7 0.15000000000000005 0.5942857142857143 0.1342857142857143 0.5942857142857143 0.1342857142857143 0.6304761904761905 0.15000000000000005 0.6304761904761905
7 0.12428571428571433 0.6228571428571429 0.10500000000000004 0.6228571428571429 0.10500000000000004 0.6533333333333333 0.12428571428571433 0.6533333333333333
7 0.044285714285714345 0.6771428571428572 0.01785714285714292 0.6771428571428572 0.017857142857142922 0.7114285714285714 0.044285714285714345 0.7114285714285714
7 0.058571428571428635 0.6676190476190477 0.035714285714285775 0.6676190476190477 0.035714285714285775 0.700952380952381 0.058571428571428635 0.700952380952381
7 0.06357142857142863 0.6571428571428571 0.04000000000000006 0.6571428571428571 0.04000000000000006 0.6933333333333334 0.06357142857142863 0.6933333333333334
7 0.05428571428571435 0.6352380952380953 0.03714285714285721 0.6352380952380953 0.03714285714285721 0.6676190476190477 0.05428571428571435 0.6676190476190477
7 0.060714285714285776 0.6323809523809524 0.04285714285714292 0.6323809523809524 0.04285714285714292 0.6647619047619048 0.060714285714285776 0.6647619047619048
7 0.07071428571428577 0.6238095238095238 0.05142857142857149 0.6238095238095238 0.05142857142857149 0.6561904761904762 0.07071428571428577 0.6561904761904762
7 0.07928571428571435 0.6180952380952381 0.058571428571428635 0.6180952380952381 0.058571428571428635 0.6514285714285715 0.07928571428571435 0.6514285714285715
7 0.052857142857142915 0.6114285714285714 0.037857142857142916 0.6114285714285714 0.037857142857142916 0.6428571428571429 0.052857142857142915 0.6428571428571429
7 0.05142857142857149 0.5923809523809523 0.04142857142857148 0.5923809523809523 0.04142857142857148 0.6104761904761905 0.05142857142857149 0.6104761904761905
7 0.07642857142857148 0.5828571428571429 0.06357142857142863 0.5828571428571429 0.06357142857142863 0.6076190476190476 0.07642857142857148 0.6076190476190476
7 0.10642857142857147 0.5780952380952381 0.09357142857142861 0.5780952380952381 0.09357142857142861 0.6114285714285714 0.10642857142857147 0.6114285714285714
7 0.11500000000000005 0.58 0.10142857142857147 0.58 0.10142857142857147 0.6133333333333333 0.11500000000000005 0.6133333333333333
7 0.12928571428571434 0.58 0.11428571428571432 0.58 0.11428571428571432 0.6142857142857143 0.12928571428571434 0.6142857142857143
7 0.13714285714285718 0.5828571428571429 0.12357142857142861 0.5828571428571429 0.12357142857142861 0.6123809523809524 0.13714285714285718 0.6123809523809524