7 0.022000000000000016 0.18066666666666667 0.005500000000000016 0.18066666666666667 0.005500000000000018 0.20333333333333334 0.022000000000000023 0.20333333333333334
5 0.16350000000000006 0.3426666666666667 0.14300000000000004 0.3426666666666667 0.14300000000000004 0.3566666666666667 0.16350000000000006 0.3566666666666667
5 0.17600000000000005 0.408 0.15800000000000006 0.408 0.15800000000000006 0.434 0.17600000000000005 0.434
3 0.16250000000000006 0.4166666666666667 0.10000000000000003 0.4166666666666667 0.10000000000000003 0.462 0.16250000000000006 0.462
11 0.061500000000000055 0.5893333333333334 0.025000000000000057 0.5893333333333334 0.025000000000000057 0.656 0.061500000000000055 0.656
3 0.06600000000000009 0.808 0.0005000000000000742 0.808 0.000500000000000078 0.8906666666666667 0.06600000000000009 0.8906666666666667
3 0.11350000000000009 0.7966666666666666 0.05100000000000007 0.7966666666666666 0.05100000000000008 0.8813333333333333 0.11350000000000009 0.8813333333333333
3 0.050000000000000086 0.9426666666666667 8.658252869971788e-17 0.9426666666666667 8.921551931788469e-17 1 0.050000000000000086 1
3 0.2380000000000001 0.9526666666666667 0.17200000000000013 0.9526666666666667 0.17200000000000013 0.9993333333333333 0.2380000000000001 0.9993333333333333
3 0.3140000000000001 0.9446666666666667 0.2465000000000001 0.9446666666666667 0.2465000000000001 1 0.3140000000000001 1
3 0.18850000000000006 0.77 0.12200000000000005 0.77 0.12200000000000007 0.8406666666666667 0.18850000000000006 0.8406666666666667
7 0.18800000000000006 0.7606666666666667 0.17250000000000007 0.7606666666666667 0.17250000000000007 0.7693333333333333 0.18800000000000006 0.7693333333333333
3 0.28150000000000014 0.7333333333333333 0.22550000000000006 0.7333333333333333 0.22550000000000006 0.7886666666666666 0.28150000000000014 0.7886666666666666
11 0.3275000000000001 0.7186666666666667 0.27800000000000014 0.7186666666666667 0.27800000000000014 0.778 0.3275000000000001 0.778
3 0.4280000000000001 0.8853333333333333 0.3665000000000001 0.8853333333333333 0.3665000000000001 0.9466666666666667 0.4280000000000001 0.9466666666666667
3 0.4885000000000001 0.8693333333333333 0.4245000000000001 0.8693333333333333 0.4245000000000001 0.918 0.4885000000000001 0.918
3 0.54 0.8373333333333334 0.4810000000000001 0.8373333333333334 0.4810000000000001 0.898 0.54 0.898
3 0.618 0.8086666666666666 0.553 0.8086666666666666 0.553 0.862 0.618 0.862
3 0.6845 0.7706666666666667 0.625 0.7706666666666667 0.625 0.8373333333333334 0.6845 0.8373333333333334
3 0.738 0.742 0.6795 0.742 0.6795 0.8146666666666667 0.738 0.8146666666666667
11 0.7745 0.7306666666666667 0.7255 0.7306666666666667 0.7255 0.7886666666666666 0.7745 0.7886666666666666
3 0.818 0.7013333333333334 0.757 0.7013333333333334 0.757 0.766 0.818 0.766
7 0.907 0.8886666666666667 0.889 0.8886666666666667 0.889 0.9026666666666666 0.907 0.9026666666666666
3 0.879 0.692 0.819 0.692 0.819 0.746 0.879 0.746
3 0.9285 0.6673333333333334 0.866 0.6673333333333334 0.866 0.7213333333333335 0.9285 0.7213333333333336
3 0.9885 0.6466666666666668 0.926 0.6466666666666668 0.926 0.6946666666666668 0.9885 0.694666666666667
3 0.9995 0.6106666666666668 0.9605 0.6106666666666668 0.9605 0.6606666666666668 0.9995 0.6606666666666668
11 0.29250000000000004 0.5926666666666667 0.24250000000000005 0.5926666666666667 0.24250000000000005 0.6373333333333333 0.2925000000000001 0.6373333333333333
7 0.533 0.5613333333333335 0.5265 0.5613333333333335 0.5265 0.5713333333333335 0.533 0.5713333333333335
3 0.3280000000000001 0.6286666666666667 0.3180000000000001 0.6286666666666667 0.3180000000000001 0.636 0.3280000000000001 0.636
3 0.4225 0.31600000000000006 0.366 0.31600000000000006 0.366 0.36 0.4225 0.36
3 0.586 0.2553333333333334 0.5325 0.2553333333333334 0.5325 0.2973333333333334 0.586 0.2973333333333334
5 0.6355 0.18866666666666673 0.6195 0.18866666666666673 0.6195 0.2133333333333334 0.6355 0.2133333333333334
9 0.6705 0.16200000000000012 0.654 0.16200000000000012 0.654 0.20466666666666675 0.6705 0.20466666666666675
9 0.658 0.16200000000000012 0.626 0.16200000000000012 0.626 0.19600000000000006 0.658 0.19600000000000006
1 0.691 0.12733333333333344 0.6725 0.12733333333333344 0.6725 0.14466666666666678 0.691 0.14466666666666678
5 0.7605 0.12533333333333344 0.7395 0.12533333333333344 0.7395 0.14200000000000013 0.7605 0.14200000000000013
1 0.888 0.005333333333333476 0.875 0.005333333333333475 0.875 0.030666666666666807 0.888 0.030666666666666807
5 0.897 0.006666666666666812 0.8815 0.006666666666666811 0.8815 0.03466666666666681 0.897 0.03466666666666681
5 0.9335 0.01666666666666682 0.92 0.01666666666666682 0.92 0.041333333333333486 0.9335 0.041333333333333486
3 0.5245 0.6240000000000001 0.46800000000000014 0.6240000000000001 0.46800000000000014 0.6706666666666669 0.5245 0.6706666666666669
3 0.746 0.5466666666666669 0.6795 0.5466666666666669 0.6795 0.5913333333333335 0.746 0.5913333333333335
10 0.8245 0.49600000000000016 0.76 0.49600000000000016 0.76 0.5460000000000002 0.8245 0.5460000000000002
3 0.889 0.48200000000000015 0.829 0.48200000000000015 0.829 0.5386666666666668 0.889 0.5386666666666668
3 0.9995 0.46000000000000013 0.9665 0.46000000000000013 0.9665 0.49800000000000016 0.9995 0.49800000000000016
5 0.9045 0.5500000000000002 0.877 0.5500000000000002 0.877 0.5633333333333335 0.9045 0.5633333333333335
8 0.901 0.5493333333333335 0.885 0.5493333333333335 0.885 0.5626666666666669 0.901 0.5626666666666669
8 0.906 0.5486666666666669 0.888 0.5486666666666669 0.888 0.5606666666666669 0.906 0.5606666666666669
7 0.902 0.44000000000000017 0.8845 0.44000000000000017 0.8845 0.45466666666666683 0.902 0.45466666666666683
8 0.9525 0.37733333333333346 0.9355 0.37733333333333346 0.9355 0.3900000000000001 0.9525 0.3900000000000001
1 0.944 0.3373333333333335 0.922 0.3373333333333335 0.922 0.3586666666666668 0.944 0.3586666666666668
7 0.887 0.34266666666666684 0.872 0.34266666666666684 0.872 0.35800000000000015 0.887 0.35800000000000015
1 0.9905 0.34400000000000014 0.9635 0.34400000000000014 0.9635 0.3633333333333335 0.9905 0.3633333333333335