3 0.755741127348643 0.025974025974026135 0.7343423799582464 0.025974025974026132 0.7343423799582464 0.04359925788497233 0.755741127348643 0.04359925788497233
3 0.7656576200417536 0.015769944341373077 0.7426931106471816 0.015769944341373077 0.7426931106471816 0.033395176252319275 0.7656576200417536 0.03339517625231928
11 0.7734864300626305 0.0018552875695734498 0.7520876826722338 0.0018552875695734478 0.7520876826722338 0.02040816326530629 0.7734864300626305 0.020408163265306294
3 0.7296450939457203 0.06307977736549181 0.7051148225469729 0.06307977736549181 0.7051148225469729 0.08163265306122465 0.7296450939457203 0.08163265306122465
3 0.7332985386221295 0.055658627087198674 0.7098121085594989 0.055658627087198674 0.7098121085594989 0.07235621521335824 0.7332985386221295 0.07235621521335824
3 0.7395615866388309 0.04916512059369218 0.7171189979123174 0.04916512059369218 0.7171189979123174 0.0695732838589983 0.7395615866388309 0.0695732838589983
11 0.7567849686847599 0.19202226345083503 0.7275574112734864 0.19202226345083503 0.7275574112734864 0.2263450834879408 0.7567849686847599 0.2263450834879408
11 0.7651356993736952 0.18089053803339533 0.7359081419624217 0.18089053803339533 0.7359081419624217 0.21614100185528773 0.7651356993736952 0.21614100185528773
10 0.7974947807933194 0.16790352504638234 0.7546972860125261 0.16790352504638234 0.7546972860125261 0.21706864564007436 0.7974947807933194 0.21706864564007436
7 0.785490605427975 0.1641929499072358 0.7797494780793319 0.1641929499072358 0.7797494780793319 0.1799628942486087 0.785490605427975 0.1799628942486087
3 0.6696242171189979 0.35064935064935077 0.6278705636743215 0.35064935064935077 0.6278705636743215 0.39888682745825615 0.6696242171189979 0.39888682745825615
3 0.6085594989561587 0.4461966604823749 0.5652400835073069 0.4461966604823749 0.5652400835073069 0.5064935064935067 0.6085594989561587 0.5064935064935067
3 0.6210855949895616 0.40538033395176265 0.5835073068893528 0.40538033395176265 0.5835073068893528 0.47031539888682755 0.6210855949895616 0.47031539888682755
3 0.644572025052192 0.39981447124304276 0.6012526096033403 0.39981447124304276 0.6012526096033403 0.44712430426716154 0.644572025052192 0.44712430426716154
3 0.5401878914405011 0.5389610389610392 0.49478079331941544 0.5389610389610392 0.49478079331941544 0.6048237476808908 0.5401878914405011 0.6048237476808908
3 0.5140918580375783 0.5602968460111318 0.47286012526096033 0.5602968460111317 0.47286012526096033 0.6326530612244899 0.5140918580375783 0.63265306122449
0 0.39613778705636743 0.5009276437847866 0.35490605427974947 0.5009276437847866 0.35490605427974947 0.5565862708719852 0.39613778705636743 0.5565862708719852
11 0.9937369519832986 0.7801484230055661 0.9217118997912317 0.7801484230055661 0.9217118997912317 0.8617810760667906 0.9937369519832986 0.8617810760667906
10 0.9984342379958246 0.7105751391465679 0.9154488517745303 0.7105751391465679 0.9154488517745303 0.7940630797773657 0.9984342379958246 0.7940630797773657
1 0.9817327766179541 0.9842300556586273 0.9504175365344467 0.9842300556586271 0.9504175365344467 0.9990723562152136 0.9817327766179541 0.9990723562152137
9 0.8251565762004175 0.8163265306122451 0.7985386221294363 0.8163265306122451 0.7985386221294363 0.8487940630797776 0.8251565762004175 0.8487940630797776
11 0.8705636743215032 0.5816326530612247 0.8470772442588727 0.5816326530612247 0.8470772442588727 0.6586270871985159 0.8705636743215032 0.6586270871985159
9 0.8669102296450939 0.5602968460111319 0.8522964509394572 0.5602968460111319 0.8522964509394572 0.5918367346938778 0.8669102296450939 0.5918367346938778
3 0.8924843423799582 0.4749536178107609 0.8663883089770354 0.4749536178107609 0.8663883089770354 0.5361781076066793 0.8924843423799582 0.5361781076066793
11 0.8992693110647182 0.42300556586270893 0.877348643006263 0.42300556586270893 0.877348643006263 0.4851576994434139 0.8992693110647182 0.4851576994434139
3 0.994258872651357 0.5677179962894251 0.9624217118997912 0.5677179962894251 0.9624217118997912 0.6363636363636366 0.994258872651357 0.6363636363636366
3 0.9984342379958246 0.4712430426716143 0.9551148225469729 0.4712430426716143 0.9551148225469729 0.5306122448979594 0.9984342379958246 0.5306122448979594
9 0.9373695198329853 0.3756957328385902 0.9248434237995825 0.3756957328385902 0.9248434237995825 0.4016697588126162 0.9373695198329853 0.4016697588126162
8 0.93580375782881 0.3692022263450837 0.9295407098121086 0.3692022263450837 0.9295407098121086 0.38404452690166996 0.93580375782881 0.38404452690166996
7 0.9739039665970772 0.3024118738404455 0.9665970772442589 0.3024118738404455 0.9665970772442589 0.32838589981447147 0.9739039665970772 0.32838589981447147
7 0.9608559498956158 0.2866419294990726 0.9535490605427975 0.2866419294990726 0.9535490605427975 0.3116883116883119 0.9608559498956158 0.3116883116883119
3 0.9436325678496869 0.220779220779221 0.9044885177453027 0.220779220779221 0.9044885177453027 0.2495361781076069 0.9436325678496869 0.2495361781076069
11 0.9373695198329853 0.14656771799628965 0.9217118997912317 0.14656771799628965 0.9217118997912317 0.17625231910946218 0.9373695198329853 0.17625231910946218
3 0.9462421711899791 0.10946196660482396 0.9321503131524008 0.10946196660482396 0.9321503131524008 0.1372912801484232 0.9462421711899791 0.1372912801484232
11 0.9530271398747391 0.09183673469387776 0.9389352818371608 0.09183673469387776 0.9389352818371608 0.11317254174397053 0.9530271398747391 0.11317254174397053
5 0.9436325678496869 0.08719851576994456 0.9373695198329853 0.08719851576994456 0.9373695198329853 0.10204081632653082 0.9436325678496869 0.10204081632653082
5 0.9514613778705637 0.06122448979591858 0.9431106471816284 0.06122448979591858 0.9431106471816284 0.07235621521335828 0.9514613778705637 0.07235621521335828
5 0.9561586638830898 0.04081632653061246 0.9504175365344467 0.04081632653061246 0.9504175365344467 0.05751391465677201 0.9561586638830898 0.05751391465677201
3 0.9676409185803758 0.017625231910946407 0.9556367432150313 0.017625231910946407 0.9556367432150313 0.038961038961039175 0.9676409185803758 0.038961038961039175
3 0.9686847599164927 0.0018552875695734914 0.9405010438413361 0.0018552875695734882 0.9405010438413361 0.016697588126159763 0.9686847599164927 0.016697588126159766
3 0.7165970772442589 0.09461966604823764 0.7009394572025052 0.09461966604823764 0.7009394572025052 0.11317254174397047 0.7165970772442589 0.11317254174397047
5 0.12839248434237996 0.017625231910946223 0.12317327766179541 0.017625231910946223 0.12317327766179541 0.03061224489795921 0.12839248434237996 0.03061224489795921
8 0.1268267223382046 0.011131725417439729 0.12317327766179541 0.011131725417439729 0.12317327766179541 0.02133580705009279 0.1268267223382046 0.02133580705009279