10 0.44642857142857145 0.5276190476190477 0.4421428571428571 0.5276190476190477 0.4421428571428571 0.5323809523809524 0.44642857142857145 0.5323809523809524
10 0.44 0.5552380952380952 0.43142857142857144 0.5552380952380952 0.43142857142857144 0.5714285714285714 0.44 0.5714285714285714
10 0.4514285714285714 0.5219047619047619 0.44857142857142857 0.5219047619047619 0.44857142857142857 0.5257142857142857 0.4514285714285714 0.5257142857142857
3 0.44571428571428573 0.5219047619047619 0.44357142857142856 0.5219047619047619 0.44357142857142856 0.5238095238095238 0.44571428571428573 0.5238095238095238
3 0.44857142857142857 0.5361904761904762 0.44642857142857145 0.5361904761904762 0.44642857142857145 0.54 0.44857142857142857 0.54
3 0.45071428571428573 0.559047619047619 0.4471428571428571 0.559047619047619 0.4471428571428571 0.5647619047619048 0.45071428571428573 0.5647619047619048
3 0.4392857142857143 0.5866666666666667 0.43142857142857144 0.5866666666666667 0.43142857142857144 0.5942857142857143 0.4392857142857143 0.5942857142857143
3 0.41214285714285714 0.5828571428571429 0.405 0.5828571428571429 0.405 0.5914285714285714 0.41214285714285714 0.5914285714285714
3 0.39785714285714285 0.6095238095238096 0.38785714285714284 0.6095238095238096 0.38785714285714284 0.6209523809523809 0.39785714285714285 0.6209523809523809
3 0.4878571428571429 0.540952380952381 0.48428571428571426 0.540952380952381 0.48428571428571426 0.5447619047619048 0.4878571428571429 0.5447619047619048
10 0.38571428571428573 0.660952380952381 0.34928571428571437 0.660952380952381 0.34928571428571437 0.7266666666666667 0.38571428571428573 0.7266666666666667
3 0.35357142857142865 0.6885714285714286 0.3350000000000001 0.6885714285714286 0.3350000000000001 0.7114285714285714 0.35357142857142865 0.7114285714285714
3 0.3314285714285715 0.719047619047619 0.30571428571428577 0.719047619047619 0.30571428571428577 0.7466666666666667 0.3314285714285715 0.7466666666666667
3 0.3564285714285715 0.7457142857142857 0.3314285714285715 0.7457142857142857 0.3314285714285715 0.7780952380952381 0.3564285714285715 0.7780952380952381
3 0.3235714285714287 0.78 0.28928571428571437 0.78 0.28928571428571437 0.8257142857142857 0.3235714285714287 0.8257142857142857
3 0.3000000000000001 0.7571428571428571 0.26714285714285724 0.7571428571428571 0.26714285714285724 0.7961904761904762 0.3000000000000001 0.7961904761904762
3 0.2850000000000001 0.741904761904762 0.25285714285714295 0.741904761904762 0.25285714285714295 0.7723809523809524 0.2850000000000001 0.7723809523809524
8 0.25785714285714295 0.7704761904761904 0.24857142857142867 0.7704761904761904 0.24857142857142867 0.7933333333333333 0.25785714285714295 0.7933333333333333
5 0.2585714285714287 0.7723809523809524 0.24714285714285722 0.7723809523809524 0.24714285714285722 0.7971428571428572 0.2585714285714287 0.7971428571428572
3 0.1864285714285715 0.8657142857142858 0.12142857142857151 0.8657142857142858 0.12142857142857151 0.9095238095238095 0.1864285714285715 0.9095238095238095
3 0.3307142857142858 0.9333333333333333 0.25285714285714295 0.9333333333333333 0.25285714285714295 0.9876190476190476 0.3307142857142858 0.9876190476190476
3 0.18928571428571436 0.939047619047619 0.10928571428571436 0.939047619047619 0.10928571428571436 0.9961904761904762 0.18928571428571436 0.9961904761904762
3 0.0457142857142858 0.8638095238095238 7.933961763047495e-17 0.8638095238095238 8.135153737193132e-17 0.9076190476190477 0.0457142857142858 0.9076190476190477
10 0.0414285714285715 0.8133333333333334 7.470345474798855e-17 0.8133333333333334 7.693406141786409e-17 0.861904761904762 0.04142857142857151 0.861904761904762