3 0.4257142857142857 0.5038095238095238 0.4142857142857143 0.5038095238095238 0.4142857142857143 0.54 0.4257142857142857 0.54
3 0.4807142857142857 0.5085714285714286 0.4685714285714286 0.5085714285714286 0.4685714285714286 0.5438095238095239 0.4807142857142857 0.5438095238095239
3 0.51 0.5152380952380953 0.49857142857142855 0.5152380952380953 0.49857142857142855 0.5504761904761905 0.51 0.5504761904761905
3 0.5392857142857143 0.5171428571428571 0.5271428571428571 0.5171428571428571 0.5271428571428571 0.5514285714285714 0.5392857142857143 0.5514285714285714
3 0.5678571428571428 0.5190476190476191 0.5564285714285714 0.5190476190476191 0.5564285714285714 0.5504761904761905 0.5678571428571428 0.5504761904761905
3 0.5814285714285714 0.5152380952380953 0.5692857142857143 0.5152380952380953 0.5692857142857143 0.5504761904761905 0.5814285714285714 0.5504761904761905
11 0.6228571428571429 0.5190476190476191 0.6064285714285714 0.5190476190476191 0.6064285714285714 0.5628571428571428 0.6228571428571429 0.5628571428571428
3 0.4607142857142857 0.7952380952380952 0.4471428571428571 0.7952380952380952 0.4471428571428571 0.8419047619047619 0.4607142857142857 0.8419047619047619
3 0.48 0.7885714285714286 0.4657142857142857 0.7885714285714286 0.4657142857142857 0.8333333333333334 0.48 0.8333333333333334
3 0.49642857142857144 0.799047619047619 0.4835714285714286 0.799047619047619 0.4835714285714286 0.8419047619047619 0.49642857142857144 0.8419047619047619
3 0.5314285714285715 0.6838095238095238 0.4942857142857143 0.6838095238095238 0.4942857142857143 0.7047619047619048 0.5314285714285715 0.7047619047619048
3 0.8121428571428572 0.5219047619047621 0.7835714285714286 0.5219047619047621 0.7835714285714286 0.5390476190476192 0.8121428571428572 0.5390476190476192
5 0.6971428571428572 0.4200000000000001 0.6914285714285714 0.4200000000000001 0.6914285714285714 0.4323809523809525 0.6971428571428572 0.4323809523809525
5 0.6942857142857143 0.4104761904761906 0.6885714285714286 0.4104761904761906 0.6885714285714286 0.421904761904762 0.6942857142857143 0.421904761904762
4 0.6635714285714286 0.3761904761904763 0.6185714285714285 0.3761904761904763 0.6185714285714285 0.3885714285714287 0.6635714285714286 0.3885714285714287
5 0.6835714285714286 0.36476190476190484 0.6757142857142857 0.36476190476190484 0.6757142857142857 0.37142857142857155 0.6835714285714286 0.37142857142857155
5 0.6864285714285714 0.3761904761904763 0.6814285714285714 0.3761904761904763 0.6814285714285714 0.38761904761904775 0.6864285714285714 0.38761904761904775
5 0.69 0.3885714285714287 0.6828571428571428 0.3885714285714287 0.6828571428571428 0.39904761904761915 0.69 0.39904761904761915
5 0.6921428571428572 0.3914285714285715 0.6857142857142857 0.3914285714285715 0.6857142857142857 0.4047619047619049 0.6921428571428572 0.4047619047619049
5 0.5721428571428572 0.38761904761904775 0.5671428571428572 0.38761904761904775 0.5671428571428572 0.40095238095238106 0.5721428571428572 0.40095238095238106
5 0.5685714285714286 0.38666666666666677 0.5642857142857143 0.38666666666666677 0.5642857142857143 0.3980952380952382 0.5685714285714286 0.3980952380952382
5 0.5664285714285714 0.38761904761904775 0.5614285714285714 0.38761904761904775 0.5614285714285714 0.40095238095238106 0.5664285714285714 0.40095238095238106
1 0.5535714285714286 0.3914285714285715 0.5492857142857143 0.3914285714285715 0.5492857142857143 0.40285714285714297 0.5535714285714286 0.40285714285714297
1 0.5414285714285715 0.3914285714285715 0.5385714285714286 0.3914285714285715 0.5385714285714286 0.4038095238095239 0.5414285714285715 0.4038095238095239
1 0.5378571428571428 0.39714285714285724 0.5328571428571428 0.39714285714285724 0.5328571428571428 0.4104761904761906 0.5378571428571428 0.4104761904761906
7 0.4164285714285714 0.24380952380952392 0.41214285714285714 0.24380952380952392 0.41214285714285714 0.25333333333333347 0.4164285714285714 0.25333333333333347
7 0.4157142857142857 0.23809523809523814 0.4114285714285714 0.23809523809523814 0.4114285714285714 0.24571428571428583 0.4157142857142857 0.24571428571428583
7 0.4207142857142857 0.2266666666666667 0.4157142857142857 0.2266666666666667 0.4157142857142857 0.2371428571428572 0.4207142857142857 0.2371428571428572
7 0.425 0.22285714285714292 0.4207142857142857 0.22285714285714292 0.4207142857142857 0.23238095238095244 0.425 0.23238095238095244
7 0.4235714285714286 0.21809523809523815 0.42 0.21809523809523815 0.42 0.22857142857142862 0.4235714285714286 0.22857142857142862
7 0.4228571428571429 0.21428571428571433 0.41928571428571426 0.21428571428571433 0.41928571428571426 0.22571428571428576 0.4228571428571429 0.22571428571428576
7 0.3107142857142857 0.26666666666666666 0.30642857142857144 0.26666666666666666 0.30642857142857144 0.2752380952380952 0.3107142857142857 0.2752380952380952
7 0.31285714285714283 0.26476190476190475 0.30857142857142855 0.26476190476190475 0.30857142857142855 0.2733333333333333 0.31285714285714283 0.2733333333333333
7 0.30142857142857143 0.24666666666666667 0.29642857142857143 0.24666666666666667 0.29642857142857143 0.2561904761904762 0.30142857142857143 0.2561904761904762
7 0.2985714285714286 0.25142857142857145 0.295 0.25142857142857145 0.295 0.26 0.2985714285714286 0.26
7 0.29285714285714287 0.24761904761904763 0.2885714285714286 0.24761904761904763 0.2885714285714286 0.25523809523809526 0.29285714285714287 0.25523809523809526
7 0.29 0.2438095238095238 0.2864285714285714 0.2438095238095238 0.2864285714285714 0.2542857142857143 0.29 0.2542857142857143
6 0.30214285714285716 0.2028571428571429 0.29 0.2028571428571429 0.29 0.2352380952380953 0.30214285714285716 0.2352380952380953
4 0.31142857142857144 0.2028571428571429 0.2985714285714286 0.2028571428571429 0.2985714285714286 0.2190476190476191 0.31142857142857144 0.2190476190476191
7 0.6828571428571428 0.01714285714285725 0.6778571428571428 0.01714285714285725 0.6778571428571428 0.030476190476190584 0.6828571428571428 0.030476190476190584
7 0.7014285714285714 0.023809523809523926 0.6978571428571428 0.023809523809523926 0.6978571428571428 0.03238095238095249 0.7014285714285714 0.03238095238095249
7 0.7057142857142857 0.019047619047619164 0.7021428571428572 0.019047619047619164 0.7021428571428572 0.032380952380952496 0.7057142857142857 0.0323809523809525
7 0.7085714285714285 0.017142857142857258 0.7042857142857143 0.017142857142857258 0.7042857142857143 0.02952380952380964 0.7085714285714285 0.02952380952380964