5 0.4471428571428573 0.8923809523809524 0.4357142857142859 0.8923809523809524 0.4357142857142859 0.9257142857142857 0.4471428571428573 0.9257142857142857
5 0.4757142857142858 0.8685714285714285 0.4635714285714286 0.8685714285714285 0.46357142857142863 0.9019047619047619 0.47571428571428587 0.9019047619047619
10 0.9571428571428572 0.8876190476190479 0.8885714285714286 0.8876190476190479 0.8885714285714286 0.9428571428571431 0.9571428571428572 0.9428571428571431
3 0.38142857142857145 0.2961904761904763 0.34785714285714286 0.2961904761904763 0.34785714285714286 0.3200000000000001 0.38142857142857145 0.3200000000000001
3 0.4735714285714286 0.4076190476190477 0.45285714285714285 0.4076190476190477 0.45285714285714285 0.44571428571428584 0.4735714285714286 0.44571428571428584
3 0.4542857142857143 0.33523809523809533 0.43785714285714283 0.33523809523809533 0.43785714285714283 0.37142857142857155 0.4542857142857143 0.37142857142857155
3 0.455 0.1571428571428572 0.44357142857142856 0.1571428571428572 0.44357142857142856 0.1752380952380953 0.455 0.1752380952380953
3 0.42857142857142855 0.0695238095238096 0.4207142857142857 0.0695238095238096 0.4207142857142857 0.08476190476190484 0.42857142857142855 0.08476190476190484
3 0.49857142857142855 0.38285714285714295 0.48 0.38285714285714295 0.48 0.41714285714285726 0.49857142857142855 0.41714285714285726
3 0.6278571428571429 0.36476190476190484 0.605 0.36476190476190484 0.605 0.3923809523809525 0.6278571428571429 0.3923809523809525
3 0.34 0.13809523809523816 0.3171428571428571 0.13809523809523816 0.3171428571428571 0.15619047619047624 0.34 0.15619047619047624
11 0.3707142857142857 0.2171428571428572 0.3464285714285714 0.2171428571428572 0.3464285714285714 0.2352380952380953 0.3707142857142857 0.2352380952380953
11 0.45071428571428573 0.301904761904762 0.43642857142857144 0.301904761904762 0.43642857142857144 0.3333333333333334 0.45071428571428573 0.3333333333333334
11 0.4642857142857143 0.37047619047619057 0.445 0.37047619047619057 0.445 0.4076190476190477 0.4642857142857143 0.4076190476190477
11 0.4685714285714286 0.281904761904762 0.45785714285714285 0.281904761904762 0.45785714285714285 0.2990476190476192 0.4685714285714286 0.2990476190476192
3 0.4592857142857143 0.2333333333333334 0.445 0.2333333333333334 0.445 0.2580952380952382 0.4592857142857143 0.2580952380952382
3 0.4642857142857143 0.25714285714285723 0.45071428571428573 0.25714285714285723 0.45071428571428573 0.282857142857143 0.4642857142857143 0.282857142857143
10 0.48714285714285716 0.29523809523809535 0.45714285714285713 0.29523809523809535 0.45714285714285713 0.3761904761904763 0.48714285714285716 0.3761904761904763
10 0.5442857142857143 0.41142857142857153 0.5171428571428571 0.41142857142857153 0.5171428571428571 0.46190476190476204 0.5442857142857143 0.46190476190476204
10 0.485 0.44571428571428584 0.45285714285714285 0.44571428571428584 0.45285714285714285 0.5428571428571428 0.485 0.5428571428571428
10 0.5257142857142857 0.4161904761904763 0.4828571428571429 0.4161904761904763 0.4828571428571429 0.5295238095238095 0.5257142857142857 0.5295238095238095
10 0.4057142857142857 0.019047619047619115 0.395 0.019047619047619115 0.395 0.04190476190476197 0.4057142857142857 0.04190476190476197
10 0.4092857142857143 0.10190476190476196 0.3964285714285714 0.10190476190476196 0.3964285714285714 0.13238095238095243 0.4092857142857143 0.13238095238095243
2 0.445 0.2352380952380953 0.4207142857142857 0.2352380952380953 0.4207142857142857 0.3057142857142858 0.445 0.3057142857142858
2 0.4342857142857143 0.19809523809523816 0.41285714285714287 0.19809523809523816 0.41285714285714287 0.2485714285714287 0.4342857142857143 0.2485714285714287
2 0.455 0.18190476190476196 0.43214285714285716 0.18190476190476196 0.43214285714285716 0.2371428571428572 0.455 0.2371428571428572
2 0.42714285714285716 0.16285714285714292 0.4085714285714286 0.16285714285714292 0.4085714285714286 0.20666666666666672 0.42714285714285716 0.20666666666666672
2 0.44357142857142856 0.14857142857142863 0.4235714285714286 0.14857142857142863 0.4235714285714286 0.1971428571428572 0.44357142857142856 0.1971428571428572
2 0.41928571428571426 0.1333333333333334 0.40214285714285714 0.1333333333333334 0.40214285714285714 0.18000000000000005 0.41928571428571426 0.18000000000000005
2 0.43 0.10761904761904768 0.4107142857142857 0.10761904761904767 0.4107142857142857 0.1514285714285715 0.43 0.1514285714285715
7 0.3464285714285714 0.24380952380952392 0.3414285714285714 0.24380952380952392 0.3414285714285714 0.2561904761904763 0.3464285714285714 0.2561904761904763
7 0.34785714285714286 0.24000000000000005 0.3435714285714286 0.24000000000000005 0.3435714285714286 0.2542857142857144 0.34785714285714286 0.2542857142857144
7 0.6978571428571428 0.441904761904762 0.6921428571428572 0.441904761904762 0.6921428571428572 0.45904761904761915 0.6978571428571428 0.45904761904761915
7 0.7 0.44571428571428584 0.695 0.44571428571428584 0.695 0.46095238095238106 0.7 0.46095238095238106
5 0.6971428571428572 0.4904761904761907 0.6857142857142857 0.4904761904761907 0.6857142857142857 0.5066666666666669 0.6971428571428572 0.5066666666666669
8 0.6964285714285714 0.48857142857142877 0.6892857142857143 0.48857142857142877 0.6892857142857143 0.5028571428571431 0.6964285714285714 0.5028571428571431
3 0.5021428571428571 0.2152380952380953 0.48 0.21523809523809528 0.48 0.23619047619047628 0.5021428571428571 0.2361904761904763
10 0.42714285714285716 0.008571428571428641 0.4164285714285714 0.00857142857142864 0.4164285714285714 0.030476190476190546 0.42714285714285716 0.030476190476190546