3 0.6330897703549061 0.7421150278293137 0.6022964509394572 0.7421150278293137 0.6022964509394572 0.845083487940631 0.6330897703549061 0.845083487940631
3 0.7416492693110647 0.7523191094619668 0.7045929018789144 0.7523191094619668 0.7045929018789144 0.8543599257884974 0.7416492693110647 0.8543599257884974
3 0.7275574112734864 0.6716141001855289 0.6941544885177453 0.6716141001855289 0.6941544885177453 0.7578849721706866 0.7275574112734864 0.7578849721706866
3 0.45563674321503134 0.4619666048237478 0.4337160751565762 0.4619666048237478 0.4337160751565762 0.5139146567717996 0.45563674321503134 0.5139146567717996
3 0.5944676409185804 0.4165120593692023 0.5501043841336117 0.4165120593692023 0.5501043841336117 0.4526901669758814 0.5944676409185804 0.4526901669758814
3 0.6022964509394572 0.3979591836734695 0.55741127348643 0.3979591836734695 0.55741127348643 0.4294990723562153 0.6022964509394572 0.4294990723562153
3 0.5892484342379958 0.36085343228200384 0.5506263048016702 0.36085343228200384 0.5506263048016702 0.39053803339517634 0.5892484342379958 0.39053803339517634
3 0.587160751565762 0.3432282003710576 0.5516701461377871 0.3432282003710576 0.5516701461377871 0.36734693877551033 0.587160751565762 0.36734693877551033
11 0.708768267223382 0.4239332096474955 0.6701461377870563 0.4239332096474955 0.6701461377870563 0.466604823747681 0.708768267223382 0.466604823747681
3 0.5918580375782881 0.30426716141001864 0.5563674321503131 0.30426716141001864 0.5563674321503131 0.33580705009276446 0.5918580375782881 0.33580705009276446
3 0.5861169102296451 0.2346938775510205 0.5532359081419624 0.2346938775510205 0.5532359081419624 0.2597402597402598 0.5861169102296451 0.2597402597402598
3 0.6931106471816284 0.40538033395176265 0.6529227557411273 0.40538033395176265 0.6529227557411273 0.44341372912801497 0.6931106471816284 0.44341372912801497
3 0.68580375782881 0.37384044526901683 0.6466597077244259 0.37384044526901683 0.6466597077244259 0.41280148423005575 0.68580375782881 0.41280148423005575
3 0.6852818371607515 0.35435992578849734 0.6477035490605428 0.35435992578849734 0.6477035490605428 0.38682745825602977 0.6852818371607515 0.38682745825602977
3 0.6784968684759917 0.32003710575139155 0.6482254697286013 0.32003710575139155 0.6482254697286013 0.35435992578849734 0.6784968684759917 0.35435992578849734
3 0.6659707724425887 0.30333951762523204 0.6367432150313153 0.30333951762523204 0.6367432150313153 0.33302411873840454 0.6659707724425887 0.33302411873840454
3 0.651356993736952 0.2829313543599259 0.6195198329853863 0.2829313543599259 0.6195198329853863 0.31539888682745837 0.651356993736952 0.31539888682745837
3 0.6503131524008351 0.2634508348794064 0.6153444676409185 0.2634508348794064 0.6153444676409185 0.2894248608534324 0.6503131524008351 0.2894248608534324
3 0.7526096033402923 0.495361781076067 0.7103340292275574 0.495361781076067 0.7103340292275574 0.5371057513914659 0.7526096033402923 0.5371057513914659
3 0.774008350730689 0.5231910946196663 0.7228601252609603 0.5231910946196663 0.7228601252609603 0.5695732838589983 0.774008350730689 0.5695732838589983
3 0.8058455114822547 0.5482374768089056 0.7526096033402923 0.5482374768089056 0.7526096033402923 0.5909090909090912 0.8058455114822547 0.5909090909090912
3 0.8319415448851775 0.570500927643785 0.7813152400835073 0.570500927643785 0.7813152400835073 0.6178107606679037 0.8319415448851775 0.6178107606679037
3 0.8596033402922756 0.5974025974025976 0.8147181628392485 0.5974025974025976 0.8147181628392485 0.6493506493506496 0.8596033402922756 0.6493506493506496
3 0.8956158663883089 0.6187384044526903 0.8569937369519833 0.6187384044526903 0.8569937369519833 0.674397031539889 0.8956158663883089 0.674397031539889
3 0.9399791231732777 0.6391465677179965 0.9029227557411273 0.6391465677179965 0.9029227557411273 0.7022263450834881 0.9399791231732777 0.7022263450834881
3 0.9676409185803758 0.6651205936920225 0.9373695198329853 0.6651205936920225 0.9373695198329853 0.7254174397031542 0.9676409185803758 0.7254174397031542
7 0.8507306889352818 0.6827458256029687 0.8392484342379958 0.6827458256029687 0.8392484342379958 0.7124304267161412 0.8507306889352818 0.7124304267161412
3 0.644572025052192 0.20315398886827474 0.6143006263048016 0.20315398886827474 0.6143006263048016 0.22820037105751406 0.644572025052192 0.22820037105751406
11 0.6565762004175365 0.16326530612244913 0.6310020876826722 0.16326530612244913 0.6310020876826722 0.1910946196660484 0.6565762004175365 0.1910946196660484
11 0.5840292275574113 0.19851576994434147 0.5568893528183716 0.19851576994434147 0.5568893528183716 0.2254174397031541 0.5840292275574113 0.2254174397031541
3 0.5892484342379958 0.179035250463822 0.5537578288100209 0.179035250463822 0.5537578288100209 0.20222634508348805 0.5892484342379958 0.20222634508348805
7 0.6017745302713987 0.2476808905380335 0.5975991649269311 0.2476808905380335 0.5975991649269311 0.26808905380333964 0.6017745302713987 0.26808905380333964
7 0.5704592901878914 0.2699443413729129 0.5657620041753654 0.2699443413729129 0.5657620041753654 0.29035250463821904 0.5704592901878914 0.29035250463821904
5 0.657098121085595 0.24397031539888694 0.6461377870563675 0.24397031539888694 0.6461377870563675 0.2597402597402598 0.657098121085595 0.2597402597402598
5 0.6435281837160751 0.25139146567718007 0.6325678496868476 0.25139146567718007 0.6325678496868476 0.2662337662337663 0.6435281837160751 0.2662337662337663
4 0.6377870563674322 0.21706864564007436 0.6236951983298539 0.21706864564007436 0.6236951983298539 0.24860853432282015 0.6377870563674322 0.24860853432282015
4 0.6696242171189979 0.2458256029684602 0.6591858037578288 0.2458256029684602 0.6591858037578288 0.2662337662337663 0.6696242171189979 0.2662337662337663
10 0.48851774530271397 0.04730983302411884 0.4618997912317328 0.04730983302411884 0.4618997912317328 0.12337662337662349 0.48851774530271397 0.12337662337662349
7 0.46555323590814196 0.06957328385899825 0.46242171189979125 0.06957328385899825 0.46242171189979125 0.08534322820037116 0.46555323590814196 0.08534322820037116
4 0.5203549060542797 0.0018552875695733964 0.5156576200417536 0.001855287569573396 0.5156576200417536 0.015769944341373025 0.5203549060542797 0.015769944341373025