3 0.038571428571428604 0.3342857142857143 0.008571428571428601 0.3342857142857143 0.008571428571428603 0.3676190476190476 0.038571428571428604 0.3676190476190476
5 0.04142857142857146 0.3057142857142857 0.029285714285714318 0.3057142857142857 0.029285714285714318 0.31523809523809526 0.04142857142857146 0.31523809523809526
10 0.09214285714285718 0.4523809523809524 0.04071428571428575 0.4523809523809524 0.04071428571428575 0.4828571428571429 0.09214285714285718 0.4828571428571429
10 0.2121428571428572 0.4266666666666667 0.19 0.4266666666666667 0.19000000000000003 0.47714285714285715 0.21214285714285722 0.47714285714285715
10 0.15071428571428575 0.5133333333333333 0.13000000000000003 0.5133333333333333 0.13000000000000003 0.5485714285714286 0.15071428571428575 0.5485714285714286
3 0.41928571428571426 0.5571428571428572 0.40714285714285714 0.5571428571428572 0.40714285714285714 0.5942857142857143 0.41928571428571426 0.5942857142857143
3 0.4471428571428571 0.362857142857143 0.4342857142857143 0.362857142857143 0.4342857142857143 0.4057142857142858 0.4471428571428571 0.4057142857142858
9 0.44857142857142857 0.6 0.43785714285714283 0.6 0.43785714285714283 0.6323809523809524 0.44857142857142857 0.6323809523809524
2 0.46428571428571436 0.8028571428571428 0.4407142857142857 0.8028571428571428 0.4407142857142858 0.9104761904761904 0.46428571428571447 0.9104761904761904
3 0.42285714285714304 0.9580952380952381 0.40571428571428586 0.9580952380952381 0.40571428571428586 0.9942857142857143 0.42285714285714304 0.9942857142857143
3 0.36285714285714293 0.8790476190476191 0.33428571428571435 0.8790476190476191 0.33428571428571435 0.900952380952381 0.36285714285714293 0.900952380952381
7 0.3771428571428572 0.8771428571428571 0.37 0.8771428571428571 0.3700000000000001 0.8885714285714286 0.3771428571428573 0.8885714285714286
7 0.38142857142857145 0.8276190476190476 0.3757142857142857 0.8276190476190476 0.3757142857142857 0.8380952380952381 0.38142857142857145 0.8380952380952381
7 0.38785714285714284 0.8342857142857143 0.3821428571428571 0.8342857142857143 0.3821428571428571 0.8457142857142858 0.38785714285714284 0.8457142857142858
5 0.735 0.281904761904762 0.7271428571428571 0.281904761904762 0.7271428571428571 0.29714285714285726 0.735 0.29714285714285726
7 0.97 0.053333333333333496 0.9607142857142857 0.053333333333333496 0.9607142857142857 0.06761904761904779 0.97 0.06761904761904779
7 0.9814285714285714 0.06095238095238111 0.9735714285714285 0.06095238095238111 0.9735714285714285 0.07047619047619064 0.9814285714285714 0.07047619047619064
7 0.9735714285714285 0.0733333333333335 0.9657142857142857 0.0733333333333335 0.9657142857142857 0.08476190476190493 0.9735714285714285 0.08476190476190493
7 0.9828571428571429 0.06666666666666683 0.975 0.06666666666666683 0.975 0.07809523809523826 0.9828571428571429 0.07809523809523826
7 0.9878571428571429 0.06380952380952397 0.9807142857142858 0.06380952380952397 0.9807142857142858 0.0733333333333335 0.9878571428571429 0.0733333333333335
7 0.9057142857142857 0.15904761904761922 0.8985714285714286 0.15904761904761922 0.8985714285714286 0.1714285714285716 0.9057142857142857 0.1714285714285716
7 0.9171428571428571 0.17047619047619064 0.91 0.17047619047619064 0.91 0.18095238095238111 0.9171428571428571 0.18095238095238111
7 0.92 0.18000000000000016 0.9085714285714286 0.18000000000000016 0.9085714285714286 0.18857142857142872 0.92 0.18857142857142872
7 0.9107142857142857 0.2076190476190478 0.9028571428571428 0.2076190476190478 0.9028571428571428 0.2171428571428573 0.9107142857142857 0.2171428571428573
7 0.9235714285714286 0.31333333333333346 0.915 0.31333333333333346 0.915 0.32095238095238104 0.9235714285714286 0.32095238095238104
7 0.9221428571428572 0.31904761904761914 0.9128571428571428 0.31904761904761914 0.9128571428571428 0.32571428571428584 0.9221428571428572 0.32571428571428584
7 0.9242857142857143 0.32571428571428584 0.9164285714285715 0.32571428571428584 0.9164285714285715 0.3323809523809525 0.9242857142857143 0.3323809523809525
7 0.9392857142857143 0.3361904761904763 0.9285714285714286 0.3361904761904763 0.9285714285714286 0.3457142857142858 0.9392857142857143 0.3457142857142858
7 0.9271428571428572 0.35333333333333344 0.9214285714285714 0.35333333333333344 0.9214285714285714 0.3580952380952382 0.9271428571428572 0.3580952380952382
7 0.9314285714285714 0.3561904761904763 0.9214285714285714 0.3561904761904763 0.9214285714285714 0.36476190476190484 0.9314285714285714 0.36476190476190484
7 0.9342857142857143 0.3609523809523811 0.925 0.3609523809523811 0.925 0.36857142857142866 0.9342857142857143 0.36857142857142866
7 0.935 0.4123809523809525 0.9221428571428572 0.4123809523809525 0.9221428571428572 0.4200000000000001 0.935 0.4200000000000001
7 0.9385714285714286 0.4780952380952382 0.93 0.4780952380952382 0.93 0.4847619047619049 0.9385714285714286 0.4847619047619049
7 0.9335714285714286 0.48666666666666675 0.9242857142857143 0.48666666666666675 0.9242857142857143 0.4942857142857145 0.9335714285714286 0.4942857142857145
7 0.9371428571428572 0.5028571428571431 0.9278571428571428 0.5028571428571431 0.9278571428571428 0.5133333333333335 0.9371428571428572 0.5133333333333335
7 0.9478571428571428 0.5314285714285717 0.9385714285714286 0.5314285714285717 0.9385714285714286 0.5390476190476192 0.9478571428571428 0.5390476190476192
7 0.94 0.6323809523809526 0.9278571428571428 0.6323809523809526 0.9278571428571428 0.6419047619047621 0.94 0.6419047619047621
7 0.9164285714285715 0.5809523809523812 0.9071428571428571 0.5809523809523812 0.9071428571428571 0.585714285714286 0.9164285714285715 0.585714285714286
7 0.9364285714285714 0.6657142857142859 0.9321428571428572 0.6657142857142859 0.9321428571428572 0.6704761904761907 0.9364285714285714 0.6704761904761907
7 0.9292857142857143 0.664761904761905 0.92 0.664761904761905 0.92 0.6704761904761907 0.9292857142857143 0.6704761904761907
7 0.9292857142857143 0.6695238095238097 0.9207142857142857 0.6695238095238097 0.9207142857142857 0.6771428571428574 0.9292857142857143 0.6771428571428574
7 0.9342857142857143 0.6752380952380954 0.9257142857142857 0.6752380952380954 0.9257142857142857 0.6819047619047621 0.9342857142857143 0.6819047619047621
7 0.9371428571428572 0.7209523809523811 0.9307142857142857 0.7209523809523811 0.9307142857142857 0.7285714285714288 0.9371428571428572 0.7285714285714288
7 0.9928571428571429 0.7266666666666669 0.9835714285714285 0.7266666666666669 0.9835714285714285 0.7361904761904764 0.9928571428571429 0.7361904761904764
7 0.95 0.7342857142857145 0.94 0.7342857142857145 0.94 0.7419047619047621 0.95 0.7419047619047621
7 0.9485714285714286 0.7361904761904764 0.9364285714285714 0.7361904761904764 0.9364285714285714 0.7476190476190478 0.9485714285714286 0.7476190476190478
7 0.9507142857142857 0.7504761904761907 0.9442857142857143 0.7504761904761907 0.9442857142857143 0.7580952380952383 0.9507142857142857 0.7580952380952383
7 0.9485714285714286 0.7561904761904764 0.9421428571428572 0.7561904761904764 0.9421428571428572 0.7609523809523812 0.9485714285714286 0.7609523809523812
7 0.9492857142857143 0.7600000000000002 0.9421428571428572 0.7600000000000002 0.9421428571428572 0.7704761904761906 0.9492857142857143 0.7704761904761906
7 0.9514285714285714 0.7704761904761906 0.9428571428571428 0.7704761904761906 0.9428571428571428 0.7761904761904764 0.9514285714285714 0.7761904761904764
7 0.9385714285714286 0.7990476190476192 0.9342857142857143 0.7990476190476192 0.9342857142857143 0.8057142857142859 0.9385714285714286 0.8057142857142859
7 0.9435714285714286 0.804761904761905 0.935 0.804761904761905 0.935 0.8123809523809526 0.9435714285714286 0.8123809523809526
7 0.9428571428571428 0.8447619047619049 0.9357142857142857 0.8447619047619049 0.9357142857142857 0.8561904761904764 0.9428571428571428 0.8561904761904764
7 0.9471428571428572 0.8123809523809526 0.9378571428571428 0.8123809523809526 0.9378571428571428 0.8180952380952383 0.9471428571428572 0.8180952380952383