4 0.4605 0.04933333333333341 0.415 0.04933333333333341 0.415 0.1293333333333334 0.4605 0.1293333333333334
3 0.421 0.49933333333333335 0.3785 0.49933333333333335 0.3785 0.592 0.421 0.592
3 0.40350000000000014 0.6253333333333333 0.3545000000000001 0.6253333333333333 0.3545000000000001 0.7366666666666667 0.40350000000000014 0.7366666666666667
3 0.39600000000000013 0.76 0.33350000000000013 0.76 0.33350000000000013 0.9313333333333333 0.39600000000000013 0.9313333333333333
3 0.626 0.8493333333333334 0.5585 0.8493333333333334 0.5585 1 0.626 1
3 0.8135 0.5113333333333335 0.7335 0.5113333333333335 0.7335 0.5646666666666669 0.8135 0.5646666666666669
3 0.794 0.4506666666666668 0.7055 0.4506666666666668 0.7055 0.49200000000000016 0.794 0.49200000000000016
11 0.815 0.47400000000000014 0.718 0.47400000000000014 0.718 0.5266666666666668 0.815 0.5266666666666668
3 0.769 0.34200000000000014 0.7045 0.34200000000000014 0.7045 0.37533333333333346 0.769 0.37533333333333346
3 0.55 0.35200000000000015 0.517 0.35200000000000015 0.517 0.3920000000000001 0.55 0.3920000000000001
3 0.5305 0.31466666666666676 0.4825 0.31466666666666676 0.4825 0.3546666666666668 0.5305 0.3546666666666668
3 0.499 0.2673333333333334 0.475 0.2673333333333334 0.475 0.31000000000000005 0.499 0.31000000000000005
3 0.4845 0.20600000000000007 0.467 0.20600000000000007 0.467 0.23400000000000007 0.4845 0.23400000000000007
3 0.4785 0.16600000000000006 0.465 0.16600000000000006 0.465 0.18666666666666673 0.4785 0.18666666666666673
11 0.546 0.18200000000000008 0.5265 0.18200000000000008 0.5265 0.2073333333333334 0.546 0.2073333333333334
3 0.032500000000000015 0.18266666666666667 0.001000000000000017 0.18266666666666667 0.0010000000000000176 0.198 0.032500000000000015 0.198
3 0.049000000000000016 0.192 0.011500000000000017 0.192 0.011500000000000017 0.21133333333333335 0.049000000000000016 0.21133333333333335
3 0.09900000000000003 0.18933333333333333 0.06600000000000003 0.18933333333333333 0.06600000000000003 0.206 0.09900000000000003 0.206
11 0.07500000000000002 0.174 0.040000000000000015 0.174 0.040000000000000015 0.192 0.07500000000000002 0.192
11 0.11200000000000003 0.17 0.08050000000000003 0.17 0.08050000000000003 0.192 0.11200000000000003 0.192
3 0.166 0.16866666666666671 0.1305 0.16866666666666671 0.1305 0.18666666666666668 0.166 0.18666666666666668
3 0.2075 0.16733333333333336 0.1785 0.16733333333333336 0.1785 0.184 0.2075 0.184
3 0.2275 0.17666666666666667 0.2 0.17666666666666667 0.2 0.196 0.2275 0.196
3 0.2545 0.16733333333333336 0.2295 0.16733333333333336 0.2295 0.17933333333333337 0.2545 0.1793333333333334
3 0.32 0.17400000000000007 0.2875 0.17400000000000007 0.2875 0.18800000000000008 0.32 0.18800000000000008
3 0.3305 0.14800000000000005 0.3065 0.14800000000000005 0.3065 0.17133333333333342 0.3305 0.17133333333333342
3 0.393 0.15200000000000008 0.366 0.15200000000000008 0.366 0.16466666666666674 0.393 0.16466666666666674
7 0.13050000000000006 0.838 0.10450000000000008 0.838 0.10450000000000008 0.8893333333333333 0.13050000000000006 0.8893333333333333
7 0.12600000000000008 0.838 0.11700000000000009 0.838 0.11700000000000009 0.866 0.12600000000000008 0.866
7 0.16500000000000012 0.9393333333333334 0.13650000000000012 0.9393333333333334 0.13650000000000012 0.97 0.16500000000000012 0.97
9 0.298 0.25866666666666677 0.2815 0.25866666666666677 0.2815 0.28666666666666674 0.298 0.28666666666666674
7 0.03850000000000003 0.30733333333333335 0.027500000000000028 0.30733333333333335 0.027500000000000028 0.3353333333333333 0.03850000000000003 0.3353333333333333
4 0.23300000000000007 0.7573333333333333 0.14450000000000005 0.7573333333333333 0.14450000000000005 0.8766666666666667 0.23300000000000007 0.8766666666666667
7 0.6965 0.37800000000000017 0.685 0.37800000000000017 0.685 0.4146666666666668 0.6965 0.4146666666666668