3 0.5478571428571428 0.5723809523809524 0.4471428571428571 0.5723809523809524 0.4471428571428571 0.6304761904761905 0.5478571428571428 0.6304761904761905
3 0.41714285714285715 0.5780952380952381 0.30571428571428577 0.5780952380952381 0.30571428571428577 0.6371428571428571 0.41714285714285715 0.6371428571428571
3 0.2714285714285715 0.5876190476190476 0.16714285714285718 0.5876190476190476 0.16714285714285718 0.6457142857142857 0.2714285714285715 0.6457142857142857
3 0.1435714285714286 0.5952380952380952 0.032142857142857195 0.5952380952380952 0.0321428571428572 0.6542857142857142 0.1435714285714286 0.6542857142857142
3 0.8407142857142857 0.5904761904761907 0.7342857142857143 0.5904761904761907 0.7342857142857143 0.6485714285714288 0.8407142857142857 0.6485714285714288
3 0.9728571428571429 0.7142857142857145 0.8464285714285714 0.7142857142857145 0.8464285714285714 0.7895238095238097 0.9728571428571429 0.7895238095238097
3 0.5971428571428572 0.4876190476190476 0.5107142857142857 0.4876190476190476 0.5107142857142857 0.5685714285714286 0.5971428571428572 0.5685714285714286
3 0.7592857142857142 0.5504761904761907 0.6692857142857143 0.5504761904761907 0.6692857142857143 0.6076190476190478 0.7592857142857142 0.6076190476190478
11 0.6578571428571428 0.5542857142857143 0.5692857142857143 0.5542857142857143 0.5692857142857143 0.621904761904762 0.6578571428571428 0.621904761904762
11 0.9071428571428571 0.5361904761904764 0.8007142857142857 0.5361904761904764 0.8007142857142857 0.5971428571428573 0.9071428571428571 0.5971428571428573
11 0.9107142857142857 0.4666666666666668 0.8 0.4666666666666668 0.8 0.5400000000000003 0.9107142857142857 0.5400000000000003
11 0.7785714285714286 0.4666666666666668 0.7157142857142857 0.4666666666666668 0.7157142857142857 0.5485714285714288 0.7785714285714286 0.5485714285714288
11 0.6514285714285715 0.3942857142857144 0.5735714285714286 0.3942857142857144 0.5735714285714286 0.4514285714285715 0.6514285714285715 0.4514285714285715
3 0.5414285714285715 0.4085714285714287 0.45285714285714285 0.4085714285714287 0.45285714285714285 0.4638095238095239 0.5414285714285715 0.4638095238095239
3 0.4357142857142857 0.41142857142857153 0.35928571428571426 0.41142857142857153 0.3592857142857143 0.4638095238095239 0.4357142857142857 0.4638095238095239
3 0.34071428571428575 0.4142857142857143 0.2642857142857143 0.4142857142857143 0.26428571428571435 0.46857142857142864 0.3407142857142858 0.4685714285714287
3 0.23357142857142862 0.41904761904761906 0.14500000000000005 0.41904761904761906 0.14500000000000005 0.4676190476190476 0.23357142857142865 0.4676190476190476
3 0.11285714285714289 0.42095238095238097 0.03000000000000004 0.42095238095238097 0.03000000000000004 0.47619047619047616 0.11285714285714289 0.47619047619047616
3 0.2250000000000001 0.5028571428571429 0.12000000000000004 0.5028571428571429 0.12000000000000004 0.5847619047619048 0.2250000000000001 0.5847619047619048
3 0.13000000000000003 0.49333333333333335 0.0178571428571429 0.49333333333333335 0.017857142857142908 0.5923809523809523 0.13000000000000003 0.5923809523809523
3 0.6928571428571428 0.4847619047619049 0.6042857142857143 0.4847619047619049 0.6042857142857143 0.5523809523809525 0.6928571428571428 0.5523809523809526
3 0.7392857142857143 0.43142857142857155 0.6485714285714286 0.43142857142857155 0.6485714285714286 0.482857142857143 0.7392857142857143 0.482857142857143
3 0.8478571428571429 0.3933333333333334 0.7642857142857142 0.3933333333333334 0.7642857142857142 0.4514285714285715 0.8478571428571429 0.4514285714285715
7 0.32285714285714295 0.44571428571428573 0.3050000000000001 0.44571428571428573 0.3050000000000001 0.4895238095238095 0.32285714285714295 0.4895238095238095
7 0.9921428571428571 0.44952380952380966 0.9678571428571429 0.44952380952380966 0.9678571428571429 0.4904761904761907 0.9921428571428571 0.4904761904761907
7 0.955 0.41714285714285726 0.9385714285714286 0.41714285714285726 0.9385714285714286 0.44952380952380966 0.955 0.44952380952380966
10 0.7128571428571429 0.2704761904761906 0.6271428571428571 0.2704761904761906 0.6271428571428571 0.3380952380952382 0.7128571428571429 0.3380952380952382