10 0.8985714285714286 0.804568527918782 0.81 0.804568527918782 0.81 0.9200507614213201 0.8985714285714286 0.9200507614213201
10 1 0.8147208121827414 0.9185714285714286 0.8147208121827414 0.9185714285714286 0.9340101522842642 1 0.9340101522842642
3 0.5057142857142857 0.4873096446700509 0.4692857142857143 0.4873096446700509 0.4692857142857143 0.5228426395939088 0.5057142857142857 0.5228426395939088
3 0.3271428571428571 0.4073604060913706 0.30214285714285716 0.4073604060913706 0.30214285714285716 0.44416243654822335 0.3271428571428571 0.44416243654822335
3 0.31285714285714283 0.37055837563451777 0.2842857142857143 0.37055837563451777 0.2842857142857143 0.4035532994923858 0.31285714285714283 0.4035532994923858
3 0.67 0.4987309644670052 0.6321428571428571 0.4987309644670052 0.6321428571428571 0.5482233502538072 0.67 0.5482233502538072
3 0.4157142857142857 0.3324873096446702 0.38785714285714284 0.3324873096446702 0.38785714285714284 0.369289340101523 0.4157142857142857 0.369289340101523
3 0.16500000000000004 0.31852791878172587 0.13714285714285718 0.31852791878172587 0.13714285714285718 0.3489847715736041 0.16500000000000004 0.3489847715736041
3 0.03214285714285716 0.25888324873096447 0.005714285714285732 0.25888324873096447 0.005714285714285733 0.2918781725888325 0.03214285714285716 0.2918781725888325
7 0.27928571428571436 0.6370558375634517 0.27357142857142863 0.6370558375634517 0.27357142857142863 0.6637055837563451 0.27928571428571436 0.6637055837563451
7 0.20642857142857152 0.8553299492385786 0.1964285714285715 0.8553299492385786 0.1964285714285715 0.881979695431472 0.20642857142857152 0.881979695431472
7 0.22714285714285723 0.8324873096446701 0.2207142857142858 0.8324873096446701 0.2207142857142858 0.8578680203045685 0.22714285714285723 0.8578680203045685
7 0.2207142857142858 0.8324873096446701 0.21357142857142866 0.8324873096446701 0.21357142857142866 0.8553299492385786 0.2207142857142858 0.8553299492385786
4 0.36214285714285716 0.08248730964467009 0.07785714285714286 0.08248730964467005 0.07785714285714286 0.1890862944162437 0.36214285714285716 0.18908629441624372