5 0.7471428571428571 0.181904761904762 0.7292857142857143 0.181904761904762 0.7292857142857143 0.19333333333333344 0.7471428571428571 0.19333333333333344
5 0.7385714285714285 0.16571428571428581 0.7235714285714285 0.16571428571428581 0.7235714285714285 0.1780952380952382 0.7385714285714285 0.1780952380952382
5 0.7857142857142857 0.17333333333333345 0.7721428571428571 0.17333333333333345 0.7721428571428571 0.1866666666666668 0.7857142857142857 0.1866666666666668
5 0.7828571428571428 0.16190476190476202 0.7635714285714286 0.16190476190476202 0.7635714285714286 0.17333333333333345 0.7828571428571428 0.17333333333333345
5 0.7835714285714286 0.18380952380952392 0.7771428571428571 0.18380952380952392 0.7771428571428571 0.20761904761904773 0.7835714285714286 0.20761904761904773
5 0.7735714285714286 0.18952380952380962 0.7571428571428571 0.18952380952380962 0.7571428571428571 0.20095238095238105 0.7735714285714286 0.20095238095238105
5 0.7628571428571429 0.20285714285714296 0.7514285714285714 0.20285714285714296 0.7514285714285714 0.22190476190476202 0.7628571428571429 0.22190476190476202
5 0.7671428571428571 0.23047619047619058 0.7557142857142857 0.23047619047619058 0.7557142857142857 0.24380952380952392 0.7671428571428571 0.24380952380952392
5 0.7671428571428571 0.23904761904761915 0.7557142857142857 0.23904761904761915 0.7557142857142857 0.2504761904761906 0.7671428571428571 0.2504761904761906
5 0.7692857142857142 0.24761904761904774 0.7564285714285715 0.24761904761904774 0.7564285714285715 0.2580952380952382 0.7692857142857142 0.2580952380952382
5 0.7692857142857142 0.2504761904761906 0.7642857142857142 0.2504761904761906 0.7642857142857142 0.26571428571428585 0.7692857142857142 0.26571428571428585
5 0.7785714285714286 0.24761904761904774 0.7657142857142857 0.24761904761904774 0.7657142857142857 0.2552380952380953 0.7785714285714286 0.2552380952380953
5 0.7635714285714286 0.22190476190476202 0.7535714285714286 0.22190476190476202 0.7535714285714286 0.23047619047619058 0.7635714285714286 0.23047619047619058
5 0.8421428571428572 0.24571428571428583 0.8357142857142857 0.24571428571428583 0.8357142857142857 0.27714285714285725 0.8421428571428572 0.27714285714285725
5 0.7107142857142857 0.1961904761904763 0.695 0.1961904761904763 0.695 0.21714285714285725 0.7107142857142857 0.21714285714285725
7 0.6271428571428571 0.29714285714285726 0.6178571428571429 0.29714285714285726 0.6178571428571429 0.321904761904762 0.6271428571428571 0.321904761904762
7 0.7028571428571428 0.27904761904761916 0.6914285714285714 0.27904761904761916 0.6914285714285714 0.3057142857142858 0.7028571428571428 0.3057142857142858
7 0.73 0.26285714285714296 0.7192857142857143 0.26285714285714296 0.7192857142857143 0.2847619047619049 0.73 0.2847619047619049
7 0.7278571428571429 0.29238095238095246 0.7157142857142857 0.29238095238095246 0.7157142857142857 0.3180952380952382 0.7278571428571429 0.3180952380952382
7 0.7678571428571429 0.2761904761904763 0.7571428571428571 0.2761904761904763 0.7571428571428571 0.2980952380952382 0.7678571428571429 0.2980952380952382
7 0.77 0.30761904761904774 0.7571428571428571 0.30761904761904774 0.7571428571428571 0.3304761904761906 0.77 0.3304761904761906
7 0.7478571428571429 0.34000000000000014 0.7328571428571429 0.34000000000000014 0.7328571428571429 0.3638095238095239 0.7478571428571429 0.3638095238095239
7 0.7478571428571429 0.3171428571428572 0.7364285714285714 0.3171428571428572 0.7364285714285714 0.34095238095238106 0.7478571428571429 0.34095238095238106
7 0.7492857142857143 0.2980952380952382 0.7364285714285714 0.2980952380952382 0.7364285714285714 0.321904761904762 0.7492857142857143 0.321904761904762
7 0.7271428571428571 0.3161904761904763 0.7164285714285714 0.3161904761904763 0.7164285714285714 0.3380952380952382 0.7271428571428571 0.3380952380952382
7 0.6985714285714286 0.30761904761904774 0.6878571428571428 0.30761904761904774 0.6878571428571428 0.3333333333333334 0.6985714285714286 0.3333333333333334
7 0.7221428571428572 0.34000000000000014 0.7107142857142857 0.34000000000000014 0.7107142857142857 0.3657142857142858 0.7221428571428572 0.3657142857142858
7 0.8057142857142857 0.3038095238095239 0.7978571428571428 0.3038095238095239 0.7978571428571428 0.32095238095238104 0.8057142857142857 0.32095238095238104
7 0.865 0.29523809523809535 0.8514285714285714 0.29523809523809535 0.8514285714285714 0.3180952380952382 0.865 0.3180952380952382
7 0.8942857142857142 0.2942857142857144 0.88 0.2942857142857144 0.88 0.3200000000000001 0.8942857142857142 0.3200000000000001
7 0.8342857142857143 0.32476190476190486 0.8278571428571428 0.32476190476190486 0.8278571428571428 0.33714285714285724 0.8342857142857143 0.33714285714285724
7 0.8214285714285714 0.32666666666666677 0.8121428571428572 0.32666666666666677 0.8121428571428572 0.3457142857142858 0.8214285714285714 0.3457142857142858
7 0.8485714285714285 0.32571428571428584 0.8328571428571429 0.32571428571428584 0.8328571428571429 0.3485714285714287 0.8485714285714285 0.3485714285714287
7 0.8664285714285714 0.32380952380952394 0.8514285714285714 0.32380952380952394 0.8514285714285714 0.3495238095238096 0.8664285714285714 0.3495238095238096
7 0.8928571428571429 0.32571428571428584 0.8771428571428571 0.32571428571428584 0.8771428571428571 0.3495238095238096 0.8928571428571429 0.3495238095238096
7 0.9128571428571428 0.32095238095238104 0.8992857142857142 0.32095238095238104 0.8992857142857142 0.3485714285714287 0.9128571428571428 0.3485714285714287
7 0.8507142857142858 0.3495238095238096 0.8371428571428572 0.3495238095238096 0.8371428571428572 0.36666666666666675 0.8507142857142858 0.36666666666666675
7 0.8792857142857143 0.36857142857142866 0.8621428571428571 0.36857142857142866 0.8621428571428571 0.3933333333333334 0.8792857142857143 0.3933333333333334
7 0.9 0.37047619047619057 0.8871428571428571 0.37047619047619057 0.8871428571428571 0.3980952380952382 0.9 0.3980952380952382
7 0.8728571428571429 0.3495238095238096 0.8585714285714285 0.3495238095238096 0.8585714285714285 0.37333333333333346 0.8728571428571429 0.37333333333333346
7 0.8985714285714286 0.3495238095238096 0.8821428571428571 0.3495238095238096 0.8821428571428571 0.37333333333333346 0.8985714285714286 0.37333333333333346
7 0.92 0.3485714285714287 0.9035714285714286 0.3485714285714287 0.9035714285714286 0.3742857142857144 0.92 0.3742857142857144
7 0.9214285714285714 0.29714285714285726 0.9071428571428571 0.29714285714285726 0.9071428571428571 0.321904761904762 0.9214285714285714 0.321904761904762
7 0.9485714285714286 0.38095238095238104 0.9357142857142857 0.38095238095238104 0.9357142857142857 0.3961904761904763 0.9485714285714286 0.3961904761904763
7 0.98 0.38571428571428584 0.9671428571428572 0.38571428571428584 0.9671428571428572 0.40000000000000013 0.98 0.40000000000000013
7 0.9242857142857143 0.37904761904761913 0.9078571428571428 0.37904761904761913 0.9078571428571428 0.39904761904761915 0.9242857142857143 0.39904761904761915
7 0.9335714285714286 0.32095238095238104 0.92 0.32095238095238104 0.92 0.3466666666666668 0.9335714285714286 0.3466666666666668
7 0.9585714285714285 0.32285714285714295 0.9392857142857143 0.32285714285714295 0.9392857142857143 0.3476190476190477 0.9585714285714285 0.3476190476190477
7 0.9678571428571429 0.35333333333333344 0.9507142857142857 0.35333333333333344 0.9507142857142857 0.3771428571428572 0.9678571428571429 0.3771428571428572
7 0.9471428571428572 0.35523809523809535 0.9307142857142857 0.35523809523809535 0.9307142857142857 0.3800000000000001 0.9471428571428572 0.3800000000000001
7 1 0.34857142857142875 0.9871428571428571 0.3485714285714287 0.9871428571428571 0.38952380952380966 1 0.3895238095238097
7 0.8828571428571429 0.3942857142857144 0.87 0.3942857142857144 0.87 0.4161904761904763 0.8828571428571429 0.4161904761904763
7 0.9071428571428571 0.401904761904762 0.8935714285714286 0.401904761904762 0.8935714285714286 0.422857142857143 0.9071428571428571 0.422857142857143
7 0.8678571428571429 0.46190476190476204 0.8514285714285714 0.46190476190476204 0.8514285714285714 0.482857142857143 0.8678571428571429 0.482857142857143
7 0.8314285714285714 0.4200000000000001 0.8207142857142857 0.4200000000000001 0.8207142857142857 0.4400000000000001 0.8314285714285714 0.4400000000000001
7 0.8571428571428571 0.4180952380952382 0.8407142857142857 0.4180952380952382 0.8407142857142857 0.44095238095238104 0.8571428571428571 0.44095238095238104
7 0.45785714285714285 0.3771428571428572 0.4521428571428571 0.3771428571428572 0.4521428571428571 0.401904761904762 0.45785714285714285 0.401904761904762
7 0.47714285714285715 0.3723809523809525 0.4692857142857143 0.3723809523809525 0.4692857142857143 0.39523809523809533 0.47714285714285715 0.39523809523809533
7 0.4742857142857143 0.41904761904761917 0.4685714285714286 0.41904761904761917 0.4685714285714286 0.43904761904761913 0.4742857142857143 0.43904761904761913
7 0.47928571428571426 0.4095238095238096 0.4742857142857143 0.4095238095238096 0.4742857142857143 0.4323809523809525 0.47928571428571426 0.4323809523809525
7 0.4664285714285714 0.41333333333333344 0.4564285714285714 0.41333333333333344 0.4564285714285714 0.4361904761904763 0.4664285714285714 0.4361904761904763
7 0.5292857142857142 0.4057142857142858 0.5221428571428571 0.4057142857142858 0.5221428571428571 0.43333333333333346 0.5292857142857142 0.43333333333333346
7 0.5185714285714286 0.44952380952380966 0.5128571428571429 0.44952380952380966 0.5128571428571429 0.47333333333333344 0.5185714285714286 0.47333333333333344
7 0.5235714285714286 0.5028571428571429 0.5157142857142857 0.5028571428571429 0.5157142857142857 0.5266666666666666 0.5235714285714286 0.5266666666666666
7 0.4692857142857143 0.52 0.45714285714285713 0.52 0.45714285714285713 0.5438095238095239 0.4692857142857143 0.5438095238095239
7 0.5635714285714286 0.4742857142857144 0.5571428571428572 0.4742857142857144 0.5571428571428572 0.4961904761904762 0.5635714285714286 0.4961904761904762
7 0.58 0.41523809523809535 0.5707142857142857 0.41523809523809535 0.5707142857142857 0.44095238095238104 0.58 0.44095238095238104
7 0.5892857142857143 0.45523809523809533 0.5835714285714285 0.45523809523809533 0.5835714285714285 0.4761904761904763 0.5892857142857143 0.4761904761904763
7 0.6042857142857143 0.4580952380952382 0.5957142857142858 0.4580952380952382 0.5957142857142858 0.47714285714285726 0.6042857142857143 0.47714285714285726
7 0.475 0.40000000000000013 0.46714285714285714 0.40000000000000013 0.46714285714285714 0.41904761904761917 0.475 0.41904761904761917
7 0.4642857142857143 0.36952380952380964 0.45714285714285713 0.36952380952380964 0.45714285714285713 0.3923809523809525 0.4642857142857143 0.3923809523809525
7 0.7792857142857142 0.4038095238095239 0.7714285714285715 0.4038095238095239 0.7714285714285715 0.42761904761904773 0.7792857142857142 0.42761904761904773
7 0.8078571428571428 0.4209523809523811 0.7985714285714286 0.4209523809523811 0.7985714285714286 0.44380952380952393 0.8078571428571428 0.44380952380952393
7 0.7757142857142857 0.36952380952380964 0.7642857142857142 0.36952380952380964 0.7642857142857142 0.40000000000000013 0.7757142857142857 0.40000000000000013
7 0.7657142857142857 0.35142857142857153 0.7571428571428571 0.35142857142857153 0.7571428571428571 0.37333333333333346 0.7657142857142857 0.37333333333333346
7 0.7514285714285714 0.3657142857142858 0.7442857142857143 0.3657142857142858 0.7442857142857143 0.38571428571428584 0.7514285714285714 0.38571428571428584
7 0.5907142857142857 0.4876190476190476 0.5842857142857143 0.4876190476190476 0.5842857142857143 0.5047619047619047 0.5907142857142857 0.5047619047619047
7 0.4471428571428571 0.5714285714285714 0.4392857142857143 0.5714285714285714 0.4392857142857143 0.6019047619047619 0.4471428571428571 0.6019047619047619
7 0.4857142857142857 0.6352380952380953 0.4735714285714286 0.6352380952380953 0.4735714285714286 0.660952380952381 0.4857142857142857 0.660952380952381
7 0.5528571428571428 0.5714285714285714 0.5385714285714286 0.5714285714285714 0.5385714285714286 0.5980952380952381 0.5528571428571428 0.5980952380952381
7 0.6192857142857143 0.6942857142857143 0.6092857142857143 0.6942857142857143 0.6092857142857143 0.72 0.6192857142857143 0.72
7 0.435 0.680952380952381 0.4278571428571429 0.680952380952381 0.4278571428571429 0.7019047619047619 0.435 0.7019047619047619
8 0.38785714285714284 0.6657142857142857 0.375 0.6657142857142857 0.375 0.6857142857142857 0.38785714285714284 0.6857142857142857
7 0.5342857142857143 0.8295238095238096 0.5214285714285715 0.8295238095238096 0.5214285714285715 0.8542857142857143 0.5342857142857143 0.8542857142857143
7 0.4928571428571429 0.8628571428571429 0.4828571428571429 0.8628571428571429 0.4828571428571429 0.8809523809523809 0.4928571428571429 0.8809523809523809
7 0.5842857142857144 0.8723809523809524 0.5742857142857143 0.8723809523809524 0.5742857142857144 0.8942857142857142 0.5842857142857144 0.8942857142857142
7 0.5121428571428573 0.9142857142857143 0.5014285714285716 0.9142857142857143 0.5014285714285716 0.9342857142857143 0.5121428571428573 0.9342857142857143
7 0.5692857142857144 0.9266666666666666 0.557857142857143 0.9266666666666666 0.557857142857143 0.9476190476190476 0.5692857142857144 0.9476190476190476
8 0.6542857142857145 0.9428571428571428 0.6435714285714287 0.9428571428571428 0.6435714285714287 0.9666666666666667 0.6542857142857145 0.9666666666666667
8 0.6285714285714288 0.9742857142857143 0.6192857142857144 0.9742857142857143 0.6192857142857144 0.9971428571428571 0.6285714285714288 0.9971428571428571
8 0.6164285714285715 0.9742857142857143 0.6050000000000002 0.9742857142857143 0.6050000000000002 0.9923809523809524 0.6164285714285715 0.9923809523809524
8 0.6035714285714288 0.96 0.5828571428571431 0.96 0.5828571428571431 0.979047619047619 0.6035714285714288 0.979047619047619