7 0.33285714285714296 0.9670050761421319 0.3257142857142858 0.9670050761421319 0.3257142857142858 0.9784263959390863 0.33285714285714296 0.9784263959390863
7 0.33857142857142863 0.9746192893401016 0.33357142857142863 0.9746192893401016 0.33357142857142863 0.983502538071066 0.33857142857142863 0.983502538071066
11 0.5021428571428571 0.9733502538071066 0.4907142857142857 0.9733502538071066 0.4907142857142857 0.9974619289340102 0.5021428571428571 0.9974619289340102
10 0.5292857142857142 0.8807106598984772 0.5135714285714286 0.8807106598984772 0.5135714285714286 0.9543147208121827 0.5292857142857142 0.9543147208121827
10 0.5321428571428571 0.7766497461928934 0.5157142857142857 0.7766497461928934 0.5157142857142857 0.8578680203045685 0.5321428571428571 0.8578680203045685
10 0.5328571428571428 0.6763959390862944 0.5185714285714286 0.6763959390862944 0.5185714285714286 0.7576142131979695 0.5328571428571428 0.7576142131979695
3 0.5085714285714286 0.8147208121827412 0.49357142857142855 0.8147208121827412 0.49357142857142855 0.8895939086294417 0.5085714285714286 0.8895939086294417
11 0.48428571428571426 0.8565989847715736 0.47285714285714286 0.8565989847715736 0.47285714285714286 0.9124365482233503 0.48428571428571426 0.9124365482233503
3 0.5114285714285715 0.637055837563452 0.5007142857142857 0.637055837563452 0.5007142857142857 0.684010152284264 0.5114285714285715 0.684010152284264
3 0.5314285714285715 0.6002538071065991 0.5207142857142857 0.6002538071065991 0.5207142857142857 0.6484771573604062 0.5314285714285715 0.6484771573604062
11 0.535 0.4936548223350255 0.525 0.4936548223350255 0.525 0.5393401015228427 0.535 0.5393401015228427
11 0.49785714285714283 0.4720812182741118 0.4878571428571429 0.4720812182741118 0.4878571428571429 0.520304568527919 0.49785714285714283 0.520304568527919
3 0.515 0.5215736040609138 0.5042857142857143 0.5215736040609138 0.5042857142857143 0.5647208121827413 0.515 0.5647208121827413
3 0.5378571428571428 0.3388324873096448 0.5278571428571428 0.3388324873096448 0.5278571428571428 0.37817258883248744 0.5378571428571428 0.37817258883248744
2 0.495 0.2093908629441625 0.48214285714285715 0.2093908629441625 0.48214285714285715 0.2664974619289341 0.495 0.2664974619289341
2 0.5042857142857143 1.0855530319853123e-16 0.49357142857142855 1.0738971297091637e-16 0.49357142857142855 0.022842639593908736 0.5042857142857143 0.022842639593908736
3 0.8557142857142858 0.4225888324873098 0.8435714285714285 0.4225888324873098 0.8435714285714285 0.4644670050761423 0.8557142857142858 0.4644670050761423
3 0.8835714285714286 0.050761421319797155 0.8735714285714286 0.050761421319797155 0.8735714285714286 0.0799492385786804 0.8835714285714286 0.0799492385786804
3 0.92 0.11548223350253826 0.9064285714285715 0.11548223350253825 0.9064285714285715 0.1434010152284266 0.92 0.1434010152284266
3 0.9057142857142857 0.10532994923857886 0.8942857142857142 0.10532994923857886 0.8942857142857142 0.13324873096446718 0.9057142857142857 0.13324873096446718
7 0.8078571428571428 0.11548223350253825 0.8057142857142857 0.11548223350253825 0.8057142857142857 0.12563451776649764 0.8078571428571428 0.12563451776649764
7 0.8107142857142857 0.12055837563451795 0.8078571428571428 0.12055837563451795 0.8078571428571428 0.12944162436548243 0.8107142857142857 0.12944162436548243
7 0.8228571428571428 0.10532994923857886 0.8171428571428572 0.10532994923857886 0.8171428571428572 0.11675126903553318 0.8228571428571428 0.11675126903553318
7 0.825 0.09390862944162455 0.8214285714285714 0.09390862944162455 0.8214285714285714 0.10659898477157378 0.825 0.10659898477157378
7 0.8271428571428572 0.0812182741116753 0.8235714285714286 0.0812182741116753 0.8235714285714286 0.09010152284263978 0.8271428571428572 0.09010152284263978
7 0.8185714285714286 0.11675126903553318 0.8157142857142857 0.11675126903553318 0.8157142857142857 0.1281725888324875 0.8185714285714286 0.1281725888324875
7 0.8171428571428572 0.12436548223350272 0.8135714285714286 0.12436548223350272 0.8135714285714286 0.13578680203045704 0.8171428571428572 0.13578680203045704
7 0.8128571428571428 0.12563451776649764 0.8085714285714286 0.12563451776649764 0.8085714285714286 0.1395939086294418 0.8128571428571428 0.1395939086294418
7 0.8314285714285714 0.08502538071066008 0.8264285714285714 0.08502538071066008 0.8264285714285714 0.09644670050761439 0.8314285714285714 0.09644670050761439
7 0.8328571428571429 0.086294416243655 0.83 0.086294416243655 0.83 0.09898477157360425 0.8328571428571429 0.09898477157360425
7 0.8307142857142857 0.0812182741116753 0.8285714285714286 0.0812182741116753 0.8285714285714286 0.0913705583756347 0.8307142857142857 0.0913705583756347