11 0.5495824634655533 0.6846011131725419 0.505741127348643 0.6846011131725419 0.505741127348643 0.733766233766234 0.5495824634655533 0.733766233766234
11 0.37891440501043844 0.47402597402597413 0.34498956158663885 0.47402597402597413 0.34498956158663885 0.512987012987013 0.37891440501043844 0.512987012987013
3 0.40657620041753656 0.49814471243042674 0.3684759916492693 0.49814471243042674 0.3684759916492693 0.5324675324675324 0.40657620041753656 0.5324675324675324
3 0.9728601252609603 0.22634508348794083 0.9483298538622129 0.22634508348794083 0.9483298538622129 0.24860853432282023 0.9728601252609603 0.24860853432282023
3 0.9373695198329853 0.2736549165120596 0.9102296450939458 0.2736549165120596 0.9102296450939458 0.2987012987012989 0.9373695198329853 0.2987012987012989
3 0.7646137787056367 0.5352504638218926 0.7228601252609603 0.5352504638218926 0.7228601252609603 0.5714285714285716 0.7646137787056367 0.5714285714285716
3 0.7520876826722338 0.5176252319109464 0.7139874739039666 0.5176252319109464 0.7139874739039666 0.5500927643784789 0.7520876826722338 0.5500927643784789
11 0.7134655532359081 0.45732838589981456 0.6805845511482255 0.45732838589981456 0.6805845511482255 0.4888682745825605 0.7134655532359081 0.4888682745825605
5 0.6826722338204593 0.5148423005565865 0.6758872651356994 0.5148423005565865 0.6758872651356994 0.5296846011131727 0.6826722338204593 0.5296846011131727
7 0.7818371607515657 0.5259740259740262 0.7755741127348643 0.5259740259740262 0.7755741127348643 0.5565862708719854 0.7818371607515657 0.5565862708719854
3 0.6889352818371608 0.42207792207792216 0.6544885177453027 0.42207792207792216 0.6544885177453027 0.4489795918367348 0.6889352818371608 0.4489795918367348
3 0.6816283924843424 0.4072356215213359 0.6461377870563675 0.4072356215213359 0.6461377870563675 0.43692022263450847 0.6816283924843424 0.43692022263450847
11 0.6664926931106472 0.3886827458256031 0.6383089770354906 0.3886827458256031 0.6383089770354906 0.4202226345083489 0.6664926931106472 0.4202226345083489
3 0.6659707724425887 0.36827458256029694 0.6330897703549061 0.36827458256029694 0.6330897703549061 0.38961038961038974 0.6659707724425887 0.38961038961038974
11 0.6539665970772442 0.35064935064935077 0.6263048016701461 0.35064935064935077 0.6263048016701461 0.3756957328385901 0.6539665970772442 0.3756957328385901
11 0.6440501043841336 0.34137291280148435 0.6169102296450939 0.34137291280148435 0.6169102296450939 0.36178107606679044 0.6440501043841336 0.36178107606679044
11 0.6356993736951984 0.32653061224489804 0.6085594989561587 0.32653061224489804 0.6085594989561587 0.34879406307977745 0.6356993736951984 0.34879406307977745
9 0.7014613778705637 0.34230055658627095 0.6884133611691023 0.34230055658627095 0.6884133611691023 0.3692022263450836 0.7014613778705637 0.3692022263450836
10 0.7045929018789144 0.25139146567718007 0.6758872651356994 0.25139146567718007 0.6758872651356994 0.3014842300556587 0.7045929018789144 0.3014842300556587
3 0.6315240083507306 0.27736549165120605 0.6143006263048016 0.27736549165120605 0.6143006263048016 0.3014842300556587 0.6315240083507306 0.3014842300556587
3 0.4279749478079332 0.23840445269016708 0.41075156576200417 0.23840445269016708 0.41075156576200417 0.2597402597402598 0.4279749478079332 0.2597402597402598
3 0.5861169102296451 0.25139146567718007 0.5615866388308977 0.25139146567718007 0.5615866388308977 0.27087198515769956 0.5861169102296451 0.27087198515769956
11 0.5788100208768268 0.23562152133580716 0.55741127348643 0.23562152133580716 0.55741127348643 0.25510204081632665 0.5788100208768268 0.25510204081632665
11 0.5657620041753654 0.2170686456400743 0.5417536534446764 0.2170686456400743 0.5417536534446764 0.2365491651205938 0.5657620041753654 0.2365491651205938
11 0.5480167014613778 0.1948051948051949 0.5302713987473904 0.1948051948051949 0.5302713987473904 0.20964749536178118 0.5480167014613778 0.20964749536178118
3 0.6435281837160751 0.1781076066790354 0.6294363256784968 0.1781076066790354 0.6294363256784968 0.19387755102040832 0.6435281837160751 0.19387755102040832
3 0.6310020876826722 0.16512059369202242 0.6169102296450939 0.16512059369202242 0.6169102296450939 0.18089053803339533 0.6310020876826722 0.18089053803339533
3 0.6179540709812108 0.15120593692022277 0.6049060542797495 0.15120593692022274 0.6049060542797495 0.1651205936920224 0.6179540709812108 0.16512059369202242
3 0.6064718162839249 0.1410018552875697 0.5949895615866388 0.14100185528756967 0.5949895615866388 0.1539888682745827 0.6064718162839249 0.15398886827458272
3 0.5981210855949896 0.13079777365491663 0.5850730688935282 0.13079777365491663 0.5850730688935282 0.14285714285714296 0.5981210855949896 0.14285714285714296
3 0.545929018789144 0.18460111317254185 0.5250521920668059 0.18460111317254185 0.5250521920668059 0.19944341372912813 0.545929018789144 0.19944341372912813
11 0.49947807933194155 0.13729128014842312 0.48434237995824636 0.13729128014842312 0.48434237995824636 0.15213358070500937 0.49947807933194155 0.15213358070500937
3 0.5375782881002088 0.11873840445269027 0.5224425887265136 0.11873840445269027 0.5224425887265136 0.13543599257884983 0.5375782881002088 0.13543599257884983
3 0.5167014613778705 0.08719851576994445 0.5031315240083507 0.08719851576994445 0.5031315240083507 0.09833024118738415 0.5167014613778705 0.09833024118738415
3 0.4932150313152401 0.08719851576994445 0.47651356993736954 0.08719851576994445 0.47651356993736954 0.10018552875695744 0.4932150313152401 0.10018552875695744
3 0.5955114822546973 0.08719851576994447 0.5798538622129437 0.08719851576994447 0.5798538622129437 0.09740259740259753 0.5955114822546973 0.09740259740259753
3 0.6085594989561587 0.08348794063079791 0.592901878914405 0.08348794063079791 0.592901878914405 0.09276437847866432 0.6085594989561587 0.09276437847866432
2 0.639874739039666 0.12430426716141017 0.6153444676409185 0.12430426716141017 0.6153444676409185 0.16141001855287584 0.639874739039666 0.16141001855287584
2 0.6195198329853863 0.10667903525046396 0.5944676409185804 0.10667903525046396 0.5944676409185804 0.14192949907235636 0.6195198329853863 0.14192949907235639
5 0.7353862212943633 0.20779220779220794 0.7301670146137788 0.20779220779220794 0.7301670146137788 0.21892393320964765 0.7353862212943633 0.21892393320964765
2 0.6503131524008351 0.06771799628942499 0.6153444676409185 0.06771799628942499 0.6153444676409185 0.09090909090909104 0.6503131524008351 0.09090909090909104
8 0.558455114822547 0.17161410018552886 0.5558455114822547 0.17161410018552886 0.5558455114822547 0.17996289424860865 0.558455114822547 0.17996289424860865
5 0.5600208768267223 0.17346938775510215 0.5542797494780793 0.17346938775510215 0.5542797494780793 0.18552875695732848 0.5600208768267223 0.18552875695732848
7 0.7343423799582464 0.20500927643784803 0.7317327766179541 0.20500927643784803 0.7317327766179541 0.2152133580705011 0.7343423799582464 0.2152133580705011
8 0.5824634655532359 0.06957328385899827 0.5803757828810021 0.06957328385899827 0.5803757828810021 0.07606679035250477 0.5824634655532359 0.07606679035250477
5 0.5835073068893528 0.07235621521335821 0.5777661795407099 0.07235621521335821 0.5777661795407099 0.07884972170686469 0.5835073068893528 0.07884972170686469
3 0.511482254697286 0.05936920222634519 0.5036534446764092 0.05936920222634519 0.5036534446764092 0.07050092764378489 0.511482254697286 0.07050092764378489
3 0.5203549060542797 0.057513914656771914 0.511482254697286 0.05751391465677191 0.511482254697286 0.06771799628942497 0.5203549060542797 0.06771799628942497
3 0.505741127348643 0.051948051948052056 0.49739039665970775 0.051948051948052056 0.49739039665970775 0.06493506493506504 0.505741127348643 0.06493506493506504
3 0.5135699373695198 0.05009276437847877 0.5046972860125261 0.05009276437847877 0.5046972860125261 0.06122448979591847 0.5135699373695198 0.06122448979591847
3 0.5224425887265136 0.050092764378478774 0.5135699373695198 0.05009276437847877 0.5135699373695198 0.06029684601113183 0.5224425887265136 0.06029684601113183
3 0.4932150313152401 0.03617810760667914 0.48538622129436326 0.03617810760667914 0.48538622129436326 0.046382189239332204 0.4932150313152401 0.046382189239332204
3 0.4848643006263048 0.016697588126159662 0.4780793319415449 0.016697588126159662 0.4780793319415449 0.02690166975881272 0.4848643006263048 0.02690166975881272
7 0.37004175365344477 0.9582560296846011 0.3627348643006264 0.9582560296846011 0.3627348643006264 0.9916512059369202 0.37004175365344477 0.9916512059369202
4 0.6435281837160751 0.11595547309833037 0.6346555323590815 0.11595547309833037 0.6346555323590815 0.12801484230055674 0.6435281837160751 0.12801484230055674
4 0.6555323590814196 0.12152133580705025 0.6477035490605428 0.12152133580705025 0.6477035490605428 0.14100185528756973 0.6555323590814196 0.14100185528756973