5 0.04000000000000008 0.8066666666666666 7.409113134841488e-17 0.8066666666666666 7.780880913154077e-17 0.8876190476190476 0.040000000000000084 0.8876190476190476
3 0.18500000000000008 0.8933333333333333 0.0857142857142858 0.8933333333333333 0.08571428571428581 0.9980952380952381 0.18500000000000008 0.9980952380952381
3 0.9985714285714286 0.8533333333333335 0.8814285714285715 0.8533333333333335 0.8814285714285715 1 0.9985714285714286 1
10 0.5807142857142857 0.6247619047619047 0.5042857142857143 0.6247619047619047 0.5042857142857143 0.8590476190476191 0.5807142857142857 0.8590476190476191
1 0.11428571428571432 0.39714285714285713 0.06642857142857148 0.39714285714285713 0.06642857142857148 0.43238095238095237 0.11428571428571432 0.43238095238095237
11 0.2757142857142858 0.46095238095238095 0.2014285714285715 0.46095238095238095 0.2014285714285715 0.5819047619047619 0.2757142857142858 0.5819047619047619
3 0.4857142857142857 0.3895238095238096 0.3742857142857143 0.3895238095238096 0.3742857142857143 0.4857142857142858 0.4857142857142857 0.4857142857142858
1 0.7342857142857143 0.5390476190476192 0.7157142857142857 0.5390476190476192 0.7157142857142857 0.5971428571428573 0.7342857142857143 0.5971428571428573
7 0.7442857142857143 0.542857142857143 0.7257142857142858 0.542857142857143 0.7257142857142858 0.585714285714286 0.7442857142857143 0.585714285714286
8 0.7114285714285714 0.5190476190476193 0.685 0.5190476190476193 0.685 0.5590476190476192 0.7114285714285714 0.5590476190476192
5 0.7142857142857143 0.5171428571428573 0.6842857142857143 0.5171428571428573 0.6842857142857143 0.5685714285714288 0.7142857142857143 0.5685714285714288
3 0.8542857142857143 0.3295238095238096 0.7742857142857142 0.3295238095238096 0.7742857142857142 0.44761904761904775 0.8542857142857143 0.44761904761904775
7 0.9292857142857143 0.3771428571428572 0.8985714285714286 0.3771428571428572 0.8985714285714286 0.42952380952380964 0.9292857142857143 0.42952380952380964
7 0.9428571428571428 0.3923809523809525 0.9092857142857143 0.3923809523809525 0.9092857142857143 0.44285714285714295 0.9428571428571428 0.44285714285714295
5 0.9807142857142858 0.3638095238095239 0.9378571428571428 0.3638095238095239 0.9378571428571428 0.3961904761904763 0.9807142857142858 0.3961904761904763
3 0.5642857142857143 0.31333333333333346 0.5185714285714286 0.31333333333333346 0.5185714285714286 0.42761904761904773 0.5642857142857143 0.42761904761904773
3 0.30142857142857143 0.3 0.2342857142857143 0.3 0.2342857142857143 0.4104761904761905 0.30142857142857143 0.4104761904761905
3 0.31357142857142856 0.15523809523809529 0.26571428571428574 0.15523809523809529 0.26571428571428574 0.24571428571428572 0.31357142857142856 0.24571428571428572
3 0.35285714285714287 0.024761904761904818 0.315 0.024761904761904815 0.315 0.08285714285714291 0.35285714285714287 0.08285714285714291
3 0.4907142857142857 0.1790476190476191 0.3992857142857143 0.1790476190476191 0.3992857142857143 0.24761904761904774 0.4907142857142857 0.24761904761904774
3 0.4928571428571429 0.13238095238095243 0.40785714285714286 0.13238095238095243 0.40785714285714286 0.19619047619047625 0.4928571428571429 0.19619047619047625
3 0.49 0.04380952380952388 0.4085714285714286 0.043809523809523875 0.4085714285714286 0.11619047619047626 0.49 0.11619047619047627
3 0.48714285714285716 0.019047619047619122 0.41714285714285715 0.019047619047619115 0.41714285714285715 0.07142857142857151 0.48714285714285716 0.07142857142857151
7 0.6335714285714286 0.25904761904761914 0.6214285714285714 0.25904761904761914 0.6214285714285714 0.3057142857142858 0.6335714285714286 0.3057142857142858
3 0.7635714285714286 0.1961904761904763 0.7071428571428572 0.1961904761904763 0.7071428571428572 0.2961904761904763 0.7635714285714286 0.2961904761904763
3 0.7042857142857143 0.22761904761904772 0.6071428571428571 0.22761904761904772 0.6071428571428571 0.3057142857142858 0.7042857142857143 0.3057142857142858
3 0.6935714285714286 0.1780952380952382 0.6021428571428571 0.1780952380952382 0.6021428571428571 0.2485714285714287 0.6935714285714286 0.2485714285714287
3 0.68 0.1342857142857144 0.5978571428571429 0.1342857142857144 0.5978571428571429 0.20761904761904773 0.68 0.20761904761904773
3 0.6657142857142857 0.0580952380952382 0.6021428571428571 0.05809523809523819 0.6021428571428571 0.12857142857142867 0.6657142857142857 0.12857142857142867
11 0.7528571428571429 0.08857142857142869 0.6928571428571428 0.08857142857142868 0.6928571428571428 0.17523809523809536 0.7528571428571429 0.17523809523809536
3 0.7935714285714286 0.08000000000000013 0.7328571428571429 0.08000000000000011 0.7328571428571429 0.16952380952380963 0.7935714285714286 0.16952380952380963
6 0.8571428571428571 0.1533333333333335 0.8335714285714285 0.1533333333333335 0.8335714285714285 0.17619047619047634 0.8571428571428571 0.17619047619047634
6 0.8471428571428572 0.13619047619047633 0.8178571428571428 0.1361904761904763 0.8178571428571428 0.16380952380952393 0.8471428571428572 0.16380952380952396
6 0.8642857142857143 0.13047619047619063 0.8371428571428572 0.13047619047619063 0.8371428571428572 0.1571428571428573 0.8642857142857143 0.1571428571428573
1 0.8692857142857143 0.19428571428571445 0.8478571428571429 0.19428571428571445 0.8478571428571429 0.23809523809523825 0.8692857142857143 0.23809523809523825
5 0.8714285714285714 0.11619047619047633 0.8492857142857143 0.11619047619047633 0.8492857142857143 0.1533333333333335 0.8714285714285714 0.1533333333333335
7 0.8257142857142857 0.10761904761904775 0.8085714285714286 0.10761904761904775 0.8085714285714286 0.15333333333333343 0.8257142857142857 0.15333333333333343
7 0.8135714285714286 0.09809523809523824 0.7971428571428572 0.09809523809523824 0.7971428571428572 0.14095238095238105 0.8135714285714286 0.14095238095238105
7 0.8021428571428572 0.08666666666666681 0.7857142857142857 0.08666666666666681 0.7857142857142857 0.13047619047619058 0.8021428571428572 0.13047619047619058
1 0.9414285714285714 0.29333333333333345 0.9178571428571428 0.29333333333333345 0.9178571428571428 0.33714285714285724 0.9414285714285714 0.33714285714285724
1 0.9285714285714286 0.29142857142857154 0.8928571428571429 0.29142857142857154 0.8928571428571429 0.32380952380952394 0.9285714285714286 0.32380952380952394
11 0.9471428571428572 0.20571428571428588 0.8542857142857143 0.20571428571428588 0.8542857142857143 0.2980952380952382 0.9471428571428572 0.2980952380952382