3 0.03071428571428573 0.2131979695431472 0.013571428571428587 0.2131979695431472 0.013571428571428587 0.24873096446700507 0.030714285714285736 0.24873096446700507
3 0.1535714285714286 0.5393401015228426 0.11928571428571433 0.5393401015228426 0.11928571428571433 0.5964467005076142 0.1535714285714286 0.5964467005076142
3 0.18500000000000008 0.6243654822335025 0.15428571428571433 0.6243654822335025 0.15428571428571433 0.684010152284264 0.18500000000000008 0.684010152284264
3 0.17928571428571435 0.8591370558375635 0.14928571428571433 0.8591370558375635 0.14928571428571435 0.9403553299492385 0.17928571428571435 0.9403553299492385
3 0.5435714285714286 0.6548223350253807 0.5221428571428571 0.6548223350253807 0.5221428571428571 0.7385786802030457 0.5435714285714286 0.7385786802030457
3 0.48214285714285715 0.4327411167512692 0.46285714285714286 0.4327411167512692 0.46285714285714286 0.4784263959390864 0.48214285714285715 0.4784263959390864
3 0.4592857142857143 0.3756345177664976 0.44142857142857145 0.3756345177664976 0.44142857142857145 0.4213197969543149 0.4592857142857143 0.4213197969543149
7 0.8635714285714285 0.43147208121827424 0.8528571428571429 0.43147208121827424 0.8528571428571429 0.4657360406091372 0.8635714285714285 0.4657360406091372
3 0.46214285714285713 0.06852791878172598 0.44785714285714284 0.06852791878172598 0.44785714285714284 0.08883248730964478 0.46214285714285713 0.08883248730964478
10 0.44642857142857145 0.05203045685279197 0.425 0.05203045685279197 0.425 0.10279187817258895 0.44642857142857145 0.10279187817258895
3 0.48214285714285715 0.029187817258883354 0.4685714285714286 0.029187817258883347 0.4685714285714286 0.06091370558375645 0.48214285714285715 0.06091370558375645
5 0.46 0.6180203045685281 0.45 0.6180203045685281 0.45 0.6484771573604062 0.46 0.6484771573604062
8 0.4585714285714286 0.619289340101523 0.45071428571428573 0.619289340101523 0.45071428571428573 0.6408629441624367 0.4585714285714286 0.6408629441624367
7 0.9421428571428572 0.3058375634517769 0.935 0.3058375634517769 0.935 0.33121827411167526 0.9421428571428572 0.33121827411167526
7 0.9435714285714286 0.303299492385787 0.9385714285714286 0.303299492385787 0.9385714285714286 0.33121827411167526 0.9435714285714286 0.33121827411167526