3 0.7455 0.8726666666666667 0.6565 0.8726666666666667 0.6565 1 0.7455 1
3 0.791 0.5986666666666668 0.7175 0.5986666666666668 0.7175 0.75 0.791 0.75
3 0.5595 0.5446666666666669 0.5135 0.5446666666666669 0.5135 0.6506666666666668 0.5595 0.6506666666666668
3 0.561 0.43400000000000016 0.482 0.43400000000000016 0.482 0.5060000000000001 0.561 0.5060000000000001
8 0.612 0.47266666666666685 0.598 0.47266666666666685 0.598 0.5093333333333335 0.612 0.5093333333333335
5 0.6105 0.48400000000000015 0.598 0.48400000000000015 0.598 0.5286666666666668 0.6105 0.5286666666666668
3 0.5635 0.3613333333333335 0.484 0.3613333333333335 0.484 0.4073333333333335 0.5635 0.4073333333333335
3 0.5705 0.32266666666666677 0.5415 0.32266666666666677 0.5415 0.36933333333333346 0.5705 0.36933333333333346
3 0.7895 0.4446666666666668 0.7375 0.4446666666666668 0.7375 0.5213333333333335 0.7895 0.5213333333333335
11 0.559 0.27866666666666673 0.5375 0.27866666666666673 0.5375 0.32466666666666677 0.559 0.32466666666666677
3 0.562 0.26400000000000007 0.54 0.26400000000000007 0.54 0.29266666666666674 0.562 0.29266666666666674
7 0.536 0.2893333333333334 0.5285 0.2893333333333334 0.5285 0.32400000000000007 0.536 0.32400000000000007
7 0.5235 0.29066666666666674 0.5165 0.29066666666666674 0.5165 0.31400000000000006 0.5235 0.31400000000000006
7 0.5305 0.2800000000000001 0.527 0.2800000000000001 0.527 0.30466666666666675 0.5305 0.30466666666666675
3 0.416 0.3173333333333334 0.3885 0.3173333333333334 0.3885 0.36 0.416 0.36
3 0.347 0.2593333333333334 0.305 0.2593333333333334 0.305 0.2973333333333334 0.347 0.2973333333333334
0 0.11200000000000006 0.5693333333333334 0.037000000000000054 0.5693333333333334 0.037000000000000054 0.634 0.11200000000000006 0.634
7 0.3155 0.2613333333333334 0.31 0.2613333333333334 0.31 0.2953333333333334 0.3155 0.2953333333333334
3 0.23300000000000007 0.41733333333333333 0.14350000000000004 0.41733333333333333 0.14350000000000004 0.4713333333333333 0.23300000000000007 0.4713333333333333
7 0.519 0.2533333333333334 0.5145 0.2533333333333334 0.5145 0.2780000000000001 0.519 0.2780000000000001
3 1 0.40600000000000014 0.941 0.40600000000000014 0.941 0.46666666666666684 1 0.46666666666666684
3 1 0.31733333333333347 0.948 0.31733333333333347 0.948 0.3633333333333335 1 0.3633333333333335
3 0.965 0.29200000000000015 0.915 0.29200000000000015 0.915 0.3253333333333335 0.965 0.3253333333333335
3 0.927 0.2660000000000001 0.8885 0.2660000000000001 0.8885 0.3006666666666668 0.927 0.3006666666666668
9 0.8295 0.20000000000000015 0.818 0.20000000000000015 0.818 0.2173333333333335 0.8295 0.2173333333333335
7 0.765 0.14200000000000013 0.761 0.14200000000000013 0.761 0.16133333333333344 0.765 0.16133333333333344
3 0.666 0.09866666666666678 0.655 0.09866666666666678 0.655 0.11133333333333345 0.666 0.11133333333333345
3 0.639 0.15733333333333344 0.6245 0.15733333333333344 0.6245 0.17466666666666675 0.639 0.17466666666666675
3 0.631 0.1280000000000001 0.6185 0.1280000000000001 0.6185 0.14666666666666678 0.631 0.14666666666666678
3 0.6185 0.10466666666666678 0.6085 0.10466666666666678 0.6085 0.12066666666666678 0.6185 0.12066666666666678
3 0.604 0.12000000000000012 0.5945 0.12000000000000012 0.5945 0.13866666666666677 0.604 0.13866666666666677
10 0.5855 0.0920000000000001 0.572 0.09200000000000008 0.572 0.11866666666666677 0.5855 0.11866666666666678
3 0.5715 0.15466666666666673 0.5565 0.15466666666666673 0.5565 0.17266666666666675 0.5715 0.17266666666666675
8 0.5845 0.1420000000000001 0.58 0.14200000000000007 0.58 0.15133333333333343 0.5845 0.15133333333333346
5 0.585 0.14266666666666677 0.5795 0.14266666666666675 0.5795 0.15533333333333343 0.585 0.15533333333333343
8 0.5815 0.13466666666666677 0.579 0.13466666666666674 0.579 0.1460000000000001 0.5815 0.1460000000000001
5 0.5835 0.13733333333333342 0.5775 0.13733333333333342 0.5775 0.1460000000000001 0.5835 0.1460000000000001
0 0.7535 0.13933333333333345 0.738 0.13933333333333345 0.738 0.15733333333333344 0.7535 0.15733333333333344
3 0.4405 0.1633333333333334 0.409 0.1633333333333334 0.409 0.1793333333333334 0.4405 0.1793333333333334
3 0.4465 0.15866666666666673 0.4105 0.15866666666666673 0.4105 0.17600000000000007 0.4465 0.17600000000000007
3 0.4505 0.1553333333333334 0.421 0.1553333333333334 0.421 0.17066666666666674 0.4505 0.17066666666666674
3 0.453 0.1513333333333334 0.4265 0.1513333333333334 0.4265 0.16733333333333342 0.453 0.16733333333333342
3 0.455 0.14666666666666675 0.426 0.14666666666666675 0.426 0.16266666666666674 0.455 0.16266666666666674
3 0.462 0.14466666666666675 0.4335 0.14466666666666675 0.4335 0.1593333333333334 0.462 0.1593333333333334
3 0.4705 0.13866666666666674 0.443 0.13866666666666674 0.443 0.15266666666666676 0.4705 0.15266666666666676
3 0.473 0.13466666666666674 0.446 0.13466666666666674 0.446 0.15066666666666675 0.473 0.15066666666666675
3 0.477 0.13333333333333341 0.4535 0.13333333333333341 0.4535 0.14666666666666675 0.477 0.14666666666666675
3 0.4915 0.12466666666666675 0.4645 0.12466666666666675 0.4645 0.13933333333333342 0.4915 0.13933333333333342
3 0.457 0.12400000000000008 0.4365 0.12400000000000008 0.4365 0.13600000000000007 0.457 0.13600000000000007
3 0.4915 0.11533333333333341 0.479 0.11533333333333341 0.479 0.1253333333333334 0.4915 0.1253333333333334
3 0.477 0.11600000000000008 0.463 0.11600000000000008 0.463 0.1273333333333334 0.477 0.1273333333333334
3 0.462 0.11200000000000007 0.451 0.11200000000000007 0.451 0.1253333333333334 0.462 0.1253333333333334
3 0.462 0.10666666666666674 0.449 0.10666666666666674 0.449 0.11800000000000008 0.462 0.11800000000000008
3 0.446 0.1053333333333334 0.4365 0.1053333333333334 0.4365 0.11866666666666674 0.446 0.11866666666666674
2 0.425 0.10933333333333341 0.3585 0.10933333333333341 0.3585 0.14266666666666675 0.425 0.14266666666666675
2 0.4315 0.10666666666666674 0.3635 0.10666666666666674 0.3635 0.14066666666666675 0.4315 0.14066666666666675
3 0.3425 0.11800000000000004 0.3275 0.11800000000000004 0.3275 0.12600000000000003 0.3425 0.12600000000000003
10 0.354 0.10733333333333339 0.3265 0.10733333333333338 0.3265 0.12800000000000006 0.354 0.12800000000000009
3 0.544 0.1053333333333334 0.5275 0.1053333333333334 0.5275 0.11800000000000008 0.544 0.11800000000000008
3 0.538 0.11800000000000008 0.519 0.11800000000000008 0.519 0.1293333333333334 0.538 0.1293333333333334
3 0.5805 0.04666666666666676 0.577 0.04666666666666676 0.577 0.051333333333333425 0.5805 0.051333333333333425
3 0.5875 0.046000000000000096 0.583 0.046000000000000096 0.583 0.05066666666666676 0.5875 0.05066666666666676
10 0.6235 0.044666666666666764 0.6175 0.044666666666666764 0.6175 0.05533333333333343 0.6235 0.05533333333333343
10 0.6195 0.04066666666666677 0.613 0.04066666666666677 0.613 0.04866666666666676 0.6195 0.04866666666666676
10 0.568 0.03933333333333343 0.5605 0.03933333333333343 0.5605 0.051333333333333425 0.568 0.051333333333333425
3 0.5665 0.0540000000000001 0.562 0.0540000000000001 0.562 0.060000000000000095 0.5665 0.060000000000000095
3 0.559 0.05333333333333343 0.5545 0.05333333333333343 0.5545 0.060000000000000095 0.559 0.060000000000000095
3 0.5595 0.04866666666666676 0.5555 0.04866666666666676 0.5555 0.05466666666666676 0.5595 0.05466666666666676
3 0.5545 0.05066666666666676 0.549 0.05066666666666676 0.549 0.060000000000000095 0.5545 0.060000000000000095
7 0.5755 0.0640000000000001 0.5735 0.0640000000000001 0.5735 0.07133333333333343 0.5755 0.07133333333333343
4 0.5985 0.014000000000000094 0.546 0.01400000000000009 0.546 0.03933333333333342 0.5985 0.03933333333333343