3 0.35285714285714287 0.0279187817258884 0.32142857142857145 0.027918781725888398 0.32142857142857145 0.06091370558375642 0.35285714285714287 0.06091370558375642
3 0.3535714285714286 0.017766497461929008 0.3264285714285714 0.017766497461929005 0.3264285714285714 0.044416243654822406 0.3535714285714286 0.044416243654822406
3 0.3585714285714286 0.005076142131979771 0.33071428571428574 0.005076142131979768 0.33071428571428574 0.029187817258883326 0.3585714285714286 0.02918781725888333
3 0.4692857142857143 0.13705583756345188 0.45571428571428574 0.13705583756345188 0.45571428571428574 0.18020304568527926 0.4692857142857143 0.18020304568527926
3 0.4807142857142857 0.1878172588832488 0.4642857142857143 0.1878172588832488 0.4642857142857143 0.23477157360406098 0.4807142857142857 0.23477157360406098
3 0.4407142857142857 0.32487309644670065 0.4114285714285714 0.32487309644670065 0.4114285714285714 0.352791878172589 0.4407142857142857 0.352791878172589
3 0.4392857142857143 0.34390862944162454 0.40714285714285714 0.34390862944162454 0.40714285714285714 0.37182741116751283 0.4392857142857143 0.37182741116751283
3 0.44285714285714284 0.369289340101523 0.40285714285714286 0.369289340101523 0.40285714285714286 0.3959390862944164 0.44285714285714284 0.3959390862944164
7 0.44571428571428573 0.38451776649746205 0.43785714285714283 0.38451776649746205 0.43785714285714283 0.402284263959391 0.44571428571428573 0.402284263959391
3 0.485 0.37690355329949254 0.4707142857142857 0.37690355329949254 0.4707142857142857 0.42385786802030473 0.485 0.42385786802030473
3 0.4392857142857143 0.43654822335025395 0.4064285714285714 0.43654822335025395 0.4064285714285714 0.4657360406091372 0.4392857142857143 0.4657360406091372
3 0.4392857142857143 0.4593908629441626 0.40785714285714286 0.4593908629441626 0.40785714285714286 0.48984771573604075 0.4392857142857143 0.48984771573604075
3 0.43714285714285717 0.486040609137056 0.40285714285714286 0.486040609137056 0.40285714285714286 0.5164974619289342 0.43714285714285717 0.5164974619289342
3 0.43642857142857144 0.5368020304568529 0.4014285714285714 0.5368020304568529 0.4014285714285714 0.5672588832487311 0.43642857142857144 0.5672588832487311
3 0.43357142857142855 0.5659898477157362 0.39714285714285713 0.5659898477157362 0.39714285714285713 0.5964467005076144 0.43357142857142855 0.5964467005076144
3 0.42928571428571427 0.5913705583756347 0.3942857142857143 0.5913705583756347 0.3942857142857143 0.6218274111675128 0.42928571428571427 0.6218274111675128
11 0.42928571428571427 0.6167512690355331 0.38857142857142857 0.6167512690355331 0.38857142857142857 0.6535532994923858 0.42928571428571427 0.6535532994923858
3 0.4307142857142857 0.6789340101522843 0.39071428571428574 0.6789340101522843 0.39071428571428574 0.7119289340101523 0.4307142857142857 0.7119289340101523
3 0.4278571428571429 0.7081218274111675 0.3892857142857143 0.7081218274111675 0.3892857142857143 0.7398477157360406 0.4278571428571429 0.7398477157360406
3 0.43 0.7385786802030457 0.39 0.7385786802030457 0.39 0.7766497461928934 0.43 0.7766497461928934
3 0.425 0.8071065989847716 0.38357142857142856 0.8071065989847716 0.38357142857142856 0.8413705583756346 0.425 0.8413705583756346
3 0.42142857142857143 0.8451776649746193 0.3792857142857143 0.8451776649746193 0.3792857142857143 0.8807106598984772 0.42142857142857143 0.8807106598984772
3 0.4185714285714286 0.883248730964467 0.3792857142857143 0.883248730964467 0.3792857142857143 0.9175126903553299 0.4185714285714286 0.9175126903553299
3 0.41285714285714287 0.9251269035532995 0.3692857142857143 0.9251269035532995 0.3692857142857143 0.9631979695431472 0.41285714285714287 0.9631979695431472
3 0.4142857142857143 0.9695431472081218 0.37 0.9695431472081218 0.37 0.998730964467005 0.4142857142857143 0.998730964467005
3 0.5292857142857142 0.932741116751269 0.49357142857142855 0.932741116751269 0.49357142857142855 0.9936548223350253 0.5292857142857142 0.9936548223350253
3 0.5228571428571429 0.817258883248731 0.48142857142857143 0.817258883248731 0.48142857142857143 0.8515228426395939 0.5228571428571429 0.8515228426395939
11 0.525 0.7703045685279187 0.47928571428571426 0.7703045685279187 0.47928571428571426 0.8109137055837563 0.525 0.8109137055837563
3 0.5192857142857142 0.7284263959390863 0.48 0.7284263959390863 0.48 0.7639593908629442 0.5192857142857142 0.7639593908629442
3 0.52 0.6941624365482234 0.47928571428571426 0.6941624365482234 0.47928571428571426 0.7284263959390863 0.52 0.7284263959390863
3 0.52 0.6611675126903553 0.47928571428571426 0.6611675126903553 0.47928571428571426 0.6954314720812182 0.52 0.6954314720812182
3 0.5221428571428571 0.6307106598984773 0.485 0.6307106598984773 0.485 0.6624365482233503 0.5221428571428571 0.6624365482233503
3 0.5207142857142857 0.5761421319796955 0.4835714285714286 0.5761421319796955 0.4835714285714286 0.6078680203045687 0.5207142857142857 0.6078680203045687
11 0.4928571428571429 0.44162436548223366 0.47714285714285715 0.44162436548223366 0.47714285714285715 0.49619289340101536 0.4928571428571429 0.49619289340101536
3 0.7521428571428571 1.6155080554742052e-16 0.7328571428571429 1.5945274313771376e-16 0.7328571428571429 0.02538071065989864 0.7521428571428571 0.02538071065989864
3 0.765 1.6473675216956782e-16 0.7492857142857143 1.6302721983573267e-16 0.7492857142857143 0.021573604060913867 0.765 0.021573604060913867
3 0.7828571428571428 1.682335228524124e-16 0.7635714285714286 1.6613546044270564e-16 0.7635714285714286 0.02411167512690372 0.7828571428571428 0.024111675126903726
3 0.7807142857142857 0.06979695431472098 0.7585714285714286 0.06979695431472098 0.7585714285714286 0.10659898477157378 0.7807142857142857 0.10659898477157378
3 0.7907142857142857 0.06472081218274128 0.7735714285714286 0.06472081218274128 0.7735714285714286 0.09390862944162455 0.7907142857142857 0.09390862944162455
3 0.8271428571428572 1.7740283264298268e-16 0.8035714285714286 1.7483853414223001e-16 0.8035714285714286 0.031725888324873275 0.8271428571428572 0.031725888324873275
3 0.07428571428571434 0.9543147208121827 0.035714285714285775 0.9543147208121827 0.03571428571428578 0.9936548223350253 0.07428571428571434 0.9936548223350253