10 0.655 0.7180952380952381 0.5742857142857143 0.7180952380952381 0.5742857142857144 0.9104761904761904 0.6550000000000001 0.9104761904761904
3 0.3935714285714286 0.8533333333333334 0.34214285714285725 0.8533333333333334 0.34214285714285725 0.9866666666666667 0.39357142857142874 0.9866666666666667
3 0.4085714285714286 0.7295238095238096 0.3550000000000001 0.7295238095238096 0.3550000000000001 0.8380952380952381 0.4085714285714286 0.8380952380952381
11 0.4135714285714286 0.6247619047619047 0.36642857142857144 0.6247619047619047 0.36642857142857144 0.7257142857142858 0.4135714285714286 0.7257142857142858
3 0.5785714285714286 0.49047619047619045 0.5485714285714286 0.49047619047619045 0.5485714285714286 0.5485714285714286 0.5785714285714286 0.5485714285714286
11 0.41928571428571426 0.43523809523809537 0.39357142857142857 0.43523809523809537 0.39357142857142857 0.4876190476190476 0.41928571428571426 0.4876190476190476
3 0.5457142857142857 0.341904761904762 0.5142857142857142 0.341904761904762 0.5142857142857142 0.3914285714285715 0.5457142857142857 0.3914285714285715
3 0.42214285714285715 0.3438095238095239 0.39285714285714285 0.3438095238095239 0.39285714285714285 0.38571428571428584 0.42214285714285715 0.38571428571428584
3 0.5171428571428571 0.2676190476190477 0.49357142857142855 0.2676190476190477 0.49357142857142855 0.30476190476190484 0.5171428571428571 0.30476190476190484
3 0.49142857142857144 0.20666666666666672 0.47214285714285714 0.20666666666666672 0.47214285714285714 0.23047619047619053 0.49142857142857144 0.23047619047619053
11 0.4828571428571429 0.17619047619047626 0.465 0.17619047619047626 0.465 0.20571428571428577 0.4828571428571429 0.20571428571428577
3 0.47214285714285714 0.16857142857142862 0.4542857142857143 0.16857142857142862 0.4542857142857143 0.19238095238095243 0.47214285714285714 0.19238095238095243
3 0.4135714285714286 0.32285714285714295 0.39285714285714285 0.32285714285714295 0.39285714285714285 0.3495238095238096 0.4135714285714286 0.3495238095238096
3 0.4135714285714286 0.2942857142857144 0.38357142857142856 0.2942857142857144 0.38357142857142856 0.32476190476190486 0.4135714285714286 0.32476190476190486
3 0.36 0.23238095238095244 0.325 0.23238095238095244 0.325 0.2552380952380953 0.36 0.2552380952380953
3 0.36642857142857144 0.1666666666666667 0.355 0.1666666666666667 0.355 0.19142857142857148 0.36642857142857144 0.19142857142857148
3 0.3964285714285714 0.17238095238095244 0.38 0.17238095238095244 0.38 0.1990476190476191 0.3964285714285714 0.1990476190476191
3 0.39071428571428574 0.1590476190476191 0.37714285714285717 0.1590476190476191 0.37714285714285717 0.17809523809523814 0.39071428571428574 0.17809523809523814
3 0.38642857142857145 0.1428571428571429 0.37357142857142855 0.1428571428571429 0.37357142857142855 0.160952380952381 0.38642857142857145 0.160952380952381
3 0.3821428571428571 0.13142857142857148 0.3707142857142857 0.13142857142857148 0.3707142857142857 0.14761904761904768 0.3821428571428571 0.14761904761904768
3 0.28214285714285714 0.26571428571428574 0.245 0.26571428571428574 0.245 0.2866666666666667 0.28214285714285714 0.2866666666666667