3 0.24500000000000008 0.7095238095238096 0.05571428571428578 0.7095238095238096 0.055714285714285786 0.8285714285714286 0.24500000000000008 0.8285714285714286
3 0.32285714285714295 0.5323809523809524 0.18714285714285722 0.5323809523809524 0.18714285714285722 0.6190476190476191 0.32285714285714295 0.6190476190476191
3 0.48714285714285716 0.5238095238095238 0.405 0.5238095238095238 0.405 0.7085714285714285 0.48714285714285716 0.7085714285714285
3 0.5785714285714286 0.5752380952380952 0.49857142857142855 0.5752380952380952 0.49857142857142855 0.7276190476190476 0.5785714285714286 0.7276190476190476
8 0.5264285714285715 0.6066666666666667 0.49357142857142855 0.6066666666666667 0.49357142857142855 0.6485714285714286 0.5264285714285715 0.6485714285714286
11 0.4535714285714286 0.7552380952380953 0.3521428571428572 0.7552380952380953 0.3521428571428572 1 0.45357142857142874 1
3 0.5650000000000001 0.7666666666666667 0.4714285714285714 0.7666666666666667 0.47142857142857153 0.9714285714285714 0.5650000000000002 0.9714285714285714
3 0.8492857142857143 0.7685714285714288 0.7014285714285714 0.7685714285714288 0.7014285714285715 1 0.8492857142857143 1
3 0.9842857142857143 0.6733333333333336 0.7778571428571428 0.6733333333333336 0.7778571428571428 0.8085714285714288 0.9842857142857143 0.8085714285714288
3 0.8878571428571429 0.5438095238095241 0.7285714285714285 0.5438095238095241 0.7285714285714285 0.6380952380952383 0.8878571428571429 0.6380952380952383
3 0.8564285714285714 0.47142857142857153 0.7028571428571428 0.47142857142857153 0.7028571428571428 0.5561904761904765 0.8564285714285714 0.5561904761904765
3 0.8235714285714286 0.40000000000000013 0.6992857142857143 0.40000000000000013 0.6992857142857143 0.47523809523809535 0.8235714285714286 0.47523809523809535
3 0.8142857142857143 0.3638095238095239 0.6957142857142857 0.3638095238095239 0.6957142857142857 0.4209523809523811 0.8142857142857143 0.4209523809523811
3 0.4014285714285714 0.3933333333333334 0.33714285714285713 0.3933333333333334 0.3371428571428572 0.5057142857142857 0.4014285714285714 0.5057142857142857
3 0.5278571428571428 0.32095238095238104 0.47928571428571426 0.32095238095238104 0.47928571428571426 0.41904761904761917 0.5278571428571428 0.41904761904761917
3 0.5164285714285715 0.4066666666666668 0.46 0.4066666666666668 0.46 0.5085714285714286 0.5164285714285715 0.5085714285714286
11 0.5785714285714286 0.41333333333333344 0.5178571428571429 0.41333333333333344 0.5178571428571429 0.5266666666666666 0.5785714285714286 0.5266666666666666
3 0.59 0.2866666666666668 0.5414285714285715 0.2866666666666668 0.5414285714285715 0.3523809523809525 0.59 0.3523809523809525
3 0.4421428571428571 0.2742857142857144 0.38642857142857145 0.2742857142857144 0.38642857142857145 0.3476190476190477 0.4421428571428571 0.3476190476190477
3 0.4642857142857143 0.22857142857142862 0.4164285714285714 0.22857142857142862 0.4164285714285714 0.2885714285714287 0.4642857142857143 0.2885714285714287
11 0.4757142857142857 0.18190476190476196 0.44142857142857145 0.18190476190476196 0.44142857142857145 0.23809523809523814 0.4757142857142857 0.23809523809523814
3 0.48428571428571426 0.16000000000000006 0.44571428571428573 0.16000000000000006 0.44571428571428573 0.20190476190476195 0.48428571428571426 0.20190476190476195
3 0.49214285714285716 0.12000000000000008 0.4635714285714286 0.12000000000000008 0.4635714285714286 0.16000000000000006 0.49214285714285716 0.16000000000000006
3 0.5485714285714286 0.1866666666666668 0.5164285714285715 0.1866666666666668 0.5164285714285715 0.23523809523809536 0.5485714285714286 0.23523809523809536
3 0.59 0.1961904761904763 0.5557142857142857 0.1961904761904763 0.5557142857142857 0.24952380952380962 0.59 0.24952380952380962
3 0.5578571428571428 0.12190476190476202 0.5342857142857143 0.12190476190476202 0.5342857142857143 0.16666666666666677 0.5578571428571428 0.16666666666666677
3 0.5921428571428572 0.1400000000000001 0.5642857142857143 0.1400000000000001 0.5642857142857143 0.18761904761904774 0.5921428571428572 0.18761904761904774
10 0.5942857142857143 0.11142857142857153 0.5657142857142857 0.11142857142857152 0.5657142857142857 0.1485714285714287 0.5942857142857143 0.1485714285714287
3 0.5178571428571429 0.07142857142857151 0.49142857142857144 0.07142857142857151 0.49142857142857144 0.10000000000000007 0.5178571428571429 0.10000000000000007
3 0.5021428571428571 0.059047619047619126 0.46285714285714286 0.059047619047619126 0.46285714285714286 0.08190476190476198 0.5021428571428571 0.08190476190476198
10 0.5171428571428571 0.03714285714285723 0.46 0.03714285714285723 0.46 0.0695238095238096 0.5171428571428571 0.0695238095238096
3 0.5864285714285714 0.06571428571428581 0.5628571428571428 0.0657142857142858 0.5628571428571428 0.09333333333333343 0.5864285714285714 0.09333333333333343
3 0.5771428571428572 0.047619047619047714 0.5585714285714286 0.047619047619047714 0.5585714285714286 0.07047619047619055 0.5771428571428572 0.07047619047619055
3 0.6007142857142858 0.04857142857142867 0.5828571428571429 0.04857142857142867 0.5828571428571429 0.07047619047619058 0.6007142857142858 0.07047619047619058
3 0.5814285714285714 0.07809523809523819 0.5542857142857143 0.07809523809523818 0.5542857142857143 0.11142857142857153 0.5814285714285714 0.11142857142857154
3 0.5471428571428572 0.01809523809523818 0.5257142857142857 0.01809523809523818 0.5257142857142857 0.045714285714285804 0.5471428571428572 0.04571428571428581
3 0.55 0.005714285714285802 0.5328571428571428 0.0057142857142858 0.5328571428571428 0.03619047619047628 0.55 0.03619047619047629
3 0.5821428571428572 0.03333333333333343 0.565 0.03333333333333343 0.565 0.056190476190476284 0.5821428571428572 0.056190476190476284
3 0.5864285714285714 0.019047619047619143 0.5692857142857143 0.019047619047619143 0.5692857142857143 0.03904761904761914 0.5864285714285714 0.03904761904761914
11 0.605 0.029523809523809622 0.5842857142857143 0.02952380952380962 0.5842857142857143 0.055238095238095336 0.605 0.055238095238095336
3 0.7035714285714286 0.2876190476190477 0.6528571428571428 0.2876190476190477 0.6528571428571428 0.36476190476190484 0.7035714285714286 0.36476190476190484
3 0.6785714285714286 0.17904761904761915 0.6392857142857142 0.17904761904761915 0.6392857142857142 0.22285714285714298 0.6785714285714286 0.22285714285714298
3 0.7328571428571429 0.15523809523809534 0.6657142857142857 0.15523809523809534 0.6657142857142857 0.19523809523809535 0.7328571428571429 0.19523809523809535
3 0.72 0.14476190476190487 0.6528571428571428 0.14476190476190487 0.6528571428571428 0.17714285714285724 0.72 0.17714285714285724
3 0.6964285714285714 0.1266666666666668 0.6392857142857142 0.1266666666666668 0.6392857142857142 0.16285714285714298 0.6964285714285714 0.16285714285714298
3 0.7164285714285714 0.12285714285714297 0.655 0.12285714285714297 0.655 0.15238095238095248 0.7164285714285714 0.15238095238095248
3 0.6792857142857143 0.11047619047619059 0.6464285714285715 0.11047619047619059 0.6464285714285715 0.141904761904762 0.6792857142857143 0.141904761904762
3 0.655 0.09428571428571439 0.6278571428571429 0.09428571428571439 0.6278571428571429 0.13142857142857153 0.655 0.13142857142857153
3 0.7071428571428572 0.08190476190476201 0.6542857142857142 0.08190476190476201 0.6542857142857142 0.11714285714285726 0.7071428571428572 0.11714285714285726
3 0.6964285714285714 0.06857142857142869 0.6485714285714286 0.06857142857142869 0.6485714285714286 0.1000000000000001 0.6964285714285714 0.1000000000000001
3 0.6942857142857143 0.06190476190476201 0.6471428571428571 0.06190476190476201 0.6471428571428571 0.08761904761904772 0.6942857142857143 0.08761904761904772
11 0.7028571428571428 0.040000000000000105 0.6507142857142857 0.040000000000000105 0.6507142857142857 0.07238095238095249 0.7028571428571428 0.07238095238095249
3 0.6842857142857143 0.029523809523809633 0.6392857142857142 0.029523809523809626 0.6392857142857142 0.05333333333333344 0.6842857142857143 0.05333333333333344
3 0.6514285714285715 0.017142857142857248 0.6321428571428571 0.017142857142857244 0.6321428571428571 0.04285714285714297 0.6514285714285715 0.04285714285714297
3 0.6492857142857142 0.004761904761904866 0.6335714285714286 0.004761904761904865 0.6335714285714286 0.026666666666666772 0.6492857142857142 0.026666666666666776
3 0.5564285714285714 8.945753285200189e-17 0.5392857142857143 8.80579365101192e-17 0.5392857142857143 0.01619047619047628 0.5564285714285714 0.01619047619047628
3 0.5807142857142857 9.336473930642441e-17 0.5628571428571428 9.190682645029661e-17 0.5628571428571428 0.015238095238095333 0.5807142857142857 0.015238095238095333