3 0.4942857142857143 0.5114213197969545 0.4807142857142857 0.5114213197969545 0.4807142857142857 0.5431472081218276 0.4942857142857143 0.5431472081218276
3 0.5292857142857142 0.44796954314720827 0.5164285714285715 0.44796954314720827 0.5164285714285715 0.48223350253807123 0.5292857142857142 0.48223350253807123
3 0.47285714285714286 0.7868020304568528 0.455 0.7868020304568528 0.455 0.8401015228426396 0.47285714285714286 0.8401015228426396
3 0.49857142857142855 0.7220812182741116 0.4828571428571429 0.7220812182741116 0.4828571428571429 0.7715736040609137 0.49857142857142855 0.7715736040609137
3 0.2614285714285715 0.733502538071066 0.22214285714285723 0.733502538071066 0.22214285714285723 0.7588832487309645 0.2614285714285715 0.7588832487309645
3 0.2164285714285715 0.7296954314720813 0.1785714285714286 0.7296954314720813 0.1785714285714286 0.7563451776649747 0.2164285714285715 0.7563451776649747
3 0.07357142857142862 0.7284263959390863 0.03500000000000005 0.7284263959390863 0.03500000000000005 0.7601522842639594 0.07357142857142863 0.7601522842639594
3 0.17571428571428577 0.7208121827411168 0.13357142857142862 0.7208121827411168 0.13357142857142862 0.7576142131979695 0.17571428571428577 0.7576142131979695
11 0.12428571428571433 0.7220812182741116 0.0778571428571429 0.7220812182741116 0.0778571428571429 0.7601522842639594 0.12428571428571433 0.7601522842639594
3 0.5178571428571429 0.27664974619289356 0.5085714285714286 0.27664974619289356 0.5085714285714286 0.29949238578680215 0.5178571428571429 0.29949238578680215
3 0.4828571428571429 0.19923857868020312 0.475 0.19923857868020312 0.475 0.2144670050761422 0.4828571428571429 0.2144670050761422
3 0.49357142857142855 0.2144670050761422 0.4878571428571429 0.2144670050761422 0.4878571428571429 0.22715736040609144 0.49357142857142855 0.22715736040609144
3 0.4928571428571429 0.13705583756345188 0.48714285714285716 0.13705583756345188 0.48714285714285716 0.15101522842639606 0.4928571428571429 0.15101522842639606
3 0.5085714285714286 0.1269035532994925 0.5028571428571429 0.1269035532994925 0.5028571428571429 0.14086294416243667 0.5085714285714286 0.14086294416243667
3 0.4707142857142857 0.07868020304568539 0.4657142857142857 0.07868020304568539 0.4657142857142857 0.0901015228426397 0.4707142857142857 0.0901015228426397
3 0.4692857142857143 0.11548223350253818 0.4614285714285714 0.11548223350253818 0.4614285714285714 0.12817258883248742 0.4692857142857143 0.12817258883248742
3 0.4614285714285714 0.14593908629441635 0.455 0.14593908629441635 0.455 0.1586294416243656 0.4614285714285714 0.1586294416243656
3 0.5307142857142857 0.09263959390862955 0.5235714285714286 0.09263959390862955 0.5235714285714286 0.10532994923857879 0.5307142857142857 0.10532994923857879
3 0.5271428571428571 0.055837563451776755 0.5228571428571429 0.055837563451776755 0.5228571428571429 0.06725888324873107 0.5271428571428571 0.06725888324873107
3 0.4928571428571429 0.029187817258883357 0.48857142857142855 0.029187817258883357 0.48857142857142855 0.03807106598984782 0.4928571428571429 0.03807106598984782
3 0.5207142857142857 0.011421319796954427 0.5171428571428571 0.011421319796954427 0.5171428571428571 0.020304568527918895 0.5207142857142857 0.020304568527918898
3 0.47 0.03934010152284274 0.465 0.03934010152284274 0.465 0.048223350253807216 0.47 0.048223350253807216
3 0.465 0.0266497461928935 0.4614285714285714 0.0266497461928935 0.4614285714285714 0.03553299492385797 0.465 0.03553299492385797
3 0.46785714285714286 0.008883248730964568 0.4642857142857143 0.008883248730964568 0.4642857142857143 0.017766497461929036 0.46785714285714286 0.01776649746192904
11 0.47285714285714286 0.054568527918781834 0.46785714285714286 0.054568527918781834 0.46785714285714286 0.06598984771573616 0.47285714285714286 0.06598984771573616
11 0.53 0.12436548223350265 0.5235714285714286 0.12436548223350265 0.5235714285714286 0.14467005076142142 0.53 0.14467005076142142
11 0.48142857142857143 0.2829949238578681 0.4714285714285714 0.2829949238578681 0.4714285714285714 0.30329949238578685 0.48142857142857143 0.30329949238578685
11 0.4664285714285714 0.25380710659898487 0.4592857142857143 0.25380710659898487 0.4592857142857143 0.2715736040609138 0.4664285714285714 0.2715736040609138
11 0.5064285714285715 0.035532994923857975 0.5007142857142857 0.035532994923857975 0.5007142857142857 0.052030456852791986 0.5064285714285715 0.052030456852791986
11 0.5114285714285715 0.02664974619289351 0.5071428571428571 0.02664974619289351 0.5071428571428571 0.04060913705583767 0.5114285714285715 0.04060913705583767
2 0.4742857142857143 0.006345177664974722 0.4685714285714286 0.006345177664974721 0.4685714285714286 0.0266497461928935 0.4742857142857143 0.0266497461928935
11 0.5121428571428571 0.2157360406091372 0.5035714285714286 0.2157360406091372 0.5035714285714286 0.23477157360406106 0.5121428571428571 0.23477157360406106
3 0.5107142857142857 0.1840101522842641 0.5035714285714286 0.1840101522842641 0.5035714285714286 0.20177664974619303 0.5107142857142857 0.20177664974619303
11 0.5385714285714286 0.21954314720812196 0.5307142857142857 0.21954314720812196 0.5307142857142857 0.24111675126903567 0.5385714285714286 0.24111675126903567
3 0.5364285714285715 0.1586294416243656 0.53 0.1586294416243656 0.53 0.1725888324873098 0.5364285714285715 0.1725888324873098
2 0.48142857142857143 0.3654822335025382 0.465 0.3654822335025382 0.465 0.43654822335025395 0.48142857142857143 0.43654822335025395
4 0.18142857142857147 0.4200507614213198 0.13500000000000004 0.4200507614213198 0.13500000000000004 0.4416243654822335 0.18142857142857147 0.4416243654822335
4 0.22285714285714286 0.4073604060913706 0.18357142857142858 0.4073604060913706 0.18357142857142858 0.4365482233502538 0.22285714285714286 0.4365482233502538
7 0.19714285714285715 0.45050761421319796 0.19214285714285714 0.45050761421319796 0.19214285714285714 0.46446700507614214 0.19714285714285715 0.46446700507614214
7 0.195 0.45558375634517767 0.18928571428571428 0.45558375634517767 0.18928571428571428 0.4733502538071066 0.195 0.4733502538071066
7 0.21714285714285714 0.434010152284264 0.21285714285714286 0.434010152284264 0.21285714285714286 0.45050761421319796 0.21714285714285714 0.45050761421319796
7 0.23214285714285715 0.42258883248730966 0.22857142857142856 0.42258883248730966 0.22857142857142856 0.4416243654822335 0.23214285714285715 0.4416243654822335
7 0.26571428571428574 0.4289340101522843 0.26 0.4289340101522843 0.26 0.44416243654822335 0.26571428571428574 0.44416243654822335
7 0.17000000000000004 0.43908629441624364 0.16500000000000004 0.43908629441624364 0.16500000000000004 0.4543147208121827 0.17000000000000004 0.4543147208121827
7 0.14642857142857146 0.4403553299492386 0.14000000000000004 0.4403553299492386 0.14000000000000004 0.4543147208121827 0.14642857142857146 0.4543147208121827
7 0.13000000000000003 0.43908629441624364 0.12500000000000003 0.43908629441624364 0.12500000000000003 0.4543147208121827 0.13000000000000003 0.4543147208121827
7 0.11714285714285719 0.4352791878172589 0.11214285714285718 0.4352791878172589 0.11214285714285718 0.4479695431472081 0.11714285714285719 0.4479695431472081
7 0.10642857142857147 0.4365482233502538 0.10214285714285719 0.4365482233502538 0.10214285714285719 0.45050761421319796 0.10642857142857147 0.45050761421319796
7 0.10214285714285719 0.4200507614213198 0.09714285714285718 0.4200507614213198 0.09714285714285718 0.43908629441624364 0.10214285714285719 0.43908629441624364
7 0.09785714285714289 0.4302030456852792 0.09500000000000004 0.4302030456852792 0.09500000000000004 0.44416243654822335 0.09785714285714289 0.44416243654822335
7 0.0678571428571429 0.4365482233502538 0.0635714285714286 0.4365482233502538 0.0635714285714286 0.45050761421319796 0.0678571428571429 0.45050761421319796
11 0.024285714285714338 0.7309644670050761 5.0385468307776816e-17 0.7309644670050761 5.1303953407137335e-17 0.7576142131979695 0.024285714285714338 0.7576142131979695