11 0.49214285714285716 0.7695238095238095 0.4235714285714286 0.7695238095238095 0.4235714285714286 0.8485714285714285 0.49214285714285716 0.8485714285714285
7 0.5242857142857142 0.8323809523809523 0.5185714285714286 0.8323809523809523 0.5185714285714286 0.8580952380952381 0.5242857142857142 0.8580952380952381
7 0.525 0.8038095238095239 0.5192857142857142 0.8038095238095239 0.5192857142857142 0.8228571428571428 0.525 0.8228571428571428
3 0.44 0.68 0.41285714285714287 0.68 0.41285714285714287 0.7066666666666667 0.44 0.7066666666666667
3 0.43642857142857144 0.6666666666666666 0.4164285714285714 0.6666666666666666 0.4164285714285714 0.6857142857142857 0.43642857142857144 0.6857142857142857
3 0.44857142857142857 0.7180952380952381 0.43214285714285716 0.7180952380952381 0.43214285714285716 0.7323809523809524 0.44857142857142857 0.7323809523809524
7 0.5407142857142857 0.7495238095238095 0.5357142857142857 0.7495238095238095 0.5357142857142857 0.7647619047619048 0.5407142857142857 0.7647619047619048
3 0.5392857142857143 0.5638095238095238 0.4828571428571429 0.5638095238095238 0.4828571428571429 0.6133333333333333 0.5392857142857143 0.6133333333333333
3 0.55 0.54 0.49785714285714283 0.54 0.49785714285714283 0.5838095238095238 0.55 0.5838095238095238
7 0.5342857142857143 0.5028571428571429 0.5292857142857142 0.5028571428571429 0.5292857142857142 0.5171428571428571 0.5342857142857143 0.5171428571428571
7 0.58 0.4209523809523811 0.5742857142857143 0.4209523809523811 0.5742857142857143 0.44095238095238104 0.58 0.44095238095238104
11 0.6714285714285714 0.2180952380952382 0.6507142857142857 0.2180952380952382 0.6507142857142857 0.24571428571428583 0.6714285714285714 0.24571428571428583
11 0.6857142857142857 0.4057142857142858 0.635 0.4057142857142858 0.635 0.44095238095238104 0.6857142857142857 0.44095238095238104
11 0.6721428571428572 0.421904761904762 0.6264285714285714 0.421904761904762 0.6264285714285714 0.4561904761904763 0.6721428571428572 0.4561904761904763
3 0.6528571428571428 0.47142857142857153 0.5978571428571429 0.47142857142857153 0.5978571428571429 0.5114285714285715 0.6528571428571428 0.5114285714285715
3 0.7628571428571429 0.41904761904761917 0.7385714285714285 0.41904761904761917 0.7385714285714285 0.4580952380952382 0.7628571428571429 0.4580952380952382
5 0.6842857142857143 0.3914285714285715 0.67 0.3914285714285715 0.67 0.40285714285714297 0.6842857142857143 0.40285714285714297
7 0.7607142857142857 0.48857142857142877 0.7528571428571429 0.48857142857142877 0.7528571428571429 0.5142857142857145 0.7607142857142857 0.5142857142857145
5 0.6428571428571429 0.6304761904761905 0.615 0.6304761904761905 0.615 0.6561904761904762 0.6428571428571429 0.6561904761904762
3 0.6928571428571428 0.601904761904762 0.6507142857142857 0.6019047619047619 0.6507142857142857 0.6704761904761906 0.6928571428571428 0.6704761904761907
3 0.7085714285714285 0.6580952380952383 0.6707142857142857 0.6580952380952383 0.6707142857142857 0.7314285714285716 0.7085714285714285 0.7314285714285716
3 0.6592857142857143 0.6828571428571428 0.6121428571428571 0.6828571428571428 0.6121428571428571 0.7638095238095238 0.6592857142857143 0.7638095238095238
7 0.8 0.9590476190476193 0.7821428571428571 0.9590476190476193 0.7821428571428571 0.9961904761904762 0.8 0.9961904761904762
3 0.7778571428571428 0.38571428571428584 0.7557142857142857 0.38571428571428584 0.7557142857142857 0.421904761904762 0.7778571428571428 0.421904761904762
3 0.79 0.3561904761904763 0.7678571428571429 0.3561904761904763 0.7678571428571429 0.3923809523809525 0.79 0.3923809523809525
3 0.8285714285714286 0.26380952380952394 0.8071428571428572 0.26380952380952394 0.8071428571428572 0.29333333333333345 0.8285714285714286 0.29333333333333345
3 0.8364285714285714 0.23238095238095252 0.8185714285714286 0.2323809523809525 0.8185714285714286 0.26190476190476203 0.8364285714285714 0.26190476190476203
3 0.8192857142857143 0.2866666666666668 0.7992857142857143 0.2866666666666668 0.7992857142857143 0.3171428571428572 0.8192857142857143 0.3171428571428572
3 0.8664285714285714 0.1714285714285716 0.8514285714285714 0.1714285714285716 0.8514285714285714 0.19238095238095254 0.8664285714285714 0.19238095238095254
3 0.8885714285714286 0.11238095238095251 0.875 0.11238095238095251 0.875 0.1333333333333335 0.8885714285714286 0.1333333333333335
5 0.8564285714285714 0.15809523809523826 0.8457142857142858 0.15809523809523826 0.8457142857142858 0.16857142857142873 0.8564285714285714 0.16857142857142873
3 0.8964285714285715 0.09523809523809537 0.8835714285714286 0.09523809523809537 0.8835714285714286 0.11428571428571442 0.8964285714285715 0.11428571428571442
3 0.9335714285714286 0.0019047619047620565 0.9257142857142857 0.0019047619047620561 0.9257142857142857 0.01523809523809539 0.9335714285714286 0.015238095238095394
3 0.9271428571428572 0.017142857142857293 0.9207142857142857 0.017142857142857293 0.9207142857142857 0.02857142857142872 0.9271428571428572 0.02857142857142872
3 0.9192857142857143 0.038095238095238244 0.9092857142857143 0.038095238095238244 0.9092857142857143 0.05238095238095253 0.9192857142857143 0.05238095238095253
3 0.9978571428571429 0.04000000000000016 0.9871428571428571 0.04000000000000016 0.9871428571428571 0.05428571428571445 0.9978571428571429 0.05428571428571445
3 0.9792857142857143 0.3142857142857144 0.9578571428571429 0.3142857142857144 0.9578571428571429 0.3447619047619049 0.9792857142857143 0.3447619047619049