3 0.5264285714285715 0.5419047619047619 0.5078571428571429 0.5419047619047619 0.5078571428571429 0.5761904761904761 0.5264285714285715 0.5761904761904761
3 0.5357142857142857 0.4780952380952382 0.5228571428571429 0.4780952380952382 0.5228571428571429 0.4961904761904762 0.5357142857142857 0.4961904761904762
3 0.5007142857142857 0.35714285714285726 0.49142857142857144 0.35714285714285726 0.49142857142857144 0.36952380952380964 0.5007142857142857 0.36952380952380964
3 0.48857142857142855 0.35714285714285726 0.4807142857142857 0.35714285714285726 0.4807142857142857 0.36476190476190484 0.48857142857142855 0.36476190476190484
3 0.495 0.32476190476190486 0.48714285714285716 0.32476190476190486 0.48714285714285716 0.33523809523809533 0.495 0.33523809523809533
3 0.4807142857142857 0.3180952380952382 0.47285714285714286 0.3180952380952382 0.47285714285714286 0.32571428571428584 0.4807142857142857 0.32571428571428584
3 0.485 0.30952380952380965 0.4764285714285714 0.30952380952380965 0.4764285714285714 0.3180952380952382 0.485 0.3180952380952382
3 0.47928571428571426 0.302857142857143 0.47285714285714286 0.302857142857143 0.47285714285714286 0.31142857142857155 0.47928571428571426 0.31142857142857155
3 0.4685714285714286 0.2990476190476192 0.4614285714285714 0.2990476190476192 0.4614285714285714 0.30761904761904774 0.4685714285714286 0.30761904761904774
4 0.5035714285714286 0.26476190476190486 0.47928571428571426 0.26476190476190486 0.47928571428571426 0.2904761904761906 0.5035714285714286 0.2904761904761906
3 0.26000000000000006 0.6619047619047619 0.23214285714285723 0.6619047619047619 0.23214285714285723 0.7104761904761905 0.26000000000000006 0.7104761904761905
4 0.3350000000000001 0.5476190476190477 0.32714285714285724 0.5476190476190477 0.32714285714285724 0.5647619047619048 0.3350000000000001 0.5647619047619048