10 0.19572025052192074 0.8283858998144712 0.14509394572025058 0.8283858998144712 0.14509394572025058 0.9656771799628943 0.19572025052192074 0.9656771799628943
5 0.23068893528183723 0.7940630797773655 0.19102296450939463 0.7940630797773655 0.19102296450939463 0.8376623376623377 0.23068893528183723 0.8376623376623377
5 0.24321503131524014 0.7476808905380334 0.21189979123173283 0.7476808905380334 0.21189979123173283 0.7903525046382189 0.24321503131524014 0.7903525046382189
7 0.26931106471816285 0.6660482374768089 0.2573068893528184 0.6660482374768089 0.2573068893528184 0.7179962894248608 0.26931106471816285 0.7179962894248608
8 0.26617954070981215 0.6632653061224489 0.2614822546972861 0.6632653061224489 0.2614822546972861 0.6883116883116883 0.26617954070981215 0.6883116883116883
7 0.296972860125261 0.6632653061224489 0.2907098121085595 0.6632653061224489 0.2907098121085595 0.6910946196660482 0.296972860125261 0.6910946196660482
7 0.30219206680584554 0.6521335807050093 0.2938413361169102 0.6521335807050093 0.2938413361169102 0.7031539888682746 0.30219206680584554 0.7031539888682746
0 0.3387265135699374 0.6428571428571429 0.2954070981210856 0.6428571428571429 0.2954070981210856 0.7179962894248608 0.3387265135699374 0.7179962894248608
7 0.33820459290187893 0.6539888682745826 0.33194154488517746 0.6539888682745826 0.33194154488517746 0.6948051948051948 0.33820459290187893 0.6948051948051948
3 0.331419624217119 0.5816326530612245 0.2562630480167015 0.5816326530612245 0.2562630480167015 0.637291280148423 0.331419624217119 0.637291280148423
5 0.3115866388308977 0.5454545454545454 0.28757828810020875 0.5454545454545454 0.28757828810020875 0.5686456400742115 0.3115866388308977 0.5686456400742115
5 0.3742171189979123 0.40352504638218933 0.3564718162839248 0.40352504638218933 0.3564718162839248 0.4248608534322821 0.3742171189979123 0.4248608534322821
5 0.36586638830897705 0.3951762523191096 0.348643006263048 0.3951762523191096 0.348643006263048 0.41465677179962906 0.36586638830897705 0.41465677179962906
8 0.4420668058455115 0.3432282003710576 0.43684759916492694 0.3432282003710576 0.43684759916492694 0.36456400742115036 0.4420668058455115 0.36456400742115036
9 0.4431106471816284 0.3497217068645641 0.4342379958246347 0.3497217068645641 0.4342379958246347 0.37105751391465686 0.4431106471816284 0.37105751391465686
8 0.43058455114822547 0.6307977736549165 0.4201461377870564 0.6307977736549165 0.4201461377870564 0.660482374768089 0.43058455114822547 0.660482374768089
5 0.42954070981210857 0.6363636363636364 0.42171189979123175 0.6363636363636364 0.42171189979123175 0.6827458256029685 0.42954070981210857 0.6827458256029685
5 0.5725469728601252 0.46289424860853445 0.5548016701461378 0.46289424860853445 0.5548016701461378 0.48701298701298723 0.5725469728601252 0.48701298701298723
3 0.558455114822547 0.4165120593692023 0.5313152400835073 0.4165120593692023 0.5313152400835073 0.4489795918367348 0.558455114822547 0.4489795918367348
5 0.5391440501043842 0.39888682745825615 0.5229645093945721 0.39888682745825615 0.5229645093945721 0.417439703153989 0.5391440501043842 0.417439703153989
5 0.545929018789144 0.37012987012987025 0.5328810020876826 0.37012987012987025 0.5328810020876826 0.3877551020408164 0.545929018789144 0.3877551020408164
5 0.5396659707724426 0.3589981447124305 0.5266179540709812 0.3589981447124305 0.5266179540709812 0.37662337662337675 0.5396659707724426 0.37662337662337675
3 0.40396659707724425 0.2588126159554732 0.37734864300626303 0.2588126159554732 0.37734864300626303 0.2764378478664194 0.40396659707724425 0.2764378478664194
4 0.45876826722338204 0.13358070500927655 0.44258872651356995 0.13358070500927655 0.44258872651356995 0.16790352504638228 0.45876826722338204 0.16790352504638228
9 0.43684759916492694 0.18831168831168843 0.4326722338204593 0.18831168831168843 0.4326722338204593 0.19944341372912813 0.43684759916492694 0.19944341372912813
9 0.4582463465553236 0.18274582560296856 0.4535490605427975 0.18274582560296856 0.4535490605427975 0.19758812615955484 0.4582463465553236 0.19758812615955484
0 0.44676409185803756 0.23747680890538045 0.43997912317327764 0.23747680890538045 0.43997912317327764 0.2606679035250465 0.44676409185803756 0.2606679035250465
8 0.44467640918580376 0.24397031539888694 0.44154488517745305 0.24397031539888694 0.44154488517745305 0.25510204081632665 0.44467640918580376 0.25510204081632665
10 0.43162839248434237 0.21335807050092775 0.418580375782881 0.21335807050092775 0.418580375782881 0.2430426716141003 0.43162839248434237 0.2430426716141003
1 0.2515657620041754 0.8905380333951762 0.2077244258872652 0.8905380333951762 0.2077244258872652 0.924860853432282 0.2515657620041754 0.924860853432282