3 0.6542857142857144 0.7371428571428571 0.4735714285714286 0.7371428571428571 0.47357142857142864 0.9980952380952381 0.6542857142857145 0.9980952380952381
3 0.7414285714285714 0.5409523809523811 0.6142857142857143 0.540952380952381 0.6142857142857143 0.7457142857142858 0.7414285714285714 0.7457142857142859
7 0.7835714285714286 0.6228571428571431 0.7514285714285714 0.6228571428571431 0.7514285714285714 0.7142857142857145 0.7835714285714286 0.7142857142857145
7 0.8414285714285714 0.4685714285714287 0.8085714285714286 0.4685714285714287 0.8085714285714286 0.5466666666666669 0.8414285714285714 0.5466666666666669
3 0.8442857142857143 0.36476190476190484 0.7492857142857143 0.36476190476190484 0.7492857142857143 0.4838095238095239 0.8442857142857143 0.4838095238095239
3 0.4878571428571429 0.3771428571428572 0.34714285714285714 0.3771428571428572 0.3471428571428572 0.5095238095238095 0.4878571428571429 0.5095238095238095
3 0.5328571428571428 0.35142857142857153 0.39785714285714285 0.35142857142857153 0.39785714285714285 0.44952380952380966 0.5328571428571428 0.44952380952380966
3 0.58 0.30666666666666675 0.4471428571428571 0.30666666666666675 0.4471428571428571 0.40285714285714297 0.58 0.40285714285714297
3 0.6085714285714285 0.2847619047619049 0.4928571428571429 0.2847619047619049 0.4928571428571429 0.361904761904762 0.6085714285714285 0.361904761904762
11 0.6621428571428571 0.2380952380952382 0.5457142857142857 0.2380952380952382 0.5457142857142857 0.3323809523809525 0.6621428571428571 0.3323809523809525
3 0.705 0.2342857142857144 0.6085714285714285 0.2342857142857144 0.6085714285714285 0.3171428571428572 0.705 0.3171428571428572
3 0.8457142857142858 0.16190476190476205 0.7557142857142857 0.16190476190476202 0.7557142857142857 0.22000000000000014 0.8457142857142858 0.22000000000000017
3 1 0.36380952380952397 0.9271428571428572 0.3638095238095239 0.9271428571428572 0.48285714285714304 1 0.4828571428571431
3 0.9957142857142857 0.10857142857142874 0.9464285714285714 0.10857142857142874 0.9464285714285714 0.1533333333333335 0.9957142857142857 0.1533333333333335
3 0.9478571428571428 0.1257142857142859 0.86 0.1257142857142859 0.86 0.18285714285714302 0.9478571428571428 0.18285714285714302
11 0.9521428571428572 0.2371428571428573 0.8721428571428571 0.2371428571428573 0.8721428571428571 0.3361904761904763 0.9521428571428572 0.3361904761904763
3 0.6021428571428571 0.12000000000000009 0.5378571428571428 0.12000000000000008 0.5378571428571428 0.16000000000000011 0.6021428571428571 0.16000000000000011
3 0.5842857142857143 0.1361904761904763 0.5142857142857142 0.1361904761904763 0.5142857142857142 0.1742857142857144 0.5842857142857143 0.1742857142857144
3 0.5942857142857143 0.06285714285714296 0.5328571428571428 0.06285714285714294 0.5328571428571428 0.09904761904761915 0.5942857142857143 0.09904761904761916
3 0.6407142857142857 0.04952380952380962 0.6028571428571429 0.049523809523809616 0.6028571428571429 0.0923809523809525 0.6407142857142857 0.0923809523809525
3 0.3507142857142857 0.2190476190476191 0.2692857142857143 0.2190476190476191 0.2692857142857143 0.27238095238095245 0.3507142857142857 0.2723809523809525
3 0.054285714285714305 0.19142857142857142 1.7582429044901284e-17 0.19142857142857142 2.06877834284535e-17 0.259047619047619 0.054285714285714305 0.259047619047619
3 0.7528571428571429 0.061904761904762025 0.7128571428571429 0.06190476190476201 0.7128571428571429 0.10952380952380965 0.7528571428571429 0.10952380952380966