3 0.4765135699373696 0.8051948051948052 0.42588726513569936 0.8051948051948052 0.4258872651356994 0.891465677179963 0.47651356993736965 0.891465677179963
3 0.5255741127348643 0.7458256029684602 0.4780793319415449 0.7458256029684601 0.4780793319415449 0.8320964749536179 0.5255741127348643 0.832096474953618
3 0.37734864300626314 0.9137291280148423 0.32985386221294377 0.9137291280148423 0.32985386221294377 0.9990723562152134 0.37734864300626314 0.9990723562152134
3 0.7990605427974948 0.39053803339517645 0.7583507306889353 0.39053803339517645 0.7583507306889353 0.43877551020408184 0.7990605427974948 0.43877551020408184
3 0.8335073068893528 0.3228200371057516 0.7927974947807933 0.3228200371057516 0.7927974947807933 0.36827458256029705 0.8335073068893528 0.36827458256029705
3 0.8470772442588727 0.2922077922077924 0.8089770354906054 0.2922077922077924 0.8089770354906054 0.33580705009276457 0.8470772442588727 0.33580705009276457
3 0.9352818371607515 0.24397031539888703 0.9123173277661796 0.24397031539888703 0.9123173277661796 0.28756957328385924 0.9352818371607515 0.28756957328385924
3 0.9138830897703549 0.2476808905380336 0.8914405010438413 0.2476808905380336 0.8914405010438413 0.28478664192949926 0.9138830897703549 0.28478664192949926
10 0.8517745302713987 0.16883116883116903 0.7792275574112735 0.168831168831169 0.7792275574112735 0.2384044526901672 0.8517745302713987 0.2384044526901672
11 0.9154488517745303 0.026901669758812814 0.9008350730688935 0.026901669758812814 0.9008350730688935 0.06122448979591857 0.9154488517745303 0.06122448979591858
3 0.9598121085594989 0.04823747680890559 0.9446764091858038 0.04823747680890559 0.9446764091858038 0.07884972170686477 0.9598121085594989 0.07884972170686477
3 0.9786012526096033 0.05009276437847888 0.9613778705636743 0.05009276437847888 0.9613778705636743 0.08256029684601135 0.9786012526096033 0.08256029684601135
3 0.9989561586638831 0.05751391465677201 0.9822546972860126 0.05751391465677201 0.9822546972860126 0.09090909090909112 0.9989561586638831 0.09090909090909112
3 0.5480167014613778 0.13543599257884983 0.524008350730689 0.13543599257884983 0.524008350730689 0.16697588126159565 0.5480167014613778 0.16697588126159565
3 0.5307933194154488 0.11873840445269027 0.5083507306889353 0.11873840445269027 0.5083507306889353 0.14749536178107617 0.5307933194154488 0.14749536178107617
3 0.14091858037578295 0.5510204081632653 0.10699373695198333 0.5510204081632653 0.10699373695198333 0.6187384044526901 0.14091858037578295 0.6187384044526901
3 0.10908141962421715 0.564935064935065 0.07567849686847603 0.564935064935065 0.07567849686847603 0.6354359925788498 0.10908141962421715 0.6354359925788498
3 0.050104384133611735 0.6029684601113172 0.016701461377870607 0.6029684601113172 0.016701461377870607 0.6790352504638218 0.050104384133611735 0.6790352504638218
6 0.08141962421711903 0.512987012987013 0.04070981210855953 0.512987012987013 0.040709812108559534 0.5695732838589982 0.08141962421711903 0.5695732838589982
3 0.022964509394572053 0.40166975881261596 2.767599499116931e-17 0.40166975881261596 2.943370829892256e-17 0.45269016697588127 0.022964509394572053 0.45269016697588127
0 0.18162839248434243 0.6298701298701299 0.14561586638830903 0.6298701298701299 0.14561586638830903 0.7050092764378478 0.18162839248434243 0.7050092764378478