3 0.5335714285714286 0.4876190476190476 0.4757142857142857 0.4876190476190476 0.4757142857142857 0.5923809523809523 0.5335714285714286 0.5923809523809523
3 0.4328571428571429 0.1571428571428572 0.39785714285714285 0.1571428571428572 0.39785714285714285 0.21619047619047624 0.4328571428571429 0.21619047619047624
3 0.38857142857142857 0.180952380952381 0.36142857142857143 0.180952380952381 0.36142857142857143 0.23809523809523814 0.38857142857142857 0.23809523809523814
3 0.35 0.061904761904761955 0.3192857142857143 0.061904761904761955 0.3192857142857143 0.10000000000000006 0.35 0.10000000000000006
3 0.41214285714285714 0.01809523809523816 0.385 0.018095238095238157 0.385 0.054285714285714354 0.41214285714285714 0.054285714285714354
3 0.9492857142857143 0.5523809523809526 0.8407142857142857 0.5523809523809526 0.8407142857142857 0.684761904761905 0.9492857142857143 0.684761904761905
3 0.7707142857142857 0.09238095238095251 0.7157142857142857 0.0923809523809525 0.7157142857142857 0.13809523809523822 0.7707142857142857 0.13809523809523822
3 0.63 0.15904761904761916 0.5828571428571429 0.15904761904761916 0.5828571428571429 0.21333333333333343 0.63 0.21333333333333343
10 0.8121428571428572 0.3904761904761906 0.7371428571428571 0.3904761904761906 0.7371428571428571 0.4847619047619049 0.8121428571428572 0.4847619047619049
3 0.10285714285714286 0.12571428571428572 0.07285714285714288 0.12571428571428572 0.07285714285714288 0.17809523809523808 0.10285714285714286 0.17809523809523808
3 0.7135714285714285 0.051428571428571546 0.6657142857142857 0.05142857142857154 0.6657142857142857 0.08285714285714296 0.7135714285714285 0.08285714285714296
3 0.7442857142857143 0.08000000000000011 0.69 0.08000000000000011 0.69 0.1161904761904763 0.7442857142857143 0.1161904761904763
3 0.7335714285714285 0.2685714285714287 0.6864285714285714 0.2685714285714287 0.6864285714285714 0.3333333333333334 0.7335714285714285 0.3333333333333334
11 0.09714285714285717 0.21333333333333335 0.056428571428571446 0.21333333333333335 0.056428571428571446 0.2876190476190476 0.09714285714285718 0.2876190476190476
3 0.515 8.123490434344108e-17 0.48 7.83773951454306e-17 0.48 0.041904761904761986 0.515 0.041904761904761986
3 1 0.7209523809523811 0.9442857142857143 0.7209523809523811 0.9442857142857143 0.825714285714286 1 0.825714285714286
8 0.49642857142857144 0.07238095238095246 0.48857142857142855 0.07238095238095246 0.48857142857142855 0.08666666666666675 0.49642857142857144 0.08666666666666675
8 0.5142857142857142 0.10666666666666674 0.5057142857142857 0.10666666666666674 0.5057142857142857 0.12380952380952391 0.5142857142857142 0.12380952380952391
8 0.5414285714285715 0.11619047619047627 0.5335714285714286 0.11619047619047627 0.5335714285714286 0.1342857142857144 0.5414285714285715 0.1342857142857144
5 0.4992857142857143 0.07619047619047627 0.48642857142857143 0.07619047619047627 0.48642857142857143 0.10190476190476198 0.4992857142857143 0.10190476190476198
5 0.5157142857142857 0.1076190476190477 0.505 0.1076190476190477 0.505 0.1342857142857144 0.5157142857142857 0.1342857142857144
5 0.5407142857142857 0.12095238095238103 0.5307142857142857 0.12095238095238103 0.5307142857142857 0.14571428571428582 0.5407142857142857 0.14571428571428582
7 0.78 0.47333333333333344 0.7685714285714286 0.47333333333333344 0.7685714285714286 0.5095238095238097 0.78 0.5095238095238097
8 0.6385714285714286 0.2866666666666668 0.6278571428571429 0.2866666666666668 0.6278571428571429 0.30761904761904774 0.6385714285714286 0.30761904761904774
5 0.6392857142857142 0.2904761904761906 0.6235714285714286 0.2904761904761906 0.6235714285714286 0.32285714285714295 0.6392857142857142 0.32285714285714295
5 0.9671428571428572 0.3009523809523811 0.9392857142857143 0.3009523809523811 0.9392857142857143 0.32761904761904775 0.9671428571428572 0.32761904761904775
5 0.9442857142857143 0.282857142857143 0.9171428571428571 0.282857142857143 0.9171428571428571 0.30666666666666675 0.9442857142857143 0.30666666666666675
3 0.9914285714285714 0.3466666666666668 0.91 0.3466666666666668 0.91 0.41333333333333344 0.9914285714285714 0.41333333333333344
8 0.9114285714285715 0.7857142857142859 0.8985714285714286 0.7857142857142859 0.8985714285714286 0.8152380952380954 0.9114285714285715 0.8152380952380954
5 0.9214285714285714 0.782857142857143 0.8821428571428571 0.782857142857143 0.8821428571428571 0.843809523809524 0.9214285714285714 0.843809523809524