3 0.4650000000000001 0.7676190476190476 0.4114285714285714 0.7676190476190476 0.41142857142857153 0.9371428571428572 0.46500000000000014 0.9371428571428572
3 0.5842857142857143 0.5171428571428571 0.545 0.5171428571428571 0.545 0.6114285714285714 0.5842857142857143 0.6114285714285714
3 0.6914285714285714 0.3466666666666668 0.6435714285714286 0.3466666666666668 0.6435714285714286 0.4247619047619049 0.6914285714285714 0.4247619047619049
3 0.47 0.4809523809523811 0.4278571428571429 0.4809523809523811 0.4278571428571429 0.6028571428571429 0.47 0.6028571428571429
3 0.4757142857142857 0.3933333333333334 0.44357142857142856 0.3933333333333334 0.44357142857142856 0.482857142857143 0.4757142857142857 0.482857142857143
3 0.4757142857142857 0.3123809523809525 0.44357142857142856 0.3123809523809525 0.44357142857142856 0.3923809523809525 0.4757142857142857 0.3923809523809525
3 0.5464285714285714 0.26571428571428585 0.5171428571428571 0.26571428571428585 0.5171428571428571 0.33904761904761915 0.5464285714285714 0.33904761904761915
3 0.7885714285714286 0.44571428571428584 0.7292857142857143 0.44571428571428584 0.7292857142857143 0.5419047619047621 0.7885714285714286 0.5419047619047621
3 0.6135714285714285 0.06571428571428582 0.5871428571428572 0.06571428571428582 0.5871428571428572 0.1000000000000001 0.6135714285714285 0.1000000000000001
3 0.9285714285714286 0.4971428571428574 0.8585714285714285 0.4971428571428574 0.8585714285714285 0.6019047619047622 0.9285714285714286 0.6019047619047622
3 0.8914285714285715 0.41333333333333344 0.8271428571428572 0.41333333333333344 0.8271428571428572 0.49904761904761924 0.8914285714285715 0.49904761904761924
3 0.84 0.3323809523809525 0.785 0.3323809523809525 0.785 0.4038095238095239 0.84 0.4038095238095239
3 0.7957142857142857 0.2676190476190477 0.7492857142857143 0.2676190476190477 0.7492857142857143 0.32666666666666677 0.7957142857142857 0.32666666666666677
3 0.24428571428571436 0.741904761904762 0.15928571428571436 0.741904761904762 0.15928571428571436 0.9104761904761904 0.24428571428571436 0.9104761904761904
3 0.3007142857142858 0.4657142857142857 0.25000000000000006 0.4657142857142857 0.25000000000000006 0.5676190476190476 0.3007142857142858 0.5676190476190476
3 0.34 0.28857142857142865 0.29642857142857143 0.2885714285714286 0.29642857142857143 0.3704761904761905 0.34 0.37047619047619057
3 0.36357142857142855 0.18380952380952387 0.33285714285714285 0.18380952380952387 0.33285714285714285 0.2428571428571429 0.36357142857142855 0.2428571428571429
3 0.3742857142857143 0.1428571428571429 0.35 0.1428571428571429 0.35 0.18476190476190482 0.3742857142857143 0.18476190476190482
3 0.4092857142857143 0.009523809523809589 0.3821428571428571 0.009523809523809585 0.3821428571428571 0.039047619047619116 0.4092857142857143 0.039047619047619116
3 0.5 0.025714285714285797 0.48214285714285715 0.025714285714285797 0.48214285714285715 0.059047619047619126 0.5 0.059047619047619126
3 0.6785714285714286 0.033333333333333444 0.6528571428571428 0.033333333333333444 0.6528571428571428 0.06380952380952391 0.6785714285714286 0.06380952380952391
3 0.6942857142857143 0.06380952380952391 0.67 0.06380952380952391 0.67 0.09523809523809534 0.6942857142857143 0.09523809523809534
3 0.7064285714285714 0.09142857142857154 0.6821428571428572 0.09142857142857154 0.6821428571428572 0.12380952380952391 0.7064285714285714 0.12380952380952391
3 0.745 0.1580952380952382 0.7128571428571429 0.1580952380952382 0.7128571428571429 0.20761904761904773 0.745 0.20761904761904773
3 0.35428571428571426 0.23809523809523814 0.32 0.23809523809523814 0.32 0.30000000000000004 0.35428571428571426 0.3000000000000001
3 0.38 0.11047619047619053 0.3585714285714286 0.11047619047619053 0.3585714285714286 0.14857142857142863 0.38 0.14857142857142863
3 0.39071428571428574 0.0790476190476191 0.3657142857142857 0.0790476190476191 0.3657142857142857 0.12285714285714291 0.39071428571428574 0.12285714285714291
3 0.39571428571428574 0.046666666666666724 0.37285714285714283 0.04666666666666672 0.37285714285714283 0.08761904761904768 0.39571428571428574 0.08761904761904768
3 0.4807142857142857 0.20000000000000007 0.4521428571428571 0.20000000000000007 0.4521428571428571 0.2552380952380953 0.4807142857142857 0.2552380952380953
3 0.4828571428571429 0.1571428571428572 0.45714285714285713 0.1571428571428572 0.45714285714285713 0.20571428571428577 0.4828571428571429 0.20571428571428577
3 0.48142857142857143 0.11619047619047627 0.4585714285714286 0.11619047619047627 0.4585714285714286 0.160952380952381 0.48142857142857143 0.160952380952381
3 0.48214285714285715 0.08285714285714293 0.4607142857142857 0.08285714285714293 0.4607142857142857 0.12190476190476196 0.48214285714285715 0.12190476190476196
3 0.47928571428571426 0.0057142857142857915 0.46214285714285713 0.005714285714285791 0.46214285714285713 0.04285714285714294 0.47928571428571426 0.04285714285714294
11 0.47714285714285715 0.6133333333333333 0.4328571428571429 0.6133333333333333 0.4328571428571429 0.7380952380952381 0.47714285714285715 0.7380952380952381
11 0.2764285714285715 0.5828571428571429 0.21214285714285722 0.5828571428571429 0.21214285714285722 0.7219047619047619 0.2764285714285715 0.7219047619047619
11 0.32142857142857145 0.3647619047619048 0.27714285714285714 0.3647619047619048 0.2771428571428572 0.4552380952380952 0.3214285714285715 0.4552380952380952
3 0.4057142857142857 0.699047619047619 0.3214285714285715 0.699047619047619 0.3214285714285715 0.8419047619047619 0.4057142857142857 0.8419047619047619
3 0.42642857142857143 0.32761904761904775 0.38642857142857145 0.32761904761904775 0.38642857142857145 0.4085714285714287 0.42642857142857143 0.4085714285714287
3 0.4442857142857143 0.21428571428571433 0.3964285714285714 0.21428571428571433 0.3964285714285714 0.27333333333333343 0.4442857142857143 0.27333333333333343
3 0.445 0.180952380952381 0.4035714285714286 0.180952380952381 0.4035714285714286 0.23142857142857148 0.445 0.23142857142857148
3 0.4542857142857143 0.1133333333333334 0.41285714285714287 0.11333333333333338 0.41285714285714287 0.1571428571428572 0.4542857142857143 0.1571428571428572
3 0.4564285714285714 0.07238095238095246 0.4228571428571429 0.07238095238095246 0.4228571428571429 0.10857142857142865 0.4564285714285714 0.10857142857142865
3 0.45785714285714285 0.04666666666666674 0.425 0.04666666666666673 0.425 0.07904761904761913 0.45785714285714285 0.07904761904761913
3 0.9642857142857143 0.38761904761904775 0.8728571428571429 0.38761904761904775 0.8728571428571429 0.4485714285714287 0.9642857142857143 0.4485714285714287
3 0.9121428571428571 0.32095238095238104 0.85 0.32095238095238104 0.85 0.3885714285714287 0.9121428571428571 0.3885714285714287
3 0.8928571428571429 0.2800000000000001 0.8385714285714285 0.2800000000000001 0.8385714285714285 0.3447619047619049 0.8928571428571429 0.3447619047619049
3 0.865 0.24095238095238108 0.8035714285714286 0.24095238095238106 0.8035714285714286 0.30476190476190484 0.865 0.30476190476190484
3 0.8307142857142857 0.20571428571428585 0.7807142857142857 0.20571428571428582 0.7807142857142857 0.26380952380952394 0.8307142857142857 0.26380952380952394
3 0.8071428571428572 0.16857142857142868 0.7642857142857142 0.16857142857142868 0.7642857142857142 0.2180952380952382 0.8071428571428572 0.2180952380952382
3 0.785 0.1323809523809525 0.7471428571428571 0.1323809523809525 0.7471428571428571 0.181904761904762 0.785 0.181904761904762
3 0.7828571428571428 0.11333333333333345 0.7321428571428571 0.11333333333333344 0.7321428571428571 0.1504761904761906 0.7828571428571428 0.1504761904761906
3 0.7757142857142857 0.09142857142857155 0.7314285714285714 0.09142857142857154 0.7314285714285714 0.12857142857142867 0.7757142857142857 0.12857142857142867
3 0.7485714285714286 0.0866666666666668 0.7107142857142857 0.08666666666666678 0.7107142857142857 0.11333333333333345 0.7485714285714286 0.11333333333333347
3 0.7407142857142858 0.06380952380952391 0.6992857142857143 0.06380952380952391 0.6992857142857143 0.08761904761904772 0.7407142857142858 0.08761904761904772
3 0.7392857142857143 0.04857142857142869 0.695 0.04857142857142868 0.695 0.07333333333333344 0.7392857142857143 0.07333333333333344
3 0.73 0.027619047619047737 0.6871428571428572 0.027619047619047734 0.6871428571428572 0.05333333333333345 0.73 0.053333333333333455
3 0.7757142857142857 0.0323809523809525 0.7507142857142857 0.0323809523809525 0.7507142857142857 0.06571428571428585 0.7757142857142857 0.06571428571428585
3 0.6942857142857143 0.0028571428571429686 0.6728571428571428 0.0028571428571429673 0.6728571428571428 0.03238095238095249 0.6942857142857143 0.03238095238095249
3 0.6685714285714286 0.012380952380952487 0.6478571428571429 0.012380952380952485 0.6478571428571429 0.0361904761904763 0.6685714285714286 0.0361904761904763
3 0.7192857142857143 0.002857142857142973 0.6971428571428572 0.002857142857142971 0.6971428571428572 0.028571428571428685 0.7192857142857143 0.028571428571428685
3 0.8742857142857143 0.07619047619047632 0.82 0.07619047619047632 0.82 0.1047619047619049 0.8742857142857143 0.1047619047619049
3 0.8835714285714286 0.08666666666666681 0.8307142857142857 0.08666666666666681 0.8307142857142857 0.12285714285714303 0.8835714285714286 0.12285714285714303
3 0.8457142857142858 0.025714285714285846 0.7964285714285714 0.025714285714285842 0.7964285714285714 0.052380952380952514 0.8457142857142858 0.052380952380952514
3 0.8028571428571428 0.0038095238095239375 0.7642857142857142 0.003809523809523935 0.7642857142857142 0.027619047619047744 0.8028571428571428 0.027619047619047748
3 0.7314285714285714 0.12380952380952391 0.6992857142857143 0.12380952380952391 0.6992857142857143 0.15904761904761916 0.7314285714285714 0.15904761904761916
11 0.7678571428571429 0.20761904761904773 0.7285714285714285 0.20761904761904773 0.7285714285714285 0.26190476190476203 0.7678571428571429 0.26190476190476203
11 0.76 0.06666666666666679 0.7171428571428572 0.06666666666666678 0.7171428571428572 0.09809523809523822 0.76 0.09809523809523824
3 1 0.6257142857142859 0.9192857142857143 0.6257142857142859 0.9192857142857143 0.7790476190476192 1 0.7790476190476192
3 0.8557142857142858 0.8904761904761906 0.7664285714285715 0.8904761904761906 0.7664285714285715 1 0.8557142857142858 1
11 0.625 1.005376705585732e-16 0.6064285714285714 9.902144118820028e-17 0.6064285714285714 0.028571428571428675 0.625 0.028571428571428675
3 1 0.442857142857143 0.9142857142857143 0.44285714285714295 0.9142857142857143 0.5123809523809526 1 0.5123809523809526
3 1 0.4857142857142859 0.91 0.4857142857142858 0.91 0.5666666666666669 1 0.5666666666666669
7 0.8864285714285715 0.22000000000000017 0.8735714285714286 0.22000000000000017 0.8735714285714286 0.2542857142857144 0.8864285714285715 0.2542857142857144
10 0.33071428571428574 0.011428571428571479 0.3 0.011428571428571475 0.3 0.07333333333333339 0.33071428571428574 0.07333333333333339