3 0.295 0.03553299492385793 0.275 0.03553299492385793 0.275 0.0710659898477158 0.295 0.07106598984771581
3 0.4135714285714286 0.16370558375634525 0.395 0.16370558375634525 0.395 0.20431472081218283 0.4135714285714286 0.20431472081218283
3 0.14714285714285713 0.14086294416243658 0.11642857142857142 0.14086294416243658 0.11642857142857142 0.1814720812182741 0.14714285714285713 0.1814720812182741
3 0.21214285714285713 0.029187817258883295 0.18785714285714286 0.029187817258883295 0.18785714285714286 0.06091370558375639 0.21214285714285713 0.060913705583756396
3 0.25285714285714284 0.07741116751269041 0.23 0.07741116751269041 0.23 0.11294416243654828 0.25285714285714284 0.1129441624365483
3 0.4142857142857143 0.08883248730964474 0.4 0.08883248730964474 0.4 0.12690355329949246 0.4142857142857143 0.12690355329949246
3 0.09642857142857147 0.4847715736040609 0.05071428571428575 0.4847715736040609 0.05071428571428575 0.5647208121827412 0.09642857142857147 0.5647208121827412
3 0.9871428571428571 0.2804568527918784 0.9664285714285714 0.2804568527918784 0.9664285714285714 0.31979695431472105 0.9871428571428571 0.31979695431472105
3 0.8992857142857142 0.25507614213197993 0.8778571428571429 0.25507614213197993 0.8778571428571429 0.2906091370558378 0.8992857142857142 0.2906091370558378
3 0.8621428571428571 0.35025380710659915 0.8371428571428572 0.35025380710659915 0.8371428571428572 0.3921319796954316 0.8621428571428571 0.3921319796954316
3 0.8435714285714285 0.3870558375634519 0.8157142857142857 0.3870558375634519 0.8157142857142857 0.44162436548223366 0.8435714285714285 0.44162436548223366
3 0.8242857142857143 0.4467005076142133 0.7971428571428572 0.4467005076142133 0.7971428571428572 0.48984771573604075 0.8242857142857143 0.48984771573604075
3 0.525 0.39086294416243667 0.5071428571428571 0.39086294416243667 0.5071428571428571 0.4441624365482235 0.525 0.4441624365482235
11 0.8764285714285714 0.303299492385787 0.8492857142857143 0.303299492385787 0.8492857142857143 0.35659898477157376 0.8764285714285714 0.35659898477157376
11 0.7942857142857143 0.5444162436548224 0.7657142857142857 0.5444162436548224 0.7657142857142857 0.6218274111675128 0.7942857142857143 0.6218274111675128
11 0.9714285714285714 0.21319796954314743 0.9407142857142857 0.21319796954314743 0.9407142857142857 0.2512690355329951 0.9714285714285714 0.2512690355329951
7 0.6942857142857143 0.30329949238578696 0.6878571428571428 0.30329949238578696 0.6878571428571428 0.3274111675126905 0.6942857142857143 0.3274111675126905
7 0.6585714285714286 0.3172588832487311 0.6521428571428571 0.3172588832487311 0.6521428571428571 0.3401015228426397 0.6585714285714286 0.3401015228426397
7 0.5557142857142857 0.1434010152284265 0.5492857142857143 0.1434010152284265 0.5492857142857143 0.1675126903553301 0.5557142857142857 0.1675126903553301
7 0.5807142857142857 0.1154822335025382 0.5757142857142857 0.11548223350253818 0.5757142857142857 0.1319796954314722 0.5807142857142857 0.13197969543147223
7 0.585 0.11167512690355343 0.58 0.11167512690355341 0.58 0.13071065989847727 0.585 0.1307106598984773
7 0.6957142857142857 0.08756345177664988 0.6907142857142857 0.08756345177664988 0.6907142857142857 0.1040609137055839 0.6957142857142857 0.1040609137055839
7 0.925 0.09771573604060935 0.9185714285714286 0.09771573604060935 0.9185714285714286 0.1167512690355332 0.925 0.1167512690355332
7 0.855 0.07233502538071084 0.8492857142857143 0.07233502538071084 0.8492857142857143 0.09010152284263978 0.855 0.09010152284263978
7 0.7292857142857143 0.19543147208121842 0.7242857142857143 0.19543147208121842 0.7242857142857143 0.21700507614213213 0.7292857142857143 0.21700507614213213
7 0.7328571428571429 0.19796954314720827 0.7285714285714285 0.19796954314720827 0.7285714285714285 0.2157360406091372 0.7328571428571429 0.2157360406091372
3 0.31857142857142856 0.1827411167512691 0.3028571428571429 0.1827411167512691 0.3028571428571429 0.21573604060913712 0.31857142857142856 0.21573604060913712
3 0.28928571428571437 0.7728426395939086 0.2585714285714287 0.7728426395939086 0.2585714285714287 0.850253807106599 0.28928571428571437 0.850253807106599
3 0.38857142857142857 0.748730964467005 0.3557142857142858 0.748730964467005 0.3557142857142858 0.8565989847715736 0.38857142857142857 0.8565989847715736
11 0.3914285714285714 0.6065989847715737 0.3621428571428572 0.6065989847715737 0.3621428571428572 0.6967005076142132 0.3914285714285714 0.6967005076142132
11 0.4014285714285714 0.40862944162436565 0.37857142857142856 0.40862944162436565 0.37857142857142856 0.48350253807106613 0.4014285714285714 0.48350253807106613
2 0.3492857142857143 0.134517766497462 0.32 0.134517766497462 0.32 0.22208121827411176 0.3492857142857143 0.22208121827411176
2 0.5414285714285715 0.19670050761421334 0.5207142857142857 0.19670050761421334 0.5207142857142857 0.3223350253807108 0.5414285714285715 0.3223350253807108
3 0.4114285714285714 0.011421319796954403 0.4007142857142857 0.011421319796954401 0.4007142857142857 0.03807106598984781 0.4114285714285714 0.03807106598984781
3 0.29214285714285715 6.154316401806495e-17 0.2735714285714286 5.952280762353252e-17 0.2735714285714286 0.01649746192893407 0.29214285714285715 0.016497461928934073
3 0.99 0.026649746192893616 0.9785714285714285 0.026649746192893616 0.9785714285714285 0.04949238578680225 0.99 0.04949238578680225
3 0.9957142857142857 0.010152284263959605 0.9828571428571429 0.010152284263959603 0.9828571428571429 0.039340101522842855 0.9957142857142857 0.039340101522842855
2 0.95 0.0025380710659900487 0.9035714285714286 0.002538071065990044 0.9035714285714286 0.055837563451776845 0.95 0.055837563451776845
3 0.34785714285714286 0.08248730964467012 0.3342857142857143 0.08248730964467012 0.3342857142857143 0.11167512690355337 0.34785714285714286 0.11167512690355337