3 0.1378571428571429 0.7081218274111675 0.09214285714285718 0.7081218274111675 0.09214285714285718 0.8058375634517766 0.1378571428571429 0.8058375634517766
3 0.25857142857142856 0.38578680203045684 0.23214285714285715 0.38578680203045684 0.23214285714285715 0.4352791878172589 0.25857142857142856 0.4352791878172589
3 0.19 0.3401015228426396 0.16142857142857148 0.3401015228426396 0.16142857142857148 0.37817258883248733 0.19 0.37817258883248733
3 0.26142857142857145 0.1827411167512691 0.2392857142857143 0.1827411167512691 0.2392857142857143 0.21827411167512697 0.26142857142857145 0.21827411167512697
7 0.3121428571428572 0.616751269035533 0.30357142857142866 0.616751269035533 0.30357142857142866 0.649746192893401 0.3121428571428572 0.649746192893401
7 0.31500000000000006 0.6205583756345178 0.3071428571428572 0.6205583756345178 0.3071428571428572 0.6434010152284264 0.31500000000000006 0.6434010152284264
7 0.017857142857142894 0.549492385786802 0.009285714285714324 0.549492385786802 0.009285714285714324 0.5812182741116751 0.017857142857142898 0.5812182741116751
7 0.015714285714285754 0.5710659898477157 0.005714285714285755 0.5710659898477157 0.005714285714285755 0.600253807106599 0.015714285714285754 0.600253807106599
10 0.47714285714285715 0.7893401015228426 0.4135714285714286 0.7893401015228426 0.4135714285714286 0.998730964467005 0.47714285714285715 0.998730964467005
11 0.7557142857142857 0.854060913705584 0.7028571428571428 0.854060913705584 0.7028571428571428 0.9987309644670054 0.7557142857142857 0.9987309644670054
11 0.43857142857142856 0.43020304568527934 0.41285714285714287 0.43020304568527934 0.41285714285714287 0.5012690355329951 0.43857142857142856 0.5012690355329951
10 0.5 0.3477157360406093 0.46285714285714286 0.3477157360406093 0.46285714285714286 0.4809644670050763 0.5 0.4809644670050763
11 0.5042857142857143 0.16624365482233514 0.48142857142857143 0.1662436548223351 0.48142857142857143 0.21065989847715746 0.5042857142857143 0.2106598984771575
2 0.47785714285714287 0.058375634517766596 0.4442857142857143 0.05837563451776659 0.4442857142857143 0.1878172588832488 0.47785714285714287 0.1878172588832488
3 0.5757142857142857 0.05076142131979708 0.5592857142857143 0.05076142131979708 0.5592857142857143 0.08629441624365493 0.5757142857142857 0.08629441624365493
3 0.6021428571428571 0.04187817258883261 0.5835714285714285 0.04187817258883261 0.5835714285714285 0.07741116751269048 0.6021428571428571 0.07741116751269048
7 0.9278571428571428 0.9162436548223353 0.9114285714285715 0.9162436548223353 0.9114285714285715 0.9467005076142135 0.9278571428571428 0.9467005076142135
7 0.9092857142857143 0.9098984771573607 0.8964285714285715 0.9098984771573607 0.8964285714285715 0.9302030456852795 0.9092857142857143 0.9302030456852795
7 0.8628571428571429 0.6687817258883252 0.8542857142857143 0.6687817258883252 0.8542857142857143 0.6979695431472084 0.8628571428571429 0.6979695431472084
7 0.7821428571428571 0.4606598984771575 0.7735714285714286 0.4606598984771575 0.7735714285714286 0.4923857868020306 0.7821428571428571 0.4923857868020306
8 0.9771428571428571 0.6078680203045687 0.9671428571428572 0.6078680203045687 0.9671428571428572 0.634517766497462 0.9771428571428571 0.634517766497462
8 0.9771428571428571 0.6002538071065991 0.9671428571428572 0.6002538071065991 0.9671428571428572 0.6281725888324875 0.9771428571428571 0.6281725888324875
8 0.885 0.3401015228426397 0.8778571428571429 0.3401015228426397 0.8778571428571429 0.3540609137055839 0.885 0.3540609137055839
8 0.8921428571428571 0.3477157360406093 0.8835714285714286 0.3477157360406093 0.8835714285714286 0.36421319796954327 0.8921428571428571 0.36421319796954327
8 0.8778571428571429 0.4175126903553301 0.87 0.4175126903553301 0.87 0.43654822335025395 0.8778571428571429 0.43654822335025395
8 0.8914285714285715 0.4137055837563453 0.8764285714285714 0.4137055837563453 0.8764285714285714 0.4390862944162438 0.8914285714285715 0.4390862944162438
8 0.9314285714285714 0.5038071065989849 0.9235714285714286 0.5038071065989849 0.9235714285714286 0.5215736040609138 0.9314285714285714 0.5215736040609138
8 0.9314285714285714 0.49619289340101536 0.92 0.49619289340101536 0.92 0.5152284263959392 0.9314285714285714 0.5152284263959392
7 0.765 0.045685279187817424 0.7592857142857142 0.045685279187817424 0.7592857142857142 0.07233502538071082 0.765 0.07233502538071082
8 0.7342857142857143 0.04822335025380727 0.7292857142857143 0.04822335025380727 0.7292857142857143 0.06725888324873112 0.7342857142857143 0.06725888324873112
7 0.7321428571428571 0.07487309644670068 0.7278571428571429 0.07487309644670068 0.7278571428571429 0.09390862944162451 0.7321428571428571 0.09390862944162451
7 0.6721428571428572 0.1040609137055839 0.665 0.1040609137055839 0.665 0.12563451776649762 0.6721428571428572 0.12563451776649762
7 0.6957142857142857 0.1307106598984773 0.6892857142857143 0.1307106598984773 0.6892857142857143 0.15228426395939101 0.6957142857142857 0.15228426395939101
7 0.7021428571428572 0.13197969543147223 0.6964285714285714 0.13197969543147223 0.6964285714285714 0.14593908629441638 0.7021428571428572 0.14593908629441638
8 0.6992857142857143 0.14593908629441638 0.6942857142857143 0.14593908629441638 0.6942857142857143 0.16116751269035548 0.6992857142857143 0.16116751269035548
8 0.7035714285714286 0.14467005076142148 0.6985714285714286 0.14467005076142148 0.6985714285714286 0.16116751269035548 0.7035714285714286 0.16116751269035548
8 0.7071428571428572 0.1472081218274113 0.7021428571428572 0.1472081218274113 0.7021428571428572 0.16116751269035548 0.7071428571428572 0.16116751269035548
8 0.7121428571428572 0.14340101522842655 0.7064285714285714 0.14340101522842655 0.7064285714285714 0.16497461928934024 0.7121428571428572 0.16497461928934024
7 0.7771428571428571 0.1345177664974621 0.7714285714285715 0.1345177664974621 0.7714285714285715 0.15609137055837582 0.7771428571428571 0.15609137055837582
7 0.7392857142857143 0.20812182741116766 0.7328571428571429 0.20812182741116766 0.7328571428571429 0.2258883248730966 0.7392857142857143 0.2258883248730966
7 0.7192857142857143 0.2055837563451778 0.7128571428571429 0.2055837563451778 0.7128571428571429 0.22335025380710674 0.7192857142857143 0.22335025380710674
7 0.7107142857142857 0.20431472081218288 0.7057142857142857 0.20431472081218288 0.7057142857142857 0.2157360406091372 0.7107142857142857 0.2157360406091372
7 0.7107142857142857 0.21446700507614228 0.7071428571428572 0.21446700507614228 0.7071428571428572 0.22715736040609152 0.7107142857142857 0.22715736040609152
7 0.73 0.20431472081218288 0.7235714285714285 0.20431472081218288 0.7235714285714285 0.2258883248730966 0.73 0.2258883248730966
7 0.805 0.2157360406091372 0.7978571428571428 0.2157360406091372 0.7978571428571428 0.23350253807106613 0.805 0.23350253807106613
7 0.8414285714285714 0.270304568527919 0.835 0.270304568527919 0.835 0.29441624365482255 0.8414285714285714 0.29441624365482255
7 0.8485714285714285 0.26903553299492405 0.8421428571428572 0.26903553299492405 0.8421428571428572 0.29568527918781745 0.8485714285714285 0.29568527918781745
7 0.8621428571428571 0.24365482233502558 0.8535714285714285 0.24365482233502558 0.8535714285714285 0.27284263959390886 0.8621428571428571 0.27284263959390886
8 0.8242857142857143 0.3794416243654824 0.8142857142857143 0.3794416243654824 0.8142857142857143 0.39847715736040623 0.8242857142857143 0.39847715736040623
8 0.7964285714285714 0.26649746192893414 0.7885714285714286 0.26649746192893414 0.7885714285714286 0.2791878172588834 0.7964285714285714 0.2791878172588834
8 0.8042857142857143 0.269035532994924 0.7992857142857143 0.269035532994924 0.7992857142857143 0.28680203045685293 0.8042857142857143 0.28680203045685293
8 0.8035714285714286 0.25888324873096463 0.795 0.25888324873096463 0.795 0.2753807106598986 0.8035714285714286 0.2753807106598986
8 0.7635714285714286 0.2829949238578682 0.7564285714285715 0.2829949238578682 0.7564285714285715 0.2944162436548225 0.7635714285714286 0.2944162436548225
8 0.7542857142857143 0.2893401015228428 0.7485714285714286 0.2893401015228428 0.7485714285714286 0.302030456852792 0.7542857142857143 0.302030456852792
8 0.755 0.302030456852792 0.7464285714285714 0.302030456852792 0.7464285714285714 0.3096446700507616 0.755 0.3096446700507616
8 0.75 0.2829949238578682 0.7464285714285714 0.2829949238578682 0.7464285714285714 0.2944162436548225 0.75 0.2944162436548225
8 0.8342857142857143 0.34390862944162454 0.8164285714285714 0.34390862944162454 0.8164285714285714 0.35659898477157376 0.8342857142857143 0.35659898477157376
8 0.9014285714285715 0.6675126903553302 0.8921428571428571 0.6675126903553302 0.8921428571428571 0.6852791878172592 0.9014285714285715 0.6852791878172592
8 0.8457142857142858 0.5431472081218276 0.8392857142857143 0.5431472081218276 0.8392857142857143 0.5596446700507616 0.8457142857142858 0.5596446700507616
8 0.8564285714285714 0.5456852791878174 0.8471428571428572 0.5456852791878174 0.8471428571428572 0.5571065989847718 0.8564285714285714 0.5571065989847718
7 0.9885714285714285 0.5558375634517768 0.9821428571428571 0.5558375634517768 0.9821428571428571 0.568527918781726 0.9885714285714285 0.568527918781726
7 0.9864285714285714 0.5532994923857869 0.9807142857142858 0.5532994923857869 0.9807142857142858 0.568527918781726 0.9864285714285714 0.568527918781726
7 0.9792857142857143 0.535532994923858 0.9714285714285714 0.535532994923858 0.9714285714285714 0.5482233502538072 0.9792857142857143 0.5482233502538072
7 0.9814285714285714 0.5418781725888326 0.975 0.5418781725888326 0.975 0.5571065989847718 0.9814285714285714 0.5571065989847718
8 0.8571428571428571 0.48223350253807123 0.85 0.48223350253807123 0.85 0.4974619289340103 0.8571428571428571 0.4974619289340103
8 0.9242857142857143 0.418781725888325 0.9178571428571428 0.418781725888325 0.9178571428571428 0.43147208121827424 0.9242857142857143 0.43147208121827424
8 0.9235714285714286 0.4124365482233504 0.9171428571428571 0.4124365482233504 0.9171428571428571 0.4276649746192895 0.9235714285714286 0.4276649746192895
8 0.9457142857142857 0.8350253807106602 0.9264285714285714 0.8350253807106602 0.9264285714285714 0.854060913705584 0.9457142857142857 0.854060913705584
8 0.9557142857142857 0.8286802030456856 0.9307142857142857 0.8286802030456856 0.9307142857142857 0.8489847715736043 0.9557142857142857 0.8489847715736043
7 0.81 0.2487309644670052 0.8042857142857143 0.2487309644670052 0.8042857142857143 0.27157360406091385 0.81 0.27157360406091385
4 0.7885714285714286 0.16878172588832502 0.7585714285714286 0.16878172588832502 0.7585714285714286 0.20431472081218288 0.7885714285714286 0.20431472081218288
4 0.8064285714285714 0.5063451776649748 0.7785714285714286 0.5063451776649748 0.7785714285714286 0.5418781725888326 0.8064285714285714 0.5418781725888326
8 0.8921428571428571 0.6662436548223353 0.885 0.6662436548223353 0.885 0.6865482233502541 0.8921428571428571 0.6865482233502541