4 0.452 0.31200000000000006 0.3745 0.31200000000000006 0.3745 0.37266666666666665 0.452 0.37266666666666665
3 0.451 0.374 0.4305 0.374 0.4305 0.392 0.451 0.392
3 0.4115 0.378 0.3885 0.378 0.3885 0.402 0.4115 0.402
3 0.3835 0.39066666666666666 0.365 0.39066666666666666 0.365 0.4126666666666667 0.3835 0.4126666666666667
3 0.3845 0.4146666666666667 0.349 0.4146666666666667 0.349 0.4533333333333333 0.3845 0.4533333333333333
3 0.372 0.4613333333333333 0.322 0.4613333333333333 0.322 0.5266666666666666 0.372 0.5266666666666666
3 0.36150000000000004 0.542 0.2775 0.542 0.2775000000000001 0.6626666666666666 0.3615000000000001 0.6626666666666666
3 0.4135 0.392 0.394 0.392 0.394 0.42133333333333334 0.4135 0.42133333333333334
3 0.4275 0.41733333333333333 0.394 0.41733333333333333 0.394 0.45866666666666667 0.4275 0.45866666666666667
3 0.415 0.442 0.366 0.442 0.366 0.492 0.415 0.492
3 0.467 0.42666666666666675 0.4385 0.4266666666666667 0.4385 0.4600000000000001 0.467 0.46000000000000013
3 0.4775 0.43400000000000005 0.4535 0.434 0.4535 0.4753333333333334 0.4775 0.4753333333333335
3 0.5135 0.40866666666666684 0.476 0.40866666666666684 0.476 0.4506666666666668 0.5135 0.4506666666666668
3 0.4785 0.4713333333333334 0.4315 0.4713333333333333 0.4315 0.538 0.4785 0.5380000000000001
3 0.5545 0.4506666666666668 0.498 0.4506666666666668 0.498 0.49200000000000016 0.5545 0.49200000000000016
11 0.5775 0.4793333333333335 0.499 0.4793333333333335 0.499 0.5713333333333335 0.5775 0.5713333333333335
3 0.7605 0.4866666666666668 0.6575 0.4866666666666668 0.6575 0.5740000000000002 0.7605 0.5740000000000002
11 0.9385 0.5033333333333335 0.7315 0.5033333333333335 0.7315 0.6866666666666669 0.9385 0.686666666666667
3 1 0.5073333333333335 0.876 0.5073333333333335 0.876 0.6086666666666668 1 0.6086666666666668
7 0.6065 0.4753333333333335 0.596 0.4753333333333335 0.596 0.5380000000000001 0.6065 0.5380000000000001