4 0.6092857142857143 0.3742857142857144 0.59 0.3742857142857144 0.59 0.3914285714285715 0.6092857142857143 0.3914285714285715
4 0.6235714285714286 0.3980952380952382 0.6185714285714285 0.3980952380952382 0.6185714285714285 0.4038095238095239 0.6235714285714286 0.4038095238095239
10 0.4228571428571429 0.5038095238095238 0.3571428571428572 0.5038095238095238 0.3571428571428572 0.5438095238095239 0.4228571428571429 0.5438095238095239
10 0.3707142857142857 0.480952380952381 0.3164285714285715 0.48095238095238096 0.3164285714285715 0.5133333333333333 0.3707142857142857 0.5133333333333333
10 0.4135714285714286 0.4961904761904762 0.34928571428571437 0.4961904761904762 0.34928571428571437 0.5304761904761904 0.4135714285714286 0.5304761904761904
10 0.3457142857142858 0.49333333333333335 0.2542857142857144 0.49333333333333335 0.2542857142857144 0.539047619047619 0.3457142857142858 0.539047619047619
10 0.3428571428571429 0.5266666666666666 0.29142857142857154 0.5266666666666666 0.29142857142857154 0.560952380952381 0.3428571428571429 0.560952380952381
10 0.7 0.5714285714285715 0.6514285714285715 0.5714285714285714 0.6514285714285715 0.6447619047619049 0.7 0.644761904761905
10 0.6371428571428571 0.441904761904762 0.5714285714285714 0.441904761904762 0.5714285714285714 0.47904761904761917 0.6371428571428571 0.47904761904761917
10 0.7478571428571429 0.6638095238095241 0.6878571428571428 0.6638095238095241 0.6878571428571428 0.7685714285714288 0.7478571428571429 0.7685714285714288
10 0.9642857142857143 0.9161904761904764 0.8578571428571429 0.9161904761904764 0.8578571428571429 1 0.9642857142857143 1
10 0.9192857142857143 0.7628571428571431 0.8721428571428571 0.7628571428571431 0.8721428571428571 0.8152380952380954 0.9192857142857143 0.8152380952380954
3 0.7785714285714286 0.7380952380952384 0.7478571428571429 0.7380952380952384 0.7478571428571429 0.7800000000000002 0.7785714285714286 0.7800000000000002
3 0.8628571428571429 0.8600000000000002 0.8192857142857143 0.8600000000000002 0.8192857142857143 0.9142857142857145 0.8628571428571429 0.9142857142857145
3 0.8185714285714286 0.7942857142857145 0.7814285714285715 0.7942857142857145 0.7814285714285715 0.8409523809523811 0.8185714285714286 0.8409523809523811
3 0.7257142857142858 0.6571428571428574 0.7014285714285714 0.6571428571428574 0.7014285714285714 0.6866666666666669 0.7257142857142858 0.6866666666666669
3 0.7521428571428571 0.6952380952380954 0.7292857142857143 0.6952380952380954 0.7292857142857143 0.7285714285714288 0.7521428571428571 0.7285714285714288
6 0.8035714285714286 0.6104761904761907 0.7592857142857142 0.6104761904761907 0.7592857142857142 0.6552380952380955 0.8035714285714286 0.6552380952380955
6 0.7835714285714286 0.6342857142857145 0.7635714285714286 0.6342857142857145 0.7635714285714286 0.6619047619047621 0.7835714285714286 0.6619047619047621
3 0.4492857142857143 0.5742857142857143 0.4235714285714286 0.5742857142857143 0.4235714285714286 0.5952380952380952 0.4492857142857143 0.5952380952380952
7 0.5114285714285715 0.6457142857142857 0.5078571428571429 0.6457142857142857 0.5078571428571429 0.66 0.5114285714285715 0.66
7 0.5371428571428571 0.66 0.5321428571428571 0.66 0.5321428571428571 0.6742857142857143 0.5371428571428571 0.6742857142857143
8 0.5 0.4647619047619049 0.49642857142857144 0.4647619047619049 0.49642857142857144 0.4723809523809525 0.5 0.4723809523809525
4 0.6364285714285715 0.4990476190476191 0.63 0.4990476190476191 0.63 0.5133333333333333 0.6364285714285715 0.5133333333333333
4 0.6792857142857143 0.48666666666666675 0.67 0.48666666666666675 0.67 0.5028571428571431 0.6792857142857143 0.5028571428571431
4 0.6692857142857143 0.4742857142857144 0.6571428571428571 0.4742857142857144 0.6571428571428571 0.49047619047619057 0.6692857142857143 0.4904761904761907
7 0.6464285714285715 0.482857142857143 0.6442857142857142 0.482857142857143 0.6442857142857142 0.49238095238095236 0.6464285714285715 0.49238095238095236
7 0.6221428571428571 0.43523809523809537 0.6192857142857143 0.43523809523809537 0.6192857142857143 0.44380952380952393 0.6221428571428571 0.44380952380952393
7 0.6392857142857142 0.41904761904761917 0.6371428571428571 0.41904761904761917 0.6371428571428571 0.42666666666666675 0.6392857142857142 0.42666666666666675
5 0.5028571428571429 0.4666666666666668 0.4942857142857143 0.4666666666666668 0.4942857142857143 0.4742857142857144 0.5028571428571429 0.4742857142857144
3 0.4107142857142857 0.4895238095238095 0.38785714285714284 0.4895238095238095 0.38785714285714284 0.5066666666666667 0.4107142857142857 0.5066666666666667
3 0.2992857142857144 0.5342857142857143 0.27857142857142864 0.5342857142857143 0.27857142857142864 0.5495238095238095 0.2992857142857144 0.5495238095238095
11 0.5435714285714286 0.36857142857142866 0.5385714285714286 0.36857142857142866 0.5385714285714286 0.3780952380952382 0.5435714285714286 0.3780952380952382
11 0.5921428571428572 0.36952380952380964 0.5821428571428572 0.36952380952380964 0.5821428571428572 0.3771428571428572 0.5921428571428572 0.3771428571428572
2 0.4757142857142857 0.3009523809523811 0.465 0.3009523809523811 0.465 0.31333333333333346 0.4757142857142857 0.31333333333333346
4 0.585 0.241904761904762 0.5621428571428572 0.241904761904762 0.5621428571428572 0.25904761904761914 0.585 0.25904761904761914
10 0.525 0.3142857142857144 0.5185714285714286 0.3142857142857144 0.5185714285714286 0.32761904761904775 0.525 0.32761904761904775
3 0.5664285714285714 0.3200000000000001 0.555 0.3200000000000001 0.555 0.32761904761904775 0.5664285714285714 0.32761904761904775
10 0.445 0.34285714285714297 0.435 0.34285714285714297 0.435 0.3609523809523811 0.445 0.3609523809523811
4 0.4421428571428571 0.282857142857143 0.43142857142857144 0.282857142857143 0.43142857142857144 0.2980952380952382 0.4421428571428571 0.2980952380952382
4 0.49714285714285716 0.26190476190476203 0.4878571428571429 0.26190476190476203 0.4878571428571429 0.2761904761904763 0.49714285714285716 0.2761904761904763
3 0.6942857142857143 0.40000000000000013 0.6828571428571428 0.40000000000000013 0.6828571428571428 0.4123809523809525 0.6942857142857143 0.4123809523809525
3 0.7 0.401904761904762 0.69 0.401904761904762 0.69 0.41142857142857153 0.7 0.41142857142857153
3 0.7092857142857143 0.401904761904762 0.7 0.401904761904762 0.7 0.4104761904761906 0.7092857142857143 0.4104761904761906
3 0.7178571428571429 0.39904761904761915 0.7064285714285714 0.39904761904761915 0.7064285714285714 0.4095238095238096 0.7178571428571429 0.4095238095238096
3 0.7628571428571429 0.422857142857143 0.7471428571428571 0.422857142857143 0.7471428571428571 0.43142857142857155 0.7628571428571429 0.43142857142857155
3 0.735 0.42761904761904773 0.7178571428571429 0.42761904761904773 0.7178571428571429 0.4361904761904763 0.735 0.4361904761904763
3 0.685 0.41142857142857153 0.6785714285714286 0.41142857142857153 0.6785714285714286 0.421904761904762 0.685 0.421904761904762
3 0.6957142857142857 0.41142857142857153 0.6892857142857143 0.41142857142857153 0.6892857142857143 0.4238095238095239 0.6957142857142857 0.4238095238095239
3 0.7064285714285714 0.41523809523809535 0.6985714285714286 0.41523809523809535 0.6985714285714286 0.4257142857142858 0.7064285714285714 0.4257142857142858
3 0.7314285714285714 0.4161904761904763 0.7221428571428572 0.4161904761904763 0.7221428571428572 0.4247619047619049 0.7314285714285714 0.4247619047619049
10 0.7421428571428571 0.4123809523809525 0.7357142857142858 0.4123809523809525 0.7357142857142858 0.4257142857142858 0.7421428571428571 0.4257142857142858
10 0.7278571428571429 0.4361904761904763 0.7114285714285714 0.4361904761904763 0.7114285714285714 0.44761904761904775 0.7278571428571429 0.44761904761904775
2 0.7928571428571428 0.422857142857143 0.7614285714285715 0.422857142857143 0.7614285714285715 0.44380952380952393 0.7928571428571428 0.44380952380952393
11 0.7314285714285714 0.3942857142857144 0.72 0.3942857142857144 0.72 0.4066666666666668 0.7314285714285714 0.4066666666666668
11 0.7271428571428571 0.3980952380952382 0.7171428571428572 0.3980952380952382 0.7171428571428572 0.4085714285714287 0.7271428571428571 0.4085714285714287
11 0.7578571428571429 0.42952380952380964 0.745 0.42952380952380964 0.745 0.43904761904761913 0.7578571428571429 0.43904761904761913
3 0.695 0.44666666666666677 0.6785714285714286 0.44666666666666677 0.6785714285714286 0.4580952380952382 0.695 0.4580952380952382
3 0.8057142857142857 0.422857142857143 0.7928571428571428 0.422857142857143 0.7928571428571428 0.43333333333333346 0.8057142857142857 0.43333333333333346
3 0.7978571428571428 0.4180952380952382 0.7835714285714286 0.4180952380952382 0.7835714285714286 0.42857142857142866 0.7978571428571428 0.42857142857142866
3 0.6764285714285714 0.4123809523809525 0.6678571428571428 0.4123809523809525 0.6678571428571428 0.422857142857143 0.6764285714285714 0.422857142857143
3 0.6657142857142857 0.4123809523809525 0.6578571428571428 0.4123809523809525 0.6578571428571428 0.4209523809523811 0.6657142857142857 0.4209523809523811
9 0.7864285714285715 0.4380952380952382 0.775 0.4380952380952382 0.775 0.44666666666666677 0.7864285714285715 0.44666666666666677
8 0.7807142857142857 0.4380952380952382 0.7757142857142857 0.4380952380952382 0.7757142857142857 0.44761904761904775 0.7807142857142857 0.44761904761904775
4 0.7035714285714286 0.42952380952380964 0.6985714285714286 0.42952380952380964 0.6985714285714286 0.4371428571428573 0.7035714285714286 0.4371428571428573
3 0.6214285714285714 0.4038095238095239 0.6114285714285714 0.4038095238095239 0.6114285714285714 0.41333333333333344 0.6214285714285714 0.41333333333333344
3 0.6085714285714285 0.3942857142857144 0.5957142857142858 0.3942857142857144 0.5957142857142858 0.4038095238095239 0.6085714285714285 0.4038095238095239
3 0.5821428571428572 0.3895238095238096 0.5692857142857143 0.3895238095238096 0.5692857142857143 0.3961904761904763 0.5821428571428572 0.3961904761904763
4 0.58 0.3742857142857144 0.5592857142857143 0.3742857142857144 0.5592857142857143 0.3895238095238096 0.58 0.3895238095238096
3 0.6192857142857143 0.3904761904761906 0.6057142857142858 0.3904761904761906 0.6057142857142858 0.3980952380952382 0.6192857142857143 0.3980952380952382
10 0.5778571428571428 0.36761904761904773 0.5628571428571428 0.36761904761904773 0.5628571428571428 0.37523809523809537 0.5778571428571428 0.37523809523809537
10 0.04000000000000004 0.38857142857142857 0.02500000000000004 0.38857142857142857 0.02500000000000004 0.40476190476190477 0.04000000000000004 0.40476190476190477
10 0.06357142857142861 0.3923809523809524 0.054285714285714326 0.3923809523809524 0.054285714285714326 0.4095238095238095 0.06357142857142861 0.4095238095238095
10 0.26142857142857145 0.31047619047619046 0.24642857142857144 0.31047619047619046 0.24642857142857144 0.32761904761904764 0.26142857142857145 0.32761904761904764
10 0.2764285714285714 0.30952380952380953 0.2542857142857143 0.30952380952380953 0.2542857142857143 0.3238095238095238 0.2764285714285714 0.3238095238095238
10 0.3 0.3171428571428571 0.2757142857142857 0.3171428571428571 0.2757142857142857 0.32476190476190475 0.3 0.32476190476190475
10 0.21857142857142858 0.32476190476190475 0.1957142857142857 0.32476190476190475 0.1957142857142857 0.3342857142857143 0.21857142857142858 0.3342857142857143
10 0.3607142857142857 0.30857142857142866 0.3342857142857143 0.30857142857142866 0.3342857142857143 0.31904761904761914 0.3607142857142857 0.31904761904761914
10 0.3585714285714286 0.31333333333333346 0.335 0.31333333333333346 0.335 0.32476190476190486 0.3585714285714286 0.32476190476190486
3 0.7435714285714285 0.40000000000000013 0.7321428571428571 0.40000000000000013 0.7321428571428571 0.4095238095238096 0.7435714285714285 0.4095238095238096
11 0.8128571428571428 0.6304761904761907 0.7942857142857143 0.6304761904761907 0.7942857142857143 0.6542857142857145 0.8128571428571428 0.6542857142857145
5 0.9807142857142858 0.8695238095238097 0.9621428571428572 0.8695238095238097 0.9621428571428572 0.8961904761904764 0.9807142857142858 0.8961904761904764
5 0.965 0.9171428571428574 0.9535714285714286 0.9171428571428574 0.9535714285714286 0.9342857142857145 0.965 0.9342857142857145
5 0.96 0.9038095238095241 0.9407142857142857 0.9038095238095241 0.9407142857142857 0.9171428571428574 0.96 0.9171428571428574
5 0.8835714285714286 0.8447619047619049 0.875 0.8447619047619049 0.875 0.864761904761905 0.8835714285714286 0.864761904761905
5 0.8492857142857143 0.7085714285714287 0.8414285714285714 0.7085714285714287 0.8414285714285714 0.7219047619047622 0.8492857142857143 0.7219047619047622
8 0.8471428571428572 0.7085714285714287 0.8435714285714285 0.7085714285714287 0.8435714285714285 0.7152380952380955 0.8471428571428572 0.7152380952380955
10 0.011428571428571462 0.3466666666666667 3.184081677783118e-17 0.3466666666666667 3.2496877563088694e-17 0.36095238095238097 0.011428571428571463 0.36095238095238097