11 0.4521428571428571 0.7238095238095238 0.41 0.7238095238095238 0.41 0.8114285714285714 0.4521428571428571 0.8114285714285714
3 0.4807142857142857 0.7180952380952381 0.43857142857142856 0.7180952380952381 0.43857142857142856 0.7857142857142857 0.4807142857142857 0.7857142857142857
3 0.5764285714285714 0.6771428571428572 0.5364285714285715 0.6771428571428572 0.5364285714285715 0.7342857142857143 0.5764285714285714 0.7342857142857143
3 0.6064285714285714 0.6666666666666666 0.5678571428571428 0.6666666666666666 0.5678571428571428 0.7266666666666667 0.6064285714285714 0.7266666666666667
3 0.6521428571428571 0.6561904761904762 0.6064285714285714 0.6561904761904762 0.6064285714285714 0.7142857142857143 0.6521428571428571 0.7142857142857143
3 0.675 0.6485714285714287 0.6321428571428571 0.6485714285714286 0.6321428571428571 0.7009523809523811 0.675 0.7009523809523812
11 0.615 0.5466666666666666 0.575 0.5466666666666666 0.575 0.6 0.615 0.6
3 0.5821428571428572 0.5561904761904762 0.5464285714285714 0.5561904761904762 0.5464285714285714 0.5980952380952381 0.5821428571428572 0.5980952380952381
3 0.5557142857142857 0.5685714285714286 0.5164285714285715 0.5685714285714286 0.5164285714285715 0.6133333333333333 0.5557142857142857 0.6133333333333333
10 0.5021428571428571 0.58 0.46714285714285714 0.58 0.46714285714285714 0.6390476190476191 0.5021428571428571 0.6390476190476191
3 0.4735714285714286 0.5942857142857143 0.43642857142857144 0.5942857142857143 0.43642857142857144 0.6476190476190476 0.4735714285714286 0.6476190476190476
5 0.6864285714285714 0.5390476190476192 0.6671428571428571 0.5390476190476192 0.6671428571428571 0.5590476190476192 0.6864285714285714 0.5590476190476192
5 0.5671428571428572 0.5323809523809524 0.5578571428571428 0.5323809523809524 0.5578571428571428 0.5542857142857143 0.5671428571428572 0.5542857142857143
5 0.5571428571428572 0.5342857142857143 0.545 0.5342857142857143 0.545 0.5552380952380952 0.5571428571428572 0.5552380952380952
5 0.5478571428571428 0.540952380952381 0.535 0.540952380952381 0.535 0.559047619047619 0.5478571428571428 0.559047619047619
5 0.5378571428571428 0.54 0.525 0.54 0.525 0.5647619047619048 0.5378571428571428 0.5647619047619048
5 0.5271428571428571 0.5419047619047619 0.515 0.5419047619047619 0.515 0.5685714285714286 0.5271428571428571 0.5685714285714286
5 0.515 0.5495238095238095 0.5035714285714286 0.5495238095238095 0.5035714285714286 0.5742857142857143 0.515 0.5742857142857143
5 0.495 0.5504761904761905 0.48 0.5504761904761905 0.48 0.5742857142857143 0.495 0.5742857142857143
5 0.3707142857142857 0.5980952380952381 0.3621428571428572 0.5980952380952381 0.3621428571428572 0.6238095238095238 0.3707142857142857 0.6238095238095238
5 0.39 0.5895238095238096 0.37357142857142855 0.5895238095238096 0.37357142857142855 0.6133333333333333 0.39 0.6133333333333333
5 0.3964285714285714 0.5847619047619048 0.38642857142857145 0.5847619047619048 0.38642857142857145 0.6123809523809524 0.3964285714285714 0.6123809523809524
5 0.4035714285714286 0.5819047619047619 0.39285714285714285 0.5819047619047619 0.39285714285714285 0.6142857142857143 0.4035714285714286 0.6142857142857143
5 0.4157142857142857 0.5847619047619048 0.4014285714285714 0.5847619047619048 0.4014285714285714 0.6085714285714285 0.4157142857142857 0.6085714285714285
5 0.4228571428571429 0.5780952380952381 0.41214285714285714 0.5780952380952381 0.41214285714285714 0.6047619047619047 0.4228571428571429 0.6047619047619047
5 0.4307142857142857 0.5752380952380952 0.42 0.5752380952380952 0.42 0.6076190476190476 0.4307142857142857 0.6076190476190476
5 0.43857142857142856 0.5723809523809524 0.4278571428571429 0.5723809523809524 0.4278571428571429 0.5942857142857143 0.43857142857142856 0.5942857142857143
10 0.3307142857142858 0.5095238095238095 0.27714285714285725 0.5095238095238095 0.27714285714285725 0.5466666666666666 0.3307142857142858 0.5466666666666666
3 0.2657142857142858 0.5304761904761904 0.21785714285714294 0.5304761904761904 0.21785714285714294 0.5619047619047619 0.2657142857142858 0.5619047619047619
11 0.042857142857142885 0.2752380952380952 0.022857142857142878 0.2752380952380952 0.02285714285714288 0.29523809523809524 0.042857142857142885 0.29523809523809524
3 0.65 0.4580952380952382 0.6121428571428571 0.4580952380952382 0.6121428571428571 0.4838095238095239 0.65 0.4838095238095239
3 0.8892857142857142 0.6152380952380955 0.8307142857142857 0.6152380952380955 0.8307142857142857 0.6590476190476192 0.8892857142857142 0.6590476190476192
5 0.9507142857142857 0.6542857142857145 0.9371428571428572 0.6542857142857145 0.9371428571428572 0.6714285714285716 0.9507142857142857 0.6714285714285716