3 0.7155 0.756 0.5755 0.756 0.5755 0.8806666666666667 0.7155 0.8806666666666667
3 0.8395 0.8286666666666667 0.716 0.8286666666666667 0.716 1 0.8395 1
11 0.774 0.6360000000000001 0.6305 0.6360000000000001 0.6305 0.7726666666666666 0.774 0.7726666666666666
3 0.807 0.5753333333333335 0.669 0.5753333333333335 0.669 0.6753333333333335 0.807 0.6753333333333335
7 0.7515 0.6320000000000001 0.7305 0.6320000000000001 0.7305 0.684 0.7515 0.684
3 0.849 0.49933333333333346 0.7095 0.49933333333333346 0.7095 0.5933333333333335 0.849 0.5933333333333335
10 0.886 0.4226666666666668 0.756 0.4226666666666668 0.756 0.5100000000000001 0.886 0.5100000000000001
3 0.919 0.35200000000000015 0.803 0.35200000000000015 0.803 0.4286666666666668 0.919 0.4286666666666668
3 0.4455 0.3626666666666667 0.3215 0.3626666666666667 0.3215 0.436 0.4455 0.436
11 0.4865 0.28466666666666673 0.3625 0.28466666666666673 0.3625 0.36800000000000005 0.4865 0.36800000000000016
3 0.498 0.24466666666666675 0.412 0.24466666666666675 0.412 0.30600000000000005 0.498 0.30600000000000005
10 0.623 0.11466666666666676 0.4825 0.11466666666666674 0.4825 0.2720000000000001 0.623 0.2720000000000001
7 0.482 0.16266666666666674 0.4745 0.16266666666666674 0.4745 0.21266666666666675 0.482 0.21266666666666675
3 0.618 0.12733333333333344 0.5335 0.1273333333333334 0.5335 0.18200000000000008 0.618 0.18200000000000008
3 0.732 0.027333333333333446 0.6605 0.02733333333333344 0.6605 0.09200000000000011 0.732 0.09200000000000011
3 0.6755 0.9173333333333333 0.5035000000000001 0.9173333333333333 0.5035000000000001 0.998 0.6755 0.998
10 0.9785 0.19600000000000015 0.7945 0.19600000000000015 0.7945 0.33800000000000013 0.9785 0.33800000000000013
11 0.9405 0.18000000000000016 0.8105 0.18000000000000016 0.8105 0.2566666666666668 0.9405 0.2566666666666668
3 0.9985 0.17466666666666683 0.8935 0.17466666666666683 0.8935 0.23466666666666683 0.9985 0.23466666666666683
11 1 0.11533333333333348 0.926 0.11533333333333348 0.926 0.1806666666666668 1 0.1806666666666668
8 0.921 0.05933333333333349 0.905 0.05933333333333349 0.905 0.08400000000000016 0.921 0.08400000000000016
8 0.923 0.049333333333333486 0.911 0.049333333333333486 0.911 0.07266666666666682 0.923 0.07266666666666682