10 0.414 0.31266666666666676 0.3695 0.31266666666666676 0.3695 0.412 0.414 0.412
3 0.437 0.25400000000000006 0.4135 0.25400000000000006 0.4135 0.29466666666666674 0.437 0.29466666666666674
11 0.421 0.2933333333333334 0.394 0.2933333333333334 0.394 0.3353333333333334 0.421 0.3353333333333334
11 0.496 0.2153333333333334 0.4715 0.2153333333333334 0.4715 0.25200000000000006 0.496 0.25200000000000006
3 0.464 0.20866666666666675 0.4425 0.20866666666666675 0.4425 0.24600000000000008 0.464 0.24600000000000008
3 0.4725 0.17333333333333342 0.456 0.17333333333333342 0.456 0.2093333333333334 0.4725 0.2093333333333334
3 0.5 0.18066666666666675 0.4775 0.18066666666666675 0.4775 0.21600000000000008 0.5 0.21600000000000008
3 0.513 0.15266666666666676 0.4915 0.15266666666666676 0.4915 0.18800000000000008 0.513 0.18800000000000008
3 0.4855 0.1493333333333334 0.4685 0.1493333333333334 0.4685 0.18000000000000008 0.4855 0.18000000000000008
3 0.52 0.12066666666666674 0.501 0.12066666666666674 0.501 0.15000000000000008 0.52 0.15000000000000008
3 0.5255 0.09200000000000008 0.511 0.09200000000000008 0.511 0.1193333333333334 0.5255 0.1193333333333334
3 0.483 0.12400000000000008 0.467 0.12400000000000008 0.467 0.15466666666666673 0.483 0.15466666666666673
3 0.492 0.10266666666666674 0.4755 0.10266666666666674 0.4755 0.1273333333333334 0.492 0.1273333333333334
3 0.5045 0.09200000000000008 0.4865 0.09200000000000008 0.4865 0.12000000000000008 0.5045 0.12000000000000008
3 0.508 0.06666666666666675 0.4905 0.06666666666666675 0.4905 0.09200000000000008 0.508 0.09200000000000008
2 0.5405 0.026000000000000086 0.517 0.026000000000000086 0.517 0.08533333333333341 0.5405 0.08533333333333341
2 0.523 0.016000000000000084 0.501 0.01600000000000008 0.501 0.06666666666666675 0.523 0.06666666666666676
3 0.5505 0.003333333333333422 0.534 0.003333333333333421 0.534 0.020000000000000087 0.5505 0.02000000000000009
2 0.5295 0.0006666666666667515 0.509 0.0006666666666667499 0.509 0.020666666666666753 0.5295 0.020666666666666753
3 0.4785 0.2593333333333334 0.456 0.2593333333333334 0.456 0.3033333333333334 0.4785 0.3033333333333334
10 0.4695 0.26800000000000007 0.3975 0.26800000000000007 0.3975 0.46933333333333344 0.4695 0.4693333333333335