7 0.48642857142857143 0.559047619047619 0.47785714285714287 0.559047619047619 0.47785714285714287 0.5847619047619048 0.48642857142857143 0.5847619047619048
7 0.5735714285714286 0.49142857142857144 0.5607142857142857 0.49142857142857144 0.5607142857142857 0.5247619047619048 0.5735714285714286 0.5247619047619048
7 0.6014285714285714 0.4657142857142858 0.5835714285714285 0.4657142857142858 0.5835714285714285 0.5028571428571429 0.6014285714285714 0.5028571428571429
7 0.4207142857142857 0.5676190476190476 0.41 0.5676190476190476 0.41 0.5914285714285714 0.4207142857142857 0.5914285714285714
7 0.395 0.5571428571428572 0.38357142857142856 0.5571428571428572 0.38357142857142856 0.5819047619047619 0.395 0.5819047619047619
7 0.3235714285714287 0.5380952380952381 0.3042857142857144 0.5380952380952381 0.3042857142857144 0.5704761904761905 0.3235714285714287 0.5704761904761905
7 0.3507142857142858 0.5228571428571429 0.33000000000000007 0.5228571428571429 0.33000000000000007 0.5514285714285714 0.3507142857142858 0.5514285714285714
8 0.37357142857142855 0.5514285714285714 0.3564285714285715 0.5514285714285714 0.3564285714285715 0.5761904761904761 0.37357142857142855 0.5761904761904761
1 0.37642857142857145 0.5571428571428572 0.3557142857142858 0.5571428571428572 0.3557142857142858 0.5904761904761905 0.37642857142857145 0.5904761904761905
7 0.3921428571428571 0.539047619047619 0.3807142857142857 0.539047619047619 0.3807142857142857 0.5647619047619048 0.3921428571428571 0.5647619047619048
7 0.3992857142857143 0.5238095238095238 0.38357142857142856 0.5238095238095238 0.38357142857142856 0.5523809523809524 0.3992857142857143 0.5523809523809524
7 0.4207142857142857 0.5314285714285715 0.40214285714285714 0.5314285714285715 0.40214285714285714 0.5628571428571428 0.4207142857142857 0.5628571428571428
7 0.4157142857142857 0.5190476190476191 0.4035714285714286 0.5190476190476191 0.4035714285714286 0.5457142857142857 0.4157142857142857 0.5457142857142857
7 0.2457142857142858 0.4942857142857143 0.22357142857142864 0.4942857142857143 0.22357142857142864 0.5257142857142857 0.2457142857142858 0.5257142857142857
7 0.24857142857142867 0.47619047619047616 0.2264285714285715 0.47619047619047616 0.2264285714285715 0.5038095238095238 0.24857142857142867 0.5038095238095238
7 0.2521428571428572 0.4676190476190476 0.2300000000000001 0.4676190476190476 0.2300000000000001 0.4942857142857143 0.2521428571428572 0.4942857142857143
8 0.2900000000000001 0.45904761904761904 0.2750000000000001 0.45904761904761904 0.2750000000000001 0.4857142857142857 0.2900000000000001 0.4857142857142857
5 0.29142857142857154 0.4638095238095238 0.2757142857142858 0.4638095238095238 0.2757142857142858 0.4980952380952381 0.29142857142857154 0.4980952380952381
3 0.23214285714285718 0.3780952380952381 0.14928571428571433 0.3780952380952381 0.14928571428571433 0.44571428571428573 0.23214285714285723 0.44571428571428573
7 0.21571428571428572 0.3219047619047619 0.2007142857142857 0.3219047619047619 0.2007142857142857 0.3514285714285714 0.21571428571428572 0.3514285714285714
7 0.19357142857142856 0.3295238095238095 0.1778571428571429 0.3295238095238095 0.1778571428571429 0.35619047619047617 0.19357142857142856 0.35619047619047617
7 0.07571428571428578 0.5628571428571428 0.0471428571428572 0.5628571428571428 0.0471428571428572 0.5942857142857143 0.07571428571428578 0.5942857142857143
7 0.12142857142857147 0.5104761904761905 0.1028571428571429 0.5104761904761905 0.1028571428571429 0.54 0.12142857142857147 0.54
7 0.12000000000000004 0.5047619047619047 0.09785714285714289 0.5047619047619047 0.09785714285714289 0.5371428571428571 0.12000000000000004 0.5371428571428571
8 0.017142857142857185 0.44666666666666666 4.102566777143633e-17 0.44666666666666666 4.211910241353219e-17 0.4704761904761905 0.01714285714285719 0.4704761904761905
5 0.03428571428571433 0.4504761904761905 4.1375566856907e-17 0.4504761904761905 4.277516319878969e-17 0.48095238095238096 0.03428571428571433 0.48095238095238096
7 0.15571428571428572 0.16476190476190475 0.14 0.16476190476190475 0.14 0.19428571428571428 0.15571428571428572 0.19428571428571428
7 0.16214285714285714 0.1619047619047619 0.14714285714285713 0.1619047619047619 0.14714285714285713 0.19333333333333333 0.16214285714285714 0.19333333333333333
7 0.14214285714285715 0.12761904761904763 0.12714285714285714 0.12761904761904763 0.12714285714285714 0.16095238095238096 0.14214285714285715 0.16095238095238096
7 0.14214285714285715 0.10095238095238097 0.12785714285714286 0.10095238095238097 0.12785714285714286 0.12857142857142856 0.14214285714285715 0.12857142857142856
7 0.15071428571428572 0.09809523809523812 0.13642857142857143 0.09809523809523812 0.13642857142857143 0.12857142857142856 0.15071428571428572 0.12857142857142856
7 0.11571428571428571 0.0666666666666667 0.10142857142857142 0.0666666666666667 0.10142857142857142 0.0942857142857143 0.11571428571428571 0.0942857142857143
7 0.12285714285714286 0.061904761904761935 0.10642857142857143 0.061904761904761935 0.10642857142857143 0.0942857142857143 0.12285714285714286 0.0942857142857143
7 0.12642857142857142 0.05904761904761907 0.11071428571428571 0.059047619047619064 0.11071428571428571 0.09142857142857146 0.12642857142857142 0.09142857142857146
7 0.285 0.02857142857142862 0.27071428571428574 0.02857142857142862 0.27071428571428574 0.05809523809523814 0.285 0.05809523809523814
7 0.28785714285714287 0.020952380952381 0.2764285714285714 0.020952380952381 0.2764285714285714 0.04952380952380957 0.28785714285714287 0.04952380952380957
7 0.37285714285714283 0.06285714285714292 0.3607142857142857 0.06285714285714292 0.3607142857142857 0.09238095238095244 0.37285714285714283 0.09238095238095244
7 0.3707142857142857 0.0590476190476191 0.36 0.0590476190476191 0.36 0.08761904761904768 0.3707142857142857 0.08761904761904768
3 0.47928571428571426 0.05619047619047626 0.44142857142857145 0.056190476190476256 0.44142857142857145 0.10095238095238103 0.47928571428571426 0.10095238095238103
5 0.495 0.059047619047619126 0.48428571428571426 0.059047619047619126 0.48428571428571426 0.0876190476190477 0.495 0.0876190476190477
8 0.4942857142857143 0.05333333333333341 0.485 0.05333333333333341 0.485 0.07619047619047627 0.4942857142857143 0.07619047619047627
7 0.6185714285714285 0.46285714285714297 0.6085714285714285 0.46285714285714297 0.6085714285714285 0.49333333333333335 0.6185714285714285 0.49333333333333335
7 0.6814285714285714 0.401904761904762 0.6685714285714286 0.401904761904762 0.6685714285714286 0.4342857142857144 0.6814285714285714 0.4342857142857144
7 0.6742857142857143 0.3933333333333334 0.6607142857142857 0.3933333333333334 0.6607142857142857 0.4238095238095239 0.6742857142857143 0.4238095238095239
7 0.69 0.3885714285714287 0.675 0.3885714285714287 0.675 0.4180952380952382 0.69 0.4180952380952382
7 0.68 0.37523809523809537 0.6671428571428571 0.37523809523809537 0.6671428571428571 0.4076190476190477 0.68 0.4076190476190477
7 0.7257142857142858 0.33904761904761915 0.71 0.33904761904761915 0.71 0.3580952380952382 0.7257142857142858 0.3580952380952382
7 0.8385714285714285 0.20761904761904776 0.8285714285714286 0.20761904761904773 0.8285714285714286 0.22952380952380966 0.8385714285714285 0.22952380952380969
7 0.8442857142857143 0.20666666666666683 0.835 0.20666666666666683 0.835 0.2314285714285716 0.8442857142857143 0.2314285714285716
7 0.9228571428571428 0.16000000000000017 0.9078571428571428 0.16000000000000017 0.9078571428571428 0.18666666666666684 0.9228571428571428 0.18666666666666684
7 0.695 1.1278413855004674e-16 0.6864285714285714 1.120843403791054e-16 0.6864285714285714 0.024761904761904877 0.695 0.024761904761904877
7 0.7107142857142857 0.0009523809523810674 0.7 0.0009523809523810665 0.7 0.027619047619047734 0.7107142857142857 0.027619047619047734
7 0.7192857142857143 0.0009523809523810691 0.7085714285714285 0.0009523809523810683 0.7085714285714285 0.028571428571428685 0.7192857142857143 0.028571428571428685
7 0.7314285714285714 0.009523809523809643 0.7221428571428572 0.009523809523809643 0.7221428571428572 0.03333333333333346 0.7314285714285714 0.03333333333333346
7 0.7321428571428571 1.1884905603153838e-16 0.7235714285714285 1.1814925786059704e-16 0.7235714285714285 0.02000000000000012 0.7321428571428571 0.020000000000000122
7 0.7421428571428571 0.013333333333333454 0.7307142857142858 0.013333333333333452 0.7307142857142858 0.042857142857142976 0.7421428571428571 0.042857142857142976
7 0.7485714285714286 0.04380952380952393 0.7378571428571429 0.04380952380952393 0.7378571428571429 0.07142857142857155 0.7485714285714286 0.07142857142857156
7 0.7507142857142857 0.01523809523809536 0.7385714285714285 0.01523809523809536 0.7385714285714285 0.042857142857142976 0.7507142857142857 0.042857142857142976
7 0.7514285714285714 0.0076190476190477405 0.7392857142857143 0.0076190476190477405 0.7392857142857143 0.03904761904761917 0.7514285714285714 0.03904761904761917
7 0.7642857142857142 0.036190476190476314 0.7535714285714286 0.036190476190476314 0.7535714285714286 0.0666666666666668 0.7642857142857142 0.0666666666666668
7 0.7664285714285715 0.03142857142857155 0.7535714285714286 0.03142857142857155 0.7535714285714286 0.06190476190476204 0.7664285714285715 0.06190476190476204
7 0.7785714285714286 0.06095238095238109 0.7657142857142857 0.06095238095238109 0.7657142857142857 0.09142857142857157 0.7785714285714286 0.09142857142857157
7 0.7728571428571429 0.02952380952380965 0.7614285714285715 0.029523809523809647 0.7614285714285715 0.057142857142857266 0.7728571428571429 0.057142857142857266
7 0.8 0.06190476190476204 0.7885714285714286 0.06190476190476204 0.7885714285714286 0.09333333333333346 0.8 0.09333333333333346
7 0.8035714285714286 0.05523809523809537 0.7907142857142857 0.05523809523809537 0.7907142857142857 0.08666666666666681 0.8035714285714286 0.08666666666666681
7 0.78 0.018095238095238223 0.7707142857142857 0.018095238095238223 0.7707142857142857 0.04666666666666679 0.78 0.04666666666666679
7 0.7828571428571428 0.017142857142857272 0.7735714285714286 0.017142857142857272 0.7735714285714286 0.042857142857142976 0.7828571428571428 0.042857142857142976
7 0.7864285714285715 0.014285714285714412 0.7757142857142857 0.01428571428571441 0.7757142857142857 0.04190476190476203 0.7864285714285715 0.04190476190476203
7 0.8542857142857143 0.0885714285714287 0.8392857142857143 0.0885714285714287 0.8392857142857143 0.11904761904761918 0.8542857142857143 0.11904761904761918
7 0.8642857142857143 0.10190476190476204 0.8471428571428572 0.10190476190476204 0.8471428571428572 0.13238095238095254 0.8642857142857143 0.13238095238095254
7 0.8685714285714285 0.09714285714285728 0.8507142857142858 0.09714285714285728 0.8507142857142858 0.12666666666666682 0.8685714285714285 0.12666666666666682
7 0.865 0.0847619047619049 0.8528571428571429 0.0847619047619049 0.8528571428571429 0.11428571428571442 0.865 0.11428571428571442
7 0.8707142857142857 0.09047619047619061 0.8571428571428571 0.09047619047619061 0.8571428571428571 0.11523809523809538 0.8707142857142857 0.11523809523809538
7 0.9771428571428571 0.15904761904761922 0.9578571428571429 0.15904761904761922 0.9578571428571429 0.19047619047619063 0.9771428571428571 0.19047619047619063
7 0.9464285714285714 0.10761904761904778 0.9307142857142857 0.10761904761904778 0.9307142857142857 0.13619047619047636 0.9464285714285714 0.13619047619047636
7 0.8942857142857142 0.11142857142857156 0.8757142857142857 0.11142857142857156 0.8757142857142857 0.1409523809523811 0.8942857142857142 0.1409523809523811
7 0.9014285714285715 0.10952380952380966 0.8835714285714286 0.10952380952380966 0.8835714285714286 0.14000000000000015 0.9014285714285715 0.14000000000000015
7 0.8964285714285715 0.09047619047619061 0.88 0.09047619047619061 0.88 0.11904761904761918 0.8964285714285715 0.11904761904761918
7 0.9007142857142857 0.08190476190476204 0.8835714285714286 0.08190476190476204 0.8835714285714286 0.11523809523809538 0.9007142857142857 0.11523809523809538
7 0.8907142857142857 0.06952380952380965 0.8742857142857143 0.06952380952380965 0.8742857142857143 0.09523809523809537 0.8907142857142857 0.09523809523809537
7 0.8957142857142857 0.05809523809523824 0.8778571428571429 0.05809523809523824 0.8778571428571429 0.09047619047619061 0.8957142857142857 0.09047619047619061
7 0.9328571428571428 0.11047619047619064 0.9164285714285715 0.11047619047619064 0.9164285714285715 0.14000000000000015 0.9328571428571428 0.14000000000000015
7 0.9328571428571428 0.10285714285714302 0.9171428571428571 0.10285714285714302 0.9171428571428571 0.13714285714285732 0.9328571428571428 0.13714285714285732
7 0.9235714285714286 0.10000000000000014 0.9057142857142857 0.10000000000000013 0.9057142857142857 0.12952380952380968 0.9235714285714286 0.12952380952380968
7 0.9242857142857143 0.07619047619047634 0.9035714285714286 0.07619047619047632 0.9035714285714286 0.10476190476190492 0.9242857142857143 0.10476190476190493
7 0.9264285714285714 0.06952380952380967 0.9114285714285715 0.06952380952380965 0.9114285714285715 0.09904761904761919 0.9264285714285714 0.0990476190476192
7 0.9378571428571428 0.059047619047619196 0.92 0.059047619047619196 0.92 0.08761904761904778 0.9378571428571428 0.08761904761904778
7 0.9407142857142857 0.05142857142857158 0.9235714285714286 0.05142857142857158 0.9235714285714286 0.08380952380952397 0.9407142857142857 0.08380952380952397
7 0.9271428571428572 0.03714285714285729 0.9078571428571428 0.03714285714285729 0.9078571428571428 0.06666666666666682 0.9271428571428572 0.06666666666666683
7 0.9321428571428572 0.03238095238095253 0.9135714285714286 0.03238095238095253 0.9135714285714286 0.06380952380952397 0.9321428571428572 0.06380952380952397
5 0.9135714285714286 0.022857142857143006 0.8921428571428571 0.022857142857143006 0.8921428571428571 0.050476190476190626 0.9135714285714286 0.050476190476190626
8 0.9057142857142857 0.021904761904762055 0.8964285714285715 0.021904761904762055 0.8964285714285715 0.04476190476190491 0.9057142857142857 0.04476190476190491
8 0.9107142857142857 0.021904761904762055 0.9 0.021904761904762055 0.9 0.04761904761904777 0.9107142857142857 0.04761904761904777
7 0.99 0.15428571428571444 0.9714285714285714 0.15428571428571444 0.9714285714285714 0.18380952380952398 0.99 0.18380952380952398
7 0.8928571428571429 0.1571428571428573 0.8785714285714286 0.1571428571428573 0.8785714285714286 0.18952380952380968 0.8928571428571429 0.18952380952380968