10 0.5278571428571428 0.4523809523809525 0.5114285714285715 0.4523809523809525 0.5114285714285715 0.4800000000000001 0.5278571428571428 0.4800000000000001
10 0.4685714285714286 0.32666666666666677 0.45571428571428574 0.32666666666666677 0.45571428571428574 0.3476190476190477 0.4685714285714286 0.3476190476190477
10 0.44357142857142856 0.2866666666666668 0.42642857142857143 0.2866666666666668 0.42642857142857143 0.31142857142857155 0.44357142857142856 0.31142857142857155
10 0.405 0.24000000000000005 0.385 0.24000000000000005 0.385 0.2666666666666668 0.405 0.2666666666666668
10 0.37214285714285716 0.20857142857142863 0.36214285714285716 0.20857142857142863 0.36214285714285716 0.22571428571428576 0.37214285714285716 0.22571428571428576
10 0.365 0.1990476190476191 0.3585714285714286 0.1990476190476191 0.3585714285714286 0.21523809523809528 0.365 0.21523809523809528
3 0.9692857142857143 0.6133333333333335 0.9342857142857143 0.6133333333333335 0.9342857142857143 0.6380952380952383 0.9692857142857143 0.6380952380952383
3 0.9485714285714286 0.5952380952380955 0.9114285714285715 0.5952380952380955 0.9114285714285715 0.6180952380952384 0.9485714285714286 0.6180952380952384
3 0.9328571428571428 0.5742857142857145 0.9007142857142857 0.5742857142857145 0.9007142857142857 0.5961904761904764 0.9328571428571428 0.5961904761904764
3 0.8892857142857142 0.5323809523809526 0.8628571428571429 0.5323809523809526 0.8628571428571429 0.5571428571428574 0.8892857142857142 0.5571428571428574
3 0.8471428571428572 0.4780952380952382 0.8307142857142857 0.4780952380952382 0.8307142857142857 0.5019047619047621 0.8471428571428572 0.5019047619047621
3 0.8592857142857143 0.4980952380952383 0.845 0.4980952380952383 0.845 0.5200000000000002 0.8592857142857143 0.5200000000000002
10 0.89 0.6380952380952383 0.7678571428571429 0.6380952380952383 0.7678571428571429 0.7419047619047621 0.89 0.7419047619047621
10 1 0.6742857142857145 0.9171428571428571 0.6742857142857145 0.9171428571428571 0.7866666666666668 1 0.7866666666666668
2 0.5978571428571429 0.5742857142857143 0.5592857142857143 0.5742857142857143 0.5592857142857143 0.6533333333333333 0.5978571428571429 0.6533333333333333
2 0.49142857142857144 0.5133333333333333 0.46785714285714286 0.5133333333333333 0.46785714285714286 0.579047619047619 0.49142857142857144 0.579047619047619
3 0.3064285714285715 0.46476190476190476 0.2950000000000001 0.46476190476190476 0.2950000000000001 0.4828571428571429 0.3064285714285715 0.4828571428571429
3 0.2900000000000001 0.4657142857142857 0.27714285714285725 0.4657142857142857 0.27714285714285725 0.48857142857142855 0.2900000000000001 0.48857142857142855
3 0.295 0.3219047619047619 0.2785714285714286 0.3219047619047619 0.2785714285714286 0.3342857142857143 0.295 0.3342857142857143
3 0.29428571428571426 0.3047619047619048 0.2785714285714286 0.3047619047619048 0.2785714285714286 0.31142857142857144 0.29428571428571426 0.31142857142857144
3 0.2907142857142857 0.2980952380952381 0.2742857142857143 0.2980952380952381 0.2742857142857143 0.30666666666666664 0.2907142857142857 0.30666666666666664
3 0.28714285714285714 0.26857142857142857 0.27214285714285713 0.26857142857142857 0.27214285714285713 0.2761904761904762 0.28714285714285714 0.2761904761904762
3 0.2907142857142857 0.2742857142857143 0.2742857142857143 0.2742857142857143 0.2742857142857143 0.28095238095238095 0.2907142857142857 0.28095238095238095
3 0.2892857142857143 0.2761904761904762 0.2757142857142857 0.2761904761904762 0.2757142857142857 0.28285714285714286 0.2892857142857143 0.28285714285714286
3 0.2914285714285714 0.28095238095238095 0.2764285714285714 0.28095238095238095 0.2764285714285714 0.2895238095238095 0.2914285714285714 0.2895238095238095
3 0.29428571428571426 0.30952380952380953 0.2764285714285714 0.30952380952380953 0.2764285714285714 0.32 0.29428571428571426 0.32
3 0.2592857142857143 0.29333333333333333 0.2507142857142857 0.29333333333333333 0.2507142857142857 0.3028571428571429 0.2592857142857143 0.3028571428571429
3 0.2742857142857143 0.2352380952380953 0.26071428571428573 0.2352380952380953 0.26071428571428573 0.24190476190476196 0.2742857142857143 0.24190476190476196
3 0.345 0.21809523809523815 0.34 0.21809523809523815 0.34 0.22380952380952387 0.345 0.22380952380952387
3 0.37785714285714284 0.22761904761904767 0.37214285714285716 0.22761904761904767 0.37214285714285716 0.23428571428571435 0.37785714285714284 0.23428571428571435
3 0.3921428571428571 0.18761904761904769 0.38785714285714284 0.18761904761904769 0.38785714285714284 0.19238095238095243 0.3921428571428571 0.19238095238095243
6 0.38857142857142857 0.1733333333333334 0.3807142857142857 0.1733333333333334 0.3807142857142857 0.18571428571428578 0.38857142857142857 0.18571428571428578
3 0.5257142857142857 0.4180952380952382 0.5114285714285715 0.4180952380952382 0.5114285714285715 0.43333333333333346 0.5257142857142857 0.43333333333333346
5 0.5842857142857143 0.5314285714285715 0.5785714285714286 0.5314285714285715 0.5785714285714286 0.5457142857142857 0.5842857142857143 0.5457142857142857
8 0.5828571428571429 0.5295238095238095 0.5792857142857143 0.5295238095238095 0.5792857142857143 0.5428571428571428 0.5828571428571429 0.5428571428571428
10 0.6807142857142857 0.38666666666666677 0.6392857142857142 0.38666666666666677 0.6392857142857142 0.4161904761904763 0.6807142857142857 0.4161904761904763
3 0.8135714285714286 0.441904761904762 0.7978571428571428 0.441904761904762 0.7978571428571428 0.4580952380952382 0.8135714285714286 0.4580952380952382