3 0.5635714285714286 0.5885714285714285 0.5014285714285714 0.5885714285714285 0.5014285714285714 0.6495238095238095 0.5635714285714286 0.6495238095238095
3 0.5535714285714286 0.44285714285714295 0.49785714285714283 0.44285714285714295 0.49785714285714283 0.47714285714285726 0.5535714285714286 0.47714285714285726
3 0.6342857142857142 0.40285714285714297 0.5785714285714286 0.40285714285714297 0.5785714285714286 0.4371428571428573 0.6342857142857142 0.4371428571428573
3 0.6507142857142857 0.3561904761904763 0.6021428571428571 0.3561904761904763 0.6021428571428571 0.38666666666666677 0.6507142857142857 0.38666666666666677
3 0.6128571428571429 0.34285714285714297 0.5642857142857143 0.34285714285714297 0.5642857142857143 0.37333333333333346 0.6128571428571429 0.37333333333333346
3 0.09928571428571432 0.37047619047619046 0.06500000000000004 0.37047619047619046 0.06500000000000004 0.4076190476190476 0.09928571428571432 0.4076190476190476
3 0.06928571428571433 0.38666666666666666 0.032142857142857174 0.38666666666666666 0.03214285714285718 0.4238095238095238 0.06928571428571433 0.4238095238095238
3 0.037857142857142895 0.3638095238095238 0.006428571428571461 0.3638095238095238 0.006428571428571463 0.3952380952380952 0.037857142857142895 0.3952380952380952
3 0.038571428571428604 0.3238095238095238 0.003571428571428601 0.3238095238095238 0.0035714285714286025 0.35619047619047617 0.038571428571428604 0.35619047619047617
3 0.07142857142857147 0.35333333333333333 0.040714285714285744 0.35333333333333333 0.040714285714285744 0.38 0.07142857142857147 0.38
3 0.7057142857142857 0.3476190476190477 0.6628571428571428 0.3476190476190477 0.6628571428571428 0.37523809523809537 0.7057142857142857 0.37523809523809537
3 0.77 0.34095238095238106 0.725 0.34095238095238106 0.725 0.37047619047619057 0.77 0.37047619047619057
3 0.8471428571428572 0.3285714285714287 0.8021428571428572 0.3285714285714287 0.8021428571428572 0.3580952380952382 0.8471428571428572 0.3580952380952382
3 0.8985714285714286 0.32380952380952394 0.8557142857142858 0.32380952380952394 0.8557142857142858 0.3476190476190477 0.8985714285714286 0.3476190476190477
3 0.9942857142857143 0.31047619047619057 0.9471428571428572 0.31047619047619057 0.9471428571428572 0.33904761904761915 0.9942857142857143 0.33904761904761915
3 0.9535714285714286 0.29333333333333345 0.9135714285714286 0.29333333333333345 0.9135714285714286 0.32380952380952394 0.9535714285714286 0.32380952380952394
3 0.895 0.3038095238095239 0.8492857142857143 0.3038095238095239 0.8492857142857143 0.3333333333333334 0.895 0.3333333333333334
3 0.8421428571428572 0.3123809523809525 0.7978571428571428 0.3123809523809525 0.7978571428571428 0.34095238095238106 0.8421428571428572 0.34095238095238106
3 0.7942857142857143 0.3171428571428572 0.7514285714285714 0.3171428571428572 0.7514285714285714 0.3476190476190477 0.7942857142857143 0.3476190476190477
3 0.7307142857142858 0.32380952380952394 0.6864285714285714 0.32380952380952394 0.6864285714285714 0.3523809523809525 0.7307142857142858 0.3523809523809525
3 0.6671428571428571 0.33523809523809533 0.6257142857142857 0.33523809523809533 0.6257142857142857 0.361904761904762 0.6671428571428571 0.361904761904762
3 0.8414285714285714 0.8066666666666669 0.7435714285714285 0.8066666666666669 0.7435714285714285 0.9057142857142859 0.8414285714285714 0.9057142857142859
3 0.8692857142857143 0.7685714285714288 0.7692857142857142 0.7685714285714288 0.7692857142857142 0.864761904761905 0.8692857142857143 0.864761904761905
3 0.9971428571428571 0.863809523809524 0.9121428571428571 0.863809523809524 0.9121428571428571 0.9685714285714287 0.9971428571428571 0.9685714285714287
3 0.9907142857142858 0.9276190476190478 0.9007142857142857 0.9276190476190478 0.9007142857142857 1 0.9907142857142858 1
3 0.7671428571428571 0.3895238095238096 0.7271428571428571 0.3895238095238096 0.7271428571428571 0.4247619047619049 0.7671428571428571 0.4247619047619049
11 1 0.2895238095238097 0.9642857142857143 0.2895238095238096 0.9642857142857143 0.3200000000000002 1 0.32000000000000023
5 0.8092857142857143 0.6580952380952383 0.7764285714285715 0.6580952380952383 0.7764285714285715 0.6876190476190478 0.8092857142857143 0.6876190476190478
5 0.7285714285714285 0.6485714285714288 0.6978571428571428 0.6485714285714288 0.6978571428571428 0.6742857142857145 0.7285714285714285 0.6742857142857145
5 0.8671428571428571 0.6580952380952383 0.8364285714285714 0.6580952380952383 0.8364285714285714 0.6857142857142859 0.8671428571428571 0.6857142857142859
5 0.8485714285714285 0.624761904761905 0.8228571428571428 0.624761904761905 0.8228571428571428 0.6504761904761907 0.8485714285714285 0.6504761904761907
5 0.8985714285714286 0.764761904761905 0.8628571428571429 0.764761904761905 0.8628571428571429 0.8057142857142859 0.8985714285714286 0.8057142857142859
8 0.7271428571428571 0.6400000000000002 0.7135714285714285 0.6400000000000002 0.7135714285714285 0.6666666666666669 0.7271428571428571 0.6666666666666669
8 0.8028571428571428 0.6466666666666668 0.7864285714285715 0.6466666666666668 0.7864285714285715 0.6790476190476192 0.8028571428571428 0.6790476190476192
8 0.8492857142857143 0.6161904761904764 0.8328571428571429 0.6161904761904764 0.8328571428571429 0.6419047619047621 0.8492857142857143 0.6419047619047621
8 0.8621428571428571 0.6495238095238097 0.8492857142857143 0.6495238095238097 0.8492857142857143 0.6742857142857145 0.8621428571428571 0.6742857142857145
8 0.8692857142857143 0.6523809523809526 0.8535714285714285 0.6523809523809526 0.8535714285714285 0.6819047619047621 0.8692857142857143 0.6819047619047621
8 0.8964285714285715 0.7542857142857144 0.8771428571428571 0.7542857142857144 0.8771428571428571 0.7971428571428574 0.8964285714285715 0.7971428571428574
4 0.06214285714285718 0.46 0.04214285714285718 0.46 0.04214285714285718 0.49523809523809526 0.06214285714285718 0.49523809523809526
4 0.5242857142857142 0.32095238095238104 0.51 0.32095238095238104 0.51 0.3380952380952382 0.5242857142857142 0.3380952380952382
3 0.23857142857142857 0.2571428571428571 0.20285714285714285 0.2571428571428571 0.20285714285714285 0.28476190476190477 0.23857142857142857 0.28476190476190477
3 0.2007142857142857 0.19904761904761908 0.165 0.19904761904761906 0.165 0.23142857142857146 0.2007142857142857 0.23142857142857148