3 0.49928571428571444 0.9552380952380952 0.4771428571428573 0.9552380952380952 0.4771428571428573 1 0.49928571428571444 1
3 0.6050000000000002 0.9676190476190476 0.5842857142857144 0.9676190476190476 0.5842857142857144 1 0.6050000000000002 1
3 0.5971428571428572 0.8304761904761905 0.5742857142857143 0.8304761904761905 0.5742857142857144 0.8971428571428571 0.5971428571428573 0.8971428571428571
3 0.5692857142857143 0.24571428571428583 0.5442857142857143 0.24571428571428583 0.5442857142857143 0.31904761904761914 0.5692857142857143 0.31904761904761914
3 0.4664285714285714 0.27523809523809534 0.44142857142857145 0.27523809523809534 0.44142857142857145 0.3504761904761906 0.4664285714285714 0.3504761904761906
3 0.46214285714285713 0.18380952380952387 0.435 0.18380952380952387 0.435 0.2600000000000001 0.46214285714285713 0.2600000000000001
3 0.5614285714285714 0.16666666666666677 0.5378571428571428 0.16666666666666677 0.5378571428571428 0.2361904761904763 0.5614285714285714 0.2361904761904763
3 0.45357142857142857 0.10285714285714294 0.42714285714285716 0.10285714285714294 0.42714285714285716 0.1790476190476191 0.45357142857142857 0.1790476190476191
3 0.565 0.09523809523809532 0.5407142857142857 0.09523809523809532 0.5407142857142857 0.16476190476190486 0.565 0.16476190476190486
3 0.5578571428571428 8.934089982351166e-17 0.5364285714285715 8.759140439615831e-17 0.5364285714285715 0.058095238095238186 0.5578571428571428 0.05809523809523819
10 0.6014285714285714 0.7228571428571429 0.5685714285714286 0.7228571428571429 0.5685714285714286 0.8295238095238096 0.6014285714285714 0.8295238095238096
10 0.5957142857142858 0.621904761904762 0.5664285714285714 0.621904761904762 0.5664285714285714 0.7171428571428572 0.5957142857142858 0.7171428571428572
10 0.3942857142857143 0.04857142857142863 0.33071428571428574 0.048571428571428626 0.33071428571428574 0.09047619047619053 0.3942857142857143 0.09047619047619053
11 0.5792857142857143 0.4485714285714287 0.5528571428571428 0.4485714285714287 0.5528571428571428 0.5276190476190477 0.5792857142857143 0.5276190476190477
11 0.5764285714285714 0.3466666666666668 0.5514285714285714 0.3466666666666668 0.5514285714285714 0.422857142857143 0.5764285714285714 0.422857142857143
5 0.4228571428571429 0.006666666666666735 0.4014285714285714 0.006666666666666733 0.4014285714285714 0.03142857142857149 0.4228571428571429 0.03142857142857149
5 0.38857142857142857 0.02285714285714292 0.3692857142857143 0.02285714285714292 0.3692857142857143 0.04476190476190482 0.38857142857142857 0.04476190476190483
5 0.36214285714285716 0.014285714285714343 0.3442857142857143 0.014285714285714343 0.3442857142857143 0.040000000000000056 0.36214285714285716 0.040000000000000056
5 0.39785714285714285 6.373995006990747e-17 0.38285714285714284 6.251530327076012e-17 0.38285714285714284 0.014285714285714348 0.39785714285714285 0.01428571428571435
5 0.5992857142857144 0.9066666666666666 0.5778571428571431 0.9066666666666666 0.5778571428571431 0.9247619047619048 0.5992857142857144 0.9247619047619048
5 0.6000000000000002 0.9314285714285714 0.5778571428571431 0.9314285714285714 0.5778571428571431 0.9476190476190476 0.6000000000000002 0.9476190476190476
5 0.6071428571428573 0.9495238095238095 0.5828571428571431 0.9495238095238095 0.5828571428571431 0.9733333333333334 0.6071428571428573 0.9733333333333334
7 0.4057142857142857 0.13238095238095243 0.39714285714285713 0.13238095238095243 0.39714285714285713 0.15047619047619054 0.4057142857142857 0.15047619047619054
7 0.4035714285714286 0.1190476190476191 0.39571428571428574 0.1190476190476191 0.39571428571428574 0.13809523809523816 0.4035714285714286 0.13809523809523816
8 0.3607142857142857 0.0171428571428572 0.3492857142857143 0.017142857142857196 0.3492857142857143 0.0390476190476191 0.3607142857142857 0.0390476190476191
8 0.38285714285714284 0.02285714285714292 0.3707142857142857 0.02285714285714292 0.3707142857142857 0.04000000000000006 0.38285714285714284 0.04000000000000007
8 0.4157142857142857 0.009523809523809592 0.4064285714285714 0.009523809523809592 0.4064285714285714 0.026666666666666734 0.4157142857142857 0.026666666666666734