3 0.5978571428571429 0.3980952380952382 0.5464285714285714 0.3980952380952382 0.5464285714285714 0.5142857142857142 0.5978571428571429 0.5142857142857142
3 0.48857142857142855 0.2761904761904763 0.445 0.2761904761904763 0.445 0.3600000000000001 0.48857142857142855 0.3600000000000001
3 0.4235714285714286 0.18190476190476196 0.3892857142857143 0.18190476190476196 0.3892857142857143 0.2504761904761906 0.4235714285714286 0.2504761904761906
3 0.4928571428571429 0.19428571428571434 0.4564285714285714 0.19428571428571434 0.4564285714285714 0.26571428571428585 0.4928571428571429 0.26571428571428585
3 0.6042857142857143 0.1723809523809525 0.5557142857142857 0.1723809523809525 0.5557142857142857 0.2542857142857144 0.6042857142857143 0.2542857142857144
3 0.6585714285714286 0.17142857142857154 0.6085714285714285 0.17142857142857154 0.6085714285714285 0.25904761904761914 0.6585714285714286 0.25904761904761914
3 0.7642857142857142 0.18285714285714297 0.7071428571428572 0.18285714285714297 0.7071428571428572 0.2676190476190477 0.7642857142857142 0.2676190476190477
3 0.735 0.3780952380952382 0.6692857142857143 0.3780952380952382 0.6692857142857143 0.4961904761904764 0.735 0.4961904761904764
3 0.8 0.36476190476190484 0.7314285714285714 0.36476190476190484 0.7314285714285714 0.4847619047619049 0.8 0.4847619047619049
3 0.73 0.30857142857142866 0.6228571428571429 0.30857142857142866 0.6228571428571429 0.37523809523809537 0.73 0.37523809523809537
3 0.8621428571428571 0.3123809523809525 0.7628571428571429 0.3123809523809525 0.7628571428571429 0.37047619047619057 0.8621428571428571 0.37047619047619057
3 0.8835714285714286 0.24571428571428583 0.7914285714285715 0.24571428571428583 0.7914285714285715 0.30857142857142866 0.8835714285714286 0.30857142857142866
3 0.4928571428571429 0.11142857142857152 0.4521428571428571 0.11142857142857152 0.4521428571428571 0.18761904761904769 0.4928571428571429 0.18761904761904769
3 0.42142857142857143 0.11238095238095244 0.3892857142857143 0.11238095238095243 0.3892857142857143 0.17428571428571435 0.42142857142857143 0.17428571428571435
3 0.8742857142857143 0.3761904761904763 0.7878571428571428 0.3761904761904763 0.7878571428571428 0.5057142857142859 0.8742857142857143 0.5057142857142859
3 0.9257142857142857 0.37142857142857155 0.845 0.37142857142857155 0.845 0.5028571428571431 0.9257142857142857 0.5028571428571431
3 0.9828571428571429 0.3580952380952382 0.8978571428571429 0.3580952380952382 0.8978571428571429 0.48857142857142877 0.9828571428571429 0.48857142857142877
3 0.4185714285714286 0.0533333333333334 0.38642857142857145 0.0533333333333334 0.38642857142857145 0.11047619047619055 0.4185714285714286 0.11047619047619056
3 0.6221428571428571 0.13047619047619058 0.55 0.13047619047619058 0.55 0.18571428571428583 0.6221428571428571 0.18571428571428583
11 0.6321428571428571 0.10095238095238104 0.5435714285714286 0.10095238095238103 0.5435714285714286 0.1542857142857144 0.6321428571428571 0.1542857142857144
3 0.6157142857142858 0.07619047619047628 0.5428571428571428 0.07619047619047627 0.5428571428571428 0.12190476190476202 0.6157142857142858 0.12190476190476202
3 0.49142857142857144 0.049523809523809595 0.45285714285714285 0.049523809523809595 0.45285714285714285 0.1076190476190477 0.49142857142857144 0.1076190476190477
3 0.5857142857142857 0.01238095238095247 0.5235714285714286 0.012380952380952466 0.5235714285714286 0.054285714285714375 0.5857142857142857 0.05428571428571438
3 0.5771428571428572 8.934089982351166e-17 0.5171428571428571 8.444231262692226e-17 0.5171428571428571 0.027619047619047706 0.5771428571428572 0.027619047619047713
3 1 0.35809523809523824 0.9564285714285714 0.3580952380952382 0.9564285714285714 0.46761904761904777 1 0.4676190476190478
8 0.8864285714285715 0.7552380952380955 0.8542857142857143 0.7552380952380955 0.8542857142857143 0.7990476190476192 0.8864285714285715 0.7990476190476192
8 0.5714285714285714 0.6752380952380952 0.5464285714285714 0.6752380952380952 0.5464285714285714 0.7257142857142858 0.5714285714285714 0.7257142857142858
5 0.5807142857142857 0.6666666666666666 0.545 0.6666666666666666 0.545 0.7495238095238095 0.5807142857142857 0.7495238095238095
1 0.8914285714285715 0.763809523809524 0.8342857142857143 0.763809523809524 0.8342857142857143 0.8019047619047621 0.8914285714285715 0.8019047619047621
1 0.42714285714285716 0.6114285714285714 0.375 0.6114285714285714 0.375 0.6361904761904762 0.42714285714285716 0.6361904761904762
7 0.1585714285714286 0.33714285714285713 0.13071428571428576 0.33714285714285713 0.13071428571428576 0.38666666666666666 0.1585714285714286 0.38666666666666666
7 0.13642857142857148 0.5980952380952381 0.09785714285714289 0.5980952380952381 0.09785714285714289 0.638095238095238 0.13642857142857148 0.638095238095238
7 0.1328571428571429 0.5866666666666667 0.1078571428571429 0.5866666666666667 0.1078571428571429 0.6314285714285715 0.1328571428571429 0.6314285714285715
7 0.45571428571428574 0.5514285714285714 0.43642857142857144 0.5514285714285714 0.43642857142857144 0.6028571428571429 0.45571428571428574 0.6028571428571429
7 0.4092857142857143 0.6 0.3871428571428571 0.6 0.3871428571428571 0.6485714285714286 0.4092857142857143 0.6485714285714286
7 0.5828571428571429 0.66 0.5607142857142857 0.66 0.5607142857142857 0.6971428571428572 0.5828571428571429 0.6971428571428572
7 0.5478571428571428 0.5571428571428572 0.5328571428571428 0.5571428571428572 0.5328571428571428 0.6104761904761905 0.5478571428571428 0.6104761904761905
7 0.6592857142857143 0.5761904761904761 0.6357142857142857 0.5761904761904761 0.6357142857142857 0.6304761904761905 0.6592857142857143 0.6304761904761905
7 0.62 0.6323809523809524 0.6021428571428571 0.6323809523809524 0.6021428571428571 0.6780952380952381 0.62 0.6780952380952381
7 0.7014285714285714 0.5685714285714288 0.6785714285714286 0.5685714285714288 0.6785714285714286 0.6142857142857145 0.7014285714285714 0.6142857142857145
7 0.7078571428571429 0.4971428571428574 0.6885714285714286 0.4971428571428574 0.6885714285714286 0.5409523809523812 0.7078571428571429 0.5409523809523812
7 0.8221428571428572 0.5371428571428574 0.7957142857142857 0.5371428571428574 0.7957142857142857 0.5895238095238098 0.8221428571428572 0.5895238095238098
1 0.9792857142857143 0.29714285714285726 0.95 0.29714285714285726 0.95 0.3304761904761906 0.9792857142857143 0.3304761904761906