3 0.1407142857142858 0.758095238095238 0.11785714285714294 0.758095238095238 0.11785714285714294 0.7790476190476191 0.1407142857142858 0.7790476190476191
3 0.23642857142857152 0.7038095238095238 0.21214285714285722 0.7038095238095238 0.21214285714285722 0.7161904761904762 0.23642857142857152 0.7161904761904762
3 0.24000000000000007 0.7 0.21928571428571436 0.7 0.21928571428571436 0.7095238095238096 0.24000000000000007 0.7095238095238096
3 0.2657142857142858 0.6733333333333333 0.24428571428571436 0.6733333333333333 0.24428571428571436 0.6828571428571428 0.2657142857142858 0.6828571428571428
3 0.2778571428571429 0.6666666666666666 0.25357142857142867 0.6666666666666666 0.25357142857142867 0.6761904761904762 0.2778571428571429 0.6761904761904762
3 0.27714285714285725 0.6628571428571428 0.2542857142857144 0.6628571428571428 0.2542857142857144 0.6704761904761904 0.27714285714285725 0.6704761904761904
3 0.27857142857142864 0.66 0.2564285714285715 0.66 0.2564285714285715 0.6666666666666666 0.27857142857142864 0.6666666666666666
3 0.2800000000000001 0.6552380952380953 0.26285714285714296 0.6552380952380953 0.26285714285714296 0.6647619047619048 0.2800000000000001 0.6647619047619048
3 0.28357142857142864 0.6533333333333333 0.26785714285714296 0.6533333333333333 0.26785714285714296 0.66 0.28357142857142864 0.66
2 0.29142857142857154 0.6419047619047619 0.26785714285714296 0.6419047619047619 0.26785714285714296 0.6561904761904762 0.29142857142857154 0.6561904761904762
7 0.26214285714285723 0.6457142857142857 0.26000000000000006 0.6457142857142857 0.26000000000000006 0.6542857142857142 0.26214285714285723 0.6542857142857142
7 0.26000000000000006 0.6438095238095238 0.2585714285714287 0.6438095238095238 0.2585714285714287 0.6523809523809524 0.26000000000000006 0.6523809523809524
3 0.25928571428571434 0.6466666666666666 0.25285714285714295 0.6466666666666666 0.25285714285714295 0.6580952380952381 0.25928571428571434 0.6580952380952381
3 0.28857142857142865 0.6352380952380953 0.2707142857142858 0.6352380952380953 0.2707142857142858 0.6457142857142857 0.28857142857142865 0.6457142857142857
3 0.29142857142857154 0.6323809523809524 0.2778571428571429 0.6323809523809524 0.2778571428571429 0.64 0.29142857142857154 0.64
3 0.2907142857142858 0.6295238095238095 0.2800000000000001 0.6295238095238095 0.2800000000000001 0.6361904761904762 0.2907142857142858 0.6361904761904762
3 0.2921428571428572 0.6276190476190476 0.2800000000000001 0.6276190476190476 0.2800000000000001 0.6352380952380953 0.2921428571428572 0.6352380952380953
3 0.30571428571428577 0.6266666666666667 0.28928571428571437 0.6266666666666667 0.28928571428571437 0.6352380952380953 0.30571428571428577 0.6352380952380953
3 0.29857142857142865 0.6228571428571429 0.2878571428571429 0.6228571428571429 0.2878571428571429 0.6323809523809524 0.29857142857142865 0.6323809523809524
3 0.3064285714285715 0.6180952380952381 0.3007142857142858 0.6180952380952381 0.3007142857142858 0.6266666666666667 0.3064285714285715 0.6266666666666667
3 0.3157142857142858 0.6190476190476191 0.3107142857142858 0.6190476190476191 0.3107142857142858 0.6257142857142857 0.3157142857142858 0.6257142857142857
10 0.2964285714285715 0.6142857142857143 0.2907142857142858 0.6142857142857143 0.2907142857142858 0.6228571428571429 0.2964285714285715 0.6228571428571429
3 0.36642857142857144 0.56 0.36357142857142866 0.56 0.36357142857142866 0.5638095238095238 0.36642857142857144 0.5638095238095238
3 0.3607142857142858 0.5828571428571429 0.3564285714285715 0.5828571428571429 0.3564285714285715 0.5876190476190476 0.3607142857142858 0.5876190476190476
3 0.3507142857142858 0.5419047619047619 0.34857142857142864 0.5419047619047619 0.34857142857142864 0.5438095238095239 0.3507142857142858 0.5438095238095239
3 0.3521428571428572 0.54 0.3500000000000001 0.54 0.3500000000000001 0.5419047619047619 0.3521428571428572 0.5419047619047619
3 0.36357142857142866 0.5552380952380952 0.3614285714285715 0.5552380952380952 0.3614285714285715 0.5571428571428572 0.36357142857142866 0.5571428571428572
3 0.3650000000000001 0.5523809523809524 0.3621428571428572 0.5523809523809524 0.3621428571428572 0.5542857142857143 0.3650000000000001 0.5542857142857143
10 0.36642857142857144 0.6057142857142858 0.3592857142857144 0.6057142857142858 0.3592857142857144 0.6161904761904762 0.36642857142857144 0.6161904761904762
3 0.38571428571428573 0.5961904761904762 0.38 0.5961904761904762 0.38 0.6019047619047619 0.38571428571428573 0.6019047619047619
3 0.39357142857142857 0.6047619047619047 0.38785714285714284 0.6047619047619047 0.38785714285714284 0.6104761904761905 0.39357142857142857 0.6104761904761905
11 0.37 0.6780952380952381 0.36285714285714293 0.6780952380952381 0.36285714285714293 0.6914285714285714 0.37 0.6914285714285714
3 0.4307142857142857 0.6885714285714286 0.42 0.6885714285714286 0.42 0.700952380952381 0.4307142857142857 0.700952380952381
3 0.45071428571428573 0.7314285714285714 0.435 0.7314285714285714 0.435 0.7495238095238095 0.45071428571428573 0.7495238095238095
3 0.48428571428571426 0.7485714285714286 0.46785714285714286 0.7485714285714286 0.46785714285714286 0.7657142857142857 0.48428571428571426 0.7657142857142857
3 0.4592857142857143 0.7761904761904762 0.44142857142857145 0.7761904761904762 0.44142857142857145 0.799047619047619 0.4592857142857143 0.799047619047619
3 0.35357142857142865 0.8266666666666667 0.3378571428571429 0.8266666666666667 0.3378571428571429 0.8590476190476191 0.35357142857142865 0.8590476190476191
3 0.5 0.8152380952380952 0.4785714285714286 0.8152380952380952 0.4785714285714286 0.840952380952381 0.5 0.840952380952381
0 0.3835714285714287 0.8790476190476191 0.3621428571428572 0.8790476190476191 0.3621428571428572 0.9228571428571428 0.38357142857142873 0.9228571428571428
6 0.4650000000000001 0.8628571428571429 0.43214285714285716 0.8628571428571429 0.4321428571428572 0.9447619047619048 0.46500000000000014 0.9447619047619048
3 0.4992857142857144 0.861904761904762 0.4764285714285714 0.861904761904762 0.47642857142857153 0.8942857142857142 0.49928571428571444 0.8942857142857142
3 0.5314285714285715 0.8666666666666667 0.505 0.8666666666666667 0.5050000000000001 0.8990476190476191 0.5314285714285716 0.8990476190476191
10 0.4857142857142859 0.9514285714285714 0.45142857142857157 0.9514285714285714 0.45142857142857157 1 0.4857142857142859 1
10 0.37428571428571444 0.9561904761904761 0.3414285714285715 0.9561904761904761 0.3414285714285715 1 0.37428571428571444 1
7 0.18142857142857152 0.8533333333333334 0.17642857142857152 0.8533333333333334 0.17642857142857152 0.8761904761904762 0.18142857142857152 0.8761904761904762
1 0.657857142857143 0.9771428571428571 0.6400000000000001 0.9771428571428571 0.6400000000000001 0.9952380952380953 0.657857142857143 0.9952380952380953
1 0.6371428571428573 0.9485714285714286 0.6200000000000002 0.9485714285714286 0.6200000000000002 0.9628571428571429 0.6371428571428573 0.9628571428571429
1 0.6307142857142859 0.9428571428571428 0.6164285714285715 0.9428571428571428 0.6164285714285715 0.9580952380952381 0.6307142857142859 0.9580952380952381
3 0.4514285714285714 0.6019047619047619 0.44571428571428573 0.6019047619047619 0.44571428571428573 0.6076190476190476 0.4514285714285714 0.6076190476190476
2 0.4564285714285714 0.5971428571428572 0.44857142857142857 0.5971428571428572 0.44857142857142857 0.6123809523809524 0.4564285714285714 0.6123809523809524
3 0.4657142857142857 0.6066666666666667 0.4564285714285714 0.6066666666666667 0.4564285714285714 0.6133333333333333 0.4657142857142857 0.6133333333333333
3 0.4707142857142857 0.6076190476190476 0.4592857142857143 0.6076190476190476 0.4592857142857143 0.6152380952380953 0.4707142857142857 0.6152380952380953
3 0.48142857142857143 0.6076190476190476 0.4664285714285714 0.6076190476190476 0.4664285714285714 0.6171428571428571 0.48142857142857143 0.6171428571428571
3 0.49714285714285716 0.6161904761904762 0.48857142857142855 0.6161904761904762 0.48857142857142855 0.621904761904762 0.49714285714285716 0.621904761904762
3 0.5042857142857143 0.6171428571428571 0.4942857142857143 0.6171428571428571 0.4942857142857143 0.6228571428571429 0.5042857142857143 0.6228571428571429
3 0.5121428571428571 0.62 0.5007142857142857 0.62 0.5007142857142857 0.6266666666666667 0.5121428571428571 0.6266666666666667
11 0.5221428571428571 0.6180952380952381 0.5078571428571429 0.6180952380952381 0.5078571428571429 0.6295238095238095 0.5221428571428571 0.6295238095238095
11 0.49714285714285716 0.6304761904761905 0.4857142857142857 0.6304761904761905 0.4857142857142857 0.64 0.49714285714285716 0.64
3 0.5028571428571429 0.6352380952380953 0.49357142857142855 0.6352380952380953 0.49357142857142855 0.6438095238095238 0.5028571428571429 0.6438095238095238
3 0.5114285714285715 0.6371428571428571 0.49714285714285716 0.6371428571428571 0.49714285714285716 0.6466666666666666 0.5114285714285715 0.6466666666666666
3 0.5042857142857143 0.6457142857142857 0.4928571428571429 0.6457142857142857 0.4928571428571429 0.6561904761904762 0.5042857142857143 0.6561904761904762
2 0.49 0.6323809523809524 0.4692857142857143 0.6323809523809524 0.4692857142857143 0.6561904761904762 0.49 0.6561904761904762
3 0.5378571428571428 0.6257142857142857 0.5264285714285715 0.6257142857142857 0.5264285714285715 0.6342857142857142 0.5378571428571428 0.6342857142857142
3 0.5478571428571428 0.6285714285714286 0.5371428571428571 0.6285714285714286 0.5371428571428571 0.6352380952380953 0.5478571428571428 0.6352380952380953
3 0.5564285714285714 0.6304761904761905 0.5421428571428571 0.6304761904761905 0.5421428571428571 0.6390476190476191 0.5564285714285714 0.6390476190476191
3 0.5307142857142857 0.6676190476190477 0.5185714285714286 0.6676190476190477 0.5185714285714286 0.6780952380952381 0.5307142857142857 0.6780952380952381
11 0.5564285714285714 0.6533333333333333 0.5364285714285715 0.6533333333333333 0.5364285714285715 0.6676190476190477 0.5564285714285714 0.6676190476190477
11 0.5621428571428572 0.6571428571428571 0.5435714285714286 0.6571428571428571 0.5435714285714286 0.6685714285714286 0.5621428571428572 0.6685714285714286
3 0.5614285714285714 0.6666666666666666 0.5464285714285714 0.6666666666666666 0.5464285714285714 0.6780952380952381 0.5614285714285714 0.6780952380952381
3 0.5692857142857143 0.6676190476190477 0.5542857142857143 0.6676190476190477 0.5542857142857143 0.6780952380952381 0.5692857142857143 0.6780952380952381
3 0.5764285714285714 0.6704761904761904 0.5628571428571428 0.6704761904761904 0.5628571428571428 0.6819047619047619 0.5764285714285714 0.6819047619047619
3 0.5814285714285714 0.6733333333333333 0.5707142857142857 0.6733333333333333 0.5707142857142857 0.6847619047619048 0.5814285714285714 0.6847619047619048
3 0.59 0.6780952380952381 0.5757142857142857 0.6780952380952381 0.5757142857142857 0.6904761904761905 0.59 0.6904761904761905
3 0.6028571428571429 0.6657142857142857 0.5835714285714285 0.6657142857142857 0.5835714285714285 0.68 0.6028571428571429 0.68
3 0.6 0.6780952380952381 0.5842857142857143 0.6780952380952381 0.5842857142857143 0.6904761904761905 0.6 0.6904761904761905
3 0.6128571428571429 0.6819047619047619 0.5957142857142858 0.6819047619047619 0.5957142857142858 0.6942857142857143 0.6128571428571429 0.6942857142857143
3 0.6314285714285715 0.6847619047619048 0.615 0.6847619047619048 0.615 0.6980952380952381 0.6314285714285715 0.6980952380952381
3 0.6421428571428571 0.6904761904761905 0.6285714285714286 0.6904761904761905 0.6285714285714286 0.700952380952381 0.6421428571428571 0.700952380952381
10 0.6585714285714286 0.6847619047619048 0.6385714285714286 0.6847619047619048 0.6385714285714286 0.700952380952381 0.6585714285714286 0.700952380952381
3 0.7292857142857143 0.7095238095238098 0.7107142857142857 0.7095238095238098 0.7107142857142857 0.723809523809524 0.7292857142857143 0.723809523809524
3 0.7471428571428571 0.7133333333333336 0.7285714285714285 0.7133333333333336 0.7285714285714285 0.7266666666666669 0.7471428571428571 0.7266666666666669
3 0.7642857142857142 0.7142857142857145 0.7435714285714285 0.7142857142857145 0.7435714285714285 0.7333333333333335 0.7642857142857142 0.7333333333333335
3 0.7442857142857143 0.7504761904761907 0.7192857142857143 0.7504761904761907 0.7192857142857143 0.7714285714285717 0.7442857142857143 0.7714285714285717
3 0.7228571428571429 0.7466666666666669 0.7 0.7466666666666669 0.7 0.7676190476190479 0.7228571428571429 0.7676190476190479
2 0.7128571428571429 0.7209523809523811 0.6778571428571428 0.7209523809523811 0.6778571428571428 0.7533333333333335 0.7128571428571429 0.7533333333333335
3 0.6807142857142857 0.7304761904761906 0.6585714285714286 0.7304761904761905 0.6585714285714286 0.7504761904761906 0.6807142857142857 0.7504761904761907
3 0.6671428571428571 0.7276190476190477 0.6442857142857142 0.7276190476190476 0.6442857142857142 0.7476190476190477 0.6671428571428571 0.7476190476190478
3 0.6514285714285715 0.7209523809523809 0.6307142857142857 0.7209523809523809 0.6307142857142857 0.7390476190476191 0.6514285714285715 0.7390476190476191
3 0.635 0.7171428571428572 0.6128571428571429 0.7171428571428572 0.6128571428571429 0.7323809523809524 0.635 0.7323809523809524
3 0.79 0.8209523809523812 0.76 0.8209523809523812 0.76 0.8514285714285716 0.79 0.8514285714285716
3 0.8164285714285714 0.824761904761905 0.7907142857142857 0.824761904761905 0.7907142857142857 0.8590476190476193 0.8164285714285714 0.8590476190476193
3 0.6828571428571428 0.8438095238095239 0.6364285714285715 0.8438095238095238 0.6364285714285715 0.8752380952380954 0.6828571428571428 0.8752380952380955
3 0.7007142857142858 0.8695238095238096 0.6585714285714286 0.8695238095238095 0.6585714285714287 0.8990476190476192 0.7007142857142858 0.8990476190476193
3 0.7235714285714288 0.8876190476190479 0.6764285714285716 0.8876190476190479 0.6764285714285716 0.9200000000000003 0.7235714285714288 0.9200000000000003
3 0.745 0.9085714285714288 0.7007142857142858 0.9085714285714288 0.7007142857142858 0.9419047619047621 0.745 0.9419047619047621
3 0.7642857142857142 0.9276190476190478 0.7157142857142859 0.9276190476190478 0.7157142857142859 0.9676190476190478 0.7642857142857142 0.9676190476190478
3 0.8042857142857143 0.9371428571428574 0.7578571428571429 0.9371428571428574 0.7578571428571429 0.98 0.8042857142857143 0.98
3 0.8057142857142857 0.9704761904761907 0.7542857142857143 0.9704761904761907 0.7542857142857143 1 0.8057142857142857 1
11 0.9992857142857143 0.9123809523809526 0.9292857142857143 0.9123809523809526 0.9292857142857143 0.9704761904761907 0.9992857142857143 0.9704761904761907
11 1 0.8161904761904764 0.9821428571428571 0.8161904761904764 0.9821428571428571 0.8466666666666669 1 0.8466666666666669
11 0.9692857142857143 0.802857142857143 0.9471428571428572 0.802857142857143 0.9471428571428572 0.8390476190476193 0.9692857142857143 0.8390476190476193
11 0.9392857142857143 0.7961904761904764 0.915 0.7961904761904764 0.915 0.8304761904761907 0.9392857142857143 0.8304761904761907
11 0.9064285714285715 0.7885714285714288 0.8821428571428571 0.7885714285714288 0.8821428571428571 0.8180952380952383 0.9064285714285715 0.8180952380952383
11 0.8678571428571429 0.7790476190476192 0.8457142857142858 0.7790476190476192 0.8457142857142858 0.8057142857142859 0.8678571428571429 0.8057142857142859