4 0.42 0.054285714285714354 0.4107142857142857 0.054285714285714354 0.4107142857142857 0.0714285714285715 0.42 0.07142857142857151
3 0.425 0.08190476190476198 0.42 0.08190476190476198 0.42 0.0895238095238096 0.425 0.0895238095238096
4 0.42714285714285716 0.09238095238095247 0.42214285714285715 0.09238095238095247 0.42214285714285715 0.10285714285714294 0.42714285714285716 0.10285714285714294
3 0.4357142857142857 0.11904761904761912 0.4328571428571429 0.11904761904761912 0.4328571428571429 0.12476190476190481 0.4357142857142857 0.12476190476190481
3 0.43642857142857144 0.12761904761904766 0.43214285714285716 0.12761904761904766 0.43214285714285716 0.13238095238095243 0.43642857142857144 0.13238095238095243
3 0.43142857142857144 0.10857142857142865 0.42857142857142855 0.10857142857142865 0.42857142857142855 0.11333333333333341 0.43142857142857144 0.11333333333333341
3 0.44857142857142857 0.15238095238095242 0.4442857142857143 0.15238095238095242 0.4442857142857143 0.15809523809523815 0.44857142857142857 0.15809523809523815
3 0.44571428571428573 0.16380952380952388 0.4407142857142857 0.16380952380952388 0.4407142857142857 0.16857142857142862 0.44571428571428573 0.16857142857142862
3 0.44785714285714284 0.17714285714285719 0.44357142857142856 0.17714285714285719 0.44357142857142856 0.180952380952381 0.44785714285714284 0.180952380952381
3 0.44571428571428573 0.16952380952380958 0.4421428571428571 0.16952380952380958 0.4421428571428571 0.1752380952380953 0.44571428571428573 0.1752380952380953
3 0.455 0.17238095238095244 0.45071428571428573 0.17238095238095244 0.45071428571428573 0.17714285714285719 0.455 0.17714285714285719
11 0.48928571428571427 0.3657142857142858 0.47785714285714287 0.3657142857142858 0.47785714285714287 0.38666666666666677 0.48928571428571427 0.38666666666666677
3 0.4657142857142857 0.2390476190476191 0.4585714285714286 0.2390476190476191 0.4585714285714286 0.2504761904761906 0.4657142857142857 0.2504761904761906
3 0.4607142857142857 0.21047619047619054 0.45571428571428574 0.21047619047619054 0.45571428571428574 0.21809523809523815 0.4607142857142857 0.21809523809523815
7 0.5121428571428571 0.2342857142857144 0.5107142857142857 0.2342857142857144 0.5107142857142857 0.23904761904761915 0.5121428571428571 0.23904761904761915
7 0.5528571428571428 0.27714285714285725 0.5507142857142857 0.27714285714285725 0.5507142857142857 0.2847619047619049 0.5528571428571428 0.2847619047619049
3 0.4928571428571429 0.41714285714285726 0.4828571428571429 0.41714285714285726 0.4828571428571429 0.4380952380952382 0.4928571428571429 0.4380952380952382
3 0.515 0.4676190476190477 0.5007142857142857 0.4676190476190477 0.5007142857142857 0.4980952380952381 0.515 0.4980952380952381
3 0.43642857142857144 0.43523809523809537 0.42428571428571427 0.43523809523809537 0.42428571428571427 0.46095238095238106 0.43642857142857144 0.46095238095238106
3 0.5357142857142857 0.5495238095238095 0.5185714285714286 0.5495238095238095 0.5185714285714286 0.5895238095238096 0.5357142857142857 0.5895238095238096
3 0.5335714285714286 0.6209523809523809 0.5157142857142857 0.6209523809523809 0.5157142857142857 0.6780952380952381 0.5335714285714286 0.6780952380952381
3 0.6528571428571429 0.8523809523809524 0.6178571428571429 0.8523809523809524 0.617857142857143 0.9180952380952381 0.652857142857143 0.9180952380952381