8 0.1878914405010439 0.5667903525046383 0.14561586638830903 0.5667903525046383 0.14561586638830903 0.62708719851577 0.1878914405010439 0.62708719851577
5 0.1842379958246347 0.5732838589981447 0.14822546972860132 0.5732838589981447 0.14822546972860132 0.6410018552875696 0.1842379958246347 0.6410018552875696
7 0.30636743215031326 0.8896103896103896 0.28235908141962435 0.8896103896103896 0.28235908141962435 0.9573283858998145 0.30636743215031326 0.9573283858998145
5 0.3272442588726514 0.7411873840445269 0.2687891440501044 0.7411873840445269 0.26878914405010446 0.862708719851577 0.32724425887265146 0.862708719851577
9 0.33716075156576203 0.6038961038961039 0.2646137787056368 0.6038961038961039 0.2646137787056368 0.7115027829313544 0.33716075156576203 0.7115027829313544
7 0.40657620041753656 0.5946196660482375 0.38674321503131526 0.5946196660482375 0.38674321503131526 0.6595547309833024 0.40657620041753656 0.6595547309833024
7 0.40083507306889354 0.5695732838589982 0.3862212943632568 0.5695732838589982 0.3862212943632568 0.6150278293135436 0.40083507306889354 0.6150278293135436
9 0.40396659707724425 0.5148423005565863 0.3559498956158664 0.5148423005565863 0.3559498956158664 0.6150278293135436 0.40396659707724425 0.6150278293135436
9 0.37108559498956156 0.41001855287569583 0.3408141962421712 0.41001855287569583 0.3408141962421712 0.49443413729128016 0.37108559498956156 0.49443413729128016
8 0.38674321503131526 0.41280148423005575 0.3653444676409186 0.41280148423005575 0.3653444676409186 0.4619666048237478 0.38674321503131526 0.4619666048237478
8 0.41388308977035493 0.4294990723562153 0.40187891440501045 0.4294990723562153 0.40187891440501045 0.46103896103896114 0.41388308977035493 0.46103896103896114
7 0.42275574112734865 0.4489795918367348 0.41075156576200417 0.4489795918367348 0.41075156576200417 0.49443413729128016 0.42275574112734865 0.49443413729128016
7 0.4196242171189979 0.42207792207792216 0.4055323590814196 0.42207792207792216 0.4055323590814196 0.48886827458256027 0.4196242171189979 0.48886827458256027
8 0.44467640918580376 0.35528756957328395 0.42849686847599167 0.35528756957328395 0.42849686847599167 0.404452690166976 0.44467640918580376 0.404452690166976
5 0.4451983298538622 0.36178107606679044 0.4279749478079332 0.36178107606679044 0.4279749478079332 0.42207792207792216 0.4451983298538622 0.42207792207792216
5 0.3752609603340292 0.37012987012987025 0.3559498956158664 0.37012987012987025 0.3559498956158664 0.41280148423005575 0.3752609603340292 0.41280148423005575
8 0.41283924843423797 0.3051948051948053 0.3940501043841336 0.3051948051948053 0.3940501043841336 0.35528756957328395 0.41283924843423797 0.35528756957328395
8 0.4232776617954071 0.30333951762523204 0.40866388308977036 0.30333951762523204 0.40866388308977036 0.33487940630797786 0.4232776617954071 0.33487940630797786
0 0.4003131524008351 0.2922077922077923 0.35908141962421714 0.2922077922077923 0.35908141962421714 0.37847866419295 0.4003131524008351 0.37847866419295
8 0.5109603340292276 0.3877551020408164 0.49739039665970775 0.3877551020408164 0.49739039665970775 0.4248608534322821 0.5109603340292276 0.4248608534322821
5 0.5120041753653445 0.38682745825602977 0.49739039665970775 0.38682745825602977 0.49739039665970775 0.4489795918367348 0.5120041753653445 0.4489795918367348
0 0.598643006263048 0.42764378478664206 0.5668058455114823 0.42764378478664206 0.5668058455114823 0.5426716141001857 0.598643006263048 0.5426716141001857
8 0.6116910229645094 0.404452690166976 0.5908141962421712 0.404452690166976 0.5908141962421712 0.44063079777365505 0.6116910229645094 0.44063079777365505
7 0.6085594989561587 0.39981447124304276 0.5944676409185804 0.39981447124304276 0.5944676409185804 0.45732838589981456 0.6085594989561587 0.45732838589981456
11 0.4911273486430063 0.6391465677179964 0.4253653444676409 0.6391465677179963 0.4253653444676409 0.8181818181818182 0.4911273486430063 0.8181818181818183
0 0.6127348643006263 0.8107606679035253 0.5589770354906054 0.8107606679035253 0.5589770354906054 0.9879406307977736 0.6127348643006263 0.9879406307977736
8 0.6581419624217119 0.8126159554730985 0.622651356993737 0.8126159554730985 0.622651356993737 0.8664192949907238 0.6581419624217119 0.8664192949907238
5 0.6565762004175365 0.7987012987012989 0.6304801670146137 0.7987012987012989 0.6304801670146137 0.907235621521336 0.6565762004175365 0.907235621521336
0 0.6049060542797495 0.6604823747680892 0.5735908141962421 0.6604823747680892 0.5735908141962421 0.8042671614100187 0.6049060542797495 0.8042671614100187
5 0.5647181628392485 0.6549165120593694 0.5443632567849687 0.6549165120593694 0.5443632567849687 0.7430426716141004 0.5647181628392485 0.7430426716141004
0 0.5485386221294363 0.5936920222634511 0.5026096033402923 0.5936920222634511 0.5026096033402923 0.7328385899814474 0.5485386221294363 0.7328385899814474
8 0.5334029227557411 0.5463821892393323 0.5151356993736952 0.5463821892393323 0.5151356993736952 0.609461966604824 0.5334029227557411 0.609461966604824
5 0.5443632567849687 0.5640074211502785 0.5041753653444676 0.5640074211502785 0.5041753653444676 0.6205936920222637 0.5443632567849687 0.6205936920222637
0 0.6362212943632568 0.547309833024119 0.593945720250522 0.547309833024119 0.593945720250522 0.6604823747680892 0.6362212943632568 0.6604823747680892
9 0.6821503131524008 0.39610389610389624 0.6278705636743215 0.39610389610389624 0.6278705636743215 0.453617810760668 0.6821503131524008 0.453617810760668
8 0.6889352818371608 0.3144712430426717 0.6821503131524008 0.3144712430426717 0.6821503131524008 0.3404452690166977 0.6889352818371608 0.3404452690166977
7 0.6967640918580376 0.31354359925788505 0.6816283924843424 0.31354359925788505 0.6816283924843424 0.3692022263450836 0.6967640918580376 0.3692022263450836
7 0.69258872651357 0.28664192949907247 0.680062630480167 0.28664192949907247 0.680062630480167 0.33209647495361794 0.69258872651357 0.33209647495361794
7 0.6774530271398748 0.2727272727272728 0.6659707724425887 0.2727272727272728 0.6659707724425887 0.32560296846011144 0.6774530271398748 0.32560296846011144
9 0.7103340292275574 0.26901669758812624 0.6868475991649269 0.26901669758812624 0.6868475991649269 0.32931354359925796 0.7103340292275574 0.32931354359925796
3 0.6195198329853863 0.2031539888682747 0.5897703549060542 0.20315398886827468 0.5897703549060542 0.27736549165120605 0.6195198329853863 0.27736549165120605
7 0.5835073068893528 0.19573283858998156 0.5730688935281837 0.19573283858998156 0.5730688935281837 0.24397031539888694 0.5835073068893528 0.24397031539888694
7 0.5782881002087683 0.2300556586270873 0.5694154488517745 0.2300556586270873 0.5694154488517745 0.2653061224489797 0.5782881002087683 0.2653061224489797
8 0.5735908141962421 0.23840445269016708 0.5636743215031316 0.23840445269016708 0.5636743215031316 0.28478664192949915 0.5735908141962421 0.28478664192949915
9 0.5762004175365344 0.23098330241187395 0.5568893528183716 0.23098330241187395 0.5568893528183716 0.29962894248608546 0.5762004175365344 0.29962894248608546
10 0.6550104384133612 0.03988868274582574 0.5855949895615866 0.039888682745825736 0.5855949895615866 0.21057513914656786 0.6550104384133612 0.21057513914656786
8 0.5631524008350731 0.11966604823747691 0.552713987473904 0.11966604823747691 0.552713987473904 0.15213358070500937 0.5631524008350731 0.15213358070500937
5 0.5615866388308977 0.11502782931354373 0.5506263048016702 0.11502782931354373 0.5506263048016702 0.16048237476808916 0.5615866388308977 0.16048237476808916
5 0.4838204592901879 0.23191094619666058 0.4697286012526096 0.23191094619666058 0.4697286012526096 0.2764378478664194 0.4838204592901879 0.2764378478664194
8 0.482776617954071 0.21614100185528767 0.4692066805845512 0.21614100185528767 0.4692066805845512 0.2560296846011133 0.482776617954071 0.2560296846011133
7 0.44572025052192066 0.1948051948051949 0.4321503131524008 0.1948051948051949 0.4321503131524008 0.2476808905380335 0.44572025052192066 0.2476808905380335
7 0.43162839248434237 0.18645640074211514 0.4222338204592902 0.18645640074211514 0.4222338204592902 0.23747680890538045 0.43162839248434237 0.23747680890538045
8 0.4629436325678497 0.19109461966604835 0.44676409185803756 0.19109461966604835 0.44676409185803756 0.22727272727272738 0.4629436325678497 0.22727272727272738
9 0.471294363256785 0.18460111317254185 0.44780793319415446 0.18460111317254185 0.44780793319415446 0.24211502782931366 0.471294363256785 0.24211502782931366
3 0.5036534446764092 0.0751391465677181 0.46555323590814196 0.0751391465677181 0.46555323590814196 0.14378478664192962 0.5036534446764092 0.14378478664192962
7 0.5553235908141962 1.1990859893321257e-16 0.5464509394572025 1.1894296834019285e-16 0.5464509394572025 0.04081632653061237 0.5553235908141962 0.04081632653061237
7 0.5302713987473904 0.006493506493506608 0.5224425887265136 0.0064935064935066076 0.5224425887265136 0.04359925788497229 0.5302713987473904 0.04359925788497229
11 0.9994780793319415 0.1484230055658629 0.9592901878914405 0.1484230055658629 0.9592901878914405 0.23376623376623398 0.9994780793319415 0.23376623376623398
0 0.9895615866388309 0.10111317254174418 0.9420668058455115 0.10111317254174418 0.9420668058455115 0.16233766233766256 0.9895615866388309 0.16233766233766256
0 0.958768267223382 0.025046382189239536 0.9175365344467641 0.02504638218923953 0.9175365344467641 0.08070500927643806 0.958768267223382 0.08070500927643806