7 0.3585714285714286 0.13238095238095243 0.3492857142857143 0.13238095238095243 0.3492857142857143 0.15809523809523815 0.3585714285714286 0.15809523809523815
7 0.4085714285714286 0.14666666666666672 0.4 0.14666666666666672 0.4 0.1666666666666667 0.4085714285714286 0.1666666666666667
7 0.4564285714285714 0.14571428571428577 0.44857142857142857 0.14571428571428577 0.44857142857142857 0.16190476190476197 0.4564285714285714 0.16190476190476197
7 0.35642857142857143 0.220952380952381 0.34714285714285714 0.220952380952381 0.34714285714285714 0.2352380952380953 0.35642857142857143 0.2352380952380953
7 0.3485714285714286 0.22285714285714292 0.3407142857142857 0.22285714285714292 0.3407142857142857 0.23619047619047626 0.3485714285714286 0.23619047619047626
7 0.4257142857142857 0.518095238095238 0.4135714285714286 0.518095238095238 0.4135714285714286 0.5323809523809524 0.4257142857142857 0.5323809523809524
7 0.3842857142857143 0.638095238095238 0.3742857142857143 0.638095238095238 0.3742857142857143 0.6523809523809524 0.3842857142857143 0.6523809523809524
10 0.39571428571428574 0.6923809523809524 0.31785714285714295 0.6923809523809524 0.31785714285714295 0.74 0.39571428571428574 0.74
4 0.37642857142857145 0.8171428571428572 0.35142857142857153 0.8171428571428572 0.35142857142857153 0.8533333333333334 0.37642857142857145 0.8533333333333334
7 0.7092857142857143 0.803809523809524 0.6971428571428572 0.803809523809524 0.6971428571428572 0.8171428571428574 0.7092857142857143 0.8171428571428574
7 0.7064285714285714 0.7809523809523812 0.6957142857142857 0.7809523809523812 0.6957142857142857 0.7942857142857145 0.7064285714285714 0.7942857142857145
7 0.7885714285714286 0.8476190476190478 0.7707142857142857 0.8476190476190478 0.7707142857142857 0.8657142857142859 0.7885714285714286 0.8657142857142859
11 1 0.8971428571428574 0.9528571428571428 0.8971428571428574 0.9528571428571428 0.9380952380952383 1 0.9380952380952383
11 0.9707142857142858 0.5904761904761907 0.8914285714285715 0.5904761904761907 0.8914285714285715 0.6352380952380955 0.9707142857142858 0.6352380952380955
7 0.9271428571428572 0.5266666666666668 0.9135714285714286 0.5266666666666668 0.9135714285714286 0.544761904761905 0.9271428571428572 0.544761904761905
10 0.5792857142857144 0.8142857142857143 0.5535714285714286 0.8142857142857143 0.5535714285714286 0.8971428571428571 0.5792857142857144 0.8971428571428571
10 0.6707142857142857 0.8028571428571429 0.58 0.8028571428571428 0.58 0.8590476190476192 0.6707142857142857 0.8590476190476193