3 0.27642857142857147 0.38285714285714284 0.20714285714285716 0.38285714285714284 0.20714285714285718 0.49142857142857144 0.2764285714285715 0.49142857142857144
3 0.455 0.5057142857142857 0.32500000000000007 0.5057142857142857 0.32500000000000007 0.5847619047619048 0.455 0.5847619047619048
3 0.5957142857142858 0.362857142857143 0.49785714285714283 0.362857142857143 0.49785714285714283 0.43047619047619057 0.5957142857142858 0.43047619047619057
3 0.6128571428571429 0.31904761904761914 0.5135714285714286 0.31904761904761914 0.5135714285714286 0.381904761904762 0.6128571428571429 0.381904761904762
3 0.855 0.36952380952380964 0.7414285714285714 0.36952380952380964 0.7414285714285714 0.4485714285714287 0.855 0.4485714285714287
3 0.8678571428571429 0.32571428571428584 0.7392857142857143 0.32571428571428584 0.7392857142857143 0.38666666666666677 0.8678571428571429 0.38666666666666677
3 0.9342857142857143 0.1314285714285716 0.8585714285714285 0.1314285714285716 0.8585714285714285 0.18190476190476207 0.9342857142857143 0.18190476190476207
3 0.9542857142857143 0.10666666666666681 0.9078571428571428 0.1066666666666668 0.9078571428571428 0.162857142857143 0.9542857142857143 0.162857142857143
11 0.8721428571428571 0.27809523809523823 0.7635714285714286 0.27809523809523823 0.7635714285714286 0.3285714285714287 0.8721428571428571 0.3285714285714287
10 0.7107142857142857 0.31047619047619057 0.6257142857142857 0.31047619047619057 0.6257142857142857 0.46285714285714297 0.7107142857142857 0.46285714285714297
3 0.8228571428571428 0.04952380952380966 0.7892857142857143 0.04952380952380966 0.7892857142857143 0.10380952380952395 0.8228571428571428 0.10380952380952395
3 0.8914285714285715 0.08095238095238108 0.8571428571428571 0.08095238095238108 0.8571428571428571 0.12857142857142873 0.8914285714285715 0.12857142857142873
3 0.1742857142857143 0.03809523809523812 0.12857142857142856 0.03809523809523812 0.12857142857142856 0.07333333333333336 0.1742857142857143 0.07333333333333336
3 0.07214285714285715 0.07142857142857142 0.005714285714285722 0.07142857142857142 0.005714285714285723 0.10285714285714286 0.07214285714285715 0.10285714285714286
3 0.09642857142857143 0.036190476190476197 0.027142857142857142 0.03619047619047619 0.02714285714285715 0.08190476190476192 0.09642857142857143 0.08190476190476194
3 0.7964285714285714 0.8009523809523812 0.7085714285714285 0.8009523809523812 0.7085714285714286 0.9980952380952381 0.7964285714285714 0.9980952380952381
3 0.6007142857142858 0.76 0.525 0.76 0.5250000000000001 0.9980952380952381 0.6007142857142859 0.9980952380952381
3 0.6921428571428572 0.781904761904762 0.6185714285714285 0.7819047619047619 0.6185714285714287 0.9971428571428571 0.6921428571428573 0.9971428571428571
3 0.9007142857142857 0.8095238095238098 0.8042857142857143 0.8095238095238098 0.8042857142857143 0.9971428571428571 0.9007142857142857 0.9971428571428571
3 0.9957142857142857 0.7904761904761907 0.875 0.7904761904761907 0.875 0.9971428571428571 0.9957142857142857 0.9971428571428571
3 0.25642857142857145 3.8488899401773956e-17 0.215 3.510654157555746e-17 0.215 0.03428571428571433 0.25642857142857145 0.03428571428571433
3 0.047857142857142876 0.16095238095238096 1.4783236361135907e-17 0.16095238095238096 1.893828800110014e-17 0.25142857142857145 0.047857142857142876 0.25142857142857145
8 0.155 0.11619047619047622 0.14285714285714285 0.11619047619047622 0.14285714285714285 0.14 0.155 0.14
8 0.20642857142857143 0.08857142857142859 0.19714285714285715 0.08857142857142859 0.19714285714285715 0.1085714285714286 0.20642857142857143 0.1085714285714286
8 0.22428571428571428 0.04380952380952385 0.21214285714285713 0.04380952380952385 0.21214285714285713 0.06761904761904765 0.22428571428571428 0.06761904761904765
1 0.15857142857142856 0.12571428571428572 0.1407142857142857 0.12571428571428572 0.1407142857142857 0.15333333333333332 0.15857142857142856 0.15333333333333332
1 0.22642857142857142 0.052380952380952424 0.21214285714285713 0.052380952380952424 0.21214285714285713 0.07619047619047621 0.22642857142857142 0.07619047619047621
5 0.2092857142857143 0.09714285714285717 0.19428571428571428 0.09714285714285717 0.19428571428571428 0.11904761904761907 0.2092857142857143 0.11904761904761907
5 0.5007142857142857 0.060952380952381036 0.49357142857142855 0.060952380952381036 0.49357142857142855 0.08857142857142865 0.5007142857142857 0.08857142857142865
7 0.5214285714285715 0.2876190476190477 0.5121428571428571 0.2876190476190477 0.5121428571428571 0.3295238095238096 0.5214285714285715 0.3295238095238096
7 0.4057142857142857 0.33904761904761915 0.3921428571428571 0.33904761904761915 0.3921428571428571 0.38095238095238104 0.4057142857142857 0.38095238095238104
7 0.42214285714285715 0.34285714285714297 0.40714285714285714 0.34285714285714297 0.40714285714285714 0.3885714285714287 0.42214285714285715 0.3885714285714287
7 0.43142857142857144 0.3447619047619049 0.4164285714285714 0.3447619047619049 0.4164285714285714 0.38380952380952393 0.43142857142857144 0.38380952380952393
7 0.40714285714285714 0.4638095238095239 0.39357142857142857 0.4638095238095239 0.39357142857142857 0.5076190476190476 0.40714285714285714 0.5076190476190476
7 0.9014285714285715 0.6476190476190479 0.8778571428571429 0.6476190476190479 0.8778571428571429 0.6942857142857145 0.9014285714285715 0.6942857142857145