3 0.045000000000000054 0.7829949238578681 0.00785714285714291 0.7829949238578681 0.007857142857142915 0.8781725888324873 0.04500000000000006 0.8781725888324873
11 0.33 0.01649746192893408 0.30214285714285716 0.016497461928934077 0.30214285714285716 0.07487309644670058 0.33 0.07487309644670058
3 0.062142857142857146 0.02664974619289341 0.02642857142857143 0.02664974619289341 0.02642857142857143 0.062182741116751275 0.062142857142857146 0.06218274111675129
3 0.07 0.010152284263959402 0.03571428571428571 0.0101522842639594 0.03571428571428571 0.04695431472081219 0.07 0.0469543147208122
3 0.37357142857142855 0.9187817258883249 0.33000000000000007 0.9187817258883249 0.33000000000000007 0.998730964467005 0.37357142857142855 0.998730964467005
3 0.3428571428571429 0.9302030456852792 0.30357142857142866 0.9302030456852792 0.30357142857142866 0.998730964467005 0.3428571428571429 0.998730964467005
3 0.445 0.9302030456852792 0.4007142857142857 0.9302030456852792 0.4007142857142857 0.998730964467005 0.445 0.998730964467005
3 0.41285714285714287 0.9682741116751269 0.3821428571428571 0.9682741116751269 0.3821428571428571 0.998730964467005 0.41285714285714287 0.998730964467005
3 0.3092857142857144 0.9644670050761421 0.2778571428571429 0.9644670050761421 0.2778571428571429 0.998730964467005 0.3092857142857144 0.998730964467005
3 0.3921428571428571 0.868020304568528 0.3507142857142858 0.868020304568528 0.3507142857142858 0.9733502538071066 0.3921428571428571 0.9733502538071066
10 0.4785714285714286 0.8515228426395939 0.4057142857142857 0.8515228426395939 0.4057142857142857 0.998730964467005 0.4785714285714286 0.998730964467005
3 0.4357142857142857 0.75 0.3821428571428571 0.75 0.3821428571428571 0.8274111675126904 0.4357142857142857 0.8274111675126904
3 0.455 0.7791878172588832 0.4135714285714286 0.7791878172588832 0.4135714285714286 0.8413705583756346 0.455 0.8413705583756346
2 0.46 0.5862944162436549 0.3271428571428571 0.5862944162436549 0.3271428571428572 0.7703045685279187 0.46 0.7703045685279187
3 0.45785714285714285 0.6725888324873096 0.405 0.6725888324873096 0.405 0.7525380710659898 0.45785714285714285 0.7525380710659898
3 0.4835714285714286 0.6967005076142132 0.43 0.6967005076142132 0.43 0.7741116751269036 0.4835714285714286 0.7741116751269036
3 0.49857142857142855 0.7309644670050761 0.45071428571428573 0.7309644670050761 0.45071428571428573 0.8032994923857868 0.49857142857142855 0.8032994923857868
3 0.43714285714285717 0.5621827411167514 0.3942857142857143 0.5621827411167514 0.3942857142857143 0.6319796954314723 0.43714285714285717 0.6319796954314723
3 0.8228571428571428 0.8946700507614216 0.7685714285714286 0.8946700507614216 0.7685714285714286 0.9695431472081221 0.8228571428571428 0.9695431472081221
3 0.9464285714285714 0.7449238578680206 0.9014285714285715 0.7449238578680206 0.9014285714285715 0.8083756345177668 0.9464285714285714 0.8083756345177668
7 0.9628571428571429 0.8147208121827414 0.9507142857142857 0.8147208121827414 0.9507142857142857 0.8401015228426398 0.9628571428571429 0.8401015228426398
7 0.77 0.41497461928934026 0.7628571428571429 0.41497461928934026 0.7628571428571429 0.43654822335025395 0.77 0.43654822335025395
7 0.7628571428571429 0.4124365482233504 0.7557142857142857 0.4124365482233504 0.7557142857142857 0.4327411167512692 0.7628571428571429 0.4327411167512692
7 0.7192857142857143 0.44162436548223366 0.7114285714285714 0.44162436548223366 0.7114285714285714 0.4606598984771575 0.7192857142857143 0.4606598984771575
8 0.7307142857142858 0.4263959390862946 0.7242857142857143 0.4263959390862946 0.7242857142857143 0.44289340101522856 0.7307142857142858 0.44289340101522856
7 0.71 0.3540609137055839 0.705 0.3540609137055839 0.705 0.37817258883248744 0.71 0.37817258883248744
2 0.7185714285714285 0.4657360406091372 0.6121428571428571 0.4657360406091372 0.6121428571428571 0.6700507614213199 0.7185714285714285 0.6700507614213201
2 0.6514285714285715 0.4987309644670052 0.5842857142857143 0.4987309644670052 0.5842857142857143 0.634517766497462 0.6514285714285715 0.634517766497462
10 0.5935714285714285 0.5634517766497463 0.5385714285714286 0.5634517766497463 0.5385714285714286 0.6865482233502538 0.5935714285714285 0.6865482233502538
2 0.5814285714285714 0.37690355329949254 0.49142857142857144 0.37690355329949254 0.49142857142857144 0.5659898477157362 0.5814285714285714 0.5659898477157362
2 0.4957142857142857 0.3096446700507615 0.44785714285714284 0.3096446700507615 0.44785714285714284 0.418781725888325 0.4957142857142857 0.418781725888325
2 0.3578571428571429 7.358759637008526e-17 0.31857142857142856 6.93137655354974e-17 0.31857142857142856 0.06979695431472088 0.3578571428571429 0.06979695431472088
3 0.19285714285714287 0.002538071065989886 0.16285714285714287 0.0025380710659898826 0.16285714285714287 0.054568527918781765 0.19285714285714287 0.054568527918781765
3 0.21071428571428572 0.012690355329949282 0.18428571428571427 0.012690355329949278 0.18428571428571427 0.05837563451776654 0.21071428571428572 0.058375634517766554
3 0.5371428571428571 0.2804568527918783 0.5028571428571429 0.2804568527918783 0.5028571428571429 0.3413705583756347 0.5371428571428571 0.3413705583756347
3 0.49214285714285716 0.20177664974619297 0.4592857142857143 0.20177664974619297 0.4592857142857143 0.2588832487309645 0.49214285714285716 0.2588832487309645
3 0.5721428571428572 0.33629441624365497 0.5357142857142857 0.33629441624365497 0.5357142857142857 0.4060913705583758 0.5721428571428572 0.4060913705583758
3 0.6128571428571429 0.40989847715736055 0.5742857142857143 0.40989847715736055 0.5742857142857143 0.48350253807106613 0.6128571428571429 0.48350253807106613
3 0.49142857142857144 0.2525380710659899 0.4592857142857143 0.2525380710659899 0.4592857142857143 0.31472081218274117 0.49142857142857144 0.31472081218274117
3 0.5221428571428571 0.318527918781726 0.4857142857142857 0.318527918781726 0.4857142857142857 0.385786802030457 0.5221428571428571 0.385786802030457
3 0.5771428571428572 0.4200507614213199 0.5414285714285715 0.4200507614213199 0.5414285714285715 0.4936548223350255 0.5771428571428572 0.4936548223350255
3 0.355 0.07360406091370565 0.32857142857142857 0.07360406091370565 0.32857142857142857 0.12690355329949246 0.355 0.12690355329949246
3 0.38142857142857145 0.11421319796954323 0.35214285714285715 0.11421319796954323 0.35214285714285715 0.1662436548223351 0.38142857142857145 0.1662436548223351
3 0.4042857142857143 0.15862944162436554 0.375 0.15862944162436554 0.375 0.21700507614213205 0.4042857142857143 0.21700507614213205
10 0.4342857142857143 0.19543147208121833 0.3985714285714286 0.19543147208121833 0.3985714285714286 0.2829949238578681 0.4342857142857143 0.2829949238578681
11 0.455 0.17893401015228433 0.4207142857142857 0.17893401015228433 0.4207142857142857 0.25000000000000006 0.455 0.25000000000000006
11 0.4185714285714286 0.11928934010152294 0.38785714285714284 0.11928934010152291 0.38785714285714284 0.18147208121827418 0.4185714285714286 0.18147208121827418
11 0.445 0.10532994923857879 0.415 0.10532994923857879 0.415 0.16878172588832493 0.445 0.16878172588832493
11 0.41785714285714287 0.06218274111675136 0.39071428571428574 0.06218274111675136 0.39071428571428574 0.12563451776649756 0.41785714285714287 0.12563451776649756
11 0.38142857142857145 0.05076142131979704 0.35285714285714287 0.05076142131979702 0.35285714285714287 0.1129441624365483 0.38142857142857145 0.1129441624365483
3 0.49714285714285716 0.42512690355329963 0.465 0.42512690355329963 0.465 0.5000000000000001 0.49714285714285716 0.5000000000000001
3 0.5321428571428571 0.5000000000000001 0.495 0.5000000000000001 0.495 0.5748730964467007 0.5321428571428571 0.5748730964467007
8 0.7085714285714285 0.41116751269035545 0.7021428571428572 0.41116751269035545 0.7021428571428572 0.4340101522842641 0.7085714285714285 0.4340101522842641
7 0.5285714285714286 0.19162436548223366 0.525 0.19162436548223366 0.525 0.2157360406091372 0.5285714285714286 0.2157360406091372
7 0.5257142857142857 0.1941624365482235 0.5214285714285715 0.1941624365482235 0.5214285714285715 0.2157360406091372 0.5257142857142857 0.2157360406091372
3 0.02285714285714286 0.05583756345177665 3.848889940177396e-18 0.05583756345177665 4.986061967957081e-18 0.08883248730964467 0.022857142857142868 0.08883248730964467