3 0.17536534446764093 0.1474953617810761 0.1372651356993737 0.1474953617810761 0.1372651356993737 0.18831168831168837 0.17536534446764093 0.18831168831168837
3 0.19206680584551147 0.12708719851577 0.15553235908141963 0.12708719851577 0.15553235908141963 0.16419294990723568 0.19206680584551147 0.16419294990723568
3 0.24425887265135698 0.07050092764378484 0.20981210855949894 0.07050092764378484 0.20981210855949894 0.10575139146567723 0.24425887265135698 0.10575139146567723
3 0.26043841336116913 0.051948051948052 0.22755741127348644 0.051948051948052 0.22755741127348644 0.08627087198515775 0.26043841336116913 0.08627087198515775
3 0.2881002087682672 0.007421150278293196 0.267223382045929 0.0074211502782931945 0.267223382045929 0.050092764378478725 0.2881002087682672 0.05009276437847873
3 0.3037578288100209 0.009276437847866484 0.2886221294363257 0.009276437847866482 0.2886221294363257 0.055658627087198584 0.3037578288100209 0.055658627087198584
11 0.3653444676409186 0.10946196660482382 0.33507306889352817 0.10946196660482382 0.33507306889352817 0.14749536178107614 0.3653444676409186 0.14749536178107617
3 0.3267223382045929 0.15862708719851581 0.29331941544885176 0.15862708719851581 0.29331941544885176 0.18645640074211509 0.3267223382045929 0.18645640074211509
10 0.40866388308977036 0.18181818181818193 0.38100208768267224 0.18181818181818193 0.38100208768267224 0.3237476808905381 0.40866388308977036 0.3237476808905381
11 0.22964509394572025 0.2690166975881262 0.19102296450939457 0.2690166975881262 0.19102296450939457 0.31261595547309834 0.22964509394572025 0.31261595547309834
5 0.30532359081419624 0.3719851576994435 0.2860125260960334 0.3719851576994435 0.2860125260960334 0.39239332096474966 0.30532359081419624 0.39239332096474966
5 0.32150313152400833 0.3877551020408164 0.30741127348643005 0.3877551020408164 0.30741127348643005 0.4137291280148424 0.32150313152400833 0.4137291280148424
9 0.33820459290187893 0.38682745825602977 0.32515657620041755 0.38682745825602977 0.32515657620041755 0.4239332096474955 0.33820459290187893 0.4239332096474955
7 0.477035490605428 0.09647495361781086 0.4718162839248434 0.09647495361781086 0.4718162839248434 0.11873840445269027 0.477035490605428 0.11873840445269027
5 0.4639874739039666 0.07606679035250474 0.45772442588726514 0.07606679035250474 0.45772442588726514 0.0927643784786643 0.4639874739039666 0.0927643784786643
8 0.4629436325678497 0.07050092764378489 0.45876826722338204 0.07050092764378489 0.45876826722338204 0.0816326530612246 0.4629436325678497 0.0816326530612246
10 0.5480167014613778 0.24025974025974037 0.49947807933194155 0.24025974025974037 0.49947807933194155 0.28849721706864573 0.5480167014613778 0.28849721706864573
10 0.5422755741127349 0.3404452690166977 0.5104384133611691 0.3404452690166977 0.5104384133611691 0.43506493506493515 0.5422755741127349 0.43506493506493515
3 0.6779749478079332 0.3562152133580706 0.6310020876826722 0.3562152133580706 0.6310020876826722 0.3979591836734695 0.6779749478079332 0.3979591836734695
3 0.5855949895615866 0.6595547309833026 0.5281837160751566 0.6595547309833026 0.5281837160751566 0.7115027829313546 0.5855949895615866 0.7115027829313546
3 0.5887265135699373 0.7263450834879408 0.528705636743215 0.7263450834879408 0.528705636743215 0.7782931354359928 0.5887265135699373 0.7782931354359928
3 0.7588726513569938 0.6938775510204084 0.7009394572025052 0.6938775510204084 0.7009394572025052 0.7356215213358073 0.7588726513569938 0.7356215213358073
3 0.715553235908142 0.5547309833024121 0.6617954070981211 0.5547309833024121 0.6617954070981211 0.6001855287569575 0.715553235908142 0.6001855287569575
3 0.7113778705636743 0.5129870129870132 0.6555323590814196 0.5129870129870132 0.6555323590814196 0.557513914656772 0.7113778705636743 0.557513914656772
3 0.9227557411273486 0.07606679035250484 0.8862212943632568 0.07606679035250483 0.8862212943632568 0.1150278293135438 0.9227557411273486 0.11502782931354381
3 0.9034446764091858 0.1614100185528759 0.8799582463465553 0.1614100185528759 0.8799582463465553 0.2142857142857145 0.9034446764091858 0.2142857142857145
3 0.9378914405010439 0.01948051948051968 0.9196242171189979 0.019480519480519678 0.9196242171189979 0.05936920222634529 0.9378914405010439 0.05936920222634529
11 0.9566805845511482 0.02040816326530633 0.941544885177453 0.020408163265306326 0.941544885177453 0.06586270871985178 0.9566805845511482 0.06586270871985178
11 0.9817327766179541 0.03617810760667925 0.9660751565762005 0.03617810760667925 0.9660751565762005 0.07699443413729148 0.9817327766179541 0.07699443413729148
11 0.9718162839248434 0.1549165120593694 0.9514613778705637 0.1549165120593694 0.9514613778705637 0.20500927643784808 0.9718162839248434 0.20500927643784808
3 0.9175365344467641 0.011131725417439902 0.9018789144050104 0.0111317254174399 0.9018789144050104 0.04916512059369222 0.9175365344467641 0.04916512059369222
3 0.9149269311064718 0.1345083487940633 0.8930062630480167 0.1345083487940633 0.8930062630480167 0.17346938775510226 0.9149269311064718 0.17346938775510226
3 0.9953027139874739 0.1725417439703156 0.975991649269311 0.1725417439703156 0.975991649269311 0.21799628942486107 0.9953027139874739 0.21799628942486107
3 0.6007306889352818 0.88404452690167 0.5323590814196243 0.88404452690167 0.5323590814196243 0.9443413729128017 0.6007306889352818 0.9443413729128017
10 0.3987473903966597 0.5955473098330241 0.36586638830897705 0.5955473098330241 0.36586638830897705 0.7523191094619666 0.3987473903966597 0.7523191094619666
5 0.4629436325678497 0.40630797773654925 0.4572025052192067 0.40630797773654925 0.4572025052192067 0.4294990723562153 0.4629436325678497 0.4294990723562153
8 0.4639874739039666 0.39888682745825615 0.4572025052192067 0.39888682745825615 0.4572025052192067 0.41558441558441567 0.4639874739039666 0.41558441558441567