3 0.4471428571428571 0.4076190476190477 0.43642857142857144 0.4076190476190477 0.43642857142857144 0.422857142857143 0.4471428571428571 0.422857142857143
10 0.45714285714285713 0.48857142857142855 0.425 0.48857142857142855 0.425 0.5371428571428571 0.45714285714285713 0.5371428571428571
3 0.5135714285714286 0.5123809523809524 0.4907142857142857 0.5123809523809524 0.4907142857142857 0.5352380952380953 0.5135714285714286 0.5352380952380953
3 0.5035714285714286 0.4742857142857144 0.48428571428571426 0.4742857142857144 0.48428571428571426 0.49714285714285716 0.5035714285714286 0.49714285714285716
3 0.5457142857142857 0.39714285714285724 0.5335714285714286 0.39714285714285724 0.5335714285714286 0.4095238095238096 0.5457142857142857 0.4095238095238096
3 0.48714285714285716 0.41904761904761917 0.4742857142857143 0.41904761904761917 0.4742857142857143 0.43333333333333346 0.48714285714285716 0.43333333333333346
3 0.49214285714285716 0.4361904761904763 0.47928571428571426 0.4361904761904763 0.47928571428571426 0.4504761904761906 0.49214285714285716 0.4504761904761906
3 0.4957142857142857 0.44666666666666677 0.47928571428571426 0.44666666666666677 0.47928571428571426 0.4657142857142858 0.4957142857142857 0.4657142857142858
3 0.505 0.45714285714285724 0.485 0.45714285714285724 0.485 0.47714285714285726 0.505 0.47714285714285726
10 0.5757142857142857 0.4209523809523811 0.555 0.4209523809523811 0.555 0.44476190476190486 0.5757142857142857 0.44476190476190486
3 0.5885714285714285 0.44666666666666677 0.565 0.44666666666666677 0.565 0.4647619047619049 0.5885714285714285 0.4647619047619049
3 0.6 0.45714285714285724 0.5714285714285714 0.45714285714285724 0.5714285714285714 0.47333333333333344 0.6 0.47333333333333344
3 0.6171428571428571 0.46095238095238106 0.5935714285714285 0.46095238095238106 0.5935714285714285 0.47904761904761917 0.6171428571428571 0.47904761904761917
3 0.6421428571428571 0.4638095238095239 0.62 0.4638095238095239 0.62 0.481904761904762 0.6421428571428571 0.481904761904762
3 0.6592857142857143 0.46190476190476204 0.6428571428571429 0.46190476190476204 0.6428571428571429 0.4800000000000001 0.6592857142857143 0.4800000000000001
3 0.6764285714285714 0.500952380952381 0.6364285714285715 0.5009523809523809 0.6364285714285715 0.5257142857142858 0.6764285714285714 0.5257142857142859
3 0.7221428571428572 0.49333333333333357 0.6735714285714286 0.49333333333333357 0.6735714285714286 0.5161904761904764 0.7221428571428572 0.5161904761904764
3 0.6935714285714286 0.4647619047619049 0.6707142857142857 0.4647619047619049 0.6707142857142857 0.4838095238095239 0.6935714285714286 0.4838095238095239
3 0.7178571428571429 0.46095238095238106 0.6964285714285714 0.46095238095238106 0.6964285714285714 0.4809523809523811 0.7178571428571429 0.4809523809523811
3 0.77 0.48761904761904784 0.725 0.48761904761904784 0.725 0.5085714285714288 0.77 0.5085714285714288
3 0.6542857142857142 0.7333333333333333 0.5935714285714285 0.7333333333333333 0.5935714285714285 0.820952380952381 0.6542857142857142 0.820952380952381
3 0.5471428571428572 0.6019047619047619 0.5157142857142857 0.6019047619047619 0.5157142857142857 0.6371428571428571 0.5471428571428572 0.6371428571428571
3 0.6657142857142857 0.5304761904761905 0.6292857142857143 0.5304761904761904 0.6292857142857143 0.561904761904762 0.6657142857142857 0.5619047619047621
3 0.6857142857142857 0.561904761904762 0.6478571428571429 0.5619047619047619 0.6478571428571429 0.5961904761904763 0.6857142857142857 0.5961904761904764
7 0.27714285714285725 0.6057142857142858 0.26428571428571435 0.6057142857142858 0.26428571428571435 0.6390476190476191 0.27714285714285725 0.6390476190476191
4 0.4878571428571429 0.39904761904761915 0.4742857142857143 0.39904761904761915 0.4742857142857143 0.4200000000000001 0.4878571428571429 0.4200000000000001