7 0.11928571428571433 0.4876190476190476 0.09357142857142861 0.4876190476190476 0.09357142857142861 0.5619047619047619 0.11928571428571433 0.5619047619047619
7 0.7257142857142858 0.5561904761904765 0.7035714285714286 0.5561904761904765 0.7035714285714286 0.6590476190476192 0.7257142857142858 0.6590476190476192
7 0.9085714285714286 0.5771428571428574 0.8635714285714285 0.5771428571428574 0.8635714285714285 0.6857142857142859 0.9085714285714286 0.6857142857142859
7 0.5557142857142857 0.4247619047619049 0.54 0.4247619047619049 0.54 0.47523809523809535 0.5557142857142857 0.47523809523809535
7 0.5992857142857143 0.42761904761904773 0.5835714285714285 0.42761904761904773 0.5835714285714285 0.4761904761904763 0.5992857142857143 0.4761904761904763
7 0.3014285714285715 0.520952380952381 0.27428571428571435 0.520952380952381 0.27428571428571435 0.6009523809523809 0.3014285714285715 0.6009523809523809
8 0.2992857142857144 0.5238095238095238 0.2857142857142858 0.5238095238095238 0.2857142857142858 0.5580952380952381 0.2992857142857144 0.5580952380952381
8 0.5785714285714286 0.44476190476190486 0.565 0.44476190476190486 0.565 0.4704761904761906 0.5785714285714286 0.4704761904761906
7 0.17214285714285718 0.4114285714285714 0.1628571428571429 0.4114285714285714 0.1628571428571429 0.4523809523809524 0.17214285714285718 0.4523809523809524
7 0.16642857142857148 0.4076190476190476 0.1535714285714286 0.4076190476190476 0.1535714285714286 0.4561904761904762 0.16642857142857148 0.4561904761904762
7 0.14500000000000005 0.4123809523809524 0.12500000000000003 0.4123809523809524 0.12500000000000003 0.4580952380952381 0.14500000000000005 0.4580952380952381
7 0.13142857142857148 0.4095238095238095 0.11357142857142861 0.4095238095238095 0.11357142857142861 0.45714285714285713 0.13142857142857148 0.45714285714285713
7 0.11642857142857146 0.4114285714285714 0.1028571428571429 0.4114285714285714 0.1028571428571429 0.4561904761904762 0.11642857142857146 0.4561904761904762
7 0.10714285714285718 0.4085714285714286 0.0928571428571429 0.4085714285714286 0.0928571428571429 0.4561904761904762 0.10714285714285718 0.4561904761904762
7 0.1735714285714286 0.4057142857142857 0.16000000000000003 0.4057142857142857 0.16000000000000003 0.4542857142857143 0.1735714285714286 0.4542857142857143
7 0.16071428571428575 0.40095238095238095 0.14500000000000005 0.40095238095238095 0.14500000000000005 0.4514285714285714 0.16071428571428575 0.4514285714285714
7 0.12642857142857147 0.3961904761904762 0.11071428571428575 0.3961904761904762 0.11071428571428575 0.44666666666666666 0.12642857142857147 0.44666666666666666
7 0.10928571428571433 0.40476190476190477 0.09928571428571432 0.40476190476190477 0.09928571428571432 0.4561904761904762 0.10928571428571433 0.4561904761904762
8 0.16142857142857148 0.4247619047619048 0.1471428571428572 0.4247619047619048 0.1471428571428572 0.4523809523809524 0.16142857142857148 0.4523809523809524
8 0.16000000000000003 0.41904761904761906 0.1435714285714286 0.41904761904761906 0.1435714285714286 0.4514285714285714 0.16000000000000003 0.4514285714285714
8 0.14642857142857146 0.41523809523809524 0.13357142857142862 0.41523809523809524 0.13357142857142862 0.44666666666666666 0.14642857142857146 0.44666666666666666
7 0.042142857142857176 0.35428571428571426 0.034285714285714315 0.35428571428571426 0.034285714285714315 0.38095238095238093 0.042142857142857176 0.38095238095238093
7 0.042857142857142885 0.35523809523809524 0.032142857142857174 0.35523809523809524 0.032142857142857174 0.38476190476190475 0.042857142857142885 0.38476190476190475
8 0.22357142857142862 0.4104761904761905 0.19642857142857142 0.4104761904761905 0.19642857142857148 0.44285714285714284 0.22357142857142864 0.44285714285714284
8 0.26571428571428574 0.40285714285714286 0.24642857142857144 0.40285714285714286 0.24642857142857144 0.42857142857142855 0.26571428571428574 0.42857142857142855
7 0.22357142857142856 0.3933333333333333 0.20857142857142857 0.3933333333333333 0.20857142857142857 0.43142857142857144 0.22357142857142856 0.43142857142857144
7 0.21214285714285713 0.3933333333333333 0.20142857142857143 0.3933333333333333 0.20142857142857143 0.43238095238095237 0.21214285714285713 0.43238095238095237
1 0.1978571428571429 0.41619047619047617 0.16714285714285718 0.41619047619047617 0.16714285714285718 0.44285714285714284 0.19785714285714293 0.44285714285714284
5 0.07857142857142861 0.4219047619047619 0.044285714285714324 0.4219047619047619 0.044285714285714324 0.46190476190476193 0.07857142857142861 0.46190476190476193
5 0.09000000000000004 0.4180952380952381 0.06000000000000004 0.4180952380952381 0.06000000000000004 0.44476190476190475 0.09000000000000004 0.44476190476190475
1 0.10000000000000005 0.42857142857142855 0.06642857142857148 0.42857142857142855 0.06642857142857148 0.4580952380952381 0.10000000000000005 0.4580952380952381
1 0.10071428571428576 0.43047619047619046 0.07214285714285719 0.43047619047619046 0.07214285714285719 0.45714285714285713 0.10071428571428576 0.45714285714285713
11 0.07857142857142861 0.34476190476190477 0.030714285714285746 0.34476190476190477 0.030714285714285746 0.3657142857142857 0.07857142857142861 0.3657142857142857
11 0.025714285714285745 0.33714285714285713 3.0966069064154506e-17 0.33714285714285713 3.1972028934882683e-17 0.35904761904761906 0.025714285714285745 0.35904761904761906
3 0.05071428571428575 0.3361904761904762 0.017857142857142887 0.3361904761904762 0.017857142857142887 0.35904761904761906 0.05071428571428575 0.35904761904761906
11 0.07071428571428576 0.3323809523809524 0.03714285714285717 0.3323809523809524 0.03714285714285717 0.35904761904761906 0.07071428571428576 0.35904761904761906
3 0.03500000000000003 0.3342857142857143 0.005714285714285745 0.3342857142857143 0.005714285714285746 0.35619047619047617 0.03500000000000003 0.35619047619047617
3 0.18857142857142858 0.34 0.15285714285714289 0.34 0.15285714285714289 0.36 0.18857142857142858 0.36
3 0.28214285714285714 0.34 0.25357142857142856 0.34 0.25357142857142856 0.36 0.28214285714285714 0.36
11 0.255 0.3352380952380952 0.22785714285714287 0.3352380952380952 0.22785714285714287 0.35619047619047617 0.255 0.35619047619047617
11 0.27714285714285714 0.3295238095238095 0.25357142857142856 0.3295238095238095 0.25357142857142856 0.3495238095238095 0.27714285714285714 0.3495238095238095
3 0.305 0.3380952380952381 0.2814285714285714 0.3380952380952381 0.2814285714285714 0.35333333333333333 0.305 0.35333333333333333
8 0.2007142857142857 0.3466666666666667 0.19214285714285714 0.3466666666666667 0.19214285714285714 0.3628571428571429 0.2007142857142857 0.3628571428571429
3 0.2671428571428571 0.3361904761904762 0.24642857142857144 0.3361904761904762 0.24642857142857144 0.3523809523809524 0.2671428571428571 0.3523809523809524
4 0.3578571428571429 0.3228571428571429 0.2978571428571429 0.32285714285714284 0.2978571428571429 0.34571428571428575 0.3578571428571429 0.3457142857142858
7 0.3578571428571429 0.35714285714285726 0.3514285714285714 0.35714285714285726 0.3514285714285714 0.3761904761904763 0.3578571428571429 0.3761904761904763
8 0.325 0.38476190476190475 0.3157142857142857 0.38476190476190475 0.3157142857142857 0.4057142857142857 0.325 0.4057142857142857
8 0.3535714285714286 0.38285714285714295 0.3392857142857143 0.38285714285714295 0.3392857142857143 0.40095238095238106 0.3535714285714286 0.40095238095238106
8 0.36642857142857144 0.37333333333333346 0.3585714285714286 0.37333333333333346 0.3585714285714286 0.3923809523809525 0.36642857142857144 0.3923809523809525
8 0.37214285714285716 0.37523809523809537 0.365 0.37523809523809537 0.365 0.3933333333333334 0.37214285714285716 0.3933333333333334
8 0.42214285714285715 0.36761904761904773 0.4135714285714286 0.36761904761904773 0.4135714285714286 0.38571428571428584 0.42214285714285715 0.38571428571428584
8 0.44857142857142857 0.36476190476190484 0.4392857142857143 0.36476190476190484 0.4392857142857143 0.38095238095238104 0.44857142857142857 0.38095238095238104
1 0.39071428571428574 0.3723809523809525 0.3742857142857143 0.3723809523809525 0.3742857142857143 0.3904761904761906 0.39071428571428574 0.3904761904761906
8 0.3942857142857143 0.3504761904761906 0.3892857142857143 0.3504761904761906 0.3892857142857143 0.36761904761904773 0.3942857142857143 0.36761904761904773
4 0.49642857142857144 0.32476190476190486 0.4664285714285714 0.32476190476190486 0.4664285714285714 0.34285714285714297 0.49642857142857144 0.34285714285714297
7 0.48428571428571426 0.33714285714285724 0.48 0.33714285714285724 0.48 0.3495238095238096 0.48428571428571426 0.3495238095238096
7 0.4942857142857143 0.3361904761904763 0.4878571428571429 0.3361904761904763 0.4878571428571429 0.3504761904761906 0.4942857142857143 0.3504761904761906
3 0.5428571428571428 0.3457142857142858 0.5164285714285715 0.3457142857142858 0.5164285714285715 0.3609523809523811 0.5428571428571428 0.3609523809523811
11 0.5864285714285714 0.3523809523809525 0.5621428571428572 0.3523809523809525 0.5621428571428572 0.36952380952380964 0.5864285714285714 0.36952380952380964
3 0.5814285714285714 0.3485714285714287 0.5592857142857143 0.3485714285714287 0.5592857142857143 0.3657142857142858 0.5814285714285714 0.3657142857142858
7 0.5085714285714286 0.32761904761904775 0.505 0.32761904761904775 0.505 0.33904761904761915 0.5085714285714286 0.33904761904761915
7 0.6914285714285714 0.36761904761904773 0.6828571428571428 0.36761904761904773 0.6828571428571428 0.3885714285714287 0.6914285714285714 0.3885714285714287
8 0.6657142857142857 0.3609523809523811 0.6592857142857143 0.3609523809523811 0.6592857142857143 0.3742857142857144 0.6657142857142857 0.3742857142857144
8 0.705 0.35904761904761917 0.6992857142857143 0.35904761904761917 0.6992857142857143 0.3742857142857144 0.705 0.3742857142857144
5 0.7092857142857143 0.362857142857143 0.6942857142857143 0.362857142857143 0.6942857142857143 0.3761904761904763 0.7092857142857143 0.3761904761904763
5 0.6692857142857143 0.36761904761904773 0.6585714285714286 0.36761904761904773 0.6585714285714286 0.3771428571428572 0.6692857142857143 0.3771428571428572
7 0.7735714285714286 0.3580952380952382 0.7678571428571429 0.3580952380952382 0.7678571428571429 0.37523809523809537 0.7735714285714286 0.37523809523809537
7 0.7671428571428571 0.35904761904761917 0.7621428571428571 0.35904761904761917 0.7621428571428571 0.3742857142857144 0.7671428571428571 0.3742857142857144
8 0.7971428571428572 0.3609523809523811 0.7835714285714286 0.3609523809523811 0.7835714285714286 0.3771428571428572 0.7971428571428572 0.3771428571428572
4 0.0685714285714286 0.3171428571428571 0.012142857142857174 0.3171428571428571 0.012142857142857174 0.3380952380952381 0.06857142857142862 0.3380952380952381