10 0.4007142857142857 0.7495238095238095 0.35857142857142865 0.7495238095238095 0.35857142857142865 0.8714285714285714 0.4007142857142857 0.8714285714285714
10 0.3992857142857143 0.46000000000000013 0.37214285714285716 0.46000000000000013 0.37214285714285716 0.5123809523809524 0.3992857142857143 0.5123809523809524
3 0.37214285714285716 0.6133333333333333 0.34642857142857153 0.6133333333333333 0.34642857142857153 0.6695238095238095 0.37214285714285716 0.6695238095238095
3 0.4107142857142857 0.3457142857142858 0.3964285714285714 0.3457142857142858 0.3964285714285714 0.3723809523809525 0.4107142857142857 0.3723809523809525
11 0.4257142857142857 0.2428571428571429 0.4164285714285714 0.2428571428571429 0.4164285714285714 0.26095238095238105 0.4257142857142857 0.26095238095238105
2 0.4407142857142857 0.25142857142857156 0.425 0.25142857142857156 0.425 0.2961904761904763 0.4407142857142857 0.2961904761904763
10 0.5278571428571428 0.07619047619047627 0.5221428571428571 0.07619047619047627 0.5221428571428571 0.0857142857142858 0.5278571428571428 0.0857142857142858
11 0.5285714285714286 0.0876190476190477 0.5242857142857142 0.0876190476190477 0.5242857142857142 0.09333333333333342 0.5285714285714286 0.09333333333333342
6 0.4607142857142857 0.08857142857142865 0.44785714285714284 0.08857142857142865 0.44785714285714284 0.10666666666666674 0.4607142857142857 0.10666666666666674
11 0.3007142857142857 0.08952380952380957 0.2914285714285714 0.08952380952380957 0.2914285714285714 0.09619047619047624 0.3007142857142857 0.09619047619047624
4 0.55 0.055238095238095336 0.5392857142857143 0.055238095238095336 0.5392857142857143 0.06666666666666675 0.55 0.06666666666666675
4 0.5764285714285714 0.05714285714285724 0.5692857142857143 0.05714285714285724 0.5692857142857143 0.0695238095238096 0.5764285714285714 0.0695238095238096
4 0.5157142857142857 0.004761904761904842 0.4664285714285714 0.004761904761904838 0.4664285714285714 0.0695238095238096 0.5157142857142857 0.0695238095238096
11 0.4514285714285714 0.07523809523809533 0.44785714285714284 0.07523809523809533 0.44785714285714284 0.08000000000000008 0.4514285714285714 0.08000000000000008
10 0.9678571428571429 0.16000000000000017 0.9421428571428572 0.16000000000000017 0.9421428571428572 0.19428571428571445 0.9678571428571429 0.19428571428571445
3 0.48 0.699047619047619 0.4592857142857143 0.699047619047619 0.4592857142857143 0.7247619047619047 0.48 0.7247619047619047