3 0.047857142857142855 7.692895502258119e-18 0.022857142857142857 4.973184971156764e-18 0.022857142857142857 0.029187817258883256 0.047857142857142855 0.029187817258883256
3 0.10857142857142857 0.024111675126903577 0.08571428571428572 0.02411167512690357 0.08571428571428572 0.052030456852791895 0.10857142857142857 0.052030456852791895
3 0.12214285714285714 0.010152284263959416 0.09785714285714285 0.010152284263959413 0.09785714285714285 0.04060913705583758 0.12214285714285714 0.04060913705583758
3 0.13 2.5565278992352742e-17 0.105 2.2845568461251385e-17 0.105 0.022842639593908656 0.13 0.022842639593908656
2 0.16642857142857143 0.030456852791878205 0.10928571428571429 0.030456852791878198 0.10928571428571429 0.13324873096446704 0.16642857142857143 0.13324873096446704
7 0.3257142857142858 0.815989847715736 0.3171428571428572 0.815989847715736 0.3171428571428572 0.8248730964467005 0.3257142857142858 0.8248730964467005
7 0.3142857142857144 0.9606598984771574 0.3064285714285715 0.9606598984771574 0.3064285714285715 0.9746192893401016 0.3142857142857144 0.9746192893401016
7 0.28428571428571436 0.9454314720812182 0.27857142857142864 0.9454314720812182 0.27857142857142864 0.9568527918781726 0.28428571428571436 0.9568527918781726
7 0.34214285714285725 0.8756345177664975 0.3364285714285715 0.8756345177664975 0.3364285714285715 0.8870558375634517 0.34214285714285725 0.8870558375634517
7 0.3457142857142858 0.8324873096446701 0.3378571428571429 0.8324873096446701 0.3378571428571429 0.8477157360406091 0.3457142857142858 0.8477157360406091
3 0.245 0.1827411167512691 0.22214285714285714 0.1827411167512691 0.22214285714285714 0.22461928934010159 0.245 0.22461928934010159
3 0.27285714285714285 0.12055837563451784 0.25142857142857145 0.12055837563451784 0.25142857142857145 0.16243654822335032 0.27285714285714285 0.16243654822335032
11 0.3107142857142857 0.16243654822335032 0.28785714285714287 0.16243654822335032 0.28785714285714287 0.2030456852791879 0.3107142857142857 0.2030456852791879
11 0.37642857142857145 0.2131979695431473 0.35285714285714287 0.2131979695431473 0.35285714285714287 0.25507614213197977 0.37642857142857145 0.25507614213197977
3 0.38785714285714284 0.28045685279187826 0.37 0.28045685279187826 0.37 0.318527918781726 0.38785714285714284 0.318527918781726
3 0.3707142857142857 0.32487309644670065 0.3492857142857143 0.32487309644670065 0.3492857142857143 0.3667512690355331 0.3707142857142857 0.3667512690355331
3 0.29214285714285715 0.20812182741116758 0.26857142857142857 0.20812182741116758 0.26857142857142857 0.24746192893401023 0.29214285714285715 0.24746192893401023
3 0.36142857142857143 0.2576142131979696 0.34 0.2576142131979696 0.34 0.2918781725888326 0.36142857142857143 0.2918781725888326
3 0.345 0.2461928934010153 0.32357142857142857 0.2461928934010153 0.32357142857142857 0.284263959390863 0.345 0.284263959390863
3 0.3335714285714286 0.23477157360406098 0.31142857142857144 0.23477157360406098 0.31142857142857144 0.2741116751269036 0.3335714285714286 0.2741116751269036
3 0.3057142857142857 0.21827411167512697 0.28214285714285714 0.21827411167512697 0.28214285714285714 0.2614213197969544 0.3057142857142857 0.2614213197969544
3 0.31857142857142856 0.22715736040609144 0.29428571428571426 0.22715736040609144 0.29428571428571426 0.26903553299492394 0.31857142857142856 0.26903553299492394
3 0.32357142857142857 0.1763959390862945 0.3 0.1763959390862945 0.3 0.21573604060913712 0.32357142857142857 0.21573604060913712
3 0.3364285714285714 0.18654822335025387 0.315 0.18654822335025387 0.315 0.22461928934010159 0.3364285714285714 0.22461928934010159
3 0.34714285714285714 0.19670050761421326 0.32785714285714285 0.19670050761421326 0.32785714285714285 0.23096446700507622 0.34714285714285714 0.23096446700507622
3 0.3628571428571429 0.2030456852791879 0.34285714285714286 0.2030456852791879 0.34285714285714286 0.2398477157360407 0.3628571428571429 0.2398477157360407
3 0.39 0.22842639593908637 0.37214285714285716 0.22842639593908637 0.37214285714285716 0.2664974619289341 0.39 0.2664974619289341
7 0.5592857142857143 0.022842639593908746 0.555 0.022842639593908746 0.555 0.03426395939086306 0.5592857142857143 0.03426395939086306
7 0.5557142857142857 0.02664974619289352 0.5521428571428572 0.02664974619289352 0.5521428571428572 0.03934010152284276 0.5557142857142857 0.03934010152284276
2 0.5807142857142857 0.05329949238578693 0.5442857142857143 0.05329949238578693 0.5442857142857143 0.1002538071065991 0.5807142857142857 0.10025380710659913
11 0.5857142857142857 0.10279187817258896 0.5592857142857143 0.10279187817258895 0.5592857142857143 0.1370558375634519 0.5857142857142857 0.1370558375634519
3 0.5642857142857143 0.15101522842639606 0.545 0.15101522842639606 0.545 0.1941624365482235 0.5642857142857143 0.1941624365482235
11 0.44642857142857145 0.3210659898477158 0.4235714285714286 0.3210659898477158 0.4235714285714286 0.3680203045685281 0.44642857142857145 0.3680203045685281
11 0.46285714285714286 0.27664974619289345 0.44142857142857145 0.27664974619289345 0.44142857142857145 0.3210659898477158 0.46285714285714286 0.3210659898477158
3 0.4142857142857143 0.3096446700507615 0.395 0.3096446700507615 0.395 0.3489847715736042 0.4142857142857143 0.3489847715736042
3 0.43 0.3159898477157361 0.4092857142857143 0.3159898477157361 0.4092857142857143 0.35786802030456866 0.43 0.35786802030456866
3 0.4057142857142857 0.23477157360406098 0.385 0.23477157360406098 0.385 0.27664974619289345 0.4057142857142857 0.27664974619289345
3 0.41714285714285715 0.25000000000000006 0.3985714285714286 0.25000000000000006 0.3985714285714286 0.2855329949238579 0.41714285714285715 0.2855329949238579
3 0.43 0.26269035532994933 0.4085714285714286 0.26269035532994933 0.4085714285714286 0.3058375634517767 0.43 0.3058375634517767
3 0.44785714285714284 0.2715736040609138 0.42642857142857143 0.2715736040609138 0.42642857142857143 0.3096446700507615 0.44785714285714284 0.3096446700507615
3 0.37857142857142856 0.402284263959391 0.35928571428571426 0.402284263959391 0.35928571428571426 0.4441624365482235 0.37857142857142856 0.4441624365482235
3 0.41285714285714287 0.4175126903553301 0.3892857142857143 0.4175126903553301 0.3892857142857143 0.4593908629441626 0.41285714285714287 0.4593908629441626
11 0.3964285714285714 0.35659898477157376 0.37714285714285717 0.35659898477157376 0.37714285714285717 0.39720812182741133 0.3964285714285714 0.39720812182741133
11 0.38357142857142856 0.3401015228426397 0.36214285714285716 0.3401015228426397 0.36214285714285716 0.38451776649746205 0.38357142857142856 0.38451776649746205
3 0.4142857142857143 0.35786802030456866 0.3942857142857143 0.35786802030456866 0.3942857142857143 0.39720812182741133 0.4142857142857143 0.39720812182741133
11 0.5035714285714286 0.4809644670050763 0.47785714285714287 0.4809644670050763 0.47785714285714287 0.5380710659898479 0.5035714285714286 0.5380710659898479
3 0.5078571428571429 0.4403553299492387 0.48214285714285715 0.4403553299492387 0.48214285714285715 0.47588832487309657 0.5078571428571429 0.47588832487309657
3 0.515 0.42512690355329963 0.4942857142857143 0.42512690355329963 0.4942857142857143 0.453045685279188 0.515 0.453045685279188
3 0.5192857142857142 0.39720812182741133 0.495 0.39720812182741133 0.495 0.4289340101522844 0.5192857142857142 0.4289340101522844
3 0.5242857142857142 0.369289340101523 0.49857142857142855 0.369289340101523 0.49857142857142855 0.39847715736040623 0.5242857142857142 0.39847715736040623
3 0.535 0.3489847715736042 0.5064285714285715 0.3489847715736042 0.5064285714285715 0.38451776649746205 0.535 0.38451776649746205
3 0.5478571428571428 0.3274111675126905 0.5228571428571429 0.3274111675126905 0.5228571428571429 0.35786802030456866 0.5478571428571428 0.35786802030456866
3 0.5214285714285715 0.49619289340101536 0.4992857142857143 0.49619289340101536 0.4992857142857143 0.5469543147208124 0.5214285714285715 0.5469543147208124
3 0.5378571428571428 0.50253807106599 0.5164285714285715 0.50253807106599 0.5164285714285715 0.5532994923857869 0.5378571428571428 0.5532994923857869
3 0.5535714285714286 0.519035532994924 0.5335714285714286 0.519035532994924 0.5335714285714286 0.5609137055837565 0.5535714285714286 0.5609137055837565
3 0.5707142857142857 0.5291878172588834 0.5485714285714286 0.5291878172588834 0.5485714285714286 0.5761421319796955 0.5707142857142857 0.5761421319796955
3 0.5835714285714285 0.5469543147208124 0.5614285714285714 0.5469543147208124 0.5614285714285714 0.5964467005076144 0.5835714285714285 0.5964467005076144
5 0.6807142857142857 0.7296954314720815 0.665 0.7296954314720815 0.665 0.7512690355329952 0.6807142857142857 0.7512690355329952
5 0.6785714285714286 0.7436548223350256 0.6621428571428571 0.7436548223350253 0.6621428571428571 0.7664974619289342 0.6785714285714286 0.7664974619289343
5 0.6742857142857143 0.7588832487309646 0.6592857142857143 0.7588832487309645 0.6592857142857143 0.7791878172588834 0.6742857142857143 0.7791878172588835
5 0.6821428571428572 0.6916243654822338 0.6657142857142857 0.6916243654822338 0.6657142857142857 0.7119289340101526 0.6821428571428572 0.7119289340101526
11 0.66 0.6522842639593909 0.625 0.6522842639593909 0.625 0.6979695431472082 0.66 0.6979695431472082
3 0.6421428571428571 0.5888324873096448 0.6185714285714285 0.5888324873096448 0.6185714285714285 0.6434010152284265 0.6421428571428571 0.6434010152284265
3 0.6171428571428571 0.5799492385786803 0.5964285714285714 0.5799492385786803 0.5964285714285714 0.6307106598984773 0.6171428571428571 0.6307106598984773
3 0.6007142857142858 0.5532994923857869 0.5821428571428572 0.5532994923857869 0.5821428571428572 0.6053299492385789 0.6007142857142858 0.6053299492385789
5 0.6492857142857142 0.7741116751269036 0.6421428571428571 0.7741116751269036 0.6421428571428571 0.799492385786802 0.6492857142857142 0.799492385786802
5 0.6321428571428571 0.10152284263959405 0.6192857142857143 0.10152284263959405 0.6192857142857143 0.11928934010152299 0.6321428571428571 0.11928934010152299
8 0.63 0.10532994923857883 0.6257142857142857 0.10532994923857883 0.6257142857142857 0.11548223350253821 0.63 0.11548223350253821
8 0.6278571428571429 0.10152284263959405 0.6228571428571429 0.10152284263959405 0.6228571428571429 0.11548223350253821 0.6278571428571429 0.11548223350253821
2 0.8357142857142857 0.18401015228426415 0.7614285714285715 0.1840101522842641 0.7614285714285715 0.2614213197969545 0.8357142857142857 0.26142131979695454
10 0.9257142857142857 0.25761421319796973 0.875 0.25761421319796973 0.875 0.3286802030456854 0.9257142857142857 0.3286802030456854
10 0.9742857142857143 0.3794416243654824 0.9385714285714286 0.3794416243654824 0.9385714285714286 0.4720812182741118 0.9742857142857143 0.4720812182741118
3 0.9664285714285714 0.4911167512690357 0.9478571428571428 0.4911167512690357 0.9478571428571428 0.5469543147208124 0.9664285714285714 0.5469543147208124
3 0.9628571428571429 0.5571065989847718 0.9392857142857143 0.5571065989847718 0.9392857142857143 0.619289340101523 0.9628571428571429 0.619289340101523
3 0.9364285714285714 0.7309644670050764 0.9142857142857143 0.7309644670050764 0.9142857142857143 0.786802030456853 0.9364285714285714 0.786802030456853
11 0.9242857142857143 0.8032994923857871 0.9007142857142857 0.8032994923857871 0.9007142857142857 0.8642131979695434 0.9242857142857143 0.8642131979695434
2 0.9228571428571428 0.8730964467005079 0.8742857142857143 0.8730964467005079 0.8742857142857143 0.9987309644670054 0.9228571428571428 0.9987309644670054