2 0.023571428571428577 0.05203045685279188 3.586465626074392e-18 0.05203045685279188 6.429395695523604e-18 0.13451776649746192 0.02357142857142858 0.13451776649746192
2 0.023571428571428573 2.5642985007527064e-18 0 0 1.968182355772532e-18 0.05710659898477157 0.023571428571428573 0.05710659898477157
2 0.04071428571428572 0.006345177664974626 0.018571428571428572 0.0063451776649746236 0.018571428571428576 0.09898477157360407 0.040714285714285724 0.09898477157360407
7 0.027142857142857153 0.09898477157360407 0.02357142857142858 0.09898477157360407 0.02357142857142858 0.10786802030456853 0.027142857142857153 0.10786802030456853
7 0.0392857142857143 0.1065989847715736 0.03500000000000001 0.1065989847715736 0.03500000000000001 0.116751269035533 0.0392857142857143 0.116751269035533
7 0.04857142857142859 0.23223350253807107 0.043571428571428594 0.23223350253807107 0.043571428571428594 0.24492385786802032 0.04857142857142859 0.24492385786802032
7 0.015714285714285743 0.43274111675126903 0.007857142857142887 0.43274111675126903 0.007857142857142887 0.44416243654822335 0.015714285714285743 0.44416243654822335
7 0.08642857142857147 0.5545685279187818 0.07928571428571432 0.5545685279187818 0.07928571428571432 0.565989847715736 0.08642857142857147 0.565989847715736
7 0.06357142857142861 0.5266497461928934 0.05714285714285718 0.5266497461928934 0.05714285714285718 0.5368020304568528 0.06357142857142861 0.5368020304568528
7 0.007142857142857173 0.42385786802030456 0.002857142857142886 0.42385786802030456 0.002857142857142886 0.43147208121827413 0.007142857142857173 0.43147208121827413
7 0.00500000000000003 0.42385786802030456 2.921657363680114e-17 0.42385786802030456 2.9522735336587976e-17 0.43274111675126903 0.0050000000000000305 0.43274111675126903
7 0.04642857142857145 0.399746192893401 0.03928571428571432 0.399746192893401 0.03928571428571432 0.41116751269035534 0.04642857142857145 0.41116751269035534
7 0.0635714285714286 0.4263959390862944 0.056428571428571446 0.4263959390862944 0.056428571428571446 0.434010152284264 0.0635714285714286 0.434010152284264
7 0.08642857142857145 0.4010152284263959 0.08142857142857145 0.4010152284263959 0.08142857142857145 0.41116751269035534 0.08642857142857145 0.41116751269035534
7 0.0735714285714286 0.4022842639593909 0.06785714285714288 0.4022842639593909 0.06785714285714288 0.4137055837563452 0.0735714285714286 0.4137055837563452
7 0.08357142857142859 0.40609137055837563 0.07785714285714287 0.40609137055837563 0.07785714285714287 0.4137055837563452 0.08357142857142859 0.4137055837563452
7 0.08500000000000002 0.38071065989847713 0.08000000000000002 0.38071065989847713 0.08000000000000002 0.3934010152284264 0.08500000000000002 0.3934010152284264
7 0.0742857142857143 0.38451776649746194 0.07000000000000002 0.38451776649746194 0.07000000000000002 0.39593908629441626 0.0742857142857143 0.39593908629441626
7 0.08071428571428574 0.35406091370558374 0.07642857142857144 0.35406091370558374 0.07642857142857144 0.36548223350253806 0.08071428571428574 0.36548223350253806
7 0.07571428571428573 0.33883248730964466 0.07000000000000002 0.33883248730964466 0.07000000000000002 0.3477157360406091 0.07571428571428573 0.3477157360406091
7 0.08571428571428573 0.34517766497461927 0.08071428571428574 0.34517766497461927 0.08071428571428574 0.3565989847715736 0.08571428571428573 0.3565989847715736
7 0.10214285714285719 0.3604060913705584 0.09714285714285718 0.3604060913705584 0.09714285714285718 0.37055837563451777 0.10214285714285719 0.37055837563451777
7 0.11285714285714289 0.3032994923857868 0.10642857142857147 0.3032994923857868 0.10642857142857147 0.315989847715736 0.11285714285714289 0.315989847715736
7 0.12428571428571433 0.315989847715736 0.1178571428571429 0.315989847715736 0.1178571428571429 0.32614213197969544 0.12428571428571433 0.32614213197969544
7 0.11500000000000005 0.33375634517766495 0.10928571428571433 0.33375634517766495 0.10928571428571433 0.34517766497461927 0.11500000000000005 0.34517766497461927
7 0.0735714285714286 0.35279187817258884 0.06857142857142859 0.35279187817258884 0.06857142857142859 0.3629441624365482 0.0735714285714286 0.3629441624365482
7 0.07000000000000002 0.35406091370558374 0.06500000000000002 0.35406091370558374 0.06500000000000002 0.3629441624365482 0.07000000000000002 0.3629441624365482
7 0.0435714285714286 0.40609137055837563 0.038571428571428604 0.40609137055837563 0.038571428571428604 0.41624365482233505 0.0435714285714286 0.41624365482233505
7 0.06857142857142862 0.5228426395939086 0.06214285714285718 0.5228426395939086 0.06214285714285718 0.5304568527918782 0.06857142857142862 0.5304568527918782
7 0.07000000000000003 0.5304568527918782 0.06357142857142861 0.5304568527918782 0.06357142857142861 0.5393401015228426 0.07000000000000003 0.5393401015228426
7 0.07000000000000003 0.5444162436548223 0.06428571428571432 0.5444162436548223 0.06428571428571432 0.5532994923857868 0.07000000000000003 0.5532994923857868
7 0.0728571428571429 0.5393401015228426 0.06571428571428575 0.5393401015228426 0.06571428571428575 0.549492385786802 0.0728571428571429 0.549492385786802
7 0.12214285714285718 0.5114213197969543 0.11642857142857146 0.5114213197969543 0.11642857142857146 0.5228426395939086 0.12214285714285718 0.5228426395939086
7 0.15071428571428575 0.48350253807106597 0.14428571428571432 0.48350253807106597 0.14428571428571432 0.49619289340101524 0.15071428571428575 0.49619289340101524
7 0.11928571428571433 0.40609137055837563 0.11428571428571432 0.40609137055837563 0.11428571428571432 0.4149746192893401 0.11928571428571433 0.4149746192893401
7 0.11142857142857147 0.4619289340101523 0.10642857142857147 0.4619289340101523 0.10642857142857147 0.4720812182741117 0.11142857142857147 0.4720812182741117
7 0.11071428571428575 0.33248730964467005 0.10500000000000004 0.33248730964467005 0.10500000000000004 0.3413705583756345 0.11071428571428575 0.3413705583756345
7 0.11071428571428575 0.40609137055837563 0.10500000000000004 0.40609137055837563 0.10500000000000004 0.4200507614213198 0.11071428571428575 0.4200507614213198
7 0.10642857142857147 0.4276649746192893 0.10071428571428576 0.4276649746192893 0.10071428571428576 0.43908629441624364 0.10642857142857147 0.43908629441624364
7 0.12000000000000004 0.4365482233502538 0.11428571428571432 0.4365482233502538 0.11428571428571432 0.44923857868020306 0.12000000000000004 0.44923857868020306
7 0.05785714285714288 0.4213197969543147 0.05357142857142859 0.4213197969543147 0.05357142857142859 0.43147208121827413 0.05785714285714288 0.43147208121827413
7 0.14000000000000004 0.5266497461928934 0.1342857142857143 0.5266497461928934 0.1342857142857143 0.5393401015228426 0.14000000000000004 0.5393401015228426
7 0.11500000000000005 0.5076142131979695 0.10857142857142861 0.5076142131979695 0.10857142857142861 0.5203045685279187 0.11500000000000005 0.5203045685279187
7 0.1728571428571429 0.5406091370558376 0.16714285714285718 0.5406091370558376 0.16714285714285718 0.5520304568527918 0.1728571428571429 0.5520304568527918
7 0.2671428571428571 0.5418781725888325 0.2621428571428571 0.5418781725888325 0.2621428571428571 0.5520304568527918 0.2671428571428571 0.5520304568527918
7 0.19071428571428573 0.5545685279187818 0.18428571428571427 0.5545685279187818 0.18428571428571427 0.5621827411167513 0.19071428571428573 0.5621827411167513
7 0.1785714285714286 0.5774111675126904 0.17500000000000004 0.5774111675126904 0.17500000000000004 0.5850253807106599 0.1785714285714286 0.5850253807106599
7 0.1728571428571429 0.5901015228426396 0.16857142857142862 0.5901015228426396 0.16857142857142862 0.5989847715736041 0.1728571428571429 0.5989847715736041
7 0.185 0.5583756345177665 0.18000000000000005 0.5583756345177665 0.18000000000000005 0.565989847715736 0.185 0.565989847715736
7 0.12428571428571433 0.6256345177664975 0.11642857142857146 0.6256345177664975 0.11642857142857146 0.6370558375634517 0.12428571428571433 0.6370558375634517
7 0.1778571428571429 0.8109137055837563 0.1735714285714286 0.8109137055837563 0.1735714285714286 0.8197969543147208 0.1778571428571429 0.8197969543147208
7 0.12857142857142864 0.916243654822335 0.12285714285714294 0.916243654822335 0.12285714285714294 0.9251269035532995 0.12857142857142864 0.9251269035532995
8 0.030714285714285774 0.8210659898477157 0.024285714285714348 0.8210659898477157 0.024285714285714348 0.8286802030456852 0.030714285714285774 0.8286802030456852
8 0.03500000000000005 0.7639593908629442 0.029285714285714335 0.7639593908629442 0.029285714285714335 0.7715736040609137 0.03500000000000005 0.7715736040609137
8 0.2714285714285714 0.5469543147208121 0.26785714285714285 0.5469543147208121 0.26785714285714285 0.5558375634517766 0.2714285714285714 0.5558375634517766
1 0.27214285714285713 0.5469543147208121 0.26785714285714285 0.5469543147208121 0.26785714285714285 0.5634517766497462 0.27214285714285713 0.5634517766497462
1 0.030714285714285774 0.8185279187817259 0.02642857142857149 0.8185279187817259 0.02642857142857149 0.8350253807106599 0.030714285714285774 0.8350253807106599
1 0.03642857142857148 0.7601522842639594 0.030714285714285763 0.7601522842639594 0.030714285714285763 0.7728426395939086 0.03642857142857148 0.7728426395939086
7 0.06642857142857148 0.733502538071066 0.060714285714285755 0.733502538071066 0.06071428571428576 0.7423857868020305 0.06642857142857149 0.7423857868020305
7 0.06357142857142863 0.7652284263959391 0.05785714285714292 0.7652284263959391 0.05785714285714292 0.7741116751269036 0.06357142857142863 0.7741116751269036
10 0.11500000000000007 0.899746192893401 0.07000000000000006 0.899746192893401 0.07000000000000006 0.9378172588832487 0.11500000000000007 0.9378172588832487
10 0.12357142857142861 0.8045685279187818 0.0714285714285715 0.8045685279187818 0.0714285714285715 0.8413705583756346 0.12357142857142861 0.8413705583756346
7 0.375 0.5837563451776652 0.37142857142857144 0.5837563451776652 0.37142857142857144 0.5939086294416245 0.375 0.5939086294416245
2 0.2707142857142858 0.7626903553299492 0.20642857142857152 0.7626903553299492 0.20642857142857152 0.8071065989847716 0.2707142857142858 0.8071065989847716
11 0.2714285714285715 0.7271573604060914 0.21928571428571436 0.7271573604060914 0.21928571428571436 0.7652284263959391 0.2714285714285715 0.7652284263959391
11 0.2757142857142858 0.6916243654822335 0.21357142857142866 0.6916243654822335 0.21357142857142866 0.7411167512690355 0.2757142857142858 0.7411167512690355
3 0.32285714285714284 0.4263959390862944 0.31285714285714283 0.4263959390862944 0.31285714285714283 0.4631979695431472 0.32285714285714284 0.4631979695431472
7 0.2807142857142857 0.5076142131979695 0.27714285714285714 0.5076142131979695 0.27714285714285714 0.5139593908629442 0.2807142857142857 0.5139593908629442
3 0.32357142857142857 0.3045685279187818 0.315 0.3045685279187818 0.315 0.33248730964467005 0.32357142857142857 0.33248730964467005
3 0.36357142857142855 0.23730964467005083 0.3507142857142857 0.23730964467005083 0.3507142857142857 0.26522842639593913 0.36357142857142855 0.26522842639593913
3 0.3578571428571429 0.26522842639593913 0.3435714285714286 0.26522842639593913 0.3435714285714286 0.2944162436548224 0.3578571428571429 0.2944162436548224
3 0.36714285714285716 0.19162436548223358 0.3464285714285714 0.19162436548223358 0.3464285714285714 0.22335025380710666 0.36714285714285716 0.22335025380710666
11 0.36428571428571427 0.17005076142131986 0.34785714285714286 0.17005076142131986 0.34785714285714286 0.19923857868020312 0.36428571428571427 0.19923857868020312
3 0.37642857142857145 0.06345177664974627 0.3607142857142857 0.06345177664974626 0.3607142857142857 0.08883248730964474 0.37642857142857145 0.08883248730964474
3 0.3578571428571429 0.05203045685279195 0.3407142857142857 0.05203045685279195 0.3407142857142857 0.07741116751269042 0.3578571428571429 0.07741116751269042
11 0.3692857142857143 0.05203045685279195 0.35285714285714287 0.05203045685279195 0.35285714285714287 0.07614213197969551 0.3692857142857143 0.07614213197969551
3 0.43857142857142856 0.8908629441624365 0.42642857142857143 0.8908629441624365 0.42642857142857143 0.9416243654822335 0.43857142857142856 0.9416243654822335
3 0.46285714285714286 0.8299492385786802 0.45071428571428573 0.8299492385786802 0.45071428571428573 0.8807106598984772 0.46285714285714286 0.8807106598984772
10 0.5128571428571429 0.8515228426395939 0.49642857142857144 0.8515228426395939 0.49642857142857144 0.9822335025380711 0.5128571428571429 0.9822335025380711
10 0.44571428571428573 0.7131979695431472 0.4257142857142857 0.7131979695431472 0.4257142857142857 0.8185279187817259 0.44571428571428573 0.8185279187817259
10 0.5135714285714286 0.5977157360406092 0.49714285714285716 0.5977157360406092 0.49714285714285716 0.6916243654822335 0.5135714285714286 0.6916243654822335
10 0.5378571428571428 0.5634517766497463 0.5178571428571429 0.5634517766497463 0.5178571428571429 0.6814720812182741 0.5378571428571428 0.6814720812182741
2 0.5128571428571429 0.4923857868020306 0.5007142857142857 0.4923857868020306 0.5007142857142857 0.5507614213197971 0.5128571428571429 0.5507614213197971
3 0.44 0.6167512690355331 0.42714285714285716 0.6167512690355331 0.42714285714285716 0.6624365482233503 0.44 0.6624365482233503
3 0.46785714285714286 0.5761421319796955 0.45785714285714285 0.5761421319796955 0.45785714285714285 0.6154822335025382 0.46785714285714286 0.6154822335025382
3 0.49214285714285716 0.44923857868020317 0.4828571428571429 0.44923857868020317 0.4828571428571429 0.486040609137056 0.49214285714285716 0.486040609137056
3 0.4607142857142857 0.4873096446700509 0.44857142857142857 0.4873096446700509 0.44857142857142857 0.5241116751269037 0.4607142857142857 0.5241116751269037
3 0.47285714285714286 0.3489847715736042 0.4635714285714286 0.3489847715736042 0.4635714285714286 0.3807106598984773 0.47285714285714286 0.3807106598984773
3 0.45785714285714285 0.2728426395939087 0.44642857142857145 0.2728426395939087 0.44642857142857145 0.30710659898477166 0.45785714285714285 0.30710659898477166
10 0.45714285714285713 0.32614213197969555 0.44285714285714284 0.32614213197969555 0.44285714285714284 0.402284263959391 0.45714285714285713 0.402284263959391
11 0.5107142857142857 0.3274111675126905 0.5014285714285714 0.3274111675126905 0.5014285714285714 0.3667512690355331 0.5107142857142857 0.3667512690355331
11 0.4735714285714286 0.24873096446700516 0.4635714285714286 0.24873096446700516 0.4635714285714286 0.28172588832487316 0.4735714285714286 0.28172588832487316
3 0.49642857142857144 0.27030456852791884 0.485 0.27030456852791884 0.485 0.3096446700507615 0.49642857142857144 0.3096446700507615
3 0.5107142857142857 0.2055837563451778 0.5014285714285714 0.2055837563451778 0.5014285714285714 0.23984771573604075 0.5107142857142857 0.23984771573604075
11 0.4957142857142857 0.14974619289340113 0.4878571428571429 0.14974619289340113 0.4878571428571429 0.18654822335025387 0.4957142857142857 0.18654822335025387
10 0.4635714285714286 0.08883248730964478 0.45 0.08883248730964478 0.45 0.16243654822335032 0.4635714285714286 0.16243654822335032
10 0.4992857142857143 0.05964467005076153 0.48857142857142855 0.05964467005076153 0.48857142857142855 0.11167512690355341 0.4992857142857143 0.11167512690355341
11 0.4764285714285714 0.05710659898477168 0.47 0.05710659898477168 0.47 0.08502538071066 0.4764285714285714 0.08502538071066
3 0.5128571428571429 0.10279187817258895 0.5035714285714286 0.10279187817258895 0.5035714285714286 0.1319796954314722 0.5128571428571429 0.1319796954314722
5 0.475 0.17512690355329957 0.4714285714285714 0.17512690355329957 0.4714285714285714 0.1878172588832488 0.475 0.1878172588832488
5 0.47214285714285714 0.13705583756345188 0.4685714285714286 0.13705583756345188 0.4685714285714286 0.15228426395939096 0.47214285714285714 0.15228426395939096
8 0.4714285714285714 0.13705583756345188 0.4685714285714286 0.13705583756345188 0.4685714285714286 0.14593908629441635 0.4714285714285714 0.14593908629441635
8 0.4742857142857143 0.17512690355329957 0.4714285714285714 0.17512690355329957 0.4714285714285714 0.18527918781725897 0.4742857142857143 0.18527918781725897