3 0.8293319415448852 0.9758812615955473 0.7755741127348643 0.9758812615955473 0.7755741127348643 0.9990723562152134 0.8293319415448852 0.9990723562152134
3 0.8288100208768268 0.9053803339517628 0.7760960334029228 0.9053803339517628 0.7760960334029228 0.9526901669758813 0.8288100208768268 0.9526901669758813
3 0.6565762004175365 0.8543599257884974 0.6163883089770354 0.8543599257884974 0.6163883089770354 0.8998144712430429 0.6565762004175365 0.8998144712430429
3 0.6487473903966597 0.8274582560296848 0.6106471816283925 0.8274582560296848 0.6106471816283925 0.8738404452690169 0.6487473903966597 0.8738404452690169
3 0.656054279749478 0.7430426716141004 0.6195198329853863 0.7430426716141004 0.6195198329853863 0.7782931354359928 0.656054279749478 0.7782931354359928
7 0.6847599164926931 0.7142857142857145 0.680062630480167 0.7142857142857145 0.680062630480167 0.7384044526901672 0.6847599164926931 0.7384044526901672
8 0.6790187891440501 0.7198515769944344 0.675365344467641 0.7198515769944344 0.675365344467641 0.7282003710575141 0.6790187891440501 0.7282003710575141
3 0.7896659707724426 0.720779220779221 0.7546972860125261 0.720779220779221 0.7546972860125261 0.7513914656771802 0.7896659707724426 0.7513914656771802
3 0.7797494780793319 0.6920222634508351 0.7479123173277662 0.6920222634508351 0.7479123173277662 0.7189239332096478 0.7797494780793319 0.7189239332096478
3 0.7734864300626305 0.37012987012987036 0.7620041753653445 0.37012987012987036 0.7620041753653445 0.3858998144712433 0.7734864300626305 0.3858998144712433
3 0.767223382045929 0.3756957328385902 0.7536534446764092 0.3756957328385902 0.7536534446764092 0.3914656771799631 0.767223382045929 0.3914656771799631
3 0.761482254697286 0.3794063079777368 0.7489561586638831 0.3794063079777368 0.7489561586638831 0.3951762523191097 0.761482254697286 0.3951762523191097
3 0.7567849686847599 0.3858998144712433 0.7416492693110647 0.3858998144712433 0.7416492693110647 0.4007421150278295 0.7567849686847599 0.4007421150278295
3 0.7510438413361169 0.3858998144712433 0.732776617954071 0.3858998144712433 0.732776617954071 0.40630797773654936 0.7510438413361169 0.40630797773654936
3 0.7698329853862212 0.3599257884972173 0.7541753653444676 0.3599257884972173 0.7541753653444676 0.3738404452690169 0.7698329853862212 0.3738404452690169
3 0.7531315240083507 0.3627087198515772 0.7359081419624217 0.3627087198515772 0.7359081419624217 0.37662337662337686 0.7531315240083507 0.37662337662337686
7 0.7760960334029228 0.3571428571428574 0.7719206680584552 0.3571428571428574 0.7719206680584552 0.37105751391465697 0.7760960334029228 0.37105751391465697
7 0.7870563674321504 0.34601113172541764 0.7818371607515657 0.34601113172541764 0.7818371607515657 0.36178107606679055 0.7870563674321504 0.36178107606679055
11 0.8042797494780793 0.33209647495361805 0.7891440501043842 0.33209647495361805 0.7891440501043842 0.3515769944341375 0.8042797494780793 0.3515769944341375
3 0.802713987473904 0.3163265306122451 0.7865344467640919 0.3163265306122451 0.7865344467640919 0.33302411873840465 0.802713987473904 0.33302411873840465
3 0.8293319415448852 0.3534322820037108 0.8136743215031316 0.3534322820037108 0.8136743215031316 0.3692022263450837 0.8293319415448852 0.3692022263450837
3 0.842901878914405 0.3627087198515772 0.8272442588726514 0.3627087198515772 0.8272442588726514 0.3784786641929501 0.842901878914405 0.3784786641929501
3 0.8689979123173278 0.37662337662337686 0.8522964509394572 0.37662337662337686 0.8522964509394572 0.3951762523191097 0.8689979123173278 0.3951762523191097
10 0.8068893528183716 0.22077922077922094 0.7865344467640919 0.22077922077922094 0.7865344467640919 0.23469387755102056 0.8068893528183716 0.23469387755102056
2 0.9347599164926931 0.2124304267161412 0.9149269311064718 0.2124304267161412 0.9149269311064718 0.2300556586270874 0.9347599164926931 0.2300556586270874
10 0.7964509394572025 0.25974025974025994 0.7708768267223383 0.25974025974025994 0.7708768267223383 0.28200371057513934 0.7964509394572025 0.28200371057513934
7 0.15814196242171197 0.6159554730983302 0.15240083507306895 0.6159554730983302 0.15240083507306895 0.6354359925788498 0.15814196242171197 0.6354359925788498
3 0.18371607515657626 0.5936920222634509 0.16858037578288107 0.5936920222634509 0.16858037578288107 0.6261595547309833 0.18371607515657626 0.6261595547309833
3 0.1858037578288101 0.6317254174397031 0.16962421711899797 0.6317254174397031 0.16962421711899797 0.6623376623376623 0.1858037578288101 0.6623376623376623
3 0.12317327766179546 0.6929499072356216 0.10594989561586644 0.6929499072356216 0.10594989561586644 0.7365491651205937 0.12317327766179546 0.7365491651205937
3 0.11795407098121091 0.8200371057513914 0.09551148225469734 0.8200371057513914 0.09551148225469734 0.8710575139146568 0.11795407098121091 0.8710575139146568
3 0.11273486430062636 0.8701298701298701 0.09290187891440507 0.8701298701298701 0.09290187891440507 0.9211502782931354 0.11273486430062636 0.9211502782931354
3 0.024008350730688972 0.5528756957328386 0.005741127348643045 0.5528756957328386 0.005741127348643046 0.5825602968460112 0.024008350730688972 0.5825602968460112
11 0.04906054279749481 0.5092764378478665 0.02192066805845515 0.5092764378478665 0.02192066805845515 0.5296846011131725 0.04906054279749481 0.5296846011131725
3 0.047494780793319445 0.5037105751391465 0.024530271398747427 0.5037105751391465 0.024530271398747427 0.5194805194805194 0.047494780793319445 0.5194805194805194