3 0.6607142857142857 0.6510152284263959 0.6057142857142858 0.6510152284263959 0.6057142857142858 0.7423857868020305 0.6607142857142857 0.7423857868020305
3 0.5978571428571429 0.5532994923857869 0.5507142857142857 0.5532994923857869 0.5507142857142857 0.6332487309644671 0.5978571428571429 0.6332487309644671
3 0.555 0.4708121827411169 0.515 0.4708121827411169 0.515 0.5406091370558377 0.555 0.5406091370558377
3 0.5207142857142857 0.4010152284263961 0.4828571428571429 0.4010152284263961 0.4828571428571429 0.4657360406091372 0.5207142857142857 0.4657360406091372
3 0.4085714285714286 0.35659898477157376 0.37857142857142856 0.35659898477157376 0.37857142857142856 0.4073604060913707 0.4085714285714286 0.4073604060913707
3 0.5071428571428571 0.6002538071065991 0.4664285714285714 0.6002538071065991 0.4664285714285714 0.6802030456852792 0.5071428571428571 0.6802030456852792
11 0.4807142857142857 0.3934010152284265 0.44357142857142856 0.3934010152284265 0.44357142857142856 0.46954314720812196 0.4807142857142857 0.46954314720812196
11 0.6642857142857143 0.7461928934010154 0.6092857142857143 0.7461928934010152 0.6092857142857143 0.8477157360406092 0.6642857142857143 0.8477157360406095
11 0.7078571428571429 0.7601522842639595 0.6607142857142857 0.7601522842639594 0.6607142857142857 0.8464467005076144 0.7078571428571429 0.8464467005076145
7 0.7257142857142858 0.9390862944162439 0.7128571428571429 0.9390862944162439 0.7128571428571429 0.9733502538071069 0.7257142857142858 0.9733502538071069
7 0.5271428571428571 0.3604060913705585 0.5207142857142857 0.3604060913705585 0.5207142857142857 0.39086294416243667 0.5271428571428571 0.39086294416243667
7 0.4207142857142857 0.2195431472081219 0.415 0.2195431472081219 0.415 0.23857868020304576 0.4207142857142857 0.23857868020304576
7 0.4042857142857143 0.19416243654822343 0.39785714285714285 0.19416243654822343 0.39785714285714285 0.2144670050761422 0.4042857142857143 0.2144670050761422
7 0.37642857142857145 0.15228426395939093 0.36857142857142855 0.15228426395939093 0.36857142857142855 0.17005076142131986 0.37642857142857145 0.17005076142131986
7 0.6678571428571428 0.6243654822335026 0.6614285714285715 0.6243654822335026 0.6614285714285715 0.6586294416243657 0.6678571428571428 0.6586294416243658
7 0.6964285714285714 0.6827411167512694 0.6871428571428572 0.6827411167512694 0.6871428571428572 0.7131979695431475 0.6964285714285714 0.7131979695431475
7 0.705 0.6789340101522846 0.6957142857142857 0.6789340101522846 0.6957142857142857 0.7081218274111678 0.705 0.7081218274111678
7 0.9021428571428571 0.9479695431472084 0.8914285714285715 0.9479695431472084 0.8914285714285715 0.970812182741117 0.9021428571428571 0.970812182741117
7 0.9028571428571428 0.9378172588832491 0.8878571428571429 0.9378172588832491 0.8878571428571429 0.955583756345178 0.9028571428571428 0.955583756345178
7 0.9092857142857143 0.9619289340101526 0.8957142857142857 0.9619289340101526 0.8957142857142857 0.9923857868020307 0.9092857142857143 0.9923857868020307
7 0.9378571428571428 0.954314720812183 0.9285714285714286 0.954314720812183 0.9285714285714286 0.9847715736040612 0.9378571428571428 0.9847715736040612
7 0.4207142857142857 0.699238578680203 0.4114285714285714 0.699238578680203 0.4114285714285714 0.7296954314720813 0.4207142857142857 0.7296954314720813
7 0.4278571428571429 0.8350253807106599 0.41714285714285715 0.8350253807106599 0.41714285714285715 0.8527918781725888 0.4278571428571429 0.8527918781725888
7 0.4807142857142857 0.284263959390863 0.47285714285714286 0.284263959390863 0.47285714285714286 0.3096446700507615 0.4807142857142857 0.3096446700507615