3 0.7278571428571429 0.8032994923857871 0.6821428571428572 0.8032994923857871 0.6821428571428572 0.8464467005076145 0.7278571428571429 0.8464467005076145
3 0.78 0.8020304568527922 0.7385714285714285 0.8020304568527922 0.7385714285714285 0.8413705583756348 0.78 0.8413705583756348
3 0.8428571428571429 0.7956852791878175 0.7971428571428572 0.7956852791878175 0.7971428571428572 0.838832487309645 0.8428571428571429 0.838832487309645
10 0.9 0.6840101522842642 0.7971428571428572 0.6840101522842642 0.7971428571428572 0.7512690355329952 0.9 0.7512690355329952
2 0.7735714285714286 0.6878172588832491 0.665 0.6878172588832491 0.665 0.7626903553299496 0.7735714285714286 0.7626903553299496
3 0.7021428571428572 0.770304568527919 0.6607142857142857 0.7703045685279187 0.6607142857142857 0.8032994923857869 0.7021428571428572 0.8032994923857871
10 0.2978571428571429 0.5609137055837563 0.23 0.5609137055837563 0.23000000000000004 0.6065989847715736 0.29785714285714293 0.6065989847715736
2 0.5471428571428572 0.3388324873096448 0.5278571428571428 0.3388324873096448 0.5278571428571428 0.40989847715736055 0.5471428571428572 0.40989847715736055
2 0.5392857142857143 0.2639593908629443 0.5214285714285715 0.2639593908629443 0.5214285714285715 0.33121827411167526 0.5392857142857143 0.33121827411167526
10 0.49785714285714283 0.218274111675127 0.4785714285714286 0.21827411167512697 0.4785714285714286 0.285532994923858 0.49785714285714283 0.28553299492385803
3 0.5671428571428572 0.37690355329949254 0.5514285714285714 0.37690355329949254 0.5514285714285714 0.4225888324873098 0.5671428571428572 0.4225888324873098
3 0.5614285714285714 0.3337563451776651 0.5457142857142857 0.3337563451776651 0.5457142857142857 0.3667512690355331 0.5614285714285714 0.3667512690355331
3 0.5557142857142857 0.2741116751269037 0.5421428571428571 0.2741116751269037 0.5421428571428571 0.3134517766497463 0.5557142857142857 0.3134517766497463
3 0.5528571428571428 0.22081218274111689 0.5385714285714286 0.22081218274111689 0.5385714285714286 0.2626903553299494 0.5528571428571428 0.2626903553299494
3 0.5328571428571428 0.22081218274111689 0.5207142857142857 0.22081218274111689 0.5207142857142857 0.26142131979695443 0.5328571428571428 0.26142131979695443
3 0.5471428571428572 0.17512690355329963 0.5321428571428571 0.17512690355329963 0.5321428571428571 0.21700507614213213 0.5471428571428572 0.21700507614213213
3 0.54 0.10659898477157372 0.5257142857142857 0.10659898477157372 0.5257142857142857 0.14593908629441635 0.54 0.14593908629441635