7 0.3028571428571429 0.08666666666666673 0.2885714285714286 0.08666666666666673 0.2885714285714286 0.13809523809523816 0.3028571428571429 0.13809523809523816
5 0.14214285714285715 0.1580952380952381 0.09214285714285714 0.1580952380952381 0.09214285714285714 0.19428571428571428 0.14214285714285715 0.19428571428571428
7 0.11857142857142858 0.14952380952380953 0.09714285714285714 0.14952380952380953 0.09714285714285714 0.1819047619047619 0.11857142857142858 0.1819047619047619
7 0.27714285714285714 0.2704761904761905 0.25357142857142856 0.2704761904761905 0.25357142857142856 0.31238095238095237 0.27714285714285714 0.31238095238095237
7 0.2592857142857143 0.2923809523809524 0.23714285714285716 0.2923809523809524 0.23714285714285716 0.34285714285714286 0.2592857142857143 0.34285714285714286
3 0.2528571428571429 0.37333333333333335 0.12500000000000003 0.37333333333333335 0.12500000000000003 0.5523809523809524 0.25285714285714295 0.5523809523809524
7 0.15142857142857147 0.6228571428571429 0.12071428571428576 0.6228571428571429 0.12071428571428576 0.6504761904761904 0.15142857142857147 0.6504761904761904
7 0.6335714285714286 0.5704761904761905 0.6142857142857143 0.5704761904761905 0.6142857142857143 0.6114285714285714 0.6335714285714286 0.6114285714285714
7 0.5821428571428572 0.4685714285714287 0.565 0.4685714285714287 0.565 0.5095238095238095 0.5821428571428572 0.5095238095238095
7 0.5071428571428571 0.4580952380952382 0.49214285714285716 0.4580952380952382 0.49214285714285716 0.49523809523809526 0.5071428571428571 0.49523809523809526
7 0.5635714285714286 0.41428571428571437 0.5464285714285714 0.41428571428571437 0.5464285714285714 0.4542857142857144 0.5635714285714286 0.4542857142857144
7 0.4564285714285714 0.40000000000000013 0.43714285714285717 0.40000000000000013 0.43714285714285717 0.4400000000000001 0.4564285714285714 0.4400000000000001
7 0.5164285714285715 0.3466666666666668 0.5007142857142857 0.3466666666666668 0.5007142857142857 0.38666666666666677 0.5164285714285715 0.38666666666666677
7 0.4257142857142857 0.3361904761904763 0.40785714285714286 0.3361904761904763 0.40785714285714286 0.3771428571428572 0.4257142857142857 0.3771428571428572
7 0.47928571428571426 0.27714285714285725 0.4614285714285714 0.27714285714285725 0.4614285714285714 0.321904761904762 0.47928571428571426 0.321904761904762
7 0.5628571428571428 0.26476190476190486 0.5485714285714286 0.26476190476190486 0.5485714285714286 0.31142857142857155 0.5628571428571428 0.31142857142857155
7 0.585 0.3009523809523811 0.5664285714285714 0.3009523809523811 0.5664285714285714 0.3447619047619049 0.585 0.3447619047619049
7 0.645 0.361904761904762 0.6271428571428571 0.361904761904762 0.6271428571428571 0.401904761904762 0.645 0.401904761904762
7 0.66 0.24761904761904774 0.6435714285714286 0.24761904761904774 0.6435714285714286 0.29238095238095246 0.66 0.29238095238095246
7 0.5428571428571428 0.21904761904761916 0.5257142857142857 0.21904761904761916 0.5257142857142857 0.2676190476190477 0.5428571428571428 0.2676190476190477
7 0.44571428571428573 0.2047619047619048 0.4328571428571429 0.2047619047619048 0.4328571428571429 0.25142857142857156 0.44571428571428573 0.25142857142857156
7 0.5257142857142857 0.1800000000000001 0.51 0.1800000000000001 0.51 0.22095238095238107 0.5257142857142857 0.22095238095238107
5 0.6128571428571429 0.11428571428571438 0.5735714285714286 0.11428571428571437 0.5735714285714286 0.1561904761904763 0.6128571428571429 0.1561904761904763
5 0.6385714285714286 0.1742857142857144 0.6078571428571429 0.1742857142857144 0.6078571428571429 0.2180952380952382 0.6385714285714286 0.2180952380952382
5 0.6657142857142857 0.18571428571428583 0.6464285714285715 0.18571428571428583 0.6464285714285715 0.23904761904761915 0.6657142857142857 0.23904761904761915
7 0.7285714285714285 0.3000000000000001 0.7042857142857143 0.3000000000000001 0.7042857142857143 0.3457142857142858 0.7285714285714285 0.3457142857142858
7 0.7178571428571429 0.4047619047619049 0.6942857142857143 0.4047619047619049 0.6942857142857143 0.44571428571428584 0.7178571428571429 0.44571428571428584
7 0.6792857142857143 0.43904761904761913 0.6571428571428571 0.43904761904761913 0.6571428571428571 0.4809523809523811 0.6792857142857143 0.4809523809523811
7 0.7221428571428572 0.5295238095238097 0.6942857142857143 0.5295238095238097 0.6942857142857143 0.5685714285714288 0.7221428571428572 0.5685714285714288
3 1 0.864761904761905 0.8685714285714285 0.864761904761905 0.8685714285714285 0.981904761904762 1 0.981904761904762
3 0.9892857142857143 0.662857142857143 0.8228571428571428 0.662857142857143 0.8228571428571428 0.802857142857143 0.9892857142857143 0.802857142857143