10 0.37056367432150317 0.74860853432282 0.27244258872651356 0.74860853432282 0.2724425887265136 0.9990723562152134 0.3705636743215032 0.9990723562152134
10 0.41910229645093944 0.32653061224489804 0.32254697286012524 0.32653061224489804 0.32254697286012524 0.637291280148423 0.41910229645093944 0.637291280148423
3 0.43475991649269313 9.122369014056814e-17 0.4034446764091858 8.781558216520446e-17 0.4034446764091858 0.04730983302411883 0.43475991649269313 0.04730983302411883
11 0.41597077244258873 0.18831168831168843 0.3742171189979123 0.18831168831168843 0.3742171189979123 0.3116883116883118 0.41597077244258873 0.3116883116883118
3 0.6383089770354906 0.37662337662337675 0.593945720250522 0.37662337662337675 0.593945720250522 0.5241187384044529 0.6383089770354906 0.5241187384044529
3 0.6492693110647182 0.5658627087198518 0.5991649269311065 0.5658627087198518 0.5991649269311065 0.7384044526901672 0.6492693110647182 0.7384044526901672
11 0.6680584551148225 1.4177729177512957e-16 0.6346555323590815 1.381419766014083e-16 0.6346555323590815 0.09740259740259755 0.6680584551148225 0.09740259740259756
3 0.9164926931106472 0.6753246753246755 0.8048016701461378 0.6753246753246755 0.8048016701461378 0.7727272727272729 0.9164926931106472 0.7727272727272729
5 0.8997912317327766 0.6298701298701301 0.8575156576200418 0.6298701298701301 0.8575156576200418 0.6771799628942489 0.8997912317327766 0.6771799628942489
1 0.8580375782881002 0.3868274582560299 0.8288100208768268 0.3868274582560299 0.8288100208768268 0.4090909090909093 0.8580375782881002 0.4090909090909093
1 0.8622129436325678 0.3794063079777368 0.8392484342379958 0.3794063079777368 0.8392484342379958 0.40352504638218945 0.8622129436325678 0.40352504638218945
5 0.843945720250522 0.3469387755102043 0.81419624217119 0.3469387755102043 0.81419624217119 0.38404452690166996 0.843945720250522 0.38404452690166996
9 0.8402922755741128 0.2866419294990726 0.7927974947807933 0.2866419294990726 0.7927974947807933 0.3385899814471245 0.8402922755741128 0.3385899814471245
5 0.8329853862212944 0.25510204081632676 0.8032359081419624 0.25510204081632676 0.8032359081419624 0.2987012987012989 0.8329853862212944 0.2987012987012989