3 0.15850000000000006 0.6833333333333333 0.03500000000000006 0.6833333333333333 0.03500000000000007 0.9046666666666666 0.15850000000000006 0.9046666666666666
8 0.294 0.5633333333333334 0.271 0.5633333333333334 0.271 0.614 0.294 0.614
8 0.2925 0.548 0.279 0.548 0.279 0.5833333333333334 0.2925 0.5833333333333334
9 0.30350000000000005 0.554 0.271 0.554 0.2710000000000001 0.632 0.3035000000000001 0.632
3 0.7145 0.4713333333333335 0.647 0.4713333333333335 0.647 0.5686666666666668 0.7145 0.5686666666666668
3 0.8255 0.47200000000000014 0.745 0.47200000000000014 0.745 0.5706666666666668 0.8255 0.5706666666666668
3 1 0.4633333333333335 0.9285 0.4633333333333335 0.9285 0.5833333333333335 1 0.5833333333333335
7 1 0.37733333333333346 0.99 0.37733333333333346 0.99 0.40600000000000014 1 0.40600000000000014
11 0.9475 0.38533333333333347 0.8675 0.38533333333333347 0.8675 0.46066666666666684 0.9475 0.46066666666666684
3 0.8655 0.3880000000000002 0.8045 0.3880000000000002 0.8045 0.46000000000000013 0.8655 0.46000000000000013
3 0.866 0.3220000000000002 0.8185 0.3220000000000002 0.8185 0.3786666666666668 0.866 0.3786666666666668
1 0.23100000000000004 0.2946666666666667 0.2165 0.2946666666666667 0.21650000000000003 0.32266666666666666 0.23100000000000007 0.32266666666666666
7 0.24250000000000002 0.276 0.2285 0.276 0.22850000000000004 0.31533333333333335 0.24250000000000005 0.3153333333333334
7 0.259 0.2720000000000001 0.2475 0.2720000000000001 0.24750000000000003 0.31066666666666676 0.259 0.31066666666666676
7 0.252 0.2573333333333334 0.2405 0.2573333333333334 0.2405 0.29466666666666674 0.252 0.29466666666666674
11 0.262 4.1474704931123694e-17 0.246 4.016841501203319e-17 0.246 0.01400000000000004 0.262 0.014000000000000042
3 0.303 0.29866666666666675 0.252 0.29866666666666675 0.252 0.37533333333333335 0.303 0.37533333333333335
11 0.319 0.24266666666666675 0.279 0.24266666666666675 0.279 0.31400000000000006 0.319 0.31400000000000006
7 0.3555 0.2413333333333334 0.3455 0.2413333333333334 0.3455 0.28066666666666673 0.3555 0.28066666666666673
3 0.356 0.15400000000000005 0.327 0.15400000000000003 0.327 0.1940000000000001 0.356 0.1940000000000001
3 0.4265 0.062000000000000076 0.408 0.062000000000000076 0.408 0.08866666666666674 0.4265 0.08866666666666674
3 0.3765 0.1073333333333334 0.353 0.1073333333333334 0.353 0.13600000000000007 0.3765 0.13600000000000007
3 0.387 0.07666666666666673 0.3665 0.07666666666666673 0.3665 0.10266666666666674 0.387 0.10266666666666674
3 0.394 0.05733333333333339 0.372 0.05733333333333339 0.372 0.08533333333333341 0.394 0.08533333333333341
3 0.3985 0.048666666666666726 0.3805 0.048666666666666726 0.3805 0.07333333333333339 0.3985 0.07333333333333339
3 0.405 0.0273333333333334 0.3885 0.0273333333333334 0.3885 0.048666666666666726 0.405 0.048666666666666726
3 0.4085 0.018666666666666734 0.393 0.018666666666666734 0.393 0.0393333333333334 0.4085 0.0393333333333334
3 0.4115 0.010666666666666732 0.396 0.010666666666666732 0.396 0.0293333333333334 0.4115 0.0293333333333334
3 0.4155 0.0013333333333333999 0.4005 0.0013333333333333986 0.4005 0.020000000000000066 0.4155 0.020000000000000066
3 0.484 0.001333333333333411 0.4685 0.0013333333333334096 0.4685 0.024666666666666743 0.484 0.024666666666666743
8 0.847 0.47200000000000014 0.8245 0.47200000000000014 0.8245 0.5126666666666668 0.847 0.5126666666666668
5 0.846 0.4693333333333335 0.819 0.4693333333333335 0.819 0.5346666666666668 0.846 0.5346666666666668
5 0.978 0.3220000000000002 0.9445 0.3220000000000002 0.9445 0.34800000000000014 0.978 0.34800000000000014
5 0.9515 0.2853333333333335 0.919 0.2853333333333335 0.919 0.31333333333333346 0.9515 0.31333333333333346
3 0.8275 0.28266666666666684 0.7825 0.28266666666666684 0.7825 0.33466666666666683 0.8275 0.33466666666666683
3 0.8 0.25133333333333346 0.7515 0.25133333333333346 0.7515 0.29600000000000015 0.8 0.29600000000000015
5 0.924 0.20000000000000015 0.8995 0.20000000000000015 0.8995 0.22400000000000014 0.924 0.22400000000000014
3 0.876 0.22666666666666682 0.7995 0.22666666666666682 0.7995 0.27266666666666683 0.876 0.27266666666666683
3 0.8675 0.19933333333333347 0.7925 0.19933333333333347 0.7925 0.23800000000000016 0.8675 0.23800000000000016
3 0.659 0.1753333333333334 0.6245 0.1753333333333334 0.6245 0.21466666666666676 0.659 0.21466666666666676
3 0.7535 0.17466666666666683 0.718 0.17466666666666683 0.718 0.21400000000000016 0.7535 0.21400000000000016
3 0.715 0.1326666666666668 0.681 0.1326666666666668 0.681 0.16400000000000012 0.715 0.16400000000000012
3 0.7005 0.11266666666666678 0.6725 0.11266666666666678 0.6725 0.14066666666666677 0.7005 0.14066666666666677
11 0.692 0.09000000000000011 0.6645 0.09000000000000011 0.6645 0.12400000000000011 0.692 0.12400000000000011
3 0.562 0.0740000000000001 0.542 0.0740000000000001 0.542 0.09866666666666674 0.562 0.09866666666666674
2 0.5905 0.012000000000000092 0.5585 0.01200000000000009 0.5585 0.06733333333333343 0.5905 0.06733333333333343
7 0.6225 1.0119664716954296e-16 0.617 1.0074761000985558e-16 0.617 0.014666666666666767 0.6225 0.014666666666666767
8 0.6155 0.06800000000000009 0.6085 0.06800000000000009 0.6085 0.08266666666666676 0.6155 0.08266666666666676
5 0.6165 0.07266666666666677 0.6085 0.07266666666666677 0.6085 0.09000000000000011 0.6165 0.09000000000000011
3 0.6755 0.08066666666666678 0.6435 0.08066666666666678 0.6435 0.10933333333333345 0.6755 0.10933333333333345
3 0.671 0.07333333333333343 0.6355 0.07333333333333343 0.6355 0.09666666666666678 0.671 0.09666666666666678
3 0.6645 0.06333333333333345 0.64 0.06333333333333345 0.64 0.08466666666666678 0.6645 0.08466666666666678
11 0.649 0.04666666666666677 0.629 0.04666666666666676 0.629 0.07133333333333344 0.649 0.07133333333333344
11 0.6405 0.03866666666666677 0.6245 0.03866666666666677 0.6245 0.06133333333333344 0.6405 0.06133333333333345
3 0.6115 0.0033333333333334316 0.595 0.0033333333333334303 0.595 0.018666666666666765 0.6115 0.018666666666666765
3 0.6045 9.756352833207247e-17 0.5905 9.642052465286828e-17 0.5905 0.010666666666666763 0.6045 0.010666666666666767
8 0.5855 0.002000000000000095 0.5815 0.0020000000000000946 0.5815 0.014000000000000094 0.5855 0.014000000000000094
8 0.5865 0.002666666666666762 0.5805 0.0026666666666667616 0.5805 0.014000000000000094 0.5865 0.014000000000000094
5 0.5865 0.006000000000000095 0.58 0.006000000000000095 0.58 0.018666666666666762 0.5865 0.018666666666666762
7 0.602 0.009333333333333431 0.5975 0.009333333333333431 0.5975 0.022000000000000096 0.602 0.022000000000000096
8 0.6015 0.0160000000000001 0.5955 0.0160000000000001 0.5955 0.03133333333333343 0.6015 0.03133333333333343
5 0.6015 0.015333333333333433 0.5955 0.015333333333333433 0.5955 0.03333333333333343 0.6015 0.03333333333333343
3 0.63 0.0260000000000001 0.6085 0.026000000000000096 0.6085 0.0480000000000001 0.63 0.0480000000000001
7 0.6225 0.030666666666666773 0.618 0.030666666666666773 0.618 0.05066666666666676 0.6225 0.05066666666666676
7 0.6195 0.030666666666666773 0.6145 0.030666666666666773 0.6145 0.051333333333333425 0.6195 0.051333333333333425
7 0.613 0.031333333333333435 0.6085 0.03133333333333343 0.6085 0.051333333333333425 0.613 0.051333333333333425
7 0.6145 0.02866666666666677 0.61 0.02866666666666677 0.61 0.04933333333333343 0.6145 0.04933333333333343
11 0.8815 0.16733333333333347 0.8175 0.16733333333333347 0.8175 0.20933333333333348 0.8815 0.20933333333333348
11 0.8665 0.15800000000000014 0.7995 0.1580000000000001 0.7995 0.20000000000000015 0.8665 0.20000000000000015
3 0.8515 0.15333333333333346 0.7995 0.15333333333333346 0.7995 0.1806666666666668 0.8515 0.1806666666666668
11 0.841 0.1366666666666668 0.78 0.13666666666666677 0.78 0.17400000000000015 0.841 0.17400000000000015
11 0.8195 0.12800000000000014 0.7685 0.1280000000000001 0.7685 0.1646666666666668 0.8195 0.16466666666666682
10 0.81 0.11733333333333344 0.755 0.11733333333333344 0.755 0.1520000000000001 0.81 0.1520000000000001
10 0.7885 0.09933333333333345 0.7355 0.09933333333333345 0.7355 0.13200000000000012 0.7885 0.13200000000000012
3 0.7715 0.08866666666666678 0.722 0.08866666666666678 0.722 0.11400000000000012 0.7715 0.11400000000000012
3 0.758 0.08066666666666679 0.715 0.08066666666666678 0.715 0.10466666666666678 0.758 0.10466666666666678
3 0.7545 0.07533333333333346 0.7095 0.07533333333333345 0.7095 0.09666666666666678 0.7545 0.09666666666666678
11 0.75 0.06333333333333345 0.704 0.06333333333333345 0.704 0.09133333333333345 0.75 0.09133333333333345
3 0.734 0.059333333333333446 0.6935 0.059333333333333446 0.6935 0.08000000000000011 0.734 0.08000000000000011
11 0.7195 0.04666666666666678 0.6885 0.04666666666666678 0.6885 0.07266666666666678 0.7195 0.07266666666666678
11 0.729 0.037333333333333454 0.683 0.03733333333333345 0.683 0.06600000000000011 0.729 0.06600000000000011
3 0.7125 0.03800000000000012 0.677 0.03800000000000012 0.677 0.060000000000000116 0.7125 0.060000000000000116
11 0.703 0.03133333333333345 0.6695 0.03133333333333345 0.6695 0.05600000000000011 0.703 0.05600000000000011
11 0.6995 0.02266666666666678 0.669 0.02266666666666678 0.669 0.04533333333333345 0.6995 0.04533333333333345
3 0.699 0.029333333333333447 0.6685 0.029333333333333447 0.6685 0.04866666666666678 0.699 0.04866666666666678
4 0.7405 1.1846416703752063e-16 0.7105 1.1601487343922593e-16 0.7105 0.006000000000000118 0.7405 0.006000000000000121
5 0.9835 0.1546666666666668 0.965 0.1546666666666668 0.965 0.17266666666666683 0.9835 0.17266666666666683
5 0.9715 0.15200000000000016 0.952 0.15200000000000016 0.952 0.17333333333333348 0.9715 0.17333333333333348
5 0.9495 0.13866666666666683 0.9395 0.13866666666666683 0.9395 0.15866666666666682 0.9495 0.15866666666666682
5 0.9385 0.12600000000000014 0.9235 0.12600000000000014 0.9235 0.14600000000000016 0.9385 0.14600000000000016
5 0.9145 0.14600000000000016 0.8975 0.14600000000000016 0.8975 0.17000000000000015 0.9145 0.17000000000000015
5 0.9175 0.13733333333333347 0.8965 0.13733333333333347 0.8965 0.1546666666666668 0.9175 0.1546666666666668
1 0.9215 0.1333333333333335 0.906 0.1333333333333335 0.906 0.1546666666666668 0.9215 0.1546666666666668
1 0.909 0.10200000000000015 0.899 0.10200000000000015 0.899 0.12133333333333349 0.909 0.12133333333333349
3 0.8925 0.10400000000000015 0.84 0.10400000000000015 0.84 0.13533333333333347 0.8925 0.13533333333333347
3 0.88 0.09400000000000015 0.829 0.09400000000000015 0.829 0.12333333333333349 0.88 0.12333333333333349
11 0.8625 0.0726666666666668 0.807 0.0726666666666668 0.807 0.1066666666666668 0.8625 0.10666666666666681
7 0.8245 0.049333333333333465 0.8215 0.049333333333333465 0.8215 0.06800000000000013 0.8245 0.06800000000000013
7 0.83 0.05400000000000013 0.8235 0.05400000000000013 0.8235 0.07400000000000014 0.83 0.07400000000000014
10 0.8275 0.05333333333333347 0.7825 0.05333333333333347 0.7825 0.08000000000000013 0.8275 0.08000000000000013
11 0.8205 0.04733333333333346 0.7835 0.04733333333333346 0.7835 0.0726666666666668 0.8205 0.0726666666666668