8 0.685 0.035333333333333446 0.68 0.035333333333333446 0.68 0.049333333333333444 0.685 0.049333333333333444
1 0.6845 0.04066666666666678 0.681 0.04066666666666678 0.681 0.05266666666666678 0.6845 0.05266666666666678
3 0.7035 0.051333333333333446 0.692 0.051333333333333446 0.692 0.07133333333333344 0.7035 0.07133333333333344
3 0.7025 0.003333333333333447 0.69 0.003333333333333446 0.69 0.02666666666666678 0.7025 0.02666666666666678
4 0.6885 0.005333333333333445 0.682 0.005333333333333445 0.682 0.02266666666666678 0.6885 0.02266666666666678
3 0.709 0.08666666666666678 0.693 0.08666666666666678 0.693 0.11133333333333345 0.709 0.11133333333333345
11 0.7115 0.13533333333333344 0.6945 0.13533333333333344 0.6945 0.16800000000000012 0.7115 0.16800000000000012
3 0.7135 0.16666666666666677 0.6955 0.16666666666666677 0.6955 0.19600000000000012 0.7135 0.19600000000000015
7 0.6985 0.29333333333333345 0.6915 0.2933333333333334 0.6915 0.31666666666666676 0.6985 0.3166666666666668
7 0.7085 0.29200000000000015 0.7005 0.29200000000000015 0.7005 0.31533333333333347 0.7085 0.31533333333333347
7 0.744 0.3166666666666668 0.7385 0.3166666666666668 0.7385 0.33866666666666684 0.744 0.33866666666666684
7 0.7495 0.3186666666666668 0.7425 0.3186666666666668 0.7425 0.34200000000000014 0.7495 0.34200000000000014
7 0.754 0.3413333333333335 0.747 0.3413333333333335 0.747 0.3633333333333335 0.754 0.3633333333333335
7 0.76 0.34200000000000014 0.7535 0.34200000000000014 0.7535 0.36400000000000016 0.76 0.36400000000000016
11 0.7395 0.3606666666666668 0.712 0.3606666666666668 0.712 0.4146666666666668 0.7395 0.4146666666666668
11 0.7475 0.4773333333333335 0.7205 0.4773333333333335 0.7205 0.5466666666666669 0.7475 0.5466666666666669
8 0.7095 0.7333333333333333 0.6995 0.7333333333333333 0.6995 0.756 0.7095 0.756
5 0.7115 0.7386666666666667 0.701 0.7386666666666667 0.701 0.772 0.7115 0.772
2 0.7885 0.7313333333333333 0.7195 0.7313333333333333 0.7195 1 0.7885 1
3 0.6 0.5746666666666668 0.569 0.5746666666666668 0.569 0.6586666666666668 0.6 0.6586666666666668
3 0.18850000000000008 0.868 0.12850000000000006 0.868 0.1285000000000001 0.9373333333333334 0.1885000000000001 0.9373333333333334
3 0.27650000000000013 0.664 0.22350000000000006 0.664 0.22350000000000006 0.7533333333333333 0.27650000000000013 0.7533333333333333
11 0.31900000000000006 0.578 0.264 0.578 0.26400000000000007 0.6673333333333333 0.3190000000000001 0.6673333333333333
3 0.3475 0.5113333333333333 0.308 0.5113333333333333 0.308 0.574 0.3475 0.574
3 0.479 0.526 0.4415 0.526 0.4415 0.6040000000000001 0.479 0.6040000000000002
3 0.394 0.4073333333333333 0.3625 0.4073333333333333 0.3625 0.46 0.394 0.46
3 0.4155 0.3366666666666667 0.39 0.3366666666666667 0.39 0.37866666666666665 0.4155 0.37866666666666665
3 0.519 0.29466666666666674 0.494 0.29466666666666674 0.494 0.34200000000000014 0.519 0.34200000000000014
3 0.562 0.26000000000000006 0.54 0.26000000000000006 0.54 0.30466666666666675 0.562 0.30466666666666675
3 0.6285 0.20133333333333342 0.606 0.20133333333333342 0.606 0.24000000000000007 0.6285 0.24000000000000007
3 0.546 0.2053333333333334 0.529 0.2053333333333334 0.529 0.24200000000000008 0.546 0.24200000000000008
11 0.476 0.17000000000000007 0.4515 0.17000000000000007 0.4515 0.20866666666666675 0.476 0.20866666666666675
8 0.49 0.1793333333333334 0.4835 0.1793333333333334 0.4835 0.19600000000000006 0.49 0.19600000000000006
1 0.4905 0.18466666666666673 0.484 0.18466666666666673 0.484 0.20133333333333342 0.4905 0.20133333333333342
1 0.473 0.1300000000000001 0.4585 0.1300000000000001 0.4585 0.14266666666666675 0.473 0.14266666666666675
3 0.507 0.08000000000000007 0.4925 0.08000000000000007 0.4925 0.1073333333333334 0.507 0.1073333333333334
3 0.5165 0.05666666666666674 0.5015 0.05666666666666674 0.5015 0.08133333333333341 0.5165 0.08133333333333341
3 0.5265 0.026000000000000086 0.5205 0.026000000000000086 0.5205 0.04400000000000009 0.5265 0.044000000000000095
3 0.482 0.04933333333333341 0.4585 0.04933333333333341 0.4585 0.06866666666666674 0.482 0.06866666666666674
3 0.4865 0.016666666666666746 0.4725 0.016666666666666743 0.4725 0.038000000000000075 0.4865 0.038000000000000075
3 0.47 0.012666666666666743 0.458 0.012666666666666743 0.458 0.03533333333333341 0.47 0.03533333333333341
7 0.454 0.12200000000000008 0.4475 0.12200000000000008 0.4475 0.13866666666666674 0.454 0.13866666666666674
7 0.448 0.12266666666666674 0.4425 0.12266666666666674 0.4425 0.14000000000000007 0.448 0.14000000000000007