7 0.4207142857142857 0.42952380952380964 0.3821428571428571 0.42952380952380964 0.3821428571428571 0.5114285714285715 0.4207142857142857 0.5114285714285715
7 0.06142857142857149 0.5666666666666667 0.0014285714285714806 0.5666666666666667 0.001428571428571484 0.6409523809523809 0.06142857142857149 0.6409523809523809
7 0.7528571428571429 0.6600000000000003 0.71 0.6600000000000003 0.71 0.7371428571428573 0.7528571428571429 0.7371428571428573
7 0.7221428571428572 0.5295238095238097 0.6885714285714286 0.5295238095238097 0.6885714285714286 0.5961904761904764 0.7221428571428572 0.5961904761904764
7 0.6992857142857143 0.523809523809524 0.6585714285714286 0.5238095238095238 0.6585714285714286 0.5895238095238097 0.6992857142857143 0.5895238095238098
8 0.32000000000000006 0.580952380952381 0.26285714285714296 0.580952380952381 0.26285714285714296 0.6371428571428571 0.32000000000000006 0.6371428571428571
5 0.21642857142857144 0.2866666666666667 0.13500000000000004 0.2866666666666667 0.13500000000000004 0.38095238095238093 0.21642857142857144 0.38095238095238093
1 0.7778571428571428 0.15142857142857152 0.7107142857142857 0.15142857142857152 0.7107142857142857 0.2257142857142858 0.7778571428571428 0.2257142857142858
8 0.8335714285714285 0.1847619047619049 0.7914285714285715 0.18476190476190488 0.7914285714285715 0.2685714285714287 0.8335714285714285 0.2685714285714287
8 0.9678571428571429 0.2866666666666668 0.9092857142857143 0.2866666666666668 0.9092857142857143 0.3466666666666668 0.9678571428571429 0.3466666666666668
7 0.9321428571428572 0.3342857142857144 0.9007142857142857 0.3342857142857144 0.9007142857142857 0.3961904761904763 0.9321428571428572 0.3961904761904763
7 0.9692857142857143 0.4380952380952382 0.9071428571428571 0.4380952380952382 0.9071428571428571 0.5104761904761906 0.9692857142857143 0.5104761904761906
7 0.9742857142857143 0.37904761904761913 0.915 0.37904761904761913 0.915 0.44761904761904775 0.9742857142857143 0.44761904761904775