5 0.1675000000000001 0.9266666666666666 0.10000000000000009 0.9266666666666666 0.10000000000000009 1 0.16750000000000012 1
5 0.751 0.954 0.714 0.954 0.714 1 0.751 1
5 0.824 0.9446666666666667 0.7765 0.9446666666666667 0.7765 1 0.824 1
7 0.979 0.8780000000000003 0.94 0.8780000000000003 0.94 0.9920000000000003 0.979 0.9920000000000003
8 0.5345 0.924 0.5215 0.924 0.5215 0.956 0.5345 0.956
7 0.3680000000000001 0.8413333333333334 0.34200000000000014 0.8413333333333334 0.34200000000000014 0.948 0.3680000000000001 0.948
7 0.5025000000000002 0.856 0.4725000000000001 0.856 0.4725000000000001 0.9626666666666667 0.5025000000000002 0.9626666666666667
7 0.555 0.86 0.5395 0.86 0.5395 0.9486666666666667 0.555 0.9486666666666667
7 0.537 0.8193333333333334 0.5175 0.8193333333333334 0.5175 0.9146666666666666 0.537 0.9146666666666666
8 0.4480000000000001 0.7906666666666666 0.4205000000000001 0.7906666666666666 0.4205000000000001 0.852 0.4480000000000001 0.852
5 0.4475000000000001 0.8 0.4185000000000001 0.8 0.4185000000000001 0.888 0.4475000000000001 0.888
7 0.62 0.9113333333333333 0.592 0.9113333333333333 0.592 1 0.62 1
0 0.34100000000000014 0.7493333333333333 0.28350000000000014 0.7493333333333333 0.28350000000000014 0.882 0.34100000000000014 0.882
1 0.2990000000000001 0.6446666666666667 0.2590000000000001 0.6446666666666667 0.2590000000000001 0.694 0.2990000000000001 0.694
7 0.5705 0.7126666666666667 0.531 0.7126666666666667 0.531 0.7833333333333333 0.5705 0.7833333333333333
7 0.611 0.8026666666666666 0.5865 0.8026666666666666 0.5865 0.8766666666666667 0.611 0.8766666666666667
7 0.5905 0.6853333333333333 0.5725 0.6853333333333333 0.5725 0.748 0.5905 0.748
7 0.583 0.6680000000000001 0.567 0.6680000000000001 0.567 0.7213333333333334 0.583 0.7213333333333334
7 0.5635 0.6686666666666669 0.5455 0.6686666666666669 0.5455 0.732 0.5635 0.732
7 0.544 0.6606666666666668 0.517 0.6606666666666668 0.517 0.7213333333333334 0.544 0.7213333333333334
7 0.4825000000000001 0.7206666666666667 0.46200000000000013 0.7206666666666667 0.46200000000000013 0.8013333333333333 0.4825000000000001 0.8013333333333333
5 0.5275 0.714 0.4860000000000001 0.714 0.4860000000000001 0.786 0.5275 0.786
5 0.518 0.6693333333333334 0.4875000000000001 0.6693333333333334 0.4875000000000001 0.7426666666666667 0.518 0.7426666666666667
7 0.46200000000000013 0.6546666666666666 0.4420000000000001 0.6546666666666666 0.4420000000000001 0.732 0.46200000000000013 0.732
8 0.4155000000000001 0.6513333333333333 0.39600000000000013 0.6513333333333333 0.39600000000000013 0.6893333333333334 0.4155000000000001 0.6893333333333334
8 0.4170000000000001 0.6353333333333333 0.39650000000000013 0.6353333333333333 0.39650000000000013 0.6753333333333333 0.4170000000000001 0.6753333333333333
5 0.4155000000000001 0.6426666666666667 0.39750000000000013 0.6426666666666667 0.39750000000000013 0.6973333333333334 0.4155000000000001 0.6973333333333334
7 0.4990000000000001 0.6400000000000001 0.4855000000000001 0.6400000000000001 0.4855000000000001 0.7 0.4990000000000001 0.7
7 0.5100000000000001 0.6480000000000001 0.5015000000000002 0.6480000000000001 0.5015000000000002 0.6846666666666666 0.5100000000000001 0.6846666666666666
7 0.4945000000000001 0.6260000000000001 0.4800000000000001 0.6260000000000001 0.4800000000000001 0.686 0.4945000000000001 0.686
7 0.5275 0.6126666666666668 0.5095 0.6126666666666668 0.5095000000000001 0.6733333333333335 0.5275 0.6733333333333335
7 0.524 0.6100000000000001 0.5185 0.6100000000000001 0.5185 0.6653333333333334 0.524 0.6653333333333334
8 0.51 0.6060000000000002 0.5005 0.6060000000000002 0.5005000000000001 0.6293333333333335 0.5100000000000001 0.6293333333333335
7 0.5115000000000001 0.5960000000000002 0.4995 0.5960000000000002 0.49950000000000006 0.6546666666666668 0.5115000000000001 0.6546666666666668
7 0.519 0.5853333333333335 0.506 0.5853333333333335 0.506 0.6340000000000001 0.519 0.6340000000000001
7 0.539 0.5806666666666668 0.513 0.5806666666666668 0.513 0.6233333333333335 0.539 0.6233333333333335
7 0.5695 0.5900000000000002 0.543 0.5900000000000002 0.543 0.6340000000000001 0.5695 0.6340000000000001
7 0.49250000000000005 0.5720000000000002 0.4815 0.5720000000000002 0.48150000000000004 0.6280000000000001 0.4925000000000001 0.6280000000000001
7 0.4705 0.56 0.456 0.56 0.456 0.6186666666666667 0.4705 0.6186666666666668
7 0.4425 0.558 0.428 0.558 0.428 0.616 0.4425 0.616
7 0.39050000000000007 0.5733333333333334 0.376 0.5733333333333334 0.37600000000000006 0.63 0.3905000000000001 0.63
8 0.37800000000000006 0.586 0.3675 0.586 0.36750000000000005 0.6206666666666667 0.3780000000000001 0.6206666666666667
1 0.37700000000000006 0.6026666666666667 0.366 0.6026666666666667 0.36600000000000005 0.6313333333333333 0.3770000000000001 0.6313333333333333
7 0.36550000000000005 0.588 0.346 0.588 0.34600000000000003 0.6486666666666666 0.3655000000000001 0.6486666666666666
7 0.3405000000000001 0.6026666666666667 0.3225 0.6026666666666667 0.32250000000000006 0.6593333333333333 0.34050000000000014 0.6593333333333333
0 0.3505 0.5193333333333333 0.324 0.5193333333333333 0.324 0.562 0.3505 0.562
7 0.5035 0.5446666666666669 0.4895 0.5446666666666669 0.4895 0.5973333333333335 0.5035 0.5973333333333335
7 0.5175 0.5420000000000001 0.5055 0.5420000000000001 0.5055 0.5886666666666668 0.5175 0.5886666666666668
7 0.534 0.5433333333333334 0.51 0.5433333333333334 0.51 0.5886666666666668 0.534 0.5886666666666668
7 0.5625 0.5440000000000002 0.553 0.5440000000000002 0.553 0.5913333333333335 0.5625 0.5913333333333335
5 0.4945 0.5333333333333334 0.481 0.5333333333333334 0.481 0.5726666666666668 0.4945 0.5726666666666668
8 0.5075 0.5353333333333334 0.4935 0.5353333333333334 0.4935 0.5586666666666669 0.5075 0.5586666666666669
7 0.5385 0.5046666666666668 0.5275 0.5046666666666668 0.5275 0.5486666666666669 0.5385 0.5486666666666669
7 0.5505 0.5026666666666668 0.541 0.5026666666666668 0.541 0.5453333333333334 0.5505 0.5453333333333334
4 0.5495 0.4746666666666668 0.5385 0.4746666666666668 0.5385 0.5006666666666668 0.5495 0.5006666666666668
7 0.5345 0.47200000000000014 0.5255 0.47200000000000014 0.5255 0.5066666666666668 0.5345 0.5066666666666668
7 0.539 0.47200000000000014 0.533 0.47200000000000014 0.533 0.5073333333333335 0.539 0.5073333333333335
7 0.501 0.49933333333333346 0.496 0.49933333333333346 0.496 0.5260000000000001 0.501 0.5260000000000001
7 0.508 0.49400000000000016 0.5005 0.49400000000000016 0.5005 0.5220000000000001 0.508 0.5220000000000001
0 0.297 0.4713333333333333 0.2775 0.4713333333333333 0.2775 0.5046666666666667 0.297 0.5046666666666667
0 0.3335 0.4746666666666667 0.3015 0.4746666666666667 0.3015 0.49866666666666665 0.3335 0.49866666666666665
7 0.5015 0.4813333333333335 0.492 0.4813333333333335 0.492 0.5200000000000001 0.5015 0.5200000000000001
7 0.5045 0.46866666666666684 0.498 0.46866666666666684 0.498 0.5006666666666668 0.5045 0.5006666666666668
7 0.51 0.46866666666666684 0.5025 0.46866666666666684 0.5025 0.49800000000000016 0.51 0.49800000000000016
7 0.5355 0.4480000000000002 0.529 0.4480000000000002 0.529 0.4773333333333335 0.5355 0.4773333333333335
7 0.489 0.47000000000000014 0.48 0.47000000000000014 0.48 0.5080000000000001 0.489 0.5080000000000001
7 0.472 0.46933333333333344 0.4595 0.4693333333333333 0.4595 0.5106666666666667 0.472 0.5106666666666668
7 0.3825 0.4673333333333333 0.371 0.4673333333333333 0.371 0.5066666666666667 0.3825 0.5066666666666667
5 0.388 0.4746666666666667 0.379 0.4746666666666667 0.379 0.508 0.388 0.508
7 0.3765 0.45666666666666667 0.3705 0.45666666666666667 0.3705 0.4886666666666667 0.3765 0.4886666666666667
8 0.3705 0.4593333333333333 0.3585 0.4593333333333333 0.3585 0.48333333333333334 0.3705 0.48333333333333334
7 0.353 0.456 0.3455 0.456 0.3455 0.4886666666666667 0.353 0.4886666666666667
8 0.4745 0.4253333333333335 0.466 0.4253333333333335 0.466 0.45666666666666683 0.4745 0.45666666666666683
1 0.4725 0.43600000000000017 0.466 0.43600000000000017 0.466 0.4593333333333335 0.4725 0.4593333333333335
7 0.495 0.42800000000000016 0.491 0.42800000000000016 0.491 0.4513333333333335 0.495 0.4513333333333335
7 0.5015 0.4253333333333335 0.4955 0.4253333333333335 0.4955 0.45666666666666683 0.5015 0.45666666666666683
7 0.5225 0.41800000000000015 0.5155 0.41800000000000015 0.5155 0.4506666666666668 0.5225 0.4506666666666668
7 0.501 0.4193333333333335 0.495 0.4193333333333335 0.495 0.4446666666666668 0.501 0.4446666666666668
7 0.4965 0.41400000000000015 0.492 0.41400000000000015 0.492 0.44333333333333347 0.4965 0.44333333333333347
7 0.5205 0.4093333333333335 0.5135 0.4093333333333335 0.5135 0.4326666666666668 0.5205 0.4326666666666668
7 0.516 0.3913333333333335 0.5105 0.3913333333333335 0.5105 0.4106666666666668 0.516 0.4106666666666668
7 0.5145 0.3846666666666668 0.5095 0.3846666666666668 0.5095 0.40400000000000014 0.5145 0.40400000000000014
7 0.5075 0.3873333333333335 0.503 0.3873333333333335 0.503 0.40866666666666684 0.5075 0.40866666666666684
7 0.4955 0.39600000000000013 0.49 0.39600000000000013 0.49 0.41200000000000014 0.4955 0.41200000000000014
7 0.486 0.3920000000000001 0.482 0.3920000000000001 0.482 0.4166666666666668 0.486 0.4166666666666668
1 0.4885 0.39866666666666684 0.485 0.39866666666666684 0.485 0.4166666666666668 0.4885 0.4166666666666668
7 0.5 0.38533333333333347 0.4935 0.38533333333333347 0.4935 0.40600000000000014 0.5 0.40600000000000014
7 0.4905 0.38133333333333347 0.487 0.38133333333333347 0.487 0.4013333333333335 0.4905 0.4013333333333335
7 0.4895 0.3726666666666668 0.4835 0.3726666666666668 0.4835 0.3920000000000001 0.4895 0.3920000000000001
7 0.4835 0.3706666666666668 0.478 0.3706666666666668 0.478 0.3933333333333335 0.4835 0.3933333333333335
7 0.48 0.36000000000000015 0.475 0.36000000000000015 0.475 0.37733333333333346 0.48 0.37733333333333346
7 0.4745 0.3586666666666668 0.4695 0.3586666666666668 0.4695 0.37933333333333347 0.4745 0.37933333333333347
8 0.4695 0.36800000000000005 0.4635 0.368 0.4635 0.38600000000000007 0.4695 0.3860000000000002
1 0.4685 0.3766666666666668 0.465 0.3766666666666668 0.465 0.3900000000000001 0.4685 0.3900000000000001
0 0.4195 0.4186666666666667 0.405 0.4186666666666667 0.405 0.44666666666666666 0.4195 0.44666666666666666
1 0.4065 0.4146666666666667 0.401 0.4146666666666667 0.401 0.43533333333333335 0.4065 0.43533333333333335
7 0.3765 0.424 0.371 0.424 0.371 0.452 0.3765 0.452
3 0.4485 0.37 0.43 0.37 0.43 0.3913333333333333 0.4485 0.3913333333333333
7 0.442 0.354 0.436 0.354 0.436 0.372 0.442 0.372
7 0.4665 0.3500000000000001 0.461 0.35 0.461 0.36666666666666675 0.4665 0.3666666666666668
3 0.486 0.35200000000000015 0.4715 0.35200000000000015 0.4715 0.36800000000000016 0.486 0.36800000000000016
11 0.507 0.36200000000000015 0.4915 0.36200000000000015 0.4915 0.3873333333333335 0.507 0.3873333333333335
11 0.5035 0.35000000000000014 0.4885 0.35000000000000014 0.4885 0.3686666666666668 0.5035 0.3686666666666668
11 0.502 0.3413333333333335 0.4895 0.3413333333333335 0.4895 0.3593333333333335 0.502 0.3593333333333335
3 0.4975 0.3360000000000001 0.483 0.3360000000000001 0.483 0.35200000000000015 0.4975 0.35200000000000015
3 0.4725 0.3266666666666667 0.462 0.3266666666666667 0.462 0.3353333333333334 0.4725 0.3353333333333334
3 0.457 0.3273333333333334 0.4465 0.3273333333333334 0.4465 0.342 0.457 0.342
3 0.444 0.3386666666666667 0.4255 0.3386666666666667 0.4255 0.35333333333333333 0.444 0.35333333333333333
7 0.4545 0.34066666666666673 0.45 0.34066666666666673 0.45 0.354 0.4545 0.354
7 0.4565 0.3306666666666667 0.453 0.3306666666666667 0.453 0.344 0.4565 0.344
7 0.46 0.3293333333333334 0.457 0.3293333333333334 0.457 0.344 0.46 0.344
7 0.4615 0.3366666666666667 0.456 0.3366666666666667 0.456 0.35133333333333333 0.4615 0.35133333333333333
1 0.462 0.34066666666666673 0.4595 0.34066666666666673 0.4595 0.35133333333333333 0.462 0.35133333333333333
7 0.4865 0.3286666666666667 0.4835 0.3286666666666667 0.4835 0.34200000000000014 0.4865 0.34200000000000014
7 0.491 0.32800000000000007 0.487 0.32800000000000007 0.487 0.34200000000000014 0.491 0.34200000000000014
1 0.4015 0.39266666666666666 0.381 0.39266666666666666 0.381 0.4026666666666667 0.4015 0.4026666666666667
4 0.519 0.27333333333333343 0.478 0.27333333333333343 0.478 0.2860000000000001 0.519 0.2860000000000001
10 0.48 0.3153333333333334 0.4705 0.3153333333333334 0.4705 0.3313333333333334 0.48 0.3313333333333334
3 0.4625 0.31400000000000006 0.454 0.31400000000000006 0.454 0.3233333333333334 0.4625 0.3233333333333334
4 0.4885 0.2993333333333334 0.45 0.2993333333333334 0.45 0.31266666666666676 0.4885 0.31266666666666676
3 0.4905 0.31400000000000006 0.4815 0.31400000000000006 0.4815 0.32400000000000007 0.4905 0.32400000000000007
8 0.4825 0.31666666666666676 0.4805 0.31666666666666676 0.4805 0.32466666666666677 0.4825 0.32466666666666677
8 0.484 0.31800000000000006 0.482 0.31800000000000006 0.482 0.32600000000000007 0.484 0.32600000000000007
1 0.484 0.3213333333333334 0.4805 0.3213333333333334 0.4805 0.32800000000000007 0.484 0.32800000000000007