3 0.007857142857142858 0.015228426395939087 0.0021428571428571443 0.015228426395939087 0.0021428571428571443 0.0266497461928934 0.00785714285714286 0.0266497461928934
3 0.014285714285714285 0.01269035532994924 0.008571428571428572 0.012690355329949238 0.008571428571428572 0.024111675126903553 0.014285714285714285 0.024111675126903553
3 0.01285714285714286 0.025380710659898477 0.007142857142857145 0.025380710659898477 0.007142857142857145 0.03934010152284264 0.012857142857142862 0.03934010152284264
3 0.032857142857142856 0.021573604060913715 0.025714285714285714 0.021573604060913715 0.025714285714285714 0.03553299492385788 0.032857142857142856 0.03553299492385788
3 0.04 0.019035532994923866 0.03357142857142857 0.019035532994923866 0.03357142857142857 0.03553299492385788 0.04 0.03553299492385788
3 0.037142857142857144 0.050761421319796954 0.03142857142857143 0.050761421319796954 0.03142857142857143 0.06345177664974619 0.037142857142857144 0.06345177664974619
3 0.035 0.06598984771573604 0.029285714285714286 0.06598984771573604 0.02928571428571429 0.0799492385786802 0.03500000000000001 0.0799492385786802
3 0.02785714285714286 0.06598984771573604 0.022142857142857148 0.06598984771573604 0.022142857142857148 0.08248730964467005 0.02785714285714287 0.08248730964467005
3 0.02142857142857143 0.010152284263959395 0.015714285714285715 0.010152284263959395 0.015714285714285715 0.022842639593908635 0.02142857142857143 0.02284263959390864
3 0.03428571428571429 0.008883248730964475 0.027857142857142858 0.008883248730964475 0.027857142857142858 0.021573604060913715 0.03428571428571429 0.021573604060913715
3 0.02857142857142857 0.01142131979695432 0.02142857142857143 0.01142131979695432 0.02142857142857143 0.025380710659898487 0.02857142857142857 0.025380710659898487
3 0.022142857142857148 0.0532994923857868 0.015000000000000005 0.0532994923857868 0.015000000000000005 0.06725888324873096 0.022142857142857148 0.06725888324873096
3 0.01571428571428572 0.05583756345177665 0.008571428571428577 0.05583756345177665 0.008571428571428577 0.06979695431472081 0.01571428571428572 0.06979695431472081
3 0.021428571428571432 0.06725888324873096 0.013571428571428576 0.06725888324873096 0.013571428571428576 0.0850253807106599 0.021428571428571432 0.0850253807106599
3 0.06142857142857143 0.12436548223350254 0.052142857142857144 0.12436548223350254 0.052142857142857144 0.14086294416243655 0.06142857142857143 0.14086294416243655
3 0.04500000000000001 0.1713197969543147 0.03785714285714287 0.1713197969543147 0.03785714285714287 0.18781725888324874 0.04500000000000001 0.18781725888324874
3 0.03785714285714287 0.17258883248730963 0.030714285714285725 0.17258883248730963 0.030714285714285725 0.1865482233502538 0.03785714285714287 0.1865482233502538
3 0.08714285714285715 0.11675126903553301 0.08142857142857143 0.116751269035533 0.08142857142857143 0.1319796954314721 0.08714285714285715 0.13197969543147212
7 0.08642857142857142 0.1319796954314721 0.08285714285714285 0.1319796954314721 0.08285714285714285 0.13832487309644673 0.08642857142857142 0.13832487309644673
7 0.08071428571428571 0.10913705583756345 0.07785714285714286 0.10913705583756345 0.07785714285714286 0.11548223350253807 0.08071428571428571 0.11548223350253807
7 0.05785714285714286 0.10279187817258884 0.055 0.10279187817258884 0.055 0.10913705583756345 0.05785714285714286 0.10913705583756345
7 0.06357142857142857 0.13451776649746192 0.06 0.13451776649746192 0.06 0.14086294416243655 0.06357142857142857 0.14086294416243655
7 0.05357142857142857 0.13578680203045684 0.05071428571428571 0.13578680203045684 0.05071428571428571 0.14213197969543148 0.05357142857142857 0.14213197969543148
7 0.054285714285714284 0.1281725888324873 0.05142857142857143 0.1281725888324873 0.05142857142857143 0.13451776649746192 0.054285714285714284 0.13451776649746192
3 0.056428571428571446 0.17258883248730963 0.04928571428571431 0.17258883248730963 0.04928571428571431 0.1865482233502538 0.056428571428571446 0.1865482233502538
3 0.0635714285714286 0.1700507614213198 0.056428571428571446 0.1700507614213198 0.056428571428571446 0.1865482233502538 0.0635714285714286 0.1865482233502538
3 0.07142857142857145 0.16878172588832488 0.062142857142857166 0.16878172588832488 0.062142857142857166 0.1865482233502538 0.07142857142857145 0.1865482233502538
3 0.07785714285714287 0.16751269035532995 0.07000000000000002 0.16751269035532995 0.07000000000000002 0.18527918781725888 0.07785714285714287 0.18527918781725888
3 0.09357142857142857 0.11675126903553303 0.08714285714285715 0.11675126903553303 0.08714285714285715 0.13197969543147212 0.09357142857142857 0.13197969543147212
3 0.115 0.11040609137055842 0.10928571428571429 0.11040609137055842 0.10928571428571429 0.1256345177664975 0.115 0.1256345177664975
10 0.1392857142857143 0.07106598984771577 0.05928571428571429 0.07106598984771575 0.05928571428571429 0.11040609137055839 0.1392857142857143 0.11040609137055842
11 0.12571428571428572 0.1700507614213198 0.10857142857142857 0.1700507614213198 0.10857142857142857 0.18527918781725888 0.12571428571428572 0.18527918781725888
11 0.11928571428571429 0.15482233502538076 0.11357142857142857 0.15482233502538076 0.11357142857142857 0.17385786802030456 0.11928571428571429 0.17385786802030456
11 0.10571428571428572 0.15736040609137059 0.1 0.15736040609137059 0.1 0.17258883248730963 0.10571428571428572 0.17258883248730963
3 0.09928571428571428 0.15989847715736044 0.09214285714285714 0.15989847715736044 0.09214285714285714 0.17639593908629442 0.09928571428571428 0.17639593908629442
3 0.11357142857142857 0.1586294416243655 0.10642857142857143 0.1586294416243655 0.10642857142857143 0.17385786802030456 0.11357142857142857 0.17385786802030456
3 0.044285714285714296 0.14086294416243655 0.03857142857142858 0.14086294416243655 0.03857142857142858 0.15355329949238578 0.044285714285714296 0.15355329949238578
11 0.07928571428571429 0.13071065989847716 0.07357142857142857 0.13071065989847716 0.07357142857142858 0.1484771573604061 0.0792857142857143 0.1484771573604061
3 0.1957142857142857 0.18654822335025387 0.18357142857142858 0.18654822335025387 0.18357142857142858 0.20431472081218283 0.1957142857142857 0.20431472081218283
10 0.07214285714285716 0.27411167512690354 0.062142857142857166 0.27411167512690354 0.062142857142857166 0.29949238578680204 0.07214285714285716 0.29949238578680204
3 0.2357142857142857 0.4682741116751269 0.2292857142857143 0.4682741116751269 0.2292857142857143 0.49111675126903553 0.2357142857142857 0.49111675126903553
3 0.19000000000000009 0.6802030456852792 0.1821428571428572 0.6802030456852792 0.1821428571428572 0.7017766497461929 0.19000000000000009 0.7017766497461929
3 0.29214285714285715 0.003807106598984834 0.2857142857142857 0.0038071065989848337 0.2857142857142857 0.017766497461928998 0.29214285714285715 0.017766497461928998
3 0.3492857142857143 0.03807106598984779 0.3414285714285714 0.03807106598984779 0.3414285714285714 0.05329949238578687 0.3492857142857143 0.05329949238578687
3 0.33 0.12309644670050769 0.32142857142857145 0.12309644670050769 0.32142857142857145 0.1395939086294417 0.33 0.1395939086294417
3 0.3342857142857143 0.05837563451776657 0.32357142857142857 0.05837563451776657 0.32357142857142857 0.07487309644670058 0.3342857142857143 0.07487309644670058
11 0.38642857142857145 0.10406091370558383 0.37785714285714284 0.10406091370558383 0.37785714285714284 0.12309644670050769 0.38642857142857145 0.12309644670050769
11 0.37214285714285716 0.16370558375634525 0.36428571428571427 0.16370558375634525 0.36428571428571427 0.18401015228426404 0.37214285714285716 0.18401015228426404
3 0.3892857142857143 0.14340101522842646 0.3807142857142857 0.14340101522842646 0.3807142857142857 0.16243654822335032 0.3892857142857143 0.16243654822335032
11 0.4014285714285714 0.18527918781725897 0.39285714285714285 0.18527918781725897 0.39285714285714285 0.20812182741116758 0.4014285714285714 0.20812182741116758
2 0.4114285714285714 0.23857868020304576 0.39785714285714285 0.23857868020304576 0.39785714285714285 0.2728426395939087 0.4114285714285714 0.2728426395939087
3 0.40214285714285714 0.3274111675126905 0.39285714285714285 0.3274111675126905 0.39285714285714285 0.34517766497461944 0.40214285714285714 0.34517766497461944
10 0.3985714285714286 0.37309644670050773 0.3821428571428571 0.37309644670050773 0.3821428571428571 0.418781725888325 0.3985714285714286 0.418781725888325
3 0.3807142857142857 0.33502538071066007 0.37357142857142855 0.33502538071066007 0.37357142857142855 0.3591370558375636 0.3807142857142857 0.3591370558375636
3 0.34214285714285725 0.6230964467005078 0.33214285714285724 0.6230964467005078 0.33214285714285724 0.649746192893401 0.34214285714285725 0.649746192893401
3 0.39071428571428574 0.5951776649746194 0.38 0.5951776649746194 0.38 0.6205583756345179 0.39071428571428574 0.6205583756345179
3 0.39785714285714285 0.5913705583756347 0.38785714285714284 0.5913705583756347 0.38785714285714284 0.6167512690355331 0.39785714285714285 0.6167512690355331
10 0.36357142857142866 0.883248730964467 0.2950000000000001 0.883248730964467 0.2950000000000001 0.9124365482233503 0.36357142857142866 0.9124365482233503
10 0.3564285714285715 0.9263959390862944 0.2878571428571429 0.9263959390862944 0.2878571428571429 0.9543147208121827 0.3564285714285715 0.9543147208121827
10 0.36285714285714293 0.9670050761421319 0.29142857142857154 0.9670050761421319 0.29142857142857154 0.9949238578680203 0.36285714285714293 0.9949238578680203
3 0.44785714285714284 0.8350253807106599 0.42857142857142855 0.8350253807106599 0.42857142857142855 0.8604060913705583 0.44785714285714284 0.8604060913705583
10 0.4157142857142857 0.7969543147208121 0.3985714285714286 0.7969543147208121 0.3985714285714286 0.8451776649746193 0.4157142857142857 0.8451776649746193
10 0.49142857142857144 0.9137055837563451 0.4635714285714286 0.9137055837563451 0.4635714285714286 0.9454314720812182 0.49142857142857144 0.9454314720812182
10 0.48928571428571427 0.9631979695431472 0.45785714285714285 0.9631979695431472 0.45785714285714285 0.9974619289340102 0.48928571428571427 0.9974619289340102
10 0.5085714285714286 0.9720812182741116 0.4685714285714286 0.9720812182741116 0.4685714285714286 0.998730964467005 0.5085714285714286 0.998730964467005
11 0.55 0.9543147208121827 0.535 0.9543147208121827 0.535 0.9923857868020305 0.55 0.9923857868020305
10 0.5142857142857142 0.7563451776649747 0.49642857142857144 0.7563451776649747 0.49642857142857144 0.8045685279187818 0.5142857142857142 0.8045685279187818
10 0.5321428571428571 0.7626903553299492 0.515 0.7626903553299492 0.515 0.8096446700507615 0.5321428571428571 0.8096446700507615
3 0.42714285714285716 0.2728426395939087 0.41714285714285715 0.2728426395939087 0.41714285714285715 0.29695431472081224 0.42714285714285716 0.29695431472081224
3 0.43642857142857144 0.37817258883248744 0.4278571428571429 0.37817258883248744 0.4278571428571429 0.3997461928934012 0.43642857142857144 0.3997461928934012
3 0.45571428571428574 0.4441624365482235 0.44571428571428573 0.4441624365482235 0.44571428571428573 0.4670050761421321 0.45571428571428574 0.4670050761421321
3 0.48 0.4606598984771575 0.47 0.4606598984771575 0.47 0.4873096446700509 0.48 0.4873096446700509
2 0.5 0.27918781725888336 0.475 0.2791878172588833 0.475 0.34644670050761434 0.5 0.34644670050761434
10 0.4785714285714286 0.34390862944162454 0.4542857142857143 0.34390862944162454 0.4542857142857143 0.41116751269035545 0.4785714285714286 0.41116751269035545
10 0.45714285714285713 0.3807106598984773 0.44 0.3807106598984773 0.44 0.4263959390862946 0.45714285714285713 0.4263959390862946
11 0.43 0.4225888324873098 0.4207142857142857 0.4225888324873098 0.4207142857142857 0.4454314720812184 0.43 0.4454314720812184
11 0.41785714285714287 0.4073604060913707 0.4042857142857143 0.4073604060913707 0.4042857142857143 0.44289340101522856 0.41785714285714287 0.44289340101522856
10 0.505 0.5076142131979697 0.4757142857142857 0.5076142131979697 0.4757142857142857 0.5875634517766499 0.505 0.5875634517766499
11 0.5307142857142857 0.5634517766497463 0.5185714285714286 0.5634517766497463 0.5185714285714286 0.5913705583756347 0.5307142857142857 0.5913705583756347
11 0.42 0.6040609137055839 0.4092857142857143 0.6040609137055839 0.4092857142857143 0.6307106598984773 0.42 0.6307106598984773
11 0.47785714285714287 0.5888324873096448 0.4664285714285714 0.5888324873096448 0.4664285714285714 0.6180203045685281 0.47785714285714287 0.6180203045685281
11 0.5264285714285715 0.6586294416243654 0.5142857142857142 0.6586294416243654 0.5142857142857142 0.6916243654822335 0.5264285714285715 0.6916243654822335
3 0.46714285714285714 0.602791878172589 0.4564285714285714 0.602791878172589 0.4564285714285714 0.6307106598984773 0.46714285714285714 0.6307106598984773
3 0.44857142857142857 0.5774111675126905 0.43714285714285717 0.5774111675126905 0.43714285714285717 0.6040609137055839 0.44857142857142857 0.6040609137055839
3 0.4228571428571429 0.6434010152284265 0.4114285714285714 0.6434010152284265 0.4114285714285714 0.6713197969543148 0.4228571428571429 0.6713197969543148
3 0.4142857142857143 0.6522842639593909 0.40285714285714286 0.6522842639593909 0.40285714285714286 0.6776649746192893 0.4142857142857143 0.6776649746192893
3 0.5542857142857143 0.9149746192893401 0.54 0.9149746192893401 0.54 0.950507614213198 0.5542857142857143 0.950507614213198
2 0.5985714285714285 0.8527918781725888 0.5807142857142857 0.8527918781725888 0.5807142857142857 0.9010152284263959 0.5985714285714285 0.9010152284263959
10 0.5571428571428572 0.6890862944162437 0.5321428571428571 0.6890862944162437 0.5321428571428571 0.7601522842639594 0.5571428571428572 0.7601522842639594
11 0.6457142857142857 0.3540609137055839 0.6342857142857142 0.3540609137055839 0.6342857142857142 0.37817258883248744 0.6457142857142857 0.37817258883248744
3 0.6685714285714286 0.3286802030456854 0.6571428571428571 0.3286802030456854 0.6571428571428571 0.35152284263959405 0.6685714285714286 0.35152284263959405
11 0.8971428571428571 0.06725888324873117 0.8807142857142857 0.06725888324873117 0.8807142857142857 0.0913705583756347 0.8971428571428571 0.0913705583756347
11 0.9292857142857143 0.12055837563451796 0.9064285714285715 0.12055837563451795 0.9064285714285715 0.15228426395939107 0.9292857142857143 0.15228426395939107
11 0.9607142857142857 0.16624365482233525 0.9385714285714286 0.16624365482233525 0.9385714285714286 0.20304568527918804 0.9607142857142857 0.20304568527918804
7 0.8907142857142857 0.7360406091370562 0.8871428571428571 0.7360406091370562 0.8871428571428571 0.7436548223350257 0.8907142857142857 0.7436548223350257
7 0.8857142857142857 0.7335025380710662 0.8821428571428571 0.7335025380710662 0.8821428571428571 0.7411167512690359 0.8857142857142857 0.7411167512690359
11 1 0.2449238578680205 0.9835714285714285 0.2449238578680205 0.9835714285714285 0.2779187817258885 1 0.2779187817258885