11 0.46214285714285713 0.21523809523809528 0.45571428571428574 0.21523809523809528 0.45571428571428574 0.22761904761904767 0.46214285714285713 0.22761904761904767
3 0.5 0.1457142857142858 0.4957142857142857 0.14571428571428577 0.4957142857142857 0.15238095238095245 0.5 0.15238095238095248
3 0.505 0.14095238095238105 0.5007142857142857 0.14095238095238105 0.5007142857142857 0.14571428571428582 0.505 0.14571428571428582
3 0.4785714285714286 0.14571428571428577 0.47214285714285714 0.14571428571428577 0.47214285714285714 0.15333333333333338 0.4785714285714286 0.15333333333333338
10 0.4928571428571429 0.12380952380952387 0.4857142857142857 0.12380952380952387 0.4857142857142857 0.13904761904761911 0.4928571428571429 0.13904761904761911
4 0.4907142857142857 0.17238095238095244 0.48714285714285716 0.17238095238095244 0.48714285714285716 0.18000000000000005 0.4907142857142857 0.18000000000000005
4 0.4514285714285714 0.2114285714285715 0.4407142857142857 0.2114285714285715 0.4407142857142857 0.22476190476190483 0.4514285714285714 0.22476190476190483
4 0.48857142857142855 0.20380952380952386 0.48214285714285715 0.20380952380952386 0.48214285714285715 0.21523809523809528 0.48857142857142855 0.21523809523809528
4 0.5621428571428572 0.07523809523809533 0.54 0.07523809523809533 0.54 0.10857142857142865 0.5621428571428572 0.10857142857142865
3 0.33714285714285713 0.1666666666666667 0.33071428571428574 0.1666666666666667 0.33071428571428574 0.1752380952380953 0.33714285714285713 0.1752380952380953
3 0.3414285714285714 0.16000000000000006 0.3364285714285714 0.16000000000000006 0.3364285714285714 0.16952380952380958 0.3414285714285714 0.16952380952380958
3 0.3657142857142857 0.1495238095238096 0.3578571428571429 0.1495238095238096 0.3578571428571429 0.1571428571428572 0.3657142857142857 0.1571428571428572
3 0.33 0.19428571428571434 0.32285714285714284 0.19428571428571434 0.32285714285714284 0.20190476190476195 0.33 0.20190476190476195
11 0.3092857142857143 0.22952380952380957 0.295 0.22952380952380957 0.295 0.240952380952381 0.3092857142857143 0.240952380952381
10 0.30214285714285716 0.23809523809523814 0.28285714285714286 0.23809523809523814 0.28285714285714286 0.2523809523809524 0.30214285714285716 0.2523809523809524
11 0.24214285714285713 0.2571428571428571 0.23 0.2571428571428571 0.23 0.2723809523809524 0.24214285714285713 0.2723809523809524
6 0.39071428571428574 0.6666666666666666 0.31857142857142867 0.6666666666666666 0.31857142857142867 0.7723809523809524 0.39071428571428574 0.7723809523809524
10 0.4828571428571429 0.37142857142857155 0.465 0.37142857142857155 0.465 0.4400000000000001 0.4828571428571429 0.4400000000000001
3 0.1807142857142858 0.700952380952381 0.13928571428571437 0.700952380952381 0.13928571428571437 0.7628571428571429 0.1807142857142858 0.7628571428571429
3 0.6271428571428571 0.2323809523809525 0.6185714285714285 0.2323809523809525 0.6185714285714285 0.24476190476190487 0.6271428571428571 0.24476190476190487
3 0.605 0.2323809523809525 0.5914285714285714 0.2323809523809525 0.5914285714285714 0.24285714285714297 0.605 0.24285714285714297
3 0.5842857142857143 0.20666666666666678 0.5742857142857143 0.20666666666666678 0.5742857142857143 0.21333333333333343 0.5842857142857143 0.21333333333333343
11 0.5821428571428572 0.20285714285714296 0.5742857142857143 0.20285714285714296 0.5742857142857143 0.2104761904761906 0.5821428571428572 0.2104761904761906
11 0.5985714285714285 0.22476190476190486 0.5857142857142857 0.22476190476190486 0.5857142857142857 0.2323809523809525 0.5985714285714285 0.2323809523809525
11 0.6092857142857143 0.24571428571428583 0.5957142857142858 0.24571428571428583 0.5957142857142858 0.2552380952380953 0.6092857142857143 0.2552380952380953
11 0.6171428571428571 0.2561904761904763 0.6042857142857143 0.2561904761904763 0.6042857142857143 0.26571428571428585 0.6171428571428571 0.26571428571428585
11 0.6157142857142858 0.22095238095238107 0.6085714285714285 0.22095238095238107 0.6085714285714285 0.22952380952380963 0.6157142857142858 0.22952380952380963
3 0.6792857142857143 0.3180952380952382 0.6657142857142857 0.3180952380952382 0.6657142857142857 0.3323809523809525 0.6792857142857143 0.3323809523809525
10 0.6621428571428571 0.3038095238095239 0.6321428571428571 0.3038095238095239 0.6321428571428571 0.32476190476190486 0.6621428571428571 0.32476190476190486
3 0.6385714285714286 0.22190476190476202 0.6242857142857143 0.22190476190476202 0.6242857142857143 0.23333333333333345 0.6385714285714286 0.23333333333333345
3 0.5957142857142858 0.2180952380952382 0.5807142857142857 0.2180952380952382 0.5807142857142857 0.22761904761904772 0.5957142857142858 0.22761904761904772
3 0.6128571428571429 0.25142857142857156 0.6 0.25142857142857156 0.6 0.25904761904761914 0.6128571428571429 0.25904761904761914
3 0.6242857142857143 0.26190476190476203 0.6071428571428571 0.26190476190476203 0.6071428571428571 0.2723809523809525 0.6242857142857143 0.2723809523809525
6 0.3914285714285714 0.6676190476190477 0.3164285714285715 0.6676190476190477 0.3164285714285715 0.7676190476190476 0.3914285714285714 0.7676190476190476
6 0.5235714285714286 0.1323809523809525 0.5085714285714286 0.1323809523809525 0.5085714285714286 0.1485714285714287 0.5235714285714286 0.1485714285714287