2 0.2515 0.08600000000000003 0.217 0.08600000000000003 0.217 0.1246666666666667 0.2515 0.1246666666666667
11 0.1655 0.18866666666666668 0.12000000000000002 0.18866666666666668 0.12000000000000002 0.234 0.1655 0.234
3 0.523 0.7093333333333334 0.4315000000000001 0.7093333333333334 0.4315000000000001 0.9553333333333334 0.523 0.9553333333333334
3 0.679 0.5280000000000001 0.597 0.5280000000000001 0.597 0.69 0.679 0.69
3 0.24200000000000008 0.8966666666666666 0.12800000000000006 0.8966666666666666 0.12800000000000009 1 0.2420000000000001 1
3 0.3385000000000001 0.5393333333333333 0.2625 0.5393333333333333 0.26250000000000007 0.6706666666666666 0.33850000000000013 0.6706666666666666
3 0.3755 0.43 0.306 0.43 0.306 0.5266666666666666 0.3755 0.5266666666666666
3 0.392 0.37533333333333335 0.339 0.37533333333333335 0.339 0.44533333333333336 0.392 0.44533333333333336
3 0.4145 0.2893333333333334 0.3765 0.2893333333333334 0.3765 0.3400000000000001 0.4145 0.3400000000000001
3 0.423 0.2573333333333334 0.3905 0.2573333333333334 0.3905 0.29866666666666675 0.423 0.29866666666666675
3 0.431 0.23266666666666674 0.3995 0.23266666666666674 0.3995 0.2686666666666667 0.431 0.2686666666666667
3 0.439 0.2093333333333334 0.411 0.2093333333333334 0.411 0.2413333333333334 0.439 0.2413333333333334
3 0.4415 0.1940000000000001 0.4175 0.1940000000000001 0.4175 0.2220000000000001 0.4415 0.2220000000000001
3 0.444 0.17333333333333342 0.422 0.17333333333333342 0.422 0.20666666666666675 0.444 0.20666666666666675
3 0.45 0.16400000000000006 0.4285 0.16400000000000006 0.4285 0.18800000000000008 0.45 0.18800000000000008
11 0.452 0.14666666666666675 0.4335 0.14666666666666675 0.4335 0.17466666666666675 0.452 0.17466666666666675
3 0.4565 0.14466666666666675 0.439 0.14466666666666675 0.439 0.16533333333333342 0.4565 0.16533333333333342
2 0.513 0.062000000000000076 0.4985 0.062000000000000076 0.4985 0.0913333333333334 0.513 0.0913333333333334
7 0.5265 0.09200000000000008 0.5225 0.09200000000000008 0.5225 0.10666666666666674 0.5265 0.10666666666666674
7 0.536 0.0913333333333334 0.5325 0.0913333333333334 0.5325 0.10333333333333342 0.536 0.10333333333333342
3 0.4815 0.08000000000000007 0.4705 0.08000000000000007 0.4705 0.0913333333333334 0.4815 0.0913333333333334
3 0.491 0.07400000000000008 0.4815 0.07400000000000008 0.4815 0.08533333333333341 0.491 0.08533333333333341
3 0.4765 0.07600000000000008 0.468 0.07600000000000008 0.468 0.08533333333333341 0.4765 0.08533333333333341
3 0.477 0.07000000000000008 0.4695 0.07000000000000008 0.4695 0.07866666666666675 0.477 0.07866666666666675
11 0.4795 0.06600000000000007 0.471 0.06600000000000007 0.471 0.0773333333333334 0.4795 0.0773333333333334
8 0.458 0.11000000000000007 0.4525 0.11000000000000007 0.4525 0.1213333333333334 0.458 0.1213333333333334
8 0.455 0.10600000000000008 0.449 0.10600000000000008 0.449 0.11666666666666674 0.455 0.11666666666666674
5 0.467 0.1073333333333334 0.4555 0.1073333333333334 0.4555 0.11666666666666674 0.467 0.11666666666666674
7 0.4655 0.09200000000000008 0.4625 0.09200000000000008 0.4625 0.1053333333333334 0.4655 0.1053333333333334
7 0.4605 0.09066666666666674 0.4575 0.09066666666666674 0.4575 0.10200000000000008 0.4605 0.10200000000000008
7 0.455 0.09333333333333341 0.453 0.09333333333333341 0.453 0.10600000000000008 0.455 0.10600000000000008
7 0.458 0.09533333333333341 0.454 0.09533333333333341 0.454 0.10866666666666674 0.458 0.10866666666666674
7 0.4865 0.05933333333333341 0.484 0.05933333333333341 0.484 0.06800000000000007 0.4865 0.06800000000000007
7 0.484 0.06266666666666675 0.481 0.06266666666666675 0.481 0.07266666666666674 0.484 0.07266666666666674
7 0.4895 0.05933333333333341 0.487 0.05933333333333341 0.487 0.06800000000000007 0.4895 0.06800000000000007
7 0.4935 0.05866666666666674 0.4905 0.05866666666666674 0.4905 0.06933333333333341 0.4935 0.06933333333333341
7 0.475 0.053333333333333406 0.4725 0.053333333333333406 0.4725 0.061333333333333406 0.475 0.061333333333333406
3 0.4475 0.0773333333333334 0.438 0.0773333333333334 0.438 0.08800000000000008 0.4475 0.08800000000000008
7 0.4555 0.07866666666666675 0.452 0.07866666666666675 0.452 0.09066666666666674 0.4555 0.09066666666666674
3 0.459 0.05800000000000007 0.447 0.05800000000000007 0.447 0.06666666666666675 0.459 0.06666666666666675
3 0.4835 0.054000000000000076 0.476 0.054000000000000076 0.476 0.05933333333333341 0.4835 0.05933333333333341
3 0.4835 0.052000000000000074 0.476 0.052000000000000074 0.476 0.05866666666666674 0.4835 0.05866666666666674
3 0.4845 0.05133333333333341 0.4775 0.05133333333333341 0.4775 0.05800000000000007 0.4845 0.05800000000000007
3 0.4845 0.05066666666666674 0.4785 0.05066666666666674 0.4785 0.05800000000000007 0.4845 0.05800000000000007
3 0.485 0.05000000000000008 0.4795 0.05000000000000008 0.4795 0.05533333333333341 0.485 0.05533333333333341
3 0.4855 0.046000000000000076 0.48 0.046000000000000076 0.48 0.053333333333333406 0.4855 0.053333333333333406
3 0.488 0.04333333333333341 0.483 0.04333333333333341 0.483 0.05066666666666674 0.488 0.05066666666666674
3 0.5015 0.05066666666666674 0.4965 0.05066666666666674 0.4965 0.05800000000000007 0.5015 0.05800000000000007
8 0.504 0.054000000000000076 0.5 0.054000000000000076 0.5 0.05933333333333341 0.504 0.05933333333333341
5 0.504 0.05800000000000007 0.5005 0.05800000000000007 0.5005 0.06333333333333341 0.504 0.06333333333333341
3 0.495 0.05133333333333341 0.4885 0.05133333333333341 0.4885 0.05800000000000007 0.495 0.05800000000000007
3 0.4945 0.04866666666666674 0.4875 0.04866666666666674 0.4875 0.05533333333333341 0.4945 0.05533333333333341
11 0.495 0.045333333333333406 0.4885 0.045333333333333406 0.4885 0.05133333333333341 0.495 0.05133333333333341
3 0.4935 0.04000000000000008 0.4875 0.04000000000000008 0.4875 0.046000000000000076 0.4935 0.046000000000000076
3 0.4975 0.038666666666666745 0.4915 0.038666666666666745 0.4915 0.04466666666666674 0.4975 0.04466666666666674
11 0.5 0.03533333333333342 0.494 0.03533333333333342 0.494 0.044000000000000074 0.5 0.044000000000000074
3 0.502 0.03533333333333342 0.497 0.03533333333333342 0.497 0.041333333333333416 0.502 0.041333333333333416
3 0.5035 0.03600000000000009 0.4995 0.03600000000000009 0.4995 0.040000000000000084 0.5035 0.040000000000000084
3 0.5075 0.034666666666666755 0.503 0.034666666666666755 0.503 0.03933333333333342 0.5075 0.03933333333333342
3 0.51 0.033333333333333416 0.506 0.033333333333333416 0.506 0.03933333333333342 0.51 0.03933333333333342
3 0.511 0.033333333333333416 0.507 0.033333333333333416 0.507 0.03733333333333342 0.511 0.03733333333333342
3 0.5135 0.032000000000000084 0.509 0.032000000000000084 0.509 0.03666666666666675 0.5135 0.03666666666666675
3 0.518 0.03133333333333342 0.5135 0.03133333333333342 0.5135 0.03666666666666675 0.518 0.03666666666666675
3 0.521 0.03600000000000009 0.516 0.03600000000000009 0.516 0.041333333333333416 0.521 0.041333333333333416
7 0.4685 0.062000000000000076 0.466 0.062000000000000076 0.466 0.07200000000000008 0.4685 0.07200000000000008
3 0.4915 0.02533333333333341 0.484 0.02533333333333341 0.484 0.03066666666666674 0.4915 0.03066666666666674
3 0.278 0.07933333333333337 0.2665 0.07933333333333337 0.2665 0.09200000000000004 0.278 0.09200000000000004
3 0.9715 0.33666666666666684 0.9315 0.33666666666666684 0.9315 0.3706666666666668 0.9715 0.3706666666666668
7 0.962 0.3126666666666668 0.9495 0.3126666666666668 0.9495 0.34200000000000014 0.962 0.34200000000000014
7 0.903 0.31133333333333346 0.89 0.31133333333333346 0.89 0.3433333333333335 0.903 0.3433333333333335
7 0.902 0.3013333333333335 0.8895 0.3013333333333335 0.8895 0.3453333333333335 0.902 0.3453333333333335
8 0.882 0.3240000000000002 0.8685 0.3240000000000002 0.8685 0.3433333333333335 0.882 0.3433333333333335
3 0.901 0.2886666666666668 0.861 0.2886666666666668 0.861 0.33200000000000013 0.901 0.33200000000000013
8 0.8465 0.28066666666666684 0.836 0.28066666666666684 0.836 0.31600000000000017 0.8465 0.31600000000000017
1 0.843 0.29200000000000015 0.8295 0.29200000000000015 0.8295 0.31800000000000017 0.843 0.31800000000000017
3 0.79 0.29400000000000015 0.734 0.29400000000000015 0.734 0.34000000000000014 0.79 0.34000000000000014
7 0.8105 0.25133333333333346 0.7995 0.25133333333333346 0.7995 0.2873333333333335 0.8105 0.2873333333333335
8 0.7825 0.2253333333333335 0.774 0.2253333333333335 0.774 0.2486666666666668 0.7825 0.2486666666666668
9 0.789 0.23466666666666683 0.76 0.23466666666666683 0.76 0.2586666666666668 0.789 0.2586666666666668
3 0.804 0.2146666666666668 0.7655 0.2146666666666668 0.7655 0.24400000000000016 0.804 0.24400000000000016
3 0.7755 0.19400000000000014 0.743 0.19400000000000014 0.743 0.2193333333333335 0.7755 0.2193333333333335
3 0.7575 0.18000000000000016 0.725 0.18000000000000016 0.725 0.20333333333333348 0.7575 0.20333333333333348
1 0.7345 0.15066666666666678 0.7215 0.15066666666666678 0.7215 0.16666666666666677 0.7345 0.16666666666666677
11 1 0.2853333333333335 0.989 0.2853333333333335 0.989 0.3246666666666668 1 0.3246666666666668
11 1 0.18400000000000016 0.9595 0.18400000000000016 0.9595 0.2146666666666668 1 0.2146666666666668
7 0.838 0.13400000000000015 0.832 0.13400000000000015 0.832 0.1546666666666668 0.838 0.1546666666666668
3 0.8475 0.10533333333333349 0.815 0.10533333333333349 0.815 0.12000000000000015 0.8475 0.12000000000000015
10 0.884 0.12133333333333349 0.8535 0.12133333333333349 0.8535 0.16000000000000014 0.884 0.16000000000000014
3 0.8355 0.15000000000000013 0.801 0.1500000000000001 0.801 0.16533333333333347 0.8355 0.1653333333333335
3 0.827 0.1446666666666668 0.798 0.14466666666666678 0.798 0.1626666666666668 0.827 0.16266666666666682
3 0.821 0.1406666666666668 0.7925 0.14066666666666677 0.7925 0.15800000000000014 0.821 0.15800000000000014
3 0.809 0.13666666666666677 0.784 0.13666666666666677 0.784 0.15133333333333346 0.809 0.15133333333333346
3 0.794 0.11000000000000011 0.7635 0.11000000000000011 0.7635 0.12533333333333344 0.794 0.12533333333333344
3 0.788 0.10800000000000011 0.763 0.10800000000000011 0.763 0.11933333333333344 0.788 0.11933333333333344
3 0.778 0.10266666666666678 0.756 0.10266666666666678 0.756 0.11533333333333344 0.778 0.11533333333333344
3 0.759 0.08200000000000013 0.737 0.08200000000000011 0.737 0.09000000000000011 0.759 0.09000000000000011
3 0.76 0.08933333333333345 0.7405 0.08933333333333345 0.7405 0.09666666666666678 0.76 0.09666666666666678
3 0.7645 0.09333333333333345 0.744 0.09333333333333345 0.744 0.10600000000000011 0.7645 0.10600000000000011
10 0.713 0.07866666666666677 0.659 0.07866666666666677 0.659 0.09866666666666678 0.713 0.09866666666666678
3 0.6655 0.07400000000000011 0.656 0.07400000000000011 0.656 0.08733333333333344 0.6655 0.08733333333333344
8 0.6645 0.1560000000000001 0.658 0.1560000000000001 0.658 0.17266666666666675 0.6645 0.17266666666666675
5 0.666 0.1626666666666668 0.6565 0.1626666666666668 0.6565 0.17800000000000007 0.666 0.17800000000000007
8 0.669 0.14000000000000012 0.6645 0.14000000000000012 0.6645 0.15066666666666678 0.669 0.15066666666666678
5 0.669 0.14733333333333345 0.6635 0.14733333333333345 0.6635 0.1580000000000001 0.669 0.1580000000000001
7 0.656 0.12333333333333345 0.652 0.12333333333333345 0.652 0.13733333333333345 0.656 0.13733333333333345
7 0.6575 0.12133333333333345 0.6525 0.12133333333333345 0.6525 0.13733333333333345 0.6575 0.13733333333333345
3 0.6735 0.11933333333333344 0.6555 0.11933333333333344 0.6555 0.13733333333333345 0.6735 0.13733333333333345
7 0.699 0.12533333333333344 0.694 0.12533333333333344 0.694 0.1440000000000001 0.699 0.1440000000000001
11 0.652 0.06600000000000011 0.643 0.06600000000000011 0.643 0.08533333333333344 0.652 0.08533333333333344
3 0.633 0.09133333333333345 0.62 0.09133333333333345 0.62 0.10600000000000011 0.633 0.10600000000000011
9 0.63 0.10133333333333344 0.624 0.10133333333333344 0.624 0.11066666666666677 0.63 0.11066666666666677
3 0.6085 0.10600000000000011 0.5935 0.10600000000000011 0.5935 0.12000000000000012 0.6085 0.12000000000000012
8 0.581 0.1080000000000001 0.5765 0.10800000000000008 0.5765 0.11466666666666676 0.581 0.11466666666666678
6 0.5825 0.11133333333333342 0.575 0.11133333333333341 0.575 0.11933333333333343 0.5825 0.11933333333333344
7 0.5705 0.10600000000000008 0.566 0.10600000000000008 0.566 0.12000000000000008 0.5705 0.12000000000000008
3 0.609 0.09133333333333345 0.598 0.09133333333333345 0.598 0.10466666666666678 0.609 0.10466666666666678
3 0.621 0.08600000000000012 0.6065 0.08600000000000012 0.6065 0.09666666666666678 0.621 0.09666666666666678
3 0.6405 0.07266666666666677 0.63 0.07266666666666677 0.63 0.08466666666666676 0.6405 0.08466666666666678
10 0.6275 0.06866666666666676 0.619 0.06866666666666676 0.619 0.08400000000000009 0.6275 0.08400000000000009
7 0.63 0.0760000000000001 0.6265 0.0760000000000001 0.6265 0.08666666666666678 0.63 0.08666666666666678
7 0.637 0.0760000000000001 0.6335 0.0760000000000001 0.6335 0.08733333333333344 0.637 0.08733333333333344
7 0.596 0.0740000000000001 0.5915 0.0740000000000001 0.5915 0.08600000000000012 0.596 0.08600000000000012
7 0.5895 0.07466666666666676 0.5865 0.07466666666666676 0.5865 0.08466666666666676 0.5895 0.08466666666666676
7 0.586 0.0760000000000001 0.582 0.0760000000000001 0.582 0.08600000000000012 0.586 0.08600000000000012
3 0.6065 0.0740000000000001 0.6 0.0740000000000001 0.6 0.0820000000000001 0.6065 0.0820000000000001
3 0.598 0.06733333333333343 0.589 0.06733333333333343 0.589 0.0760000000000001 0.598 0.0760000000000001
3 0.5625 0.07000000000000009 0.555 0.07000000000000009 0.555 0.0820000000000001 0.5625 0.0820000000000001
2 0.555 0.04933333333333343 0.5425 0.04933333333333343 0.5425 0.07066666666666677 0.555 0.07066666666666677
10 0.5985 0.05733333333333343 0.588 0.05733333333333343 0.588 0.0740000000000001 0.5985 0.0740000000000001
11 0.588 0.05733333333333343 0.5815 0.05733333333333343 0.5815 0.06800000000000009 0.588 0.06800000000000009
3 0.582 0.05533333333333343 0.577 0.05533333333333343 0.577 0.06333333333333342 0.582 0.06333333333333342
8 0.579 0.06533333333333342 0.5765 0.06533333333333342 0.5765 0.07066666666666677 0.579 0.07066666666666677
1 0.5785 0.06933333333333343 0.576 0.06933333333333343 0.576 0.0740000000000001 0.5785 0.0740000000000001
7 0.575 0.05800000000000009 0.5725 0.05800000000000009 0.5725 0.06666666666666676 0.575 0.06666666666666676
11 0.5725 0.051333333333333425 0.5665 0.051333333333333425 0.5665 0.060666666666666764 0.5725 0.060666666666666764
11 0.5565 0.04133333333333343 0.552 0.04133333333333343 0.552 0.04733333333333343 0.5565 0.04733333333333343
11 0.565 0.04200000000000009 0.5605 0.04200000000000009 0.5605 0.05000000000000009 0.565 0.05000000000000009
4 0.579 0.01866666666666676 0.553 0.018666666666666755 0.553 0.04266666666666676 0.579 0.04266666666666676