3 0.37357142857142855 0.4580952380952382 0.3707142857142857 0.4580952380952382 0.3707142857142857 0.46190476190476204 0.37357142857142855 0.46190476190476204
3 0.3807142857142857 0.4561904761904763 0.37714285714285717 0.4561904761904763 0.37714285714285717 0.45904761904761915 0.3807142857142857 0.45904761904761915
3 0.38142857142857145 0.46285714285714297 0.37857142857142856 0.46285714285714297 0.37857142857142856 0.4666666666666668 0.38142857142857145 0.4666666666666668
3 0.3742857142857143 0.4676190476190477 0.37214285714285716 0.4676190476190477 0.37214285714285716 0.47142857142857153 0.3742857142857143 0.47142857142857153
3 0.3742857142857143 0.47333333333333344 0.37142857142857144 0.47333333333333344 0.37142857142857144 0.4780952380952382 0.3742857142857143 0.4780952380952382
3 0.3742857142857143 0.4895238095238095 0.37142857142857144 0.4895238095238095 0.37142857142857144 0.49333333333333335 0.3742857142857143 0.49333333333333335
3 0.3742857142857143 0.4942857142857143 0.37214285714285716 0.4942857142857143 0.37214285714285716 0.4990476190476191 0.3742857142857143 0.4990476190476191
3 0.37785714285714284 0.4990476190476191 0.375 0.4990476190476191 0.375 0.5028571428571429 0.37785714285714284 0.5028571428571429
3 0.3757142857142857 0.5076190476190476 0.37214285714285716 0.5076190476190476 0.37214285714285716 0.5133333333333333 0.3757142857142857 0.5133333333333333
3 0.38357142857142856 0.47333333333333344 0.38 0.47333333333333344 0.38 0.47904761904761917 0.38357142857142856 0.47904761904761917
3 0.38571428571428573 0.4657142857142858 0.38285714285714284 0.4657142857142858 0.38285714285714284 0.4704761904761906 0.38571428571428573 0.4704761904761906
3 0.38785714285714284 0.47333333333333344 0.385 0.47333333333333344 0.385 0.4761904761904763 0.38785714285714284 0.4761904761904763
3 0.38571428571428573 0.4847619047619049 0.38285714285714284 0.4847619047619049 0.38285714285714284 0.48666666666666675 0.38571428571428573 0.48666666666666675
3 0.38571428571428573 0.48857142857142855 0.3821428571428571 0.48857142857142855 0.3821428571428571 0.49142857142857144 0.38571428571428573 0.49142857142857144
3 0.3871428571428571 0.49333333333333335 0.38357142857142856 0.49333333333333335 0.38357142857142856 0.4980952380952381 0.3871428571428571 0.4980952380952381
3 0.39 0.48857142857142855 0.3871428571428571 0.48857142857142855 0.3871428571428571 0.49142857142857144 0.39 0.49142857142857144
2 0.3871428571428571 0.5695238095238095 0.3821428571428571 0.5695238095238095 0.3821428571428571 0.579047619047619 0.3871428571428571 0.579047619047619
3 0.38142857142857145 0.5771428571428572 0.37857142857142856 0.5771428571428572 0.37857142857142856 0.5828571428571429 0.38142857142857145 0.5828571428571429
3 0.38357142857142856 0.599047619047619 0.37857142857142856 0.599047619047619 0.37857142857142856 0.6095238095238096 0.38357142857142856 0.6095238095238096
3 0.38357142857142856 0.6180952380952381 0.37785714285714284 0.6180952380952381 0.37785714285714284 0.6295238095238095 0.38357142857142856 0.6295238095238095
3 0.4014285714285714 0.5628571428571428 0.3964285714285714 0.5628571428571428 0.3964285714285714 0.5704761904761905 0.4014285714285714 0.5704761904761905
0 0.42 0.5761904761904761 0.4142857142857143 0.5761904761904761 0.4142857142857143 0.5847619047619048 0.42 0.5847619047619048
3 0.39071428571428574 0.5876190476190476 0.3871428571428571 0.5876190476190476 0.3871428571428571 0.5961904761904762 0.39071428571428574 0.5961904761904762
3 0.3821428571428571 0.6428571428571429 0.375 0.6428571428571429 0.375 0.6580952380952381 0.3821428571428571 0.6580952380952381
3 0.3821428571428571 0.6638095238095238 0.375 0.6638095238095238 0.375 0.6780952380952381 0.3821428571428571 0.6780952380952381
3 0.3642857142857144 0.7247619047619047 0.3507142857142858 0.7247619047619047 0.3507142857142858 0.7428571428571429 0.3642857142857144 0.7428571428571429
3 0.38 0.7161904761904762 0.37214285714285716 0.7161904761904762 0.37214285714285716 0.7333333333333333 0.38 0.7333333333333333
3 0.4007142857142857 0.7228571428571429 0.3921428571428571 0.7228571428571429 0.3921428571428571 0.7428571428571429 0.4007142857142857 0.7428571428571429
3 0.38142857142857145 0.7761904761904762 0.37214285714285716 0.7761904761904762 0.37214285714285716 0.7980952380952381 0.38142857142857145 0.7980952380952381
3 0.39285714285714285 0.7771428571428571 0.38357142857142856 0.7771428571428571 0.38357142857142856 0.799047619047619 0.39285714285714285 0.799047619047619
3 0.4085714285714286 0.7914285714285715 0.39714285714285713 0.7914285714285715 0.39714285714285713 0.819047619047619 0.4085714285714286 0.819047619047619
3 0.4142857142857143 0.8276190476190476 0.40214285714285714 0.8276190476190476 0.40214285714285714 0.8580952380952381 0.4142857142857143 0.8580952380952381
3 0.4171428571428572 0.8723809523809524 0.4042857142857143 0.8723809523809524 0.40428571428571436 0.9047619047619048 0.4171428571428573 0.9047619047619048
3 0.4214285714285716 0.9076190476190477 0.4092857142857145 0.9076190476190477 0.4092857142857145 0.9438095238095238 0.4214285714285716 0.9438095238095238
3 0.40571428571428586 0.9247619047619048 0.392857142857143 0.9247619047619048 0.392857142857143 0.96 0.40571428571428586 0.96
3 0.3907142857142859 0.92 0.3785714285714287 0.92 0.3785714285714287 0.9552380952380952 0.3907142857142859 0.9552380952380952
3 0.43214285714285733 0.9666666666666667 0.41500000000000015 0.9666666666666667 0.41500000000000015 0.9990476190476191 0.43214285714285733 0.9990476190476191
3 0.31928571428571434 0.7942857142857143 0.3050000000000001 0.7942857142857143 0.3050000000000001 0.8152380952380952 0.31928571428571434 0.8152380952380952
10 0.2957142857142858 0.8028571428571428 0.2514285714285715 0.8028571428571428 0.2514285714285715 0.86 0.2957142857142858 0.86
10 0.2800000000000001 0.82 0.23428571428571437 0.82 0.23428571428571437 0.8819047619047619 0.2800000000000001 0.8819047619047619
10 0.27714285714285725 0.8161904761904762 0.23928571428571438 0.8161904761904762 0.23928571428571438 0.86 0.27714285714285725 0.86
11 0.32428571428571434 0.8790476190476191 0.31357142857142867 0.8790476190476191 0.31357142857142867 0.9057142857142857 0.32428571428571434 0.9057142857142857
3 0.29785714285714293 0.9342857142857143 0.2878571428571429 0.9342857142857143 0.2878571428571429 0.9619047619047619 0.29785714285714293 0.9619047619047619
10 0.2807142857142858 0.9057142857142857 0.26000000000000006 0.9057142857142857 0.26000000000000006 0.9380952380952381 0.2807142857142858 0.9380952380952381
3 0.4735714285714286 0.8066666666666666 0.4585714285714286 0.8066666666666666 0.4585714285714286 0.8333333333333334 0.4735714285714286 0.8333333333333334
0 0.9964285714285714 0.3857142857142859 0.9657142857142857 0.38571428571428584 0.9657142857142857 0.40571428571428586 0.9964285714285714 0.4057142857142859
3 0.9664285714285714 0.4523809523809525 0.9235714285714286 0.4523809523809525 0.9235714285714286 0.4742857142857144 0.9664285714285714 0.4742857142857144
3 0.9214285714285714 0.44095238095238104 0.9035714285714286 0.44095238095238104 0.9035714285714286 0.4780952380952382 0.9214285714285714 0.4780952380952382
11 0.9 0.4400000000000001 0.8807142857142857 0.4400000000000001 0.8807142857142857 0.47904761904761917 0.9 0.47904761904761917
3 0.8635714285714285 0.4504761904761906 0.8464285714285714 0.4504761904761906 0.8464285714285714 0.48761904761904784 0.8635714285714285 0.48761904761904784
3 0.8435714285714285 0.4533333333333334 0.8264285714285714 0.4533333333333334 0.8264285714285714 0.4857142857142858 0.8435714285714285 0.4857142857142858
3 0.8242857142857143 0.46000000000000013 0.8092857142857143 0.46000000000000013 0.8092857142857143 0.49333333333333357 0.8242857142857143 0.49333333333333357
3 0.8057142857142857 0.4685714285714287 0.7878571428571428 0.4685714285714287 0.7878571428571428 0.5000000000000002 0.8057142857142857 0.5000000000000002
3 0.7857142857142857 0.47904761904761917 0.7678571428571429 0.47904761904761917 0.7678571428571429 0.5104761904761906 0.7857142857142857 0.5104761904761906
3 0.7557142857142857 0.5019047619047621 0.735 0.5019047619047621 0.735 0.5333333333333335 0.7557142857142857 0.5333333333333335
3 0.725 0.5333333333333335 0.7071428571428572 0.5333333333333335 0.7071428571428572 0.5590476190476192 0.725 0.5590476190476192
3 0.77 0.4323809523809525 0.7507142857142857 0.4323809523809525 0.7507142857142857 0.45714285714285724 0.77 0.45714285714285724
3 0.7285714285714285 0.4742857142857144 0.7085714285714285 0.4742857142857144 0.7085714285714285 0.49333333333333357 0.7285714285714285 0.49333333333333357
3 0.71 0.46285714285714297 0.6957142857142857 0.46285714285714297 0.6957142857142857 0.48666666666666675 0.71 0.48666666666666675
3 0.7128571428571429 0.4942857142857145 0.6928571428571428 0.4942857142857145 0.6928571428571428 0.5209523809523812 0.7128571428571429 0.5209523809523812
3 0.6942857142857143 0.48666666666666675 0.6742857142857143 0.48666666666666675 0.6742857142857143 0.5152380952380955 0.6942857142857143 0.5152380952380955
7 0.6042857142857143 0.4990476190476191 0.5985714285714285 0.4990476190476191 0.5985714285714285 0.5057142857142857 0.6042857142857143 0.5057142857142857
0 0.6621428571428571 0.4895238095238095 0.65 0.4895238095238095 0.65 0.5047619047619047 0.6621428571428571 0.5047619047619047
3 0.6571428571428571 0.482857142857143 0.6414285714285715 0.482857142857143 0.6414285714285715 0.5066666666666667 0.6571428571428571 0.5066666666666667
3 0.65 0.481904761904762 0.635 0.481904761904762 0.635 0.5028571428571429 0.65 0.5028571428571429
3 0.6414285714285715 0.481904761904762 0.6264285714285714 0.481904761904762 0.6264285714285714 0.5028571428571429 0.6414285714285715 0.5028571428571429
3 0.6371428571428571 0.47523809523809535 0.6192857142857143 0.47523809523809535 0.6192857142857143 0.4980952380952381 0.6371428571428571 0.4980952380952381
3 0.6307142857142857 0.47333333333333344 0.615 0.47333333333333344 0.615 0.4942857142857143 0.6307142857142857 0.4942857142857143
3 0.6264285714285714 0.4704761904761906 0.6107142857142858 0.4704761904761906 0.6107142857142858 0.49142857142857144 0.6264285714285714 0.49142857142857144
3 0.6207142857142857 0.47142857142857153 0.605 0.47142857142857153 0.605 0.49142857142857144 0.6207142857142857 0.49142857142857144
3 0.615 0.4695238095238096 0.5992857142857143 0.4695238095238096 0.5992857142857143 0.4895238095238095 0.615 0.4895238095238095
3 0.6078571428571429 0.46285714285714297 0.5935714285714285 0.46285714285714297 0.5935714285714285 0.482857142857143 0.6078571428571429 0.482857142857143
3 0.6028571428571429 0.4638095238095239 0.5885714285714285 0.4638095238095239 0.5885714285714285 0.482857142857143 0.6028571428571429 0.482857142857143
3 0.5771428571428572 0.42857142857142866 0.5685714285714286 0.42857142857142866 0.5685714285714286 0.4371428571428573 0.5771428571428572 0.4371428571428573
3 0.5857142857142857 0.43047619047619057 0.5757142857142857 0.43047619047619057 0.5757142857142857 0.4400000000000001 0.5857142857142857 0.4400000000000001
10 0.6 0.4580952380952382 0.5835714285714285 0.4580952380952382 0.5835714285714285 0.481904761904762 0.6 0.481904761904762
3 0.5935714285714285 0.46095238095238106 0.5828571428571429 0.46095238095238106 0.5828571428571429 0.4780952380952382 0.5935714285714285 0.4780952380952382
10 0.6464285714285715 0.4380952380952382 0.6257142857142857 0.4380952380952382 0.6257142857142857 0.4533333333333334 0.6464285714285715 0.4533333333333334
3 0.7078571428571429 0.3657142857142858 0.6985714285714286 0.3657142857142858 0.6985714285714286 0.3885714285714287 0.7078571428571429 0.3885714285714287
3 0.7035714285714286 0.36476190476190484 0.6928571428571428 0.36476190476190484 0.6928571428571428 0.38571428571428584 0.7035714285714286 0.38571428571428584
3 0.6964285714285714 0.3723809523809525 0.685 0.3723809523809525 0.685 0.3885714285714287 0.6964285714285714 0.3885714285714287
3 0.6907142857142857 0.37333333333333346 0.6778571428571428 0.37333333333333346 0.6778571428571428 0.3923809523809525 0.6907142857142857 0.3923809523809525
10 0.6878571428571428 0.3609523809523811 0.67 0.3609523809523811 0.67 0.3800000000000001 0.6878571428571428 0.3800000000000001
3 0.6478571428571429 0.4047619047619049 0.6357142857142857 0.4047619047619049 0.6357142857142857 0.41904761904761917 0.6478571428571429 0.41904761904761917
3 0.6521428571428571 0.40285714285714297 0.6392857142857142 0.40285714285714297 0.6392857142857142 0.422857142857143 0.6521428571428571 0.422857142857143
3 0.6464285714285715 0.40000000000000013 0.6314285714285715 0.40000000000000013 0.6314285714285715 0.41714285714285726 0.6464285714285715 0.41714285714285726
3 0.64 0.401904761904762 0.6271428571428571 0.401904761904762 0.6271428571428571 0.41904761904761917 0.64 0.41904761904761917
11 0.6292857142857143 0.40000000000000013 0.6185714285714285 0.40000000000000013 0.6185714285714285 0.4180952380952382 0.6292857142857143 0.4180952380952382
3 0.6278571428571429 0.38761904761904775 0.6157142857142858 0.38761904761904775 0.6157142857142858 0.39904761904761915 0.6278571428571429 0.39904761904761915
3 0.6142857142857143 0.3923809523809525 0.6028571428571429 0.3923809523809525 0.6028571428571429 0.40000000000000013 0.6142857142857143 0.40000000000000013
3 0.5857142857142857 0.38285714285714295 0.5771428571428572 0.38285714285714295 0.5771428571428572 0.3923809523809525 0.5857142857142857 0.3923809523809525
3 0.5621428571428572 0.3895238095238096 0.5535714285714286 0.3895238095238096 0.5535714285714286 0.4038095238095239 0.5621428571428572 0.4038095238095239
3 0.565 0.44666666666666677 0.5564285714285714 0.44666666666666677 0.5564285714285714 0.4580952380952382 0.565 0.4580952380952382
3 0.5585714285714286 0.3885714285714287 0.55 0.3885714285714287 0.55 0.40285714285714297 0.5585714285714286 0.40285714285714297
3 0.5571428571428572 0.38761904761904775 0.5485714285714286 0.38761904761904775 0.5485714285714286 0.40095238095238106 0.5571428571428572 0.40095238095238106
3 0.5707142857142857 0.36857142857142866 0.565 0.36857142857142866 0.565 0.3800000000000001 0.5707142857142857 0.3800000000000001
3 0.57 0.36857142857142866 0.5614285714285714 0.36857142857142866 0.5614285714285714 0.381904761904762 0.57 0.381904761904762
3 0.5657142857142857 0.36857142857142866 0.5585714285714286 0.36857142857142866 0.5585714285714286 0.381904761904762 0.5657142857142857 0.381904761904762
3 0.5214285714285715 0.361904761904762 0.5157142857142857 0.361904761904762 0.5157142857142857 0.37047619047619057 0.5214285714285715 0.37047619047619057
3 0.5178571428571429 0.362857142857143 0.5128571428571429 0.362857142857143 0.5128571428571429 0.3723809523809525 0.5178571428571429 0.3723809523809525
3 0.5092857142857142 0.36666666666666675 0.5021428571428571 0.36666666666666675 0.5021428571428571 0.37523809523809537 0.5092857142857142 0.37523809523809537
3 0.5064285714285715 0.36761904761904773 0.5007142857142857 0.36761904761904773 0.5007142857142857 0.3771428571428572 0.5064285714285715 0.3771428571428572
3 0.5042857142857143 0.37142857142857155 0.49642857142857144 0.37142857142857155 0.49642857142857144 0.3780952380952382 0.5042857142857143 0.3780952380952382
3 0.49857142857142855 0.37142857142857155 0.4928571428571429 0.37142857142857155 0.4928571428571429 0.3800000000000001 0.49857142857142855 0.3800000000000001
3 0.4957142857142857 0.361904761904762 0.49142857142857144 0.361904761904762 0.49142857142857144 0.36952380952380964 0.4957142857142857 0.36952380952380964
3 0.48214285714285715 0.36857142857142866 0.4785714285714286 0.36857142857142866 0.4785714285714286 0.3761904761904763 0.48214285714285715 0.3761904761904763
3 0.4764285714285714 0.37333333333333346 0.47214285714285714 0.37333333333333346 0.47214285714285714 0.3780952380952382 0.4764285714285714 0.3780952380952382