7 0.33714285714285724 0.5314285714285715 0.32928571428571435 0.5314285714285715 0.32928571428571435 0.5514285714285714 0.33714285714285724 0.5514285714285714
11 0.35357142857142865 0.7847619047619048 0.3235714285714287 0.7847619047619048 0.3235714285714287 0.8704761904761905 0.35357142857142865 0.8704761904761905
7 0.4592857142857143 0.8295238095238096 0.44785714285714284 0.8295238095238096 0.44785714285714284 0.8819047619047619 0.4592857142857143 0.8819047619047619
3 0.3821428571428571 0.6695238095238095 0.35357142857142865 0.6695238095238095 0.35357142857142865 0.7285714285714285 0.3821428571428571 0.7285714285714285
7 0.4957142857142857 0.6390476190476191 0.4907142857142857 0.6390476190476191 0.4907142857142857 0.6561904761904762 0.4957142857142857 0.6561904761904762
5 0.5428571428571428 0.560952380952381 0.5307142857142857 0.560952380952381 0.5307142857142857 0.599047619047619 0.5428571428571428 0.599047619047619
5 0.5628571428571428 0.518095238095238 0.55 0.518095238095238 0.55 0.5428571428571428 0.5628571428571428 0.5428571428571428
5 0.5857142857142857 0.3609523809523811 0.5814285714285714 0.3609523809523811 0.5814285714285714 0.3723809523809525 0.5857142857142857 0.3723809523809525
5 0.5835714285714285 0.3180952380952382 0.58 0.3180952380952382 0.58 0.3295238095238096 0.5835714285714285 0.3295238095238096
5 0.4564285714285714 0.36857142857142866 0.4514285714285714 0.36857142857142866 0.4514285714285714 0.381904761904762 0.4564285714285714 0.381904761904762
5 0.4592857142857143 0.3123809523809525 0.45571428571428574 0.3123809523809525 0.45571428571428574 0.32666666666666677 0.4592857142857143 0.32666666666666677
5 0.5642857142857143 0.1780952380952382 0.5614285714285714 0.1780952380952382 0.5614285714285714 0.18571428571428583 0.5642857142857143 0.18571428571428583
5 0.5728571428571428 0.20857142857142869 0.57 0.20857142857142869 0.57 0.2161904761904763 0.5728571428571428 0.2161904761904763
5 0.5792857142857143 0.2847619047619049 0.575 0.2847619047619049 0.575 0.2961904761904763 0.5792857142857143 0.2961904761904763
3 0.41285714285714287 0.1447619047619048 0.395 0.1447619047619048 0.395 0.15333333333333338 0.41285714285714287 0.15333333333333338
3 0.4257142857142857 0.14000000000000004 0.40785714285714286 0.14000000000000004 0.40785714285714286 0.14857142857142863 0.4257142857142857 0.14857142857142863
3 0.4357142857142857 0.14761904761904768 0.41785714285714287 0.14761904761904768 0.41785714285714287 0.1571428571428572 0.4357142857142857 0.1571428571428572
7 0.42928571428571427 0.15619047619047624 0.42642857142857143 0.15619047619047624 0.42642857142857143 0.16380952380952388 0.42928571428571427 0.16380952380952388
7 0.4107142857142857 0.2266666666666667 0.4085714285714286 0.2266666666666667 0.4085714285714286 0.23809523809523814 0.4107142857142857 0.23809523809523814
7 0.4085714285714286 0.2390476190476191 0.4064285714285714 0.2390476190476191 0.4064285714285714 0.24380952380952392 0.4085714285714286 0.24380952380952392
7 0.3964285714285714 0.23238095238095244 0.3942857142857143 0.23238095238095244 0.3942857142857143 0.23619047619047626 0.3964285714285714 0.23619047619047626
7 0.435 0.22761904761904767 0.4328571428571429 0.22761904761904767 0.4328571428571429 0.23428571428571435 0.435 0.23428571428571435
3 0.4235714285714286 0.2028571428571429 0.4085714285714286 0.2028571428571429 0.4085714285714286 0.21523809523809528 0.4235714285714286 0.21523809523809528
7 0.4235714285714286 0.24476190476190487 0.42142857142857143 0.24476190476190487 0.42142857142857143 0.2552380952380953 0.4235714285714286 0.2552380952380953
7 0.4164285714285714 0.26095238095238105 0.41285714285714287 0.26095238095238105 0.41285714285714287 0.2704761904761906 0.4164285714285714 0.2704761904761906
3 0.4235714285714286 0.4380952380952382 0.4064285714285714 0.4380952380952382 0.4064285714285714 0.4704761904761906 0.4235714285714286 0.4704761904761906
3 0.5407142857142857 0.3980952380952382 0.5257142857142857 0.3980952380952382 0.5257142857142857 0.4209523809523811 0.5407142857142857 0.4209523809523811
3 0.4328571428571429 0.39714285714285724 0.41285714285714287 0.39714285714285724 0.41285714285714287 0.43333333333333346 0.4328571428571429 0.43333333333333346
3 0.43785714285714283 0.3800000000000001 0.42214285714285715 0.3800000000000001 0.42214285714285715 0.4038095238095239 0.43785714285714283 0.4038095238095239
3 0.44142857142857145 0.3561904761904763 0.42714285714285716 0.3561904761904763 0.42714285714285716 0.38095238095238104 0.44142857142857145 0.38095238095238104
3 0.44642857142857145 0.3304761904761906 0.4342857142857143 0.3304761904761906 0.4342857142857143 0.3504761904761906 0.44642857142857145 0.3504761904761906
3 0.45285714285714285 0.29523809523809535 0.4407142857142857 0.29523809523809535 0.4407142857142857 0.31333333333333346 0.45285714285714285 0.31333333333333346
3 0.4564285714285714 0.27714285714285725 0.4442857142857143 0.27714285714285725 0.4442857142857143 0.2980952380952382 0.4564285714285714 0.2980952380952382
3 0.4585714285714286 0.26476190476190486 0.4492857142857143 0.26476190476190486 0.4492857142857143 0.28095238095238106 0.4585714285714286 0.28095238095238106
3 0.46214285714285713 0.24476190476190487 0.45285714285714285 0.24476190476190487 0.45285714285714285 0.2600000000000001 0.46214285714285713 0.2600000000000001
3 0.4692857142857143 0.22000000000000006 0.4592857142857143 0.22000000000000006 0.4592857142857143 0.23809523809523814 0.4692857142857143 0.23809523809523814
3 0.4514285714285714 0.1447619047619048 0.4342857142857143 0.1447619047619048 0.4342857142857143 0.15523809523809529 0.4514285714285714 0.15523809523809529
3 0.49785714285714283 0.14666666666666675 0.48428571428571426 0.14666666666666672 0.48428571428571426 0.15619047619047627 0.49785714285714283 0.1561904761904763
3 0.54 8.788298696738387e-17 0.5364285714285715 8.759140439615831e-17 0.5364285714285715 0.002857142857142945 0.54 0.002857142857142945
3 0.54 0.006666666666666755 0.5371428571428571 0.006666666666666755 0.5371428571428571 0.010476190476190564 0.54 0.010476190476190564
3 0.5278571428571428 0.02476190476190485 0.5242857142857142 0.02476190476190485 0.5242857142857142 0.030476190476190556 0.5278571428571428 0.030476190476190556
3 0.5357142857142857 0.033333333333333416 0.5314285714285715 0.033333333333333416 0.5314285714285715 0.038095238095238175 0.5357142857142857 0.038095238095238175
3 0.535 0.040000000000000084 0.5321428571428571 0.040000000000000084 0.5321428571428571 0.04380952380952389 0.535 0.04380952380952389
3 0.5435714285714286 0.07238095238095246 0.5385714285714286 0.07238095238095246 0.5385714285714286 0.07714285714285722 0.5435714285714286 0.07714285714285722
11 0.5228571428571429 0.12380952380952391 0.5171428571428571 0.12380952380952391 0.5171428571428571 0.1342857142857144 0.5228571428571429 0.1342857142857144
3 0.49 0.15428571428571433 0.47214285714285714 0.15428571428571433 0.47214285714285714 0.16571428571428576 0.49 0.16571428571428576
3 0.5335714285714286 0.14476190476190487 0.5142857142857142 0.14476190476190487 0.5142857142857142 0.15523809523809534 0.5335714285714286 0.15523809523809534
3 0.5157142857142857 0.16476190476190486 0.505 0.16476190476190486 0.505 0.1761904761904763 0.5157142857142857 0.1761904761904763
3 0.51 0.17714285714285724 0.5014285714285714 0.17714285714285724 0.5014285714285714 0.18857142857142867 0.51 0.18857142857142867
3 0.5342857142857143 0.17333333333333345 0.5271428571428571 0.17333333333333345 0.5271428571428571 0.18571428571428583 0.5342857142857143 0.18571428571428583
3 0.5342857142857143 0.19047619047619058 0.5271428571428571 0.19047619047619058 0.5271428571428571 0.20285714285714296 0.5342857142857143 0.20285714285714296
3 0.5364285714285715 0.22666666666666677 0.5264285714285715 0.22666666666666677 0.5264285714285715 0.23904761904761915 0.5364285714285715 0.23904761904761915
3 0.5214285714285715 0.2257142857142858 0.5135714285714286 0.2257142857142858 0.5135714285714286 0.23904761904761915 0.5214285714285715 0.23904761904761915
10 0.47785714285714287 0.140952380952381 0.4614285714285714 0.140952380952381 0.4614285714285714 0.15428571428571433 0.47785714285714287 0.15428571428571433
7 0.5114285714285715 0.14380952380952391 0.5085714285714286 0.14380952380952391 0.5085714285714286 0.1542857142857144 0.5114285714285715 0.1542857142857144
3 0.4707142857142857 0.2047619047619048 0.4614285714285714 0.2047619047619048 0.4614285714285714 0.2171428571428572 0.4707142857142857 0.2171428571428572
7 0.4685714285714286 0.24952380952380962 0.4664285714285714 0.24952380952380962 0.4664285714285714 0.26095238095238105 0.4685714285714286 0.26095238095238105
3 0.5378571428571428 0.2666666666666668 0.5264285714285715 0.2666666666666668 0.5264285714285715 0.28095238095238106 0.5378571428571428 0.28095238095238106
3 0.5235714285714286 0.31142857142857155 0.5135714285714286 0.31142857142857155 0.5135714285714286 0.3295238095238096 0.5235714285714286 0.3295238095238096
3 0.5442857142857143 0.2961904761904763 0.5328571428571428 0.2961904761904763 0.5328571428571428 0.3142857142857144 0.5442857142857143 0.3142857142857144
3 0.6078571428571429 0.3657142857142858 0.595 0.3657142857142858 0.595 0.38380952380952393 0.6078571428571429 0.38380952380952393
3 0.61 0.38571428571428584 0.5978571428571429 0.38571428571428584 0.5978571428571429 0.4038095238095239 0.61 0.4038095238095239
3 0.6121428571428571 0.4057142857142858 0.6007142857142858 0.4057142857142858 0.6007142857142858 0.42857142857142866 0.6121428571428571 0.42857142857142866
3 0.5978571428571429 0.30857142857142866 0.5878571428571429 0.30857142857142866 0.5878571428571429 0.32761904761904775 0.5978571428571429 0.32761904761904775
3 0.5942857142857143 0.2904761904761906 0.5857142857142857 0.2904761904761906 0.5857142857142857 0.30666666666666675 0.5942857142857143 0.30666666666666675
3 0.585 0.21523809523809534 0.5764285714285714 0.21523809523809534 0.5764285714285714 0.22666666666666677 0.585 0.22666666666666677
3 0.5835714285714285 0.20095238095238105 0.5757142857142857 0.20095238095238105 0.5757142857142857 0.21333333333333343 0.5835714285714285 0.21333333333333343
11 0.5871428571428572 0.23714285714285724 0.5785714285714286 0.23714285714285724 0.5785714285714286 0.25142857142857156 0.5871428571428572 0.25142857142857156
3 0.5507142857142857 0.2161904761904763 0.5414285714285715 0.2161904761904763 0.5414285714285715 0.23047619047619058 0.5507142857142857 0.23047619047619058
3 0.5478571428571428 0.18095238095238106 0.5407142857142857 0.18095238095238106 0.5407142857142857 0.19238095238095249 0.5478571428571428 0.19238095238095249
3 0.5485714285714286 0.16952380952380963 0.5421428571428571 0.16952380952380963 0.5421428571428571 0.1800000000000001 0.5485714285714286 0.1800000000000001
3 0.5528571428571428 0.1504761904761906 0.535 0.1504761904761906 0.535 0.16095238095238107 0.5528571428571428 0.16095238095238107
3 0.56 0.14476190476190487 0.5421428571428571 0.14476190476190487 0.5421428571428571 0.15523809523809534 0.56 0.15523809523809534
3 0.5942857142857143 0.14571428571428582 0.5842857142857143 0.14571428571428582 0.5842857142857143 0.1561904761904763 0.5942857142857143 0.1561904761904763
3 0.5842857142857143 0.16190476190476202 0.5714285714285714 0.16190476190476202 0.5714285714285714 0.1704761904761906 0.5842857142857143 0.1704761904761906
3 0.5671428571428572 0.014285714285714377 0.5614285714285714 0.014285714285714377 0.5614285714285714 0.017142857142857237 0.5671428571428572 0.017142857142857237
3 0.5714285714285714 0.024761904761904856 0.5628571428571428 0.024761904761904856 0.5628571428571428 0.028571428571428668 0.5714285714285714 0.028571428571428668
3 0.5685714285714286 0.01809523809523819 0.5621428571428572 0.01809523809523819 0.5621428571428572 0.023809523809523905 0.5685714285714286 0.023809523809523905
3 0.5664285714285714 0.00761904761904771 0.56 0.00761904761904771 0.56 0.012380952380952472 0.5664285714285714 0.012380952380952472
3 0.5714285714285714 0.028571428571428668 0.5635714285714286 0.028571428571428668 0.5635714285714286 0.03333333333333343 0.5714285714285714 0.03333333333333343
3 0.5585714285714286 0.03619047619047629 0.5535714285714286 0.03619047619047629 0.5535714285714286 0.04476190476190486 0.5585714285714286 0.04476190476190486
3 0.5721428571428572 0.03428571428571438 0.5635714285714286 0.03428571428571438 0.5635714285714286 0.03809523809523819 0.5721428571428572 0.03809523809523819
3 0.5742857142857143 0.03904761904761914 0.5657142857142857 0.03904761904761914 0.5657142857142857 0.042857142857142955 0.5742857142857143 0.042857142857142955
3 0.5742857142857143 0.042857142857142955 0.5664285714285714 0.042857142857142955 0.5664285714285714 0.04857142857142867 0.5742857142857143 0.04857142857142867
3 0.575 0.04666666666666676 0.5678571428571428 0.04666666666666676 0.5678571428571428 0.05238095238095247 0.575 0.05238095238095247
3 0.5785714285714286 0.051428571428571525 0.5707142857142857 0.051428571428571525 0.5707142857142857 0.05809523809523819 0.5785714285714286 0.05809523809523819
3 0.5785714285714286 0.05809523809523819 0.5707142857142857 0.05809523809523819 0.5707142857142857 0.06380952380952389 0.5785714285714286 0.06380952380952389
3 0.5785714285714286 0.06285714285714294 0.5707142857142857 0.06285714285714294 0.5707142857142857 0.0676190476190477 0.5785714285714286 0.0676190476190477
3 0.5821428571428572 0.06666666666666676 0.5714285714285714 0.06666666666666675 0.5714285714285714 0.07142857142857152 0.5821428571428572 0.07142857142857154
3 0.5828571428571429 0.07142857142857152 0.5721428571428572 0.07142857142857151 0.5721428571428572 0.07619047619047628 0.5828571428571429 0.0761904761904763
3 0.5828571428571429 0.07619047619047628 0.5728571428571428 0.07619047619047627 0.5728571428571428 0.08095238095238105 0.5828571428571429 0.08095238095238107
3 0.5828571428571429 0.0800000000000001 0.5735714285714286 0.08000000000000008 0.5735714285714286 0.08476190476190486 0.5828571428571429 0.08476190476190487
3 0.5835714285714285 0.0838095238095239 0.5742857142857143 0.08380952380952389 0.5742857142857143 0.09047619047619057 0.5835714285714285 0.09047619047619058
3 0.5892857142857143 0.09047619047619057 0.5778571428571428 0.09047619047619056 0.5778571428571428 0.09619047619047628 0.5892857142857143 0.0961904761904763
3 0.5907142857142857 0.09428571428571439 0.5807142857142857 0.09428571428571439 0.5807142857142857 0.1000000000000001 0.5907142857142857 0.1000000000000001
3 0.5914285714285714 0.1000000000000001 0.5814285714285714 0.1000000000000001 0.5814285714285714 0.10476190476190488 0.5914285714285714 0.10476190476190488
3 0.5914285714285714 0.10380952380952392 0.5828571428571429 0.10380952380952392 0.5828571428571429 0.10857142857142868 0.5914285714285714 0.10857142857142868
3 0.5907142857142857 0.10761904761904773 0.5814285714285714 0.10761904761904773 0.5814285714285714 0.11333333333333344 0.5907142857142857 0.11333333333333344
3 0.5907142857142857 0.11238095238095248 0.5821428571428572 0.11238095238095248 0.5821428571428572 0.1180952380952382 0.5907142857142857 0.1180952380952382
3 0.5985714285714285 0.12380952380952391 0.5864285714285714 0.12380952380952391 0.5864285714285714 0.12952380952380962 0.5985714285714285 0.12952380952380962
3 0.5985714285714285 0.12857142857142867 0.5857142857142857 0.12857142857142867 0.5857142857142857 0.13523809523809535 0.5985714285714285 0.13523809523809535
3 0.605 0.13142857142857153 0.5892857142857143 0.13142857142857153 0.5892857142857143 0.13809523809523822 0.605 0.13809523809523822
3 0.6014285714285714 0.13714285714285726 0.5907142857142857 0.13714285714285726 0.5907142857142857 0.14476190476190487 0.6014285714285714 0.14476190476190487
3 0.6114285714285714 0.1361904761904763 0.6057142857142858 0.1361904761904763 0.6057142857142858 0.14571428571428582 0.6114285714285714 0.14571428571428582
7 0.5707142857142857 0.02095238095238105 0.5692857142857143 0.02095238095238105 0.5692857142857143 0.024761904761904856 0.5707142857142857 0.024761904761904856
7 0.5857142857142857 0.05904761904761914 0.5835714285714285 0.05904761904761914 0.5835714285714285 0.06666666666666678 0.5857142857142857 0.06666666666666678
11 0.5907142857142857 0.0742857142857144 0.5871428571428572 0.0742857142857144 0.5871428571428572 0.08190476190476201 0.5907142857142857 0.08190476190476201
7 0.6014285714285714 0.10952380952380963 0.5992857142857143 0.10952380952380963 0.5992857142857143 0.11714285714285726 0.6014285714285714 0.11714285714285726
7 0.5985714285714285 0.11047619047619059 0.5964285714285714 0.11047619047619059 0.5964285714285714 0.1161904761904763 0.5985714285714285 0.1161904761904763
7 0.595 0.11333333333333344 0.5928571428571429 0.11333333333333344 0.5928571428571429 0.11714285714285726 0.595 0.11714285714285726
5 0.657857142857143 0.9304761904761905 0.6435714285714287 0.9304761904761905 0.6435714285714287 0.9809523809523809 0.657857142857143 0.9809523809523809
3 0.7007142857142858 0.9142857142857145 0.6664285714285716 0.9142857142857145 0.6664285714285716 1 0.7007142857142858 1
3 0.6821428571428572 0.783809523809524 0.6507142857142857 0.7838095238095238 0.6507142857142857 0.8619047619047621 0.6821428571428572 0.8619047619047622
5 0.635 0.7666666666666667 0.625 0.7666666666666667 0.625 0.7961904761904762 0.635 0.7961904761904762
7 0.6535714285714286 0.4638095238095239 0.6492857142857142 0.4638095238095239 0.6492857142857142 0.4809523809523811 0.6535714285714286 0.4809523809523811
7 0.6485714285714286 0.4638095238095239 0.6442857142857142 0.4638095238095239 0.6442857142857142 0.47904761904761917 0.6485714285714286 0.47904761904761917
3 0.6378571428571429 0.44571428571428584 0.6278571428571429 0.44571428571428584 0.6278571428571429 0.4647619047619049 0.6378571428571429 0.4647619047619049
3 0.69 0.13809523809523822 0.6842857142857143 0.13809523809523822 0.6842857142857143 0.1485714285714287 0.69 0.1485714285714287
11 0.7157142857142857 0.1400000000000001 0.7092857142857143 0.1400000000000001 0.7092857142857143 0.1504761904761906 0.7157142857142857 0.1504761904761906
3 0.6221428571428571 0.1342857142857144 0.615 0.1342857142857144 0.615 0.14380952380952391 0.6221428571428571 0.14380952380952391
3 0.645 0.1485714285714287 0.6364285714285715 0.1485714285714287 0.6364285714285715 0.15714285714285725 0.645 0.15714285714285725
3 0.6307142857142857 0.15714285714285725 0.6221428571428571 0.15714285714285725 0.6221428571428571 0.16761904761904772 0.6307142857142857 0.16761904761904772
3 0.6371428571428571 0.15142857142857152 0.6285714285714286 0.15142857142857152 0.6285714285714286 0.16095238095238107 0.6371428571428571 0.16095238095238107
3 0.7021428571428572 0.2361904761904763 0.6857142857142857 0.2361904761904763 0.6857142857142857 0.25142857142857156 0.7021428571428572 0.25142857142857156
7 0.7221428571428572 0.5219047619047621 0.7171428571428572 0.5219047619047621 0.7171428571428572 0.5361904761904764 0.7221428571428572 0.5361904761904764
3 0.8378571428571429 0.5695238095238098 0.8064285714285714 0.5695238095238098 0.8064285714285714 0.6104761904761907 0.8378571428571429 0.6104761904761907
3 0.8628571428571429 0.7457142857142859 0.825 0.7457142857142859 0.825 0.8219047619047621 0.8628571428571429 0.8219047619047621
3 0.8885714285714286 0.8523809523809526 0.8492857142857143 0.8523809523809526 0.8492857142857143 0.9285714285714288 0.8885714285714286 0.9285714285714288
8 0.5635714285714286 0.17714285714285724 0.5614285714285714 0.17714285714285724 0.5614285714285714 0.181904761904762 0.5635714285714286 0.181904761904762
3 0.5635714285714286 0.07714285714285722 0.5585714285714286 0.07714285714285722 0.5585714285714286 0.08190476190476198 0.5635714285714286 0.08190476190476198
3 0.565 0.09142857142857151 0.56 0.09142857142857151 0.56 0.09904761904761913 0.565 0.09904761904761913
3 0.5642857142857143 0.08380952380952389 0.56 0.08380952380952389 0.56 0.0895238095238096 0.5642857142857143 0.0895238095238096
8 0.5728571428571428 0.20857142857142869 0.5692857142857143 0.20857142857142869 0.5692857142857143 0.21238095238095248 0.5728571428571428 0.21238095238095248
8 0.5792857142857143 0.2857142857142858 0.5757142857142857 0.2857142857142858 0.5757142857142857 0.2904761904761906 0.5792857142857143 0.2904761904761906
8 0.5828571428571429 0.3180952380952382 0.58 0.3180952380952382 0.58 0.32666666666666677 0.5828571428571429 0.32666666666666677
8 0.5857142857142857 0.3609523809523811 0.5814285714285714 0.3609523809523811 0.5814285714285714 0.36761904761904773 0.5857142857142857 0.36761904761904773
8 0.4607142857142857 0.3123809523809525 0.4564285714285714 0.3123809523809525 0.4564285714285714 0.31904761904761914 0.4607142857142857 0.31904761904761914
8 0.455 0.36952380952380964 0.45071428571428573 0.36952380952380964 0.45071428571428573 0.3761904761904763 0.455 0.3761904761904763
8 0.5621428571428572 0.518095238095238 0.5528571428571428 0.518095238095238 0.5528571428571428 0.5333333333333333 0.5621428571428572 0.5333333333333333
8 0.5435714285714286 0.5638095238095238 0.5342857142857143 0.5638095238095238 0.5342857142857143 0.58 0.5435714285714286 0.58
8 0.6328571428571429 0.7676190476190476 0.625 0.7676190476190476 0.625 0.780952380952381 0.6328571428571429 0.780952380952381
8 0.6550000000000001 0.9323809523809524 0.6464285714285716 0.9323809523809524 0.6464285714285716 0.9495238095238095 0.6550000000000001 0.9495238095238095