7 0.26714285714285724 0.9085714285714286 0.24428571428571436 0.9085714285714286 0.24428571428571436 0.9542857142857143 0.26714285714285724 0.9542857142857143
7 0.29357142857142865 0.88 0.26000000000000006 0.88 0.26000000000000006 0.9466666666666667 0.29357142857142865 0.9466666666666667
7 0.11000000000000008 0.7361904761904762 0.08500000000000006 0.7361904761904762 0.08500000000000008 0.7914285714285715 0.11000000000000008 0.7914285714285715
7 0.10214285714285723 0.7209523809523809 0.08285714285714292 0.7209523809523809 0.08285714285714293 0.7780952380952381 0.10214285714285723 0.7780952380952381
7 0.5978571428571429 0.6495238095238095 0.5764285714285714 0.6495238095238095 0.5764285714285714 0.7076190476190476 0.5978571428571429 0.7076190476190476
7 0.6285714285714286 0.5876190476190476 0.6071428571428571 0.5876190476190476 0.6071428571428571 0.6504761904761904 0.6285714285714286 0.6504761904761904
8 0.4207142857142857 0.6038095238095238 0.39714285714285713 0.6038095238095238 0.39714285714285713 0.6419047619047619 0.4207142857142857 0.6419047619047619
8 0.41928571428571426 0.5980952380952381 0.39785714285714285 0.5980952380952381 0.39785714285714285 0.6361904761904762 0.41928571428571426 0.6361904761904762
7 0.03142857142857148 0.5066666666666667 0.011428571428571474 0.5066666666666667 0.011428571428571477 0.5438095238095239 0.03142857142857148 0.5438095238095239
7 0.2800000000000001 0.4876190476190476 0.26285714285714296 0.4876190476190476 0.26285714285714296 0.520952380952381 0.2800000000000001 0.520952380952381
7 0.28142857142857153 0.47619047619047616 0.2657142857142858 0.47619047619047616 0.2657142857142858 0.5142857142857142 0.28142857142857153 0.5142857142857142
7 0.38142857142857145 0.4514285714285715 0.36642857142857144 0.4514285714285715 0.36642857142857144 0.48857142857142855 0.38142857142857145 0.48857142857142855
1 0.5085714285714286 0.44380952380952393 0.48642857142857143 0.44380952380952393 0.48642857142857143 0.4676190476190477 0.5085714285714286 0.4676190476190477
7 0.5207142857142857 0.42761904761904773 0.5078571428571429 0.42761904761904773 0.5078571428571429 0.46190476190476204 0.5207142857142857 0.46190476190476204
7 0.5392857142857143 0.43047619047619057 0.5278571428571428 0.43047619047619057 0.5278571428571428 0.46285714285714297 0.5392857142857143 0.46285714285714297
8 0.5514285714285714 0.4514285714285715 0.5314285714285715 0.4514285714285715 0.5314285714285715 0.4876190476190476 0.5514285714285714 0.4876190476190476
7 0.6864285714285714 0.45714285714285724 0.6728571428571428 0.45714285714285724 0.6728571428571428 0.5009523809523811 0.6864285714285714 0.5009523809523811
8 0.6728571428571428 0.5085714285714287 0.6492857142857142 0.5085714285714286 0.6492857142857142 0.5504761904761906 0.6728571428571428 0.5504761904761907
7 0.7985714285714286 0.4961904761904764 0.7821428571428571 0.4961904761904764 0.7821428571428571 0.5380952380952383 0.7985714285714286 0.5380952380952383
7 0.815 0.5066666666666669 0.8007142857142857 0.5066666666666669 0.8007142857142857 0.5523809523809526 0.815 0.5523809523809526
8 0.7942857142857143 0.5380952380952383 0.7764285714285715 0.5380952380952383 0.7764285714285715 0.5695238095238098 0.7942857142857143 0.5695238095238098
8 0.9214285714285714 0.5590476190476192 0.9021428571428571 0.5590476190476192 0.9021428571428571 0.5923809523809526 0.9214285714285714 0.5923809523809526
8 0.9221428571428572 0.4942857142857145 0.9121428571428571 0.4942857142857145 0.9121428571428571 0.5152380952380955 0.9221428571428572 0.5152380952380955
7 0.9092857142857143 0.4647619047619049 0.8957142857142857 0.4647619047619049 0.8957142857142857 0.5028571428571431 0.9092857142857143 0.5028571428571431
7 0.9464285714285714 0.4838095238095239 0.93 0.4838095238095239 0.93 0.5257142857142859 0.9464285714285714 0.5257142857142859
7 0.945 0.47333333333333344 0.9271428571428572 0.47333333333333344 0.9271428571428572 0.5171428571428573 0.945 0.5171428571428573
7 0.9278571428571428 0.381904761904762 0.915 0.381904761904762 0.915 0.4161904761904763 0.9278571428571428 0.4161904761904763
7 0.7 0.3980952380952382 0.6907142857142857 0.3980952380952382 0.6907142857142857 0.43142857142857155 0.7 0.43142857142857155
7 0.6821428571428572 0.42666666666666675 0.67 0.42666666666666675 0.67 0.45714285714285724 0.6821428571428572 0.45714285714285724
7 0.6735714285714286 0.422857142857143 0.6614285714285715 0.422857142857143 0.6614285714285715 0.4580952380952382 0.6735714285714286 0.4580952380952382
7 0.6571428571428571 0.41333333333333344 0.6464285714285715 0.41333333333333344 0.6464285714285715 0.4485714285714287 0.6571428571428571 0.4485714285714287
7 0.6442857142857142 0.41333333333333344 0.6357142857142857 0.41333333333333344 0.6357142857142857 0.44761904761904775 0.6442857142857142 0.44761904761904775
7 0.6328571428571429 0.4209523809523811 0.625 0.4209523809523811 0.625 0.4561904761904763 0.6328571428571429 0.4561904761904763
7 0.6271428571428571 0.4238095238095239 0.6135714285714285 0.4238095238095239 0.6135714285714285 0.45904761904761915 0.6271428571428571 0.45904761904761915
7 0.6142857142857143 0.421904761904762 0.6057142857142858 0.421904761904762 0.6057142857142858 0.46000000000000013 0.6142857142857143 0.46000000000000013
7 0.6542857142857142 0.4076190476190477 0.645 0.4076190476190477 0.645 0.44095238095238104 0.6542857142857142 0.44095238095238104
7 0.6585714285714286 0.4047619047619049 0.6507142857142857 0.4047619047619049 0.6507142857142857 0.4400000000000001 0.6585714285714286 0.4400000000000001
8 0.6421428571428571 0.45904761904761915 0.6264285714285714 0.45904761904761915 0.6264285714285714 0.482857142857143 0.6421428571428571 0.482857142857143
7 0.635 0.4076190476190477 0.6271428571428571 0.4076190476190477 0.6271428571428571 0.44095238095238104 0.635 0.44095238095238104
7 0.6342857142857142 0.4104761904761906 0.625 0.4104761904761906 0.625 0.4361904761904763 0.6342857142857142 0.4361904761904763
7 0.6014285714285714 0.44095238095238104 0.5892857142857143 0.44095238095238104 0.5892857142857143 0.47714285714285726 0.6014285714285714 0.47714285714285726
7 0.5942857142857143 0.42666666666666675 0.585 0.42666666666666675 0.585 0.46190476190476204 0.5942857142857143 0.46190476190476204
7 0.59 0.42761904761904773 0.5778571428571428 0.42761904761904773 0.5778571428571428 0.45714285714285724 0.59 0.45714285714285724
2 0.6064285714285714 0.3780952380952382 0.435 0.3780952380952382 0.435 0.4485714285714287 0.6064285714285714 0.4485714285714287
3 0.6142857142857143 0.37523809523809537 0.5642857142857143 0.37523809523809537 0.5642857142857143 0.401904761904762 0.6142857142857143 0.401904761904762
2 0.20571428571428577 0.41619047619047617 3.822647508767095e-17 0.41619047619047617 4.264395104173819e-17 0.5123809523809524 0.2057142857142858 0.5123809523809524
3 0.0828571428571429 0.3952380952380952 0.024285714285714327 0.3952380952380952 0.024285714285714327 0.4276190476190476 0.0828571428571429 0.4276190476190476
11 0.08714285714285719 0.37333333333333335 0.019285714285714323 0.37333333333333335 0.019285714285714323 0.41714285714285715 0.08714285714285719 0.41714285714285715
10 0.07500000000000004 0.3485714285714286 3.201576632056652e-17 0.3485714285714286 3.433384776180972e-17 0.39904761904761904 0.07500000000000004 0.39904761904761904
3 0.036428571428571456 0.3380952380952381 3.105354383552217e-17 0.3380952380952381 3.2190715863301857e-17 0.3628571428571429 0.036428571428571456 0.3628571428571429
3 0.04642857142857145 0.2904761904761905 0.018571428571428596 0.2904761904761905 0.0185714285714286 0.30666666666666664 0.04642857142857145 0.30666666666666664
11 0.0485714285714286 0.3057142857142857 0.02000000000000003 0.3057142857142857 0.02000000000000003 0.3352380952380952 0.04857142857142861 0.3352380952380952
11 0.05642857142857146 0.31238095238095237 0.02785714285714289 0.31238095238095237 0.02785714285714289 0.3419047619047619 0.05642857142857147 0.3419047619047619
11 0.04714285714285716 0.26666666666666666 0.02785714285714288 0.26666666666666666 0.027857142857142882 0.2876190476190476 0.04714285714285716 0.2876190476190476
10 0.03928571428571431 0.26285714285714284 2.4143036897476392e-17 0.26285714285714284 2.5673845396410584e-17 0.29619047619047617 0.03928571428571432 0.29619047619047617
3 0.07000000000000002 0.29619047619047617 0.03785714285714289 0.29619047619047617 0.03785714285714289 0.32 0.07000000000000002 0.32
3 0.08714285714285716 0.2695238095238095 0.06285714285714288 0.2695238095238095 0.06285714285714288 0.2885714285714286 0.08714285714285716 0.2885714285714286
3 0.1035714285714286 0.26571428571428574 0.08214285714285716 0.26571428571428574 0.08214285714285716 0.28 0.1035714285714286 0.28
3 0.12928571428571434 0.2638095238095238 0.11000000000000004 0.2638095238095238 0.11000000000000004 0.27714285714285714 0.12928571428571434 0.27714285714285714
3 0.11928571428571433 0.2580952380952381 0.10000000000000005 0.2580952380952381 0.10000000000000005 0.2714285714285714 0.11928571428571433 0.2714285714285714
4 0.11714285714285719 0.24761904761904763 0.07285714285714288 0.24761904761904763 0.07285714285714288 0.26095238095238094 0.11714285714285719 0.26095238095238094
3 0.08928571428571433 0.3647619047619048 0.0578571428571429 0.3647619047619048 0.0578571428571429 0.38666666666666666 0.08928571428571433 0.38666666666666666
3 0.13642857142857148 0.36952380952380953 0.08500000000000003 0.36952380952380953 0.08500000000000003 0.39714285714285713 0.13642857142857148 0.39714285714285713
10 0.1678571428571429 0.35428571428571426 0.10500000000000004 0.35428571428571426 0.10500000000000004 0.38857142857142857 0.1678571428571429 0.38857142857142857
2 0.19642857142857142 0.32571428571428573 0.06428571428571431 0.32571428571428573 0.06428571428571432 0.38 0.19642857142857142 0.38
3 0.1435714285714286 0.31238095238095237 0.11285714285714289 0.31238095238095237 0.11285714285714289 0.3466666666666667 0.1435714285714286 0.3466666666666667
3 0.16214285714285717 0.319047619047619 0.13642857142857148 0.319047619047619 0.13642857142857148 0.3438095238095238 0.16214285714285717 0.3438095238095238
3 0.18857142857142858 0.3180952380952381 0.1585714285714286 0.3180952380952381 0.1585714285714286 0.34476190476190477 0.18857142857142858 0.34476190476190477
3 0.21285714285714286 0.31523809523809526 0.18928571428571428 0.31523809523809526 0.18928571428571428 0.3352380952380952 0.21285714285714286 0.3352380952380952
3 0.20714285714285716 0.35714285714285715 0.17428571428571432 0.35714285714285715 0.17428571428571432 0.3819047619047619 0.20714285714285716 0.3819047619047619
3 0.21928571428571428 0.3514285714285714 0.18357142857142858 0.3514285714285714 0.18357142857142858 0.3742857142857143 0.21928571428571428 0.3742857142857143
3 0.23642857142857143 0.31142857142857144 0.215 0.31142857142857144 0.215 0.3352380952380952 0.23642857142857143 0.3352380952380952
3 0.26142857142857145 0.30857142857142855 0.2357142857142857 0.30857142857142855 0.2357142857142857 0.3304761904761905 0.26142857142857145 0.3304761904761905
3 0.24571428571428572 0.37047619047619046 0.20357142857142857 0.37047619047619046 0.20357142857142857 0.40095238095238095 0.24571428571428572 0.40095238095238095
3 0.23642857142857143 0.36095238095238097 0.1957142857142857 0.36095238095238097 0.1957142857142857 0.38857142857142857 0.23642857142857143 0.38857142857142857
3 0.2757142857142857 0.35428571428571426 0.2292857142857143 0.35428571428571426 0.2292857142857143 0.38285714285714284 0.2757142857142857 0.38285714285714284
11 0.2857142857142857 0.33904761904761904 0.23285714285714285 0.33904761904761904 0.23285714285714285 0.36666666666666664 0.2857142857142857 0.36666666666666664
7 0.22142857142857142 0.33904761904761904 0.21642857142857144 0.33904761904761904 0.21642857142857144 0.3580952380952381 0.22142857142857142 0.3580952380952381
7 0.23 0.3380952380952381 0.22142857142857142 0.3380952380952381 0.22142857142857142 0.36 0.23 0.36
7 0.27785714285714286 0.31142857142857144 0.27071428571428574 0.31142857142857144 0.27071428571428574 0.3304761904761905 0.27785714285714286 0.3304761904761905
7 0.28285714285714286 0.30952380952380953 0.2757142857142857 0.30952380952380953 0.2757142857142857 0.32761904761904764 0.28285714285714286 0.32761904761904764
3 0.33285714285714285 0.31809523809523815 0.2885714285714286 0.3180952380952381 0.2885714285714286 0.34190476190476193 0.33285714285714285 0.341904761904762
3 0.35214285714285715 0.3276190476190477 0.31214285714285717 0.32761904761904764 0.31214285714285717 0.3533333333333334 0.35214285714285715 0.35333333333333344
11 0.33785714285714286 0.33238095238095244 0.29428571428571426 0.3323809523809524 0.29428571428571426 0.36380952380952386 0.33785714285714286 0.3638095238095239
11 0.35214285714285715 0.34190476190476193 0.3 0.3419047619047619 0.3 0.3723809523809524 0.35214285714285715 0.3723809523809525
3 0.3007142857142857 0.3580952380952381 0.24857142857142858 0.3580952380952381 0.24857142857142858 0.38857142857142857 0.3007142857142857 0.38857142857142857
11 0.31285714285714283 0.3657142857142857 0.26857142857142857 0.3657142857142857 0.26857142857142857 0.3961904761904762 0.31285714285714283 0.3961904761904762
3 0.39 0.362857142857143 0.3357142857142857 0.362857142857143 0.3357142857142857 0.3904761904761906 0.39 0.3904761904761906
3 0.39714285714285713 0.33523809523809533 0.3492857142857143 0.33523809523809533 0.3492857142857143 0.35904761904761917 0.39714285714285713 0.35904761904761917
3 0.3464285714285714 0.2971428571428572 0.3271428571428571 0.29714285714285715 0.3271428571428571 0.3228571428571429 0.3464285714285714 0.32285714285714295
11 0.38142857142857145 0.29142857142857154 0.36214285714285716 0.29142857142857154 0.36214285714285716 0.321904761904762 0.38142857142857145 0.321904761904762
7 0.3221428571428571 0.30857142857142855 0.3171428571428571 0.30857142857142855 0.3171428571428571 0.32285714285714284 0.3221428571428571 0.32285714285714284
7 0.315 0.3142857142857143 0.31 0.3142857142857143 0.31 0.3314285714285714 0.315 0.3314285714285714
3 0.26857142857142857 0.3028571428571429 0.25357142857142856 0.3028571428571429 0.25357142857142856 0.319047619047619 0.26857142857142857 0.319047619047619
7 0.25357142857142856 0.31142857142857144 0.245 0.31142857142857144 0.245 0.3342857142857143 0.25357142857142856 0.3342857142857143
3 0.43214285714285716 0.33523809523809533 0.385 0.33523809523809533 0.385 0.362857142857143 0.43214285714285716 0.362857142857143
2 0.4835714285714286 0.2961904761904763 0.37 0.2961904761904763 0.37 0.3457142857142858 0.4835714285714286 0.3457142857142858
3 0.5507142857142857 0.3342857142857144 0.5085714285714286 0.3342857142857144 0.5085714285714286 0.3600000000000001 0.5507142857142857 0.3600000000000001
3 0.5278571428571428 0.3200000000000001 0.48642857142857143 0.3200000000000001 0.48642857142857143 0.3438095238095239 0.5278571428571428 0.3438095238095239
11 0.5171428571428571 0.29714285714285726 0.48142857142857143 0.29714285714285726 0.48142857142857143 0.321904761904762 0.5171428571428571 0.321904761904762
11 0.5292857142857142 0.30952380952380965 0.4907142857142857 0.30952380952380965 0.4907142857142857 0.3342857142857144 0.5292857142857142 0.3342857142857144
3 0.5257142857142857 0.2838095238095239 0.5064285714285715 0.2838095238095239 0.5064285714285715 0.30761904761904774 0.5257142857142857 0.30761904761904774
3 0.5678571428571428 0.32380952380952394 0.5257142857142857 0.32380952380952394 0.5257142857142857 0.3476190476190477 0.5678571428571428 0.3476190476190477
3 0.6085714285714285 0.3380952380952382 0.565 0.3380952380952382 0.565 0.3638095238095239 0.6085714285714285 0.3638095238095239
3 0.5878571428571429 0.3152380952380954 0.5507142857142857 0.3152380952380954 0.5507142857142857 0.33714285714285724 0.5878571428571429 0.33714285714285724
3 0.5985714285714285 0.3057142857142858 0.565 0.3057142857142858 0.565 0.32666666666666677 0.5985714285714285 0.32666666666666677
3 0.62 0.32476190476190486 0.5778571428571428 0.32476190476190486 0.5778571428571428 0.3495238095238096 0.62 0.3495238095238096
3 0.6328571428571429 0.3152380952380954 0.5914285714285714 0.3152380952380954 0.5914285714285714 0.34000000000000014 0.6328571428571429 0.34000000000000014
3 0.5485714285714286 0.27809523809523823 0.5285714285714286 0.27809523809523823 0.5285714285714286 0.301904761904762 0.5485714285714286 0.301904761904762
3 0.5942857142857143 0.29142857142857154 0.5571428571428572 0.29142857142857154 0.5571428571428572 0.31142857142857155 0.5942857142857143 0.31142857142857155
3 0.5814285714285714 0.2761904761904763 0.5657142857142857 0.2761904761904763 0.5657142857142857 0.2942857142857144 0.5814285714285714 0.2942857142857144
7 0.5392857142857143 0.2885714285714287 0.5335714285714286 0.2885714285714287 0.5335714285714286 0.30857142857142866 0.5392857142857143 0.30857142857142866
7 0.5357142857142857 0.2876190476190477 0.5292857142857142 0.2876190476190477 0.5292857142857142 0.30666666666666675 0.5357142857142857 0.30666666666666675
7 0.545 0.2866666666666668 0.5364285714285715 0.2866666666666668 0.5364285714285715 0.30761904761904774 0.545 0.30761904761904774
3 0.6778571428571428 0.32380952380952394 0.6307142857142857 0.32380952380952394 0.6307142857142857 0.35428571428571437 0.6778571428571428 0.35428571428571437
3 0.6528571428571428 0.3038095238095239 0.6085714285714285 0.3038095238095239 0.6085714285714285 0.3285714285714287 0.6528571428571428 0.3285714285714287
3 0.6471428571428571 0.2857142857142858 0.605 0.2857142857142858 0.605 0.30476190476190484 0.6471428571428571 0.30476190476190484
3 0.6521428571428571 0.27523809523809534 0.6135714285714285 0.27523809523809534 0.6135714285714285 0.2942857142857144 0.6521428571428571 0.2942857142857144
3 0.67 0.2942857142857144 0.63 0.2942857142857144 0.63 0.3180952380952382 0.67 0.3180952380952382
10 0.7135714285714285 0.281904761904762 0.6564285714285715 0.281904761904762 0.6564285714285715 0.32095238095238104 0.7135714285714285 0.32095238095238104
3 0.6978571428571428 0.30857142857142866 0.6521428571428571 0.30857142857142866 0.6521428571428571 0.3342857142857144 0.6978571428571428 0.3342857142857144
3 0.6864285714285714 0.31904761904761914 0.6421428571428571 0.31904761904761914 0.6421428571428571 0.3485714285714287 0.6864285714285714 0.3485714285714287
3 0.6721428571428572 0.28095238095238106 0.6385714285714286 0.28095238095238106 0.6385714285714286 0.30761904761904774 0.6721428571428572 0.30761904761904774
3 0.7457142857142857 0.32095238095238104 0.6964285714285714 0.32095238095238104 0.6964285714285714 0.3476190476190477 0.7457142857142857 0.3476190476190477
3 0.7542857142857143 0.31142857142857155 0.7107142857142857 0.31142857142857155 0.7107142857142857 0.3380952380952382 0.7542857142857143 0.3380952380952382
3 0.7564285714285715 0.30476190476190484 0.7121428571428572 0.30476190476190484 0.7121428571428572 0.3323809523809525 0.7564285714285715 0.3323809523809525
3 0.8128571428571428 0.31333333333333346 0.7614285714285715 0.31333333333333346 0.7614285714285715 0.34095238095238106 0.8128571428571428 0.34095238095238106
3 0.81 0.301904761904762 0.7664285714285715 0.301904761904762 0.7664285714285715 0.3295238095238096 0.81 0.3295238095238096
3 0.8064285714285714 0.29333333333333345 0.7564285714285715 0.29333333333333345 0.7564285714285715 0.32666666666666677 0.8064285714285714 0.32666666666666677
3 0.7657142857142857 0.29333333333333345 0.7271428571428571 0.29333333333333345 0.7271428571428571 0.31904761904761914 0.7657142857142857 0.31904761904761914
11 0.7035714285714286 0.26190476190476203 0.6657142857142857 0.26190476190476203 0.6657142857142857 0.2876190476190477 0.7035714285714286 0.2876190476190477
3 0.715 0.2561904761904763 0.6835714285714286 0.2561904761904763 0.6835714285714286 0.28095238095238106 0.715 0.28095238095238106
11 0.7285714285714285 0.2361904761904763 0.7021428571428572 0.2361904761904763 0.7021428571428572 0.2561904761904763 0.7285714285714285 0.2561904761904763
3 0.7214285714285714 0.22761904761904772 0.6907142857142857 0.22761904761904772 0.6907142857142857 0.24761904761904774 0.7214285714285714 0.24761904761904774
4 0.7385714285714285 0.20571428571428582 0.7114285714285714 0.20571428571428582 0.7114285714285714 0.22857142857142868 0.7385714285714285 0.22857142857142868
3 0.7492857142857143 0.22476190476190486 0.7364285714285714 0.22476190476190486 0.7364285714285714 0.24095238095238106 0.7492857142857143 0.24095238095238106
3 0.7514285714285714 0.22095238095238107 0.7407142857142858 0.22095238095238107 0.7407142857142858 0.2361904761904763 0.7514285714285714 0.2361904761904763
3 0.77 0.25142857142857156 0.755 0.25142857142857156 0.755 0.2695238095238096 0.77 0.2695238095238096
3 0.7735714285714286 0.2323809523809525 0.76 0.2323809523809525 0.76 0.24666666666666678 0.7735714285714286 0.24666666666666678
3 0.7871428571428571 0.2504761904761906 0.7721428571428571 0.2504761904761906 0.7721428571428571 0.2714285714285715 0.7871428571428571 0.2714285714285715
3 0.7842857142857143 0.2361904761904763 0.7728571428571429 0.2361904761904763 0.7728571428571429 0.25142857142857156 0.7842857142857143 0.25142857142857156
3 0.7864285714285715 0.23047619047619058 0.7742857142857142 0.23047619047619058 0.7742857142857142 0.24571428571428583 0.7864285714285715 0.24571428571428583
3 0.7871428571428571 0.22285714285714298 0.7757142857142857 0.22285714285714298 0.7757142857142857 0.23904761904761915 0.7871428571428571 0.23904761904761915
3 0.7864285714285715 0.2200000000000001 0.775 0.2200000000000001 0.775 0.2323809523809525 0.7864285714285715 0.2323809523809525
3 0.7571428571428571 0.21523809523809534 0.7464285714285714 0.21523809523809534 0.7464285714285714 0.22952380952380963 0.7571428571428571 0.22952380952380963
11 0.7735714285714286 0.20666666666666678 0.7628571428571429 0.20666666666666678 0.7628571428571429 0.22380952380952393 0.7735714285714286 0.22380952380952393
4 0.7607142857142857 0.19333333333333344 0.7507142857142857 0.19333333333333344 0.7507142857142857 0.21428571428571438 0.7607142857142857 0.21428571428571438
4 0.7992857142857143 0.19523809523809535 0.775 0.19523809523809535 0.775 0.21904761904761916 0.7992857142857143 0.21904761904761916
7 0.7985714285714286 0.22857142857142868 0.7935714285714286 0.22857142857142868 0.7935714285714286 0.24476190476190487 0.7985714285714286 0.24476190476190487
3 0.8071428571428572 0.22761904761904772 0.7942857142857143 0.22761904761904772 0.7942857142857143 0.241904761904762 0.8071428571428572 0.241904761904762
3 0.8235714285714286 0.2380952380952382 0.8092857142857143 0.2380952380952382 0.8092857142857143 0.2561904761904763 0.8235714285714286 0.2561904761904763
3 0.8292857142857143 0.2580952380952382 0.8064285714285714 0.2580952380952382 0.8064285714285714 0.27809523809523823 0.8292857142857143 0.27809523809523823
3 0.8157142857142857 0.2676190476190477 0.7985714285714286 0.2676190476190477 0.7985714285714286 0.2866666666666668 0.8157142857142857 0.2866666666666668
5 0.8692857142857143 0.25333333333333347 0.8621428571428571 0.25333333333333347 0.8621428571428571 0.26476190476190486 0.8692857142857143 0.26476190476190486
2 0.8014285714285714 0.25714285714285723 0.7057142857142857 0.25714285714285723 0.7057142857142857 0.32095238095238104 0.8014285714285714 0.32095238095238104
3 0.88 0.301904761904762 0.8342857142857143 0.301904761904762 0.8342857142857143 0.33523809523809533 0.88 0.33523809523809533
11 0.8657142857142858 0.29142857142857154 0.82 0.29142857142857154 0.82 0.3285714285714287 0.8657142857142858 0.3285714285714287
3 0.8535714285714285 0.2847619047619049 0.8121428571428572 0.2847619047619049 0.8121428571428572 0.31333333333333346 0.8535714285714285 0.31333333333333346
8 0.8571428571428571 0.2723809523809525 0.8514285714285714 0.2723809523809525 0.8514285714285714 0.2895238095238096 0.8571428571428571 0.2895238095238096
5 0.8607142857142858 0.27809523809523823 0.8457142857142858 0.27809523809523823 0.8457142857142858 0.2904761904761906 0.8607142857142858 0.2904761904761906
3 0.8807142857142857 0.2742857142857144 0.8521428571428571 0.2742857142857144 0.8521428571428571 0.29333333333333345 0.8807142857142857 0.29333333333333345
3 0.915 0.29333333333333345 0.8685714285714285 0.29333333333333345 0.8685714285714285 0.3200000000000001 0.915 0.3200000000000001
3 0.9107142857142857 0.2885714285714287 0.8671428571428571 0.2885714285714287 0.8671428571428571 0.31142857142857155 0.9107142857142857 0.31142857142857155
3 0.9121428571428571 0.27714285714285725 0.8678571428571429 0.27714285714285725 0.8678571428571429 0.3000000000000001 0.9121428571428571 0.3000000000000001
3 0.9928571428571429 0.29142857142857154 0.95 0.29142857142857154 0.95 0.31333333333333346 0.9928571428571429 0.31333333333333346
3 0.9721428571428572 0.2866666666666668 0.93 0.2866666666666668 0.93 0.31047619047619057 0.9721428571428572 0.31047619047619057
3 0.9685714285714285 0.2800000000000001 0.9221428571428572 0.2800000000000001 0.9221428571428572 0.301904761904762 0.9685714285714285 0.301904761904762
11 0.9628571428571429 0.2685714285714287 0.9257142857142857 0.2685714285714287 0.9257142857142857 0.2961904761904763 0.9628571428571429 0.2961904761904763
11 0.96 0.26285714285714296 0.92 0.26285714285714296 0.92 0.29142857142857154 0.96 0.29142857142857154
3 1 0.2590476190476192 0.9621428571428572 0.25904761904761914 0.9621428571428572 0.28285714285714303 1 0.2828571428571431
3 1 0.27047619047619065 0.9664285714285714 0.2704761904761906 0.9664285714285714 0.2895238095238097 1 0.28952380952380974
3 0.9992857142857143 0.27047619047619065 0.9685714285714285 0.2704761904761906 0.9685714285714285 0.30000000000000016 0.9992857142857143 0.3000000000000002
7 0.8121428571428572 0.21904761904761916 0.8078571428571428 0.21904761904761916 0.8078571428571428 0.23523809523809536 0.8121428571428572 0.23523809523809536
7 0.89 0.24476190476190487 0.885 0.24476190476190487 0.885 0.25904761904761914 0.89 0.25904761904761914