11 0.6228571428571429 0.7271573604060914 0.6028571428571429 0.7271573604060914 0.6028571428571429 0.7817258883248731 0.6228571428571429 0.7817258883248731
3 0.5278571428571428 0.751269035532995 0.5092857142857142 0.751269035532995 0.5092857142857142 0.8020304568527918 0.5278571428571428 0.8020304568527918
3 0.55 0.6510152284263959 0.5328571428571428 0.6510152284263959 0.5328571428571428 0.6941624365482234 0.55 0.6941624365482234
3 0.6007142857142858 0.5837563451776652 0.5835714285714285 0.5837563451776652 0.5835714285714285 0.6243654822335026 0.6007142857142858 0.6243654822335026
11 0.4664285714285714 0.5456852791878174 0.45357142857142857 0.5456852791878174 0.45357142857142857 0.5736040609137057 0.4664285714285714 0.5736040609137057
3 0.6821428571428572 0.668781725888325 0.645 0.6687817258883249 0.645 0.701776649746193 0.6821428571428572 0.7017766497461931
5 0.5621428571428572 0.5228426395939088 0.5571428571428572 0.5228426395939088 0.5571428571428572 0.5431472081218276 0.5621428571428572 0.5431472081218276
3 0.47785714285714287 0.41116751269035545 0.46785714285714286 0.41116751269035545 0.46785714285714286 0.43020304568527934 0.47785714285714287 0.43020304568527934
3 0.5635714285714286 0.38451776649746205 0.5542857142857143 0.38451776649746205 0.5542857142857143 0.4010152284263961 0.5635714285714286 0.4010152284263961
3 0.5942857142857143 0.3680203045685281 0.5728571428571428 0.3680203045685281 0.5728571428571428 0.3807106598984773 0.5942857142857143 0.3807106598984773
3 0.49357142857142855 0.3540609137055839 0.485 0.3540609137055839 0.485 0.369289340101523 0.49357142857142855 0.369289340101523
3 0.4835714285714286 0.3477157360406093 0.4757142857142857 0.3477157360406093 0.4757142857142857 0.36294416243654837 0.4835714285714286 0.36294416243654837
11 0.515 0.3743654822335027 0.5057142857142857 0.3743654822335027 0.5057142857142857 0.39720812182741133 0.515 0.39720812182741133
11 0.48428571428571426 0.318527918781726 0.47714285714285715 0.318527918781726 0.47714285714285715 0.33629441624365497 0.48428571428571426 0.33629441624365497
3 0.5114285714285715 0.29822335025380725 0.5042857142857143 0.29822335025380725 0.5042857142857143 0.3121827411167514 0.5114285714285715 0.3121827411167514
3 0.4957142857142857 0.2982233502538072 0.48928571428571427 0.2982233502538072 0.48928571428571427 0.3109137055837564 0.4957142857142857 0.3109137055837564
3 0.5392857142857143 0.29695431472081235 0.5307142857142857 0.29695431472081235 0.5307142857142857 0.3134517766497463 0.5392857142857143 0.3134517766497463
3 0.5107142857142857 0.2791878172588834 0.5057142857142857 0.2791878172588834 0.5057142857142857 0.29187817258883264 0.5107142857142857 0.29187817258883264
11 0.5207142857142857 0.2626903553299494 0.5142857142857142 0.2626903553299494 0.5142857142857142 0.27664974619289356 0.5207142857142857 0.27664974619289356
3 0.49 0.23857868020304576 0.48428571428571426 0.23857868020304576 0.48428571428571426 0.24873096446700516 0.49 0.24873096446700516
11 0.5178571428571429 0.21954314720812196 0.5128571428571429 0.21954314720812196 0.5128571428571429 0.23096446700507628 0.5178571428571429 0.23096446700507628
3 0.49714285714285716 0.2144670050761422 0.49214285714285716 0.2144670050761422 0.49214285714285716 0.22335025380710666 0.49714285714285716 0.22335025380710666
3 0.5121428571428571 0.20431472081218288 0.5064285714285715 0.20431472081218288 0.5064285714285715 0.21446700507614228 0.5121428571428571 0.21446700507614228
3 0.5092857142857142 0.1941624365482235 0.505 0.1941624365482235 0.505 0.20177664974619303 0.5092857142857142 0.20177664974619303
3 0.5 0.17893401015228438 0.4957142857142857 0.17893401015228433 0.4957142857142857 0.18654822335025392 0.5 0.18654822335025395
3 0.5214285714285715 0.18274111675126917 0.5185714285714286 0.18274111675126917 0.5185714285714286 0.1890862944162438 0.5214285714285715 0.1890862944162438
3 0.515 0.17512690355329963 0.5107142857142857 0.17512690355329963 0.5107142857142857 0.18020304568527934 0.515 0.18020304568527934
11 0.5207142857142857 0.16878172588832502 0.5171428571428571 0.16878172588832502 0.5171428571428571 0.17766497461928948 0.5207142857142857 0.17766497461928948
11 0.4942857142857143 0.16243654822335032 0.4907142857142857 0.16243654822335032 0.4907142857142857 0.16878172588832493 0.4942857142857143 0.16878172588832493
4 0.5242857142857142 0.02157360406091382 0.48428571428571426 0.021573604060913815 0.48428571428571426 0.16370558375634528 0.5242857142857142 0.16370558375634534
7 0.6335714285714286 0.6725888324873096 0.6292857142857143 0.6725888324873096 0.6292857142857143 0.6941624365482234 0.6335714285714286 0.6941624365482234
7 0.64 0.6725888324873096 0.6357142857142857 0.6725888324873096 0.6357142857142857 0.6941624365482234 0.64 0.6941624365482234
7 0.6757142857142857 0.6104060913705586 0.6707142857142857 0.6104060913705586 0.6707142857142857 0.6319796954314723 0.6757142857142857 0.6319796954314723
7 0.605 0.519035532994924 0.6014285714285714 0.519035532994924 0.6014285714285714 0.535532994923858 0.605 0.535532994923858
7 0.5892857142857143 0.44162436548223366 0.5857142857142857 0.44162436548223366 0.5857142857142857 0.4555837563451778 0.5892857142857143 0.4555837563451778
11 0.6764285714285714 0.32487309644670065 0.6571428571428571 0.32487309644670065 0.6571428571428571 0.3413705583756347 0.6764285714285714 0.3413705583756347
11 0.6378571428571429 0.3286802030456854 0.6207142857142857 0.3286802030456854 0.6207142857142857 0.34390862944162454 0.6378571428571429 0.34390862944162454
3 0.7464285714285714 0.32614213197969555 0.7328571428571429 0.32614213197969555 0.7328571428571429 0.33629441624365497 0.7464285714285714 0.33629441624365497
3 0.6692857142857143 0.6294416243654823 0.6371428571428571 0.6294416243654823 0.6371428571428571 0.6611675126903555 0.6692857142857143 0.6611675126903556
11 0.6692857142857143 0.6015228426395941 0.6328571428571429 0.6015228426395941 0.6328571428571429 0.6421319796954316 0.6692857142857143 0.6421319796954316