10 0.24785714285714294 0.8485714285714285 0.1857142857142858 0.8485714285714285 0.1857142857142858 1 0.24785714285714294 1
10 1 0.4314285714285716 0.9357142857142857 0.43142857142857155 0.9357142857142857 0.5000000000000002 1 0.5000000000000002
10 1 0.40190476190476204 0.9107142857142857 0.401904761904762 0.9107142857142857 0.46857142857142875 1 0.4685714285714288
3 1 0.5676190476190478 0.9707142857142858 0.5676190476190478 0.9707142857142858 0.6200000000000002 1 0.6200000000000002
3 0.607857142857143 0.8638095238095238 0.5607142857142857 0.8638095238095238 0.5607142857142858 0.9580952380952381 0.607857142857143 0.9580952380952381
3 0.2950000000000001 0.7438095238095238 0.2635714285714287 0.7438095238095238 0.2635714285714287 0.8247619047619048 0.2950000000000001 0.8247619047619048
3 0.8007142857142857 0.3961904761904763 0.765 0.3961904761904763 0.765 0.4361904761904763 0.8007142857142857 0.4361904761904763
3 0.8242857142857143 0.40000000000000013 0.7942857142857143 0.40000000000000013 0.7942857142857143 0.43904761904761913 0.8242857142857143 0.43904761904761913
3 0.02500000000000004 0.4038095238095238 0.004285714285714322 0.4038095238095238 0.004285714285714324 0.44857142857142857 0.02500000000000004 0.44857142857142857
3 0.5528571428571428 0.2552380952380953 0.5328571428571428 0.2552380952380953 0.5328571428571428 0.2800000000000001 0.5528571428571428 0.2800000000000001
3 0.4042857142857143 0.1190476190476191 0.39285714285714285 0.1190476190476191 0.39285714285714285 0.13619047619047625 0.4042857142857143 0.13619047619047625
3 0.43857142857142856 0.05047619047619054 0.41928571428571426 0.05047619047619054 0.41928571428571426 0.06190476190476198 0.43857142857142856 0.06190476190476198
3 0.4392857142857143 0.056190476190476256 0.4235714285714286 0.056190476190476256 0.4235714285714286 0.0676190476190477 0.4392857142857143 0.0676190476190477
10 0.6871428571428572 0.17142857142857154 0.6535714285714286 0.17142857142857154 0.6535714285714286 0.201904761904762 0.6871428571428572 0.201904761904762
10 0.32142857142857145 0.12761904761904766 0.3028571428571429 0.12761904761904766 0.3028571428571429 0.16285714285714292 0.32142857142857145 0.16285714285714292
10 0.3335714285714286 0.19619047619047625 0.31357142857142856 0.19619047619047625 0.31357142857142856 0.2333333333333334 0.3335714285714286 0.2333333333333334
11 0.655 0.17142857142857154 0.6371428571428571 0.17142857142857154 0.6371428571428571 0.19142857142857153 0.655 0.19142857142857153
11 0.59 0.16666666666666677 0.5678571428571428 0.16666666666666677 0.5678571428571428 0.18476190476190488 0.59 0.18476190476190488
11 0.09785714285714285 0.18857142857142858 0.08000000000000002 0.18857142857142858 0.08000000000000002 0.22095238095238096 0.09785714285714285 0.22095238095238096
10 0.20714285714285716 0.11238095238095241 0.18714285714285714 0.11238095238095241 0.18714285714285714 0.14571428571428577 0.20714285714285716 0.14571428571428577
3 0.18714285714285714 0.003809523809523839 0.17857142857142858 0.003809523809523838 0.17857142857142858 0.014285714285714316 0.18714285714285714 0.014285714285714316
3 0.3192857142857143 0.014285714285714337 0.30857142857142855 0.014285714285714337 0.30857142857142855 0.028571428571428623 0.3192857142857143 0.028571428571428626
11 0.345 0.04285714285714291 0.32571428571428573 0.04285714285714291 0.32571428571428573 0.06095238095238101 0.345 0.06095238095238101
3 0.3292857142857143 0.1752380952380953 0.3142857142857143 0.1752380952380953 0.3142857142857143 0.19619047619047625 0.3292857142857143 0.19619047619047625
3 0.12785714285714286 0.10095238095238097 0.11642857142857142 0.10095238095238097 0.11642857142857142 0.11809523809523813 0.12785714285714286 0.11809523809523813
5 0.18071428571428572 0.11428571428571431 0.1742857142857143 0.11428571428571431 0.1742857142857143 0.12857142857142861 0.18071428571428572 0.12857142857142861
5 0.14928571428571435 0.7495238095238095 0.13428571428571437 0.7495238095238095 0.13428571428571437 0.7866666666666666 0.14928571428571435 0.7866666666666666
5 0.3821428571428571 0.2904761904761906 0.37214285714285716 0.2904761904761906 0.37214285714285716 0.30666666666666675 0.3821428571428571 0.30666666666666675
5 0.4092857142857143 0.4161904761904763 0.4 0.4161904761904763 0.4 0.4371428571428573 0.4092857142857143 0.4371428571428573
5 0.4357142857142857 0.41904761904761917 0.42714285714285716 0.41904761904761917 0.42714285714285716 0.4380952380952382 0.4357142857142857 0.4380952380952382
8 0.1457142857142858 0.7561904761904762 0.13357142857142865 0.7561904761904762 0.13357142857142865 0.7742857142857142 0.1457142857142858 0.7742857142857142
8 0.18 0.11428571428571431 0.1742857142857143 0.11428571428571431 0.1742857142857143 0.12380952380952387 0.18 0.12380952380952387
8 0.3792857142857143 0.2895238095238096 0.37357142857142855 0.2895238095238096 0.37357142857142855 0.2990476190476192 0.3792857142857143 0.2990476190476192
8 0.40785714285714286 0.4180952380952382 0.4007142857142857 0.4180952380952382 0.4007142857142857 0.42761904761904773 0.40785714285714286 0.42761904761904773
8 0.4342857142857143 0.4200000000000001 0.4278571428571429 0.4200000000000001 0.4278571428571429 0.42952380952380964 0.4342857142857143 0.42952380952380964