7 0.18000000000000008 0.7638095238095238 0.16285714285714295 0.7638095238095238 0.16285714285714295 0.8133333333333334 0.18000000000000008 0.8133333333333334
7 0.44285714285714284 0.7 0.42928571428571427 0.7 0.42928571428571427 0.7485714285714286 0.44285714285714284 0.7485714285714286
7 0.4707142857142857 0.7104761904761905 0.455 0.7104761904761905 0.455 0.7590476190476191 0.4707142857142857 0.7590476190476191
7 0.4928571428571429 0.7152380952380952 0.4785714285714286 0.7152380952380952 0.4785714285714286 0.7638095238095238 0.4928571428571429 0.7638095238095238
7 0.48857142857142855 0.6942857142857143 0.475 0.6942857142857143 0.475 0.7447619047619047 0.48857142857142855 0.7447619047619047
7 0.47714285714285715 0.6980952380952381 0.4657142857142857 0.6980952380952381 0.4657142857142857 0.7371428571428571 0.47714285714285715 0.7371428571428571
7 0.34642857142857153 0.5971428571428572 0.33714285714285724 0.5971428571428572 0.33714285714285724 0.6276190476190476 0.34642857142857153 0.6276190476190476
7 0.44285714285714284 0.5676190476190476 0.4328571428571429 0.5676190476190476 0.4328571428571429 0.6038095238095238 0.44285714285714284 0.6038095238095238
7 0.42928571428571427 0.5657142857142857 0.41785714285714287 0.5657142857142857 0.41785714285714287 0.6 0.42928571428571427 0.6
7 0.37357142857142855 0.5742857142857143 0.3642857142857144 0.5742857142857143 0.3642857142857144 0.6038095238095238 0.37357142857142855 0.6038095238095238
7 0.3807142857142857 0.5723809523809524 0.37357142857142855 0.5723809523809524 0.37357142857142855 0.6066666666666667 0.3807142857142857 0.6066666666666667
7 0.405 0.5580952380952381 0.39571428571428574 0.5580952380952381 0.39571428571428574 0.5847619047619048 0.405 0.5847619047619048
7 0.41214285714285714 0.5580952380952381 0.405 0.5580952380952381 0.405 0.5876190476190476 0.41214285714285714 0.5876190476190476
7 0.41714285714285715 0.560952380952381 0.41 0.560952380952381 0.41 0.5895238095238096 0.41714285714285715 0.5895238095238096
7 0.5185714285714286 0.49142857142857144 0.5085714285714286 0.49142857142857144 0.5085714285714286 0.5161904761904762 0.5185714285714286 0.5161904761904762
7 0.5185714285714286 0.4847619047619049 0.5092857142857142 0.4847619047619049 0.5092857142857142 0.5104761904761905 0.5185714285714286 0.5104761904761905
7 0.5535714285714286 0.4685714285714287 0.5471428571428572 0.4685714285714287 0.5471428571428572 0.49142857142857144 0.5535714285714286 0.49142857142857144
7 0.5671428571428572 0.4647619047619049 0.56 0.4647619047619049 0.56 0.4847619047619049 0.5671428571428572 0.4847619047619049
6 0.5828571428571429 0.3504761904761906 0.5714285714285714 0.3504761904761906 0.5714285714285714 0.36666666666666675 0.5828571428571429 0.36666666666666675
5 0.57 0.35428571428571437 0.5592857142857143 0.35428571428571437 0.5592857142857143 0.36476190476190484 0.57 0.36476190476190484
7 0.5492857142857143 0.3476190476190477 0.5435714285714286 0.3476190476190477 0.5435714285714286 0.3638095238095239 0.5492857142857143 0.3638095238095239
4 0.5557142857142857 0.3200000000000001 0.5428571428571428 0.3200000000000001 0.5428571428571428 0.34000000000000014 0.5557142857142857 0.34000000000000014
7 0.5342857142857143 0.29714285714285726 0.5307142857142857 0.29714285714285726 0.5307142857142857 0.30857142857142866 0.5342857142857143 0.30857142857142866
7 0.5371428571428571 0.29714285714285726 0.5335714285714286 0.29714285714285726 0.5335714285714286 0.30857142857142866 0.5371428571428571 0.30857142857142866
7 0.5407142857142857 0.29714285714285726 0.5364285714285715 0.29714285714285726 0.5364285714285715 0.30857142857142866 0.5407142857142857 0.30857142857142866
7 0.3007142857142857 0.28476190476190477 0.29642857142857143 0.28476190476190477 0.29642857142857143 0.29428571428571426 0.3007142857142857 0.29428571428571426
7 0.31285714285714283 0.2819047619047619 0.30857142857142855 0.2819047619047619 0.30857142857142855 0.2923809523809524 0.31285714285714283 0.2923809523809524
7 0.32285714285714284 0.28 0.31857142857142856 0.28 0.31857142857142856 0.2895238095238095 0.32285714285714284 0.2895238095238095
7 0.375 0.2876190476190477 0.37142857142857144 0.2876190476190477 0.37142857142857144 0.2961904761904763 0.375 0.2961904761904763
7 0.37214285714285716 0.2800000000000001 0.36857142857142855 0.2800000000000001 0.36857142857142855 0.2876190476190477 0.37214285714285716 0.2876190476190477
4 0.4042857142857143 0.27809523809523823 0.39571428571428574 0.27809523809523823 0.39571428571428574 0.2885714285714287 0.4042857142857143 0.2885714285714287