7 0.578 0.5860000000000002 0.569 0.5860000000000002 0.569 0.6313333333333335 0.578 0.6313333333333335
7 0.5505 0.5726666666666668 0.537 0.5726666666666668 0.537 0.6133333333333335 0.5505 0.6133333333333335
7 0.4480000000000001 0.8286666666666667 0.4280000000000001 0.8286666666666667 0.4280000000000001 0.896 0.4480000000000001 0.896
7 0.4285000000000001 0.842 0.4140000000000001 0.842 0.4140000000000001 0.908 0.4285000000000001 0.908
1 0.40200000000000014 0.858 0.3595000000000001 0.858 0.3595000000000001 0.9133333333333333 0.40200000000000014 0.9133333333333333
7 0.3785000000000001 0.8066666666666666 0.3585000000000001 0.8066666666666666 0.3585000000000001 0.8733333333333333 0.3785000000000001 0.8733333333333333
7 0.34200000000000014 0.7833333333333333 0.3205000000000001 0.7833333333333333 0.3205000000000001 0.8553333333333333 0.34200000000000014 0.8553333333333333
8 0.3085000000000001 0.8193333333333334 0.28250000000000014 0.8193333333333334 0.28250000000000014 0.8533333333333334 0.3085000000000001 0.8533333333333334
11 0.2925000000000001 0.71 0.21150000000000005 0.71 0.21150000000000005 0.864 0.2925000000000001 0.864
8 0.6395 0.732 0.6195 0.732 0.6195 0.7773333333333333 0.6395 0.7773333333333333
11 0.667 0.6320000000000001 0.621 0.6320000000000001 0.621 0.7233333333333334 0.667 0.7233333333333334
8 0.38900000000000007 0.6186666666666667 0.3745 0.6186666666666667 0.37450000000000006 0.6413333333333333 0.3890000000000001 0.6413333333333333
11 0.48 0.5266666666666667 0.4465 0.5266666666666666 0.4465 0.5913333333333334 0.48 0.5913333333333335
8 0.5135 0.4826666666666668 0.5065 0.4826666666666668 0.5065 0.49933333333333346 0.5135 0.49933333333333346
1 0.513 0.49200000000000016 0.506 0.49200000000000016 0.506 0.5106666666666668 0.513 0.5106666666666668
7 0.492 0.4466666666666668 0.483 0.4466666666666668 0.483 0.4673333333333335 0.492 0.4673333333333335
7 0.4215 0.5306666666666666 0.4125 0.5306666666666666 0.4125 0.564 0.4215 0.564
7 0.4125 0.5286666666666666 0.4045 0.5286666666666666 0.4045 0.566 0.4125 0.566
11 0.3365 0.53 0.274 0.53 0.274 0.5846666666666667 0.3365 0.5846666666666667
7 0.2795 0.512 0.2705 0.512 0.2705 0.5433333333333333 0.2795 0.5433333333333333
11 0.3275 0.502 0.273 0.502 0.273 0.5406666666666666 0.3275 0.5406666666666666
11 0.3295 0.484 0.2785 0.484 0.2785 0.5146666666666667 0.3295 0.5146666666666667
3 0.303 0.478 0.25200000000000006 0.478 0.25200000000000006 0.5053333333333333 0.303 0.5053333333333333
3 0.23900000000000005 0.5146666666666667 0.17800000000000005 0.5146666666666667 0.17800000000000005 0.5433333333333333 0.23900000000000005 0.5433333333333333
3 0.16400000000000006 0.5166666666666667 0.11000000000000006 0.5166666666666667 0.11000000000000006 0.542 0.16400000000000006 0.542
3 0.04100000000000004 0.49733333333333335 4.567932560819627e-17 0.49733333333333335 4.6995820917279683e-17 0.526 0.04100000000000004 0.526
10 0.11850000000000006 0.528 0.03900000000000004 0.528 0.03900000000000005 0.5633333333333334 0.11850000000000006 0.5633333333333334
11 0.026000000000000044 0.45466666666666666 4.1760455850924744e-17 0.45466666666666666 4.3107567329986836e-17 0.484 0.026000000000000044 0.484
11 0.05350000000000004 0.43 0.018000000000000044 0.43 0.018000000000000044 0.4553333333333333 0.05350000000000004 0.4553333333333333
3 0.10450000000000002 0.416 0.07750000000000003 0.416 0.07750000000000003 0.43333333333333335 0.10450000000000002 0.43333333333333335
3 0.12100000000000002 0.41 0.09850000000000003 0.41 0.09850000000000003 0.42533333333333334 0.12100000000000002 0.42533333333333334
3 0.14700000000000005 0.3993333333333333 0.12100000000000002 0.3993333333333333 0.12100000000000002 0.41333333333333333 0.14700000000000005 0.41333333333333333
3 0.16200000000000006 0.4053333333333333 0.14300000000000004 0.4053333333333333 0.14300000000000004 0.42 0.16200000000000006 0.42
3 0.15750000000000006 0.416 0.13200000000000006 0.416 0.13200000000000006 0.43 0.15750000000000006 0.43
11 0.14400000000000004 0.41733333333333333 0.12450000000000003 0.41733333333333333 0.12450000000000003 0.43533333333333335 0.14400000000000004 0.43533333333333335
3 0.15500000000000005 0.43 0.12250000000000003 0.43 0.12250000000000003 0.446 0.15500000000000005 0.446
3 0.423 0.43866666666666665 0.405 0.43866666666666665 0.405 0.46066666666666667 0.423 0.46066666666666667
8 0.434 0.43266666666666664 0.428 0.43266666666666664 0.428 0.446 0.434 0.446
1 0.4335 0.43933333333333335 0.4285 0.43933333333333335 0.4285 0.4533333333333333 0.4335 0.4533333333333333
8 0.434 0.418 0.4295 0.418 0.4295 0.43066666666666664 0.434 0.43066666666666664
5 0.434 0.42533333333333334 0.4295 0.42533333333333334 0.4295 0.434 0.434 0.434
7 0.42 0.41333333333333333 0.416 0.41333333333333333 0.416 0.43 0.42 0.43
8 0.4165 0.41733333333333333 0.4125 0.41733333333333333 0.4125 0.428 0.4165 0.428
1 0.4165 0.42333333333333334 0.4135 0.42333333333333334 0.4135 0.43066666666666664 0.4165 0.43066666666666664
3 0.4675 0.3980000000000001 0.4545 0.398 0.4545 0.4120000000000001 0.4675 0.41200000000000014
7 0.4495 0.38466666666666666 0.445 0.38466666666666666 0.445 0.3973333333333333 0.4495 0.3973333333333333
3 0.458 0.38333333333333336 0.447 0.38333333333333336 0.447 0.3953333333333333 0.458 0.3953333333333333
3 0.4555 0.37733333333333335 0.4465 0.37733333333333335 0.4465 0.386 0.4555 0.386
9 0.45 0.37133333333333335 0.4425 0.37133333333333335 0.4425 0.38133333333333336 0.45 0.38133333333333336
8 0.444 0.36666666666666664 0.4415 0.36666666666666664 0.4415 0.37133333333333335 0.444 0.37133333333333335
5 0.4445 0.37066666666666664 0.4405 0.37066666666666664 0.4405 0.37666666666666665 0.4445 0.37666666666666665
3 0.4405 0.36533333333333334 0.432 0.36533333333333334 0.432 0.37533333333333335 0.4405 0.37533333333333335
3 0.4305 0.366 0.4205 0.366 0.4205 0.376 0.4305 0.376
3 0.4335 0.358 0.4245 0.358 0.4245 0.366 0.4335 0.366
3 0.4465 0.3566666666666667 0.436 0.3566666666666667 0.436 0.36533333333333334 0.4465 0.36533333333333334
3 0.4405 0.3546666666666667 0.434 0.3546666666666667 0.434 0.364 0.4405 0.364
10 0.4345 0.3466666666666667 0.4275 0.3466666666666667 0.4275 0.358 0.4345 0.358
8 0.4185 0.3473333333333333 0.416 0.3473333333333333 0.416 0.3506666666666667 0.4185 0.3506666666666667
9 0.419 0.34933333333333333 0.415 0.34933333333333333 0.415 0.35533333333333333 0.419 0.35533333333333333
11 0.422 0.33733333333333343 0.4165 0.33733333333333343 0.4165 0.3453333333333333 0.422 0.3453333333333333
3 0.4345 0.33933333333333343 0.429 0.33933333333333343 0.429 0.3453333333333333 0.4345 0.3453333333333333
3 0.426 0.32800000000000007 0.422 0.32800000000000007 0.422 0.3320000000000001 0.426 0.3320000000000001
3 0.4155 0.3293333333333334 0.411 0.3293333333333334 0.411 0.3353333333333334 0.4155 0.3353333333333334
4 0.438 0.3293333333333334 0.426 0.3293333333333334 0.426 0.33933333333333343 0.438 0.33933333333333343
4 0.45 0.34066666666666673 0.4365 0.34066666666666673 0.4365 0.354 0.45 0.354