3 0.11428571428571432 0.49746192893401014 0.038571428571428604 0.49746192893401014 0.038571428571428604 0.5609137055837563 0.11428571428571432 0.5609137055837563
3 0.10500000000000002 0.2398477157360406 0.03000000000000002 0.2398477157360406 0.03000000000000002 0.30583756345177665 0.10500000000000004 0.30583756345177665
3 0.4585714285714286 0.5228426395939088 0.3742857142857143 0.5228426395939088 0.3742857142857143 0.6002538071065991 0.4585714285714286 0.6002538071065991
3 0.5278571428571428 0.4060913705583758 0.44785714285714284 0.4060913705583758 0.44785714285714284 0.47461928934010167 0.5278571428571428 0.47461928934010167
3 0.4585714285714286 0.25634517766497467 0.39285714285714285 0.25634517766497467 0.39285714285714285 0.3197969543147209 0.4585714285714286 0.3197969543147209
3 0.8928571428571429 0.42385786802030473 0.8114285714285714 0.42385786802030473 0.8114285714285714 0.4936548223350255 0.8928571428571429 0.4936548223350255
3 0.9614285714285714 0.2982233502538073 0.8842857142857142 0.2982233502538073 0.8842857142857142 0.35786802030456866 0.9614285714285714 0.35786802030456866
3 1 0.7677664974619293 0.97 0.7677664974619293 0.97 0.8439086294416247 1 0.8439086294416247
3 1 0.37436548223350274 0.9757142857142858 0.3743654822335027 0.9757142857142858 0.42131979695431493 1 0.421319796954315
3 0.04500000000000004 0.5964467005076142 4.1113142542804e-17 0.5964467005076142 4.321253705562803e-17 0.6573604060913706 0.04500000000000004 0.6573604060913706
11 0.7464285714285714 0.6230964467005078 0.6542857142857142 0.6230964467005078 0.6542857142857142 0.7043147208121829 0.7464285714285714 0.704314720812183