3 0.5164285714285716 0.9257142857142857 0.3564285714285715 0.9257142857142857 0.3564285714285715 1 0.5164285714285716 1
3 0.8492857142857143 0.9285714285714288 0.6992857142857144 0.9285714285714288 0.6992857142857144 0.9990476190476191 0.8492857142857143 0.9990476190476191
3 0.8021428571428572 0.8180952380952383 0.6757142857142857 0.8180952380952383 0.6757142857142858 0.9038095238095241 0.8021428571428572 0.9038095238095241
3 0.8814285714285715 0.3295238095238096 0.8164285714285714 0.3295238095238096 0.8164285714285714 0.38285714285714295 0.8814285714285715 0.38285714285714295
3 0.8078571428571428 0.33904761904761915 0.7314285714285714 0.33904761904761915 0.7314285714285714 0.3923809523809525 0.8078571428571428 0.3923809523809525
3 0.7778571428571428 0.36761904761904773 0.7028571428571428 0.36761904761904773 0.7028571428571428 0.422857142857143 0.7778571428571428 0.422857142857143
3 0.7528571428571429 0.3914285714285715 0.6721428571428572 0.3914285714285715 0.6721428571428572 0.4533333333333334 0.7528571428571429 0.4533333333333334
3 0.7 0.3171428571428572 0.6328571428571429 0.3171428571428572 0.6328571428571429 0.361904761904762 0.7 0.361904761904762
3 0.6314285714285715 0.36857142857142866 0.5707142857142857 0.36857142857142866 0.5707142857142857 0.41904761904761917 0.6314285714285715 0.41904761904761917
3 0.715 0.2866666666666668 0.65 0.2866666666666668 0.65 0.341904761904762 0.715 0.341904761904762
3 0.5521428571428572 0.34285714285714297 0.48642857142857143 0.34285714285714297 0.48642857142857143 0.3933333333333334 0.5521428571428572 0.3933333333333334
3 0.5928571428571429 0.32666666666666677 0.5328571428571428 0.32666666666666677 0.5328571428571428 0.3638095238095239 0.5928571428571429 0.3638095238095239
3 0.5992857142857143 0.29142857142857154 0.5378571428571428 0.29142857142857154 0.5378571428571428 0.3361904761904763 0.5992857142857143 0.3361904761904763
3 0.5271428571428571 0.27904761904761916 0.4785714285714286 0.27904761904761916 0.4785714285714286 0.3180952380952382 0.5271428571428571 0.3180952380952382
11 0.5785714285714286 0.2685714285714287 0.5235714285714286 0.2685714285714287 0.5235714285714286 0.3009523809523811 0.5785714285714286 0.3009523809523811
11 0.4635714285714286 0.32380952380952394 0.40785714285714286 0.32380952380952394 0.40785714285714286 0.36952380952380964 0.4635714285714286 0.36952380952380964
11 0.48142857142857143 0.240952380952381 0.42857142857142855 0.240952380952381 0.42857142857142855 0.2800000000000001 0.48142857142857143 0.2800000000000001
8 0.7964285714285714 0.4523809523809525 0.7885714285714286 0.4523809523809525 0.7885714285714286 0.4942857142857145 0.7964285714285714 0.4942857142857145
1 0.8085714285714286 0.4695238095238096 0.7742857142857142 0.4695238095238096 0.7742857142857142 0.4952380952380955 0.8085714285714286 0.4952380952380955
7 0.8357142857142857 0.31047619047619057 0.8235714285714286 0.31047619047619057 0.8235714285714286 0.34000000000000014 0.8357142857142857 0.34000000000000014
3 0.865 0.26190476190476203 0.7885714285714286 0.26190476190476203 0.7885714285714286 0.2990476190476192 0.865 0.2990476190476192
11 0.8864285714285715 0.24190476190476207 0.8414285714285714 0.24190476190476207 0.8414285714285714 0.27523809523809534 0.8864285714285715 0.27523809523809534
7 0.9957142857142857 0.2514285714285716 0.9842857142857143 0.25142857142857156 0.9842857142857143 0.2780952380952383 0.9957142857142857 0.2780952380952383
7 0.9828571428571429 0.24190476190476207 0.9721428571428572 0.24190476190476207 0.9721428571428572 0.2695238095238096 0.9828571428571429 0.2695238095238096
3 0.8257142857142857 0.22666666666666677 0.7607142857142857 0.22666666666666677 0.7607142857142857 0.26476190476190486 0.8257142857142857 0.26476190476190486
3 0.7392857142857143 0.21714285714285725 0.6914285714285714 0.21714285714285725 0.6914285714285714 0.24666666666666678 0.7392857142857143 0.24666666666666678
3 0.6807142857142857 0.2104761904761906 0.6321428571428571 0.2104761904761906 0.6321428571428571 0.24476190476190487 0.6807142857142857 0.24476190476190487
7 0.7214285714285714 0.19523809523809535 0.7142857142857143 0.19523809523809535 0.7142857142857143 0.2180952380952382 0.7214285714285714 0.2180952380952382
7 0.945 0.050476190476190626 0.9392857142857143 0.050476190476190626 0.9392857142857143 0.06666666666666683 0.945 0.06666666666666683
7 0.9278571428571428 0.05142857142857158 0.9235714285714286 0.05142857142857158 0.9235714285714286 0.06952380952380968 0.9278571428571428 0.06952380952380968
7 0.91 0.055238095238095385 0.9028571428571428 0.055238095238095385 0.9028571428571428 0.07428571428571443 0.91 0.07428571428571443
7 0.8685714285714285 0.07238095238095252 0.8607142857142858 0.07238095238095252 0.8607142857142858 0.08761904761904775 0.8685714285714285 0.08761904761904775
7 0.8435714285714285 0.08190476190476204 0.8385714285714285 0.08190476190476204 0.8385714285714285 0.102857142857143 0.8435714285714285 0.102857142857143
7 0.8271428571428572 0.11238095238095251 0.8178571428571428 0.11238095238095251 0.8178571428571428 0.13047619047619058 0.8271428571428572 0.13047619047619058
7 0.8271428571428572 0.12571428571428583 0.8185714285714286 0.12571428571428583 0.8185714285714286 0.14666666666666678 0.8271428571428572 0.14666666666666678
7 0.9228571428571428 0.09047619047619064 0.9157142857142857 0.09047619047619064 0.9157142857142857 0.10761904761904778 0.9228571428571428 0.10761904761904778
7 0.9157142857142857 0.09142857142857158 0.91 0.09142857142857157 0.91 0.10761904761904777 0.9157142857142857 0.10761904761904778
7 0.8007142857142857 0.14666666666666678 0.7892857142857143 0.14666666666666678 0.7892857142857143 0.16857142857142868 0.8007142857142857 0.16857142857142868
3 0.7885714285714286 0.14571428571428582 0.7657142857142857 0.14571428571428582 0.7657142857142857 0.1742857142857144 0.7885714285714286 0.1742857142857144
3 0.76 0.14285714285714296 0.7378571428571429 0.14285714285714296 0.7378571428571429 0.17523809523809536 0.76 0.17523809523809536
3 0.7328571428571429 0.14095238095238105 0.7114285714285714 0.14095238095238105 0.7114285714285714 0.16571428571428581 0.7328571428571429 0.16571428571428581
3 0.6857142857142857 0.13142857142857153 0.6642857142857143 0.13142857142857153 0.6642857142857143 0.16476190476190486 0.6857142857142857 0.16476190476190486
3 0.6157142857142858 0.1980952380952382 0.5685714285714286 0.1980952380952382 0.5685714285714286 0.22666666666666677 0.6157142857142858 0.22666666666666677
3 0.5571428571428572 0.18857142857142867 0.5185714285714286 0.18857142857142867 0.5185714285714286 0.2161904761904763 0.5571428571428572 0.2161904761904763
3 0.5064285714285715 0.1771428571428572 0.465 0.17714285714285719 0.465 0.2076190476190477 0.5064285714285715 0.20761904761904773
7 0.48642857142857143 0.1590476190476191 0.4757142857142857 0.1590476190476191 0.4757142857142857 0.18190476190476196 0.48642857142857143 0.18190476190476196
3 0.45071428571428573 0.18571428571428578 0.40214285714285714 0.18571428571428578 0.40214285714285714 0.2190476190476191 0.45071428571428573 0.2190476190476191
3 0.38785714285714284 0.24666666666666678 0.335 0.24666666666666678 0.335 0.2838095238095239 0.38785714285714284 0.2838095238095239
3 0.455 0.17047619047619053 0.415 0.17047619047619053 0.415 0.19428571428571434 0.455 0.19428571428571434
11 0.395 0.15809523809523815 0.3578571428571429 0.15809523809523815 0.3578571428571429 0.18571428571428578 0.395 0.18571428571428578
3 0.3535714285714286 0.15523809523809529 0.3171428571428571 0.15523809523809529 0.3171428571428571 0.1790476190476191 0.3535714285714286 0.1790476190476191
3 0.31857142857142856 0.1495238095238096 0.285 0.1495238095238096 0.285 0.17238095238095244 0.31857142857142856 0.17238095238095244
3 0.28714285714285714 0.1428571428571429 0.25285714285714284 0.1428571428571429 0.25285714285714284 0.16761904761904767 0.28714285714285714 0.16761904761904767
3 0.23 0.13142857142857148 0.20285714285714285 0.13142857142857148 0.20285714285714285 0.15523809523809529 0.23 0.15523809523809529
3 0.1992857142857143 0.12761904761904766 0.17 0.12761904761904766 0.17 0.15047619047619054 0.1992857142857143 0.15047619047619054
3 0.1657142857142857 0.1219047619047619 0.13642857142857143 0.1219047619047619 0.13642857142857143 0.14095238095238094 0.1657142857142857 0.14095238095238094
7 0.059285714285714324 0.47714285714285715 0.04000000000000004 0.47714285714285715 0.04000000000000004 0.5142857142857142 0.059285714285714324 0.5142857142857142
7 0.07714285714285718 0.45714285714285713 0.0528571428571429 0.45714285714285713 0.0528571428571429 0.49714285714285716 0.07714285714285718 0.49714285714285716
7 0.2571428571428571 0.33904761904761904 0.24071428571428571 0.33904761904761904 0.24071428571428571 0.3761904761904762 0.2571428571428571 0.3761904761904762
7 0.4657142857142857 0.46190476190476204 0.4514285714285714 0.46190476190476204 0.4514285714285714 0.49047619047619045 0.4657142857142857 0.49047619047619045
8 0.19 0.29904761904761906 0.18357142857142858 0.29904761904761906 0.18357142857142858 0.31333333333333335 0.19 0.31333333333333335
5 0.19428571428571428 0.3038095238095238 0.18000000000000005 0.3038095238095238 0.18000000000000005 0.319047619047619 0.19428571428571428 0.319047619047619
3 0.09642857142857143 0.08476190476190477 0.06285714285714286 0.08476190476190476 0.06285714285714286 0.10380952380952382 0.09642857142857143 0.10380952380952384
7 0.9735714285714285 0.7580952380952383 0.9414285714285714 0.7580952380952383 0.9414285714285714 0.8219047619047621 0.9735714285714285 0.8219047619047621
3 0.8521428571428571 0.142857142857143 0.8142857142857143 0.14285714285714296 0.8142857142857143 0.17047619047619061 0.8521428571428571 0.17047619047619064
3 0.8764285714285714 0.1333333333333335 0.8378571428571429 0.1333333333333335 0.8378571428571429 0.16666666666666682 0.8764285714285714 0.16666666666666682
3 0.8935714285714286 0.12380952380952397 0.865 0.12380952380952397 0.865 0.15619047619047635 0.8935714285714286 0.15619047619047635
3 0.9178571428571428 0.10857142857142872 0.89 0.10857142857142871 0.89 0.12666666666666682 0.9178571428571428 0.12666666666666682
3 0.9435714285714286 0.0990476190476192 0.9192857142857143 0.0990476190476192 0.9192857142857143 0.12285714285714303 0.9435714285714286 0.12285714285714303
3 0.9514285714285714 0.09619047619047635 0.935 0.09619047619047635 0.935 0.12095238095238112 0.9514285714285714 0.12095238095238112
3 0.9578571428571429 0.09333333333333349 0.935 0.09333333333333349 0.935 0.12000000000000016 0.9578571428571429 0.12000000000000016
3 0.9764285714285714 0.09333333333333349 0.9564285714285714 0.09333333333333349 0.9564285714285714 0.11619047619047636 0.9764285714285714 0.11619047619047636
3 0.99 0.08761904761904778 0.9657142857142857 0.08761904761904778 0.9657142857142857 0.10761904761904778 0.99 0.10761904761904778
5 0.8264285714285714 0.08285714285714299 0.8135714285714286 0.08285714285714299 0.8135714285714286 0.09523809523809537 0.8264285714285714 0.09523809523809537
3 0.7028571428571428 0.07333333333333344 0.67 0.07333333333333344 0.67 0.09428571428571439 0.7028571428571428 0.09428571428571439
4 0.495 0.06285714285714294 0.4392857142857143 0.06285714285714294 0.4392857142857143 0.08857142857142865 0.495 0.08857142857142865
7 0.555 0.07333333333333342 0.5492857142857143 0.07333333333333342 0.5492857142857143 0.09047619047619056 0.555 0.09047619047619056
3 0.49 0.11142857142857152 0.4685714285714286 0.11142857142857152 0.4685714285714286 0.13047619047619052 0.49 0.13047619047619052
3 0.6207142857142857 0.08285714285714296 0.6042857142857143 0.08285714285714296 0.6042857142857143 0.10095238095238106 0.6207142857142857 0.10095238095238106
3 0.6035714285714285 0.08000000000000011 0.5857142857142857 0.08000000000000011 0.5857142857142857 0.09428571428571439 0.6035714285714285 0.09428571428571439
3 0.5914285714285714 0.08761904761904771 0.5685714285714286 0.0876190476190477 0.5685714285714286 0.10857142857142867 0.5914285714285714 0.10857142857142868
3 0.5714285714285714 0.08476190476190484 0.5528571428571428 0.08476190476190484 0.5528571428571428 0.10666666666666674 0.5714285714285714 0.10666666666666674
3 0.5557142857142857 0.08666666666666675 0.5385714285714286 0.08666666666666675 0.5385714285714286 0.10285714285714294 0.5557142857142857 0.10285714285714294
3 0.5392857142857143 0.0857142857142858 0.5221428571428571 0.0857142857142858 0.5221428571428571 0.1038095238095239 0.5392857142857143 0.1038095238095239
3 0.5421428571428571 0.07047619047619055 0.5207142857142857 0.07047619047619055 0.5207142857142857 0.0895238095238096 0.5421428571428571 0.0895238095238096
3 0.5871428571428572 0.07428571428571439 0.565 0.07428571428571437 0.565 0.09238095238095248 0.5871428571428572 0.0923809523809525