3 0.33400000000000013 0.718 0.23850000000000005 0.718 0.23850000000000005 0.9226666666666666 0.33400000000000013 0.9226666666666666
7 0.4405000000000001 0.846 0.40450000000000014 0.846 0.40450000000000014 0.974 0.4405000000000001 0.974
7 0.4750000000000001 0.846 0.4475000000000001 0.846 0.4475000000000001 0.9613333333333334 0.4750000000000001 0.9613333333333334
3 0.6885 0.7806666666666666 0.557 0.7806666666666666 0.557 0.9873333333333333 0.6885 0.9873333333333333
3 0.6045 0.6606666666666668 0.5110000000000001 0.6606666666666668 0.5110000000000001 0.786 0.6045 0.786
1 0.7015 0.6966666666666667 0.6465 0.6966666666666667 0.6465 0.7313333333333333 0.7015 0.7313333333333333
1 0.6985 0.708 0.6475 0.708 0.6475 0.7366666666666667 0.6985 0.7366666666666667
1 0.6405 0.6613333333333334 0.5925 0.6613333333333334 0.5925 0.702 0.6405 0.702
1 0.6305 0.6426666666666668 0.587 0.6426666666666668 0.587 0.684 0.6305 0.684
1 0.6265 0.6246666666666668 0.5815 0.6246666666666668 0.5815 0.6706666666666669 0.6265 0.6706666666666669
1 0.5375 0.5966666666666668 0.52 0.5966666666666668 0.52 0.6473333333333335 0.5375 0.6473333333333335
1 0.559 0.5953333333333335 0.54 0.5953333333333335 0.54 0.6460000000000001 0.559 0.6460000000000001
1 0.5405 0.5780000000000002 0.524 0.5780000000000002 0.524 0.6286666666666668 0.5405 0.6286666666666668
1 0.563 0.5393333333333334 0.544 0.5393333333333334 0.544 0.5726666666666668 0.563 0.5726666666666668
1 0.5765 0.5846666666666668 0.5665 0.5846666666666668 0.5665 0.6260000000000001 0.5765 0.6260000000000001
1 0.5915 0.5820000000000002 0.5805 0.5820000000000002 0.5805 0.6240000000000001 0.5915 0.6240000000000001
1 0.6055 0.5940000000000002 0.5905 0.5940000000000002 0.5905 0.6380000000000001 0.6055 0.6380000000000001
3 0.3315000000000001 0.5826666666666667 0.2685 0.5826666666666667 0.26850000000000007 0.684 0.33150000000000013 0.684
3 0.524 0.5353333333333334 0.471 0.5353333333333334 0.471 0.5980000000000002 0.524 0.5980000000000002
3 0.341 0.5173333333333333 0.2945 0.5173333333333333 0.2945 0.5846666666666667 0.341 0.5846666666666667
3 0.495 0.4733333333333334 0.4525 0.47333333333333333 0.4525 0.5346666666666667 0.495 0.5346666666666668
3 0.346 0.464 0.3025 0.464 0.3025 0.526 0.346 0.526
3 0.3595 0.43066666666666664 0.3055 0.43066666666666664 0.3055 0.48733333333333334 0.3595 0.48733333333333334
3 0.6035 0.3826666666666668 0.544 0.3826666666666668 0.544 0.4166666666666668 0.6035 0.4166666666666668
3 0.3565 0.382 0.3295 0.382 0.3295 0.41933333333333334 0.3565 0.41933333333333334
3 0.4435 0.368 0.4195 0.368 0.4195 0.39266666666666666 0.4435 0.39266666666666666
3 0.354 0.36 0.3315 0.36 0.3315 0.38333333333333336 0.354 0.38333333333333336
3 0.353 0.3506666666666667 0.334 0.3506666666666667 0.334 0.368 0.353 0.368
3 0.356 0.3400000000000001 0.337 0.3400000000000001 0.337 0.35533333333333333 0.356 0.35533333333333333
3 0.424 0.3366666666666667 0.405 0.3366666666666667 0.405 0.356 0.424 0.356
3 0.407 0.3000000000000001 0.395 0.3000000000000001 0.395 0.31200000000000006 0.407 0.31200000000000006
3 0.397 0.2800000000000001 0.3895 0.2800000000000001 0.3895 0.28866666666666674 0.397 0.28866666666666674
3 0.4015 0.2713333333333334 0.3945 0.2713333333333334 0.3945 0.2800000000000001 0.4015 0.2800000000000001
3 0.362 0.2553333333333334 0.3575 0.2553333333333334 0.3575 0.2613333333333334 0.362 0.2613333333333334
3 0.362 0.2493333333333334 0.359 0.2493333333333334 0.359 0.2553333333333334 0.362 0.2553333333333334
3 0.389 0.2553333333333334 0.3785 0.2553333333333334 0.3785 0.2613333333333334 0.389 0.2613333333333334
3 0.3865 0.24800000000000008 0.3785 0.24800000000000008 0.3785 0.25400000000000006 0.3865 0.25400000000000006
8 0.3615 0.2960000000000001 0.358 0.2960000000000001 0.358 0.3053333333333334 0.3615 0.3053333333333334
9 0.362 0.3000000000000001 0.3565 0.3000000000000001 0.3565 0.30800000000000005 0.362 0.30800000000000005
1 0.9535 0.6893333333333335 0.9045 0.6893333333333334 0.9045 0.7440000000000001 0.9535 0.7440000000000003
5 0.857 0.726 0.8295 0.726 0.8295 0.7986666666666666 0.857 0.7986666666666666
1 0.849 0.716 0.79 0.716 0.79 0.752 0.849 0.752