3 0.9064285714285715 0.8304761904761907 0.8285714285714286 0.8304761904761907 0.8285714285714286 0.9647619047619049 0.9064285714285715 0.9647619047619049
11 0.9942857142857143 0.6085714285714288 0.9157142857142857 0.6085714285714288 0.9157142857142857 0.6971428571428574 0.9942857142857143 0.6971428571428574
11 0.5942857142857144 0.8057142857142857 0.5192857142857142 0.8057142857142857 0.5192857142857144 0.9047619047619048 0.5942857142857144 0.9047619047619048
8 0.7207142857142858 0.802857142857143 0.7042857142857143 0.802857142857143 0.7042857142857143 0.8219047619047621 0.7207142857142858 0.8219047619047621
8 0.7692857142857142 0.7904761904761907 0.7557142857142857 0.7904761904761907 0.7557142857142857 0.8161904761904764 0.7692857142857142 0.8161904761904764
8 0.7942857142857143 0.7714285714285717 0.775 0.7714285714285717 0.775 0.7942857142857145 0.7942857142857143 0.7942857142857145
8 0.7942857142857143 0.7466666666666669 0.7807142857142857 0.7466666666666669 0.7807142857142857 0.7685714285714288 0.7942857142857143 0.7685714285714288
8 0.775 0.7247619047619049 0.7614285714285715 0.7247619047619049 0.7614285714285715 0.7419047619047621 0.775 0.7419047619047621
8 0.7964285714285714 0.7190476190476193 0.7814285714285715 0.7190476190476193 0.7814285714285715 0.7400000000000002 0.7964285714285714 0.7400000000000002
8 0.7257142857142858 0.7161904761904764 0.7114285714285714 0.7161904761904764 0.7114285714285714 0.7342857142857145 0.7257142857142858 0.7342857142857145
8 0.7264285714285714 0.7419047619047621 0.7121428571428572 0.7419047619047621 0.7121428571428572 0.7590476190476193 0.7264285714285714 0.7590476190476193
8 0.7071428571428572 0.7409523809523811 0.6914285714285714 0.7409523809523811 0.6914285714285714 0.7590476190476193 0.7071428571428572 0.7590476190476193
8 0.7085714285714285 0.7133333333333336 0.6907142857142857 0.7133333333333336 0.6907142857142857 0.7304761904761907 0.7085714285714285 0.7304761904761907
7 0.7671428571428571 0.8295238095238098 0.75 0.8295238095238098 0.75 0.8504761904761907 0.7671428571428571 0.8504761904761907
7 0.6214285714285714 0.7619047619047619 0.6014285714285714 0.7619047619047619 0.6014285714285714 0.7914285714285715 0.6214285714285714 0.7914285714285715
7 0.6228571428571429 0.7380952380952381 0.6071428571428571 0.7380952380952381 0.6071428571428571 0.7676190476190476 0.6228571428571429 0.7676190476190476
7 0.6078571428571429 0.7438095238095238 0.5885714285714285 0.7438095238095238 0.5885714285714285 0.7733333333333333 0.6078571428571429 0.7733333333333333
7 0.5642857142857143 0.7152380952380952 0.5485714285714286 0.7152380952380952 0.5485714285714286 0.7495238095238095 0.5642857142857143 0.7495238095238095
1 0.5207142857142857 0.6161904761904762 0.49785714285714283 0.6161904761904762 0.49785714285714283 0.659047619047619 0.5207142857142857 0.659047619047619
8 0.5171428571428571 0.6228571428571429 0.5014285714285714 0.6228571428571429 0.5014285714285714 0.6438095238095238 0.5171428571428571 0.6438095238095238
7 0.75 0.6571428571428574 0.7335714285714285 0.6571428571428574 0.7335714285714285 0.682857142857143 0.75 0.682857142857143
8 0.7128571428571429 0.6580952380952383 0.6985714285714286 0.6580952380952383 0.6985714285714286 0.6761904761904765 0.7128571428571429 0.6761904761904765
8 0.6914285714285714 0.6561904761904764 0.6771428571428572 0.6561904761904764 0.6771428571428572 0.6723809523809526 0.6914285714285714 0.6723809523809526
8 0.6921428571428572 0.6266666666666669 0.6771428571428572 0.6266666666666669 0.6771428571428572 0.6419047619047621 0.6921428571428572 0.6419047619047621
8 0.6335714285714286 0.6314285714285715 0.6228571428571429 0.6314285714285715 0.6228571428571429 0.6457142857142857 0.6335714285714286 0.6457142857142857
8 0.6264285714285714 0.6514285714285715 0.6142857142857143 0.6514285714285715 0.6142857142857143 0.6676190476190477 0.6264285714285714 0.6676190476190477
8 0.6021428571428571 0.638095238095238 0.5921428571428572 0.638095238095238 0.5921428571428572 0.6523809523809524 0.6021428571428571 0.6523809523809524
8 0.6085714285714285 0.6142857142857143 0.595 0.6142857142857143 0.595 0.6342857142857142 0.6085714285714285 0.6342857142857142
8 0.615 0.5542857142857143 0.6007142857142858 0.5542857142857143 0.6007142857142858 0.5752380952380952 0.615 0.5752380952380952
8 0.63 0.559047619047619 0.6164285714285714 0.559047619047619 0.6164285714285714 0.5761904761904761 0.63 0.5761904761904761
8 0.6328571428571429 0.5371428571428571 0.6228571428571429 0.5371428571428571 0.6228571428571429 0.5542857142857143 0.6328571428571429 0.5542857142857143
8 0.6192857142857143 0.5266666666666666 0.6092857142857143 0.5266666666666666 0.6092857142857143 0.5419047619047619 0.6192857142857143 0.5419047619047619
8 0.6292857142857143 0.5133333333333333 0.62 0.5133333333333333 0.62 0.5323809523809524 0.6292857142857143 0.5323809523809524
8 0.5671428571428572 0.5419047619047619 0.555 0.5419047619047619 0.555 0.5571428571428572 0.5671428571428572 0.5571428571428572
8 0.57 0.5228571428571429 0.5578571428571428 0.5228571428571429 0.5578571428571428 0.5380952380952381 0.57 0.5380952380952381
8 0.525 0.4638095238095239 0.5142857142857142 0.4638095238095239 0.5142857142857142 0.4800000000000001 0.525 0.4800000000000001
8 0.5221428571428571 0.44476190476190486 0.5114285714285715 0.44476190476190486 0.5114285714285715 0.46285714285714297 0.5221428571428571 0.46285714285714297
8 0.5092857142857142 0.44952380952380966 0.495 0.44952380952380966 0.495 0.4647619047619049 0.5092857142857142 0.4647619047619049
8 0.5107142857142857 0.47333333333333344 0.4992857142857143 0.47333333333333344 0.4992857142857143 0.48666666666666675 0.5107142857142857 0.48666666666666675
8 0.5314285714285715 0.4200000000000001 0.5192857142857142 0.4200000000000001 0.5192857142857142 0.4400000000000001 0.5314285714285715 0.4400000000000001
8 0.55 0.43142857142857155 0.5392857142857143 0.43142857142857155 0.5392857142857143 0.4504761904761906 0.55 0.4504761904761906
8 0.4328571428571429 0.44666666666666677 0.42142857142857143 0.44666666666666677 0.42142857142857143 0.46285714285714297 0.4328571428571429 0.46285714285714297
8 0.4614285714285714 0.44666666666666677 0.4492857142857143 0.44666666666666677 0.4492857142857143 0.4676190476190477 0.4614285714285714 0.4676190476190477
8 0.47285714285714286 0.4095238095238096 0.4607142857142857 0.4095238095238096 0.4607142857142857 0.42857142857142866 0.47285714285714286 0.42857142857142866
8 0.47214285714285714 0.43333333333333346 0.4592857142857143 0.43333333333333346 0.4592857142857143 0.4533333333333334 0.47214285714285714 0.4533333333333334
8 0.495 0.41428571428571437 0.4828571428571429 0.41428571428571437 0.4828571428571429 0.4342857142857144 0.495 0.4342857142857144
8 0.5192857142857142 0.4047619047619049 0.5078571428571429 0.4047619047619049 0.5078571428571429 0.4200000000000001 0.5192857142857142 0.4200000000000001
8 0.5064285714285715 0.38571428571428584 0.49642857142857144 0.38571428571428584 0.49642857142857144 0.39904761904761915 0.5064285714285715 0.39904761904761915
8 0.5242857142857142 0.3942857142857144 0.5171428571428571 0.3942857142857144 0.5171428571428571 0.4161904761904763 0.5242857142857142 0.4161904761904763
8 0.4157142857142857 0.39714285714285724 0.40285714285714286 0.39714285714285724 0.40285714285714286 0.4180952380952382 0.4157142857142857 0.4180952380952382
8 0.4014285714285714 0.39523809523809533 0.3892857142857143 0.39523809523809533 0.3892857142857143 0.41523809523809535 0.4014285714285714 0.41523809523809535
8 0.4278571428571429 0.36761904761904773 0.4185714285714286 0.36761904761904773 0.4185714285714286 0.38380952380952393 0.4278571428571429 0.38380952380952393
8 0.43357142857142855 0.3561904761904763 0.4207142857142857 0.3561904761904763 0.4207142857142857 0.3742857142857144 0.43357142857142855 0.3742857142857144
8 0.43857142857142856 0.3457142857142858 0.4278571428571429 0.3457142857142858 0.4278571428571429 0.3638095238095239 0.43857142857142856 0.3638095238095239
8 0.4492857142857143 0.38095238095238104 0.4392857142857143 0.38095238095238104 0.4392857142857143 0.39714285714285724 0.4492857142857143 0.39714285714285724
8 0.45714285714285713 0.37142857142857155 0.4471428571428571 0.37142857142857155 0.4471428571428571 0.3895238095238096 0.45714285714285713 0.3895238095238096
8 0.465 0.362857142857143 0.45357142857142857 0.362857142857143 0.45357142857142857 0.381904761904762 0.465 0.381904761904762
8 0.455 0.3457142857142858 0.44285714285714284 0.3457142857142858 0.44285714285714284 0.3638095238095239 0.455 0.3638095238095239
8 0.4635714285714286 0.33904761904761915 0.45 0.33904761904761915 0.45 0.3561904761904763 0.4635714285714286 0.3561904761904763
8 0.43785714285714283 0.321904761904762 0.425 0.321904761904762 0.425 0.341904761904762 0.43785714285714283 0.341904761904762
8 0.43785714285714283 0.31047619047619057 0.425 0.31047619047619057 0.425 0.3285714285714287 0.43785714285714283 0.3285714285714287
8 0.42428571428571427 0.3038095238095239 0.4135714285714286 0.3038095238095239 0.4135714285714286 0.31904761904761914 0.42428571428571427 0.31904761904761914
8 0.405 0.361904761904762 0.3914285714285714 0.361904761904762 0.3914285714285714 0.381904761904762 0.405 0.381904761904762
8 0.3892857142857143 0.3580952380952382 0.3757142857142857 0.3580952380952382 0.3757142857142857 0.3742857142857144 0.3892857142857143 0.3742857142857144
8 0.3842857142857143 0.3476190476190477 0.37214285714285716 0.3476190476190477 0.37214285714285716 0.362857142857143 0.3842857142857143 0.362857142857143
8 0.3707142857142857 0.3380952380952382 0.36 0.3380952380952382 0.36 0.35333333333333344 0.3707142857142857 0.35333333333333344
8 0.3742857142857143 0.31904761904761914 0.36214285714285716 0.31904761904761914 0.36214285714285716 0.3342857142857144 0.3742857142857143 0.3342857142857144
8 0.38571428571428573 0.3123809523809525 0.3757142857142857 0.3123809523809525 0.3757142857142857 0.3295238095238096 0.38571428571428573 0.3295238095238096
8 0.3807142857142857 0.3038095238095239 0.3707142857142857 0.3038095238095239 0.3707142857142857 0.321904761904762 0.3807142857142857 0.321904761904762
8 0.38571428571428573 0.29333333333333345 0.37714285714285717 0.29333333333333345 0.37714285714285717 0.30952380952380965 0.38571428571428573 0.30952380952380965
8 0.40285714285714286 0.29238095238095246 0.3921428571428571 0.29238095238095246 0.3921428571428571 0.30857142857142866 0.40285714285714286 0.30857142857142866
8 0.4007142857142857 0.30761904761904774 0.39071428571428574 0.30761904761904774 0.39071428571428574 0.32476190476190486 0.4007142857142857 0.32476190476190486
7 0.4107142857142857 0.27904761904761916 0.4 0.27904761904761916 0.4 0.3142857142857144 0.4107142857142857 0.3142857142857144
8 0.4107142857142857 0.2723809523809525 0.3992857142857143 0.2723809523809525 0.3992857142857143 0.2876190476190477 0.4107142857142857 0.2876190476190477
8 0.36714285714285716 0.2723809523809525 0.355 0.2723809523809525 0.355 0.29142857142857154 0.36714285714285716 0.29142857142857154
8 0.38142857142857145 0.27904761904761916 0.36857142857142855 0.27904761904761916 0.36857142857142855 0.29333333333333345 0.38142857142857145 0.29333333333333345
8 0.35214285714285715 0.2990476190476192 0.34214285714285714 0.2990476190476192 0.34214285714285714 0.31904761904761914 0.35214285714285715 0.31904761904761914
8 0.35285714285714287 0.2866666666666668 0.3392857142857143 0.2866666666666668 0.3392857142857143 0.3009523809523811 0.35285714285714287 0.3009523809523811
8 0.3392857142857143 0.28571428571428575 0.32785714285714285 0.2857142857142857 0.32785714285714285 0.2971428571428572 0.3392857142857143 0.29714285714285726
8 0.30714285714285716 0.2742857142857143 0.29714285714285715 0.2742857142857143 0.29714285714285715 0.2857142857142857 0.30714285714285716 0.2857142857142857
8 0.33285714285714285 0.2666666666666667 0.32285714285714284 0.26666666666666666 0.32285714285714284 0.2780952380952382 0.33285714285714285 0.27809523809523823
8 0.325 0.259047619047619 0.3157142857142857 0.259047619047619 0.3157142857142857 0.2714285714285714 0.325 0.2714285714285714
8 0.34214285714285714 0.25619047619047625 0.3314285714285714 0.2561904761904762 0.3314285714285714 0.27428571428571435 0.34214285714285714 0.2742857142857144
8 0.3607142857142857 0.24761904761904774 0.3457142857142857 0.24761904761904774 0.3457142857142857 0.2666666666666668 0.3607142857142857 0.2666666666666668
8 0.35428571428571426 0.2352380952380953 0.3407142857142857 0.2352380952380953 0.3407142857142857 0.25333333333333347 0.35428571428571426 0.25333333333333347
8 0.3385714285714286 0.2190476190476191 0.3271428571428571 0.2190476190476191 0.3271428571428571 0.23428571428571435 0.3385714285714286 0.23428571428571435
8 0.3242857142857143 0.23047619047619053 0.31214285714285717 0.23047619047619053 0.31214285714285717 0.24476190476190476 0.3242857142857143 0.24476190476190476
8 0.2978571428571429 0.2542857142857143 0.28714285714285714 0.2542857142857143 0.28714285714285714 0.2723809523809524 0.2978571428571429 0.2723809523809524
8 0.3092857142857143 0.24190476190476196 0.2985714285714286 0.24190476190476196 0.2985714285714286 0.2571428571428571 0.3092857142857143 0.2571428571428571
8 0.2985714285714286 0.220952380952381 0.2842857142857143 0.220952380952381 0.2842857142857143 0.2523809523809524 0.2985714285714286 0.2523809523809524
8 0.29285714285714287 0.21809523809523815 0.2814285714285714 0.21809523809523815 0.2814285714285714 0.24190476190476196 0.29285714285714287 0.24190476190476196
8 0.3157142857142857 0.21523809523809528 0.3007142857142857 0.21523809523809528 0.3007142857142857 0.23809523809523814 0.3157142857142857 0.23809523809523814
8 0.3271428571428571 0.20190476190476195 0.31642857142857145 0.20190476190476195 0.31642857142857145 0.22857142857142862 0.3271428571428571 0.22857142857142862
8 0.3192857142857143 0.19619047619047625 0.31142857142857144 0.19619047619047625 0.31142857142857144 0.2190476190476191 0.3192857142857143 0.2190476190476191
8 0.33714285714285713 0.1952380952380953 0.3242857142857143 0.1952380952380953 0.3242857142857143 0.2171428571428572 0.33714285714285713 0.2171428571428572
8 0.35214285714285715 0.18476190476190482 0.3414285714285714 0.18476190476190482 0.3414285714285714 0.2114285714285715 0.35214285714285715 0.2114285714285715
7 0.275 0.20000000000000007 0.2621428571428571 0.20000000000000007 0.2621428571428571 0.22857142857142862 0.275 0.22857142857142862
7 0.24857142857142858 0.20666666666666672 0.23714285714285716 0.20666666666666672 0.23714285714285716 0.24000000000000005 0.24857142857142858 0.24000000000000005
8 0.26357142857142857 0.20761904761904768 0.25142857142857145 0.20761904761904768 0.25142857142857145 0.22380952380952387 0.26357142857142857 0.22380952380952387
8 0.25214285714285717 0.17428571428571435 0.23857142857142857 0.17428571428571435 0.23857142857142857 0.19047619047619052 0.25214285714285717 0.19047619047619052
7 0.21071428571428572 0.18666666666666673 0.19785714285714287 0.18666666666666673 0.19785714285714287 0.21523809523809528 0.21071428571428572 0.21523809523809528
7 0.21642857142857144 0.1790476190476191 0.2057142857142857 0.1790476190476191 0.2057142857142857 0.2028571428571429 0.21642857142857144 0.2028571428571429
3 0.275 0.09142857142857147 0.21928571428571428 0.09142857142857146 0.21928571428571428 0.1447619047619048 0.275 0.1447619047619048
1 0.4642857142857143 0.5561904761904762 0.4421428571428571 0.5561904761904762 0.4421428571428571 0.5933333333333334 0.4642857142857143 0.5933333333333334
8 0.4607142857142857 0.5552380952380952 0.445 0.5552380952380952 0.445 0.5828571428571429 0.4607142857142857 0.5828571428571429
5 0.35428571428571437 0.48476190476190484 0.32285714285714295 0.4847619047619048 0.32285714285714295 0.5247619047619048 0.35428571428571437 0.5247619047619048
5 0.36071428571428577 0.441904761904762 0.34285714285714286 0.441904761904762 0.3428571428571429 0.49047619047619045 0.3607142857142858 0.49047619047619045
7 0.4114285714285714 0.44380952380952393 0.39785714285714285 0.44380952380952393 0.39785714285714285 0.4780952380952382 0.4114285714285714 0.4780952380952382
3 0.33428571428571435 0.42380952380952386 0.25857142857142856 0.4238095238095238 0.2585714285714286 0.5019047619047619 0.33428571428571435 0.5019047619047619
5 0.31357142857142856 0.3952380952380952 0.2914285714285714 0.3952380952380952 0.2914285714285714 0.43523809523809526 0.31357142857142856 0.43523809523809526
11 0.2985714285714286 0.35904761904761906 0.23357142857142857 0.35904761904761906 0.23357142857142862 0.45904761904761904 0.29857142857142865 0.45904761904761904
10 0.2 0.20476190476190478 0.08571428571428573 0.20476190476190476 0.08571428571428573 0.29523809523809524 0.2 0.29523809523809524
3 0.17642857142857146 0.18571428571428575 0.09357142857142857 0.18571428571428572 0.0935714285714286 0.23523809523809527 0.17642857142857146 0.2352380952380953
11 0.15071428571428572 0.16476190476190475 0.09000000000000002 0.16476190476190475 0.09000000000000002 0.20761904761904762 0.15071428571428572 0.20761904761904762
3 0.14214285714285715 0.14 0.08142857142857145 0.14 0.08142857142857145 0.18 0.14214285714285715 0.18
3 0.12928571428571428 0.11904761904761905 0.07142857142857145 0.11904761904761904 0.07142857142857145 0.16095238095238096 0.12928571428571428 0.16095238095238096
7 0.16285714285714287 0.11714285714285717 0.14857142857142858 0.11714285714285717 0.14857142857142858 0.1457142857142857 0.16285714285714287 0.1457142857142857
3 0.105 0.0742857142857143 0.030714285714285725 0.07428571428571429 0.030714285714285725 0.13047619047619047 0.105 0.13047619047619047
3 0.08785714285714286 0.05333333333333334 0.017142857142857147 0.05333333333333334 0.01714285714285715 0.0942857142857143 0.08785714285714286 0.0942857142857143
11 0.065 0.034285714285714294 0.009285714285714288 0.03428571428571429 0.009285714285714291 0.06952380952380953 0.065 0.06952380952380953
3 0.16357142857142865 0.6819047619047619 0.08500000000000006 0.6819047619047619 0.08500000000000008 0.8180952380952381 0.16357142857142865 0.8180952380952381
7 0.4657142857142857 0.7342857142857143 0.45285714285714285 0.7342857142857143 0.45285714285714285 0.7647619047619048 0.4657142857142857 0.7647619047619048