3 0.577 0.5660000000000002 0.538 0.5660000000000002 0.538 0.6046666666666668 0.577 0.6046666666666668
11 0.7425 0.7006666666666667 0.678 0.7006666666666667 0.678 0.768 0.7425 0.768
11 0.6795 0.6453333333333335 0.62 0.6453333333333335 0.62 0.7053333333333334 0.6795 0.7053333333333334
11 0.627 0.6006666666666668 0.5815 0.6006666666666668 0.5815 0.6493333333333335 0.627 0.6493333333333335
11 0.55 0.5313333333333334 0.5145 0.5313333333333334 0.5145 0.5713333333333335 0.55 0.5713333333333335
3 0.521 0.5146666666666668 0.491 0.5146666666666668 0.491 0.5493333333333335 0.521 0.5493333333333335
3 0.4615 0.4886666666666667 0.4335 0.4886666666666667 0.4335 0.5153333333333333 0.4615 0.5153333333333333
3 0.4725 0.47066666666666673 0.4485 0.4706666666666667 0.4485 0.4933333333333334 0.4725 0.4933333333333335
3 0.4565 0.4573333333333333 0.4405 0.4573333333333333 0.4405 0.47733333333333333 0.4565 0.47733333333333333
3 0.4495 0.446 0.4315 0.446 0.4315 0.4653333333333333 0.4495 0.4653333333333333
3 0.441 0.43266666666666664 0.4185 0.43266666666666664 0.4185 0.452 0.441 0.452
11 0.4265 0.4166666666666667 0.4105 0.4166666666666667 0.4105 0.438 0.4265 0.438
11 0.4165 0.4066666666666667 0.402 0.4066666666666667 0.402 0.428 0.4165 0.428
10 0.394 0.27733333333333343 0.386 0.27733333333333343 0.386 0.2873333333333334 0.394 0.2873333333333334
3 0.3795 0.29866666666666675 0.3725 0.29866666666666675 0.3725 0.30666666666666675 0.3795 0.30666666666666675
11 0.402 0.386 0.389 0.386 0.389 0.404 0.402 0.404
3 0.3965 0.38133333333333336 0.385 0.38133333333333336 0.385 0.396 0.3965 0.396
10 0.391 0.3626666666666667 0.3785 0.3626666666666667 0.3785 0.38266666666666665 0.391 0.38266666666666665
11 0.3855 0.3526666666666667 0.3755 0.3526666666666667 0.3755 0.366 0.3855 0.366
3 0.385 0.346 0.374 0.346 0.374 0.356 0.385 0.356
3 0.384 0.3253333333333334 0.377 0.3253333333333334 0.377 0.3340000000000001 0.384 0.3340000000000001
3 0.3855 0.31666666666666676 0.3745 0.31666666666666676 0.3745 0.32600000000000007 0.3855 0.32600000000000007
7 0.372 0.35133333333333333 0.3695 0.35133333333333333 0.3695 0.3626666666666667 0.372 0.3626666666666667
9 0.373 0.35533333333333333 0.369 0.35533333333333333 0.369 0.362 0.373 0.362
3 0.3435 0.358 0.333 0.358 0.333 0.36866666666666664 0.3435 0.36866666666666664
3 0.348 0.3273333333333334 0.34 0.3273333333333334 0.34 0.33733333333333343 0.348 0.33733333333333343
3 0.333 0.3040000000000001 0.327 0.3040000000000001 0.327 0.3113333333333334 0.333 0.3113333333333334
3 0.337 0.30266666666666675 0.3315 0.30266666666666675 0.3315 0.31000000000000005 0.337 0.31000000000000005
3 0.3075 0.348 0.296 0.348 0.296 0.36 0.3075 0.36
7 0.2995 0.32200000000000006 0.2975 0.32200000000000006 0.2975 0.3313333333333334 0.2995 0.3313333333333334
8 0.3005 0.43866666666666665 0.2925 0.43866666666666665 0.2925 0.45 0.3005 0.45
5 0.2995 0.44266666666666665 0.293 0.44266666666666665 0.293 0.46066666666666667 0.2995 0.46066666666666667
3 0.264 0.378 0.25350000000000006 0.378 0.25350000000000006 0.39266666666666666 0.264 0.39266666666666666
3 0.22750000000000006 0.558 0.16550000000000006 0.558 0.16550000000000006 0.5933333333333334 0.22750000000000006 0.5933333333333334
3 0.20000000000000007 0.5313333333333333 0.14800000000000005 0.5313333333333333 0.14800000000000005 0.5613333333333334 0.20000000000000007 0.5613333333333334
3 0.26 0.506 0.23700000000000004 0.506 0.23700000000000004 0.5353333333333333 0.26 0.5353333333333333
3 0.2695 0.482 0.23800000000000004 0.482 0.23800000000000004 0.5073333333333333 0.2695 0.5073333333333333
3 0.2725 0.4646666666666667 0.23550000000000007 0.4646666666666667 0.23550000000000007 0.492 0.2725 0.492
3 0.258 0.454 0.23850000000000005 0.454 0.23850000000000005 0.474 0.258 0.474
3 0.262 0.4073333333333333 0.24200000000000005 0.4073333333333333 0.24200000000000005 0.4246666666666667 0.262 0.4246666666666667
3 0.261 0.39866666666666667 0.24700000000000005 0.39866666666666667 0.24700000000000005 0.414 0.261 0.414
7 0.030500000000000034 0.39666666666666667 0.026500000000000034 0.39666666666666667 0.026500000000000034 0.414 0.030500000000000034 0.414
7 0.08700000000000002 0.39066666666666666 0.08350000000000003 0.39066666666666666 0.08350000000000003 0.4053333333333333 0.08700000000000002 0.4053333333333333
11 0.18700000000000006 0.37666666666666665 0.15700000000000006 0.37666666666666665 0.15700000000000006 0.39666666666666667 0.18700000000000006 0.39666666666666667
3 0.16050000000000006 0.37533333333333335 0.14000000000000007 0.37533333333333335 0.14000000000000007 0.386 0.16050000000000006 0.386
3 0.16450000000000006 0.368 0.14350000000000004 0.368 0.14350000000000004 0.38266666666666665 0.16450000000000006 0.38266666666666665
3 0.16950000000000007 0.366 0.14600000000000005 0.366 0.14600000000000005 0.38 0.16950000000000007 0.38
3 0.17400000000000004 0.36133333333333334 0.15150000000000005 0.36133333333333334 0.15150000000000005 0.37533333333333335 0.17400000000000004 0.37533333333333335
3 0.11550000000000003 0.356 0.10450000000000002 0.356 0.10450000000000002 0.368 0.11550000000000003 0.368
5 0.09350000000000003 0.37133333333333335 0.08550000000000003 0.37133333333333335 0.08550000000000003 0.38 0.09350000000000003 0.38
5 0.10000000000000003 0.3626666666666667 0.09400000000000003 0.3626666666666667 0.09400000000000003 0.37133333333333335 0.10000000000000003 0.37133333333333335
10 0.18400000000000005 0.33 0.14050000000000007 0.33 0.14050000000000007 0.3486666666666667 0.18400000000000005 0.3486666666666667
10 0.13650000000000007 0.3313333333333333 0.10400000000000002 0.3313333333333333 0.10400000000000002 0.348 0.13650000000000007 0.348
4 0.375 0.2700000000000001 0.343 0.2700000000000001 0.343 0.2933333333333334 0.375 0.2933333333333334