7 0.14285714285714285 0.19923857868020303 0.1407142857142857 0.19923857868020303 0.1407142857142857 0.20812182741116753 0.14285714285714285 0.20812182741116753
7 0.14142857142857143 0.1967005076142132 0.13857142857142857 0.1967005076142132 0.13857142857142857 0.2068527918781726 0.14142857142857143 0.2068527918781726
7 0.06357142857142863 0.9137055837563451 0.06000000000000006 0.9137055837563451 0.06000000000000006 0.9200507614213198 0.06357142857142863 0.9200507614213198
7 0.06285714285714292 0.9086294416243654 0.058571428571428635 0.9086294416243654 0.058571428571428635 0.916243654822335 0.06285714285714292 0.916243654822335
11 0.22428571428571437 0.9238578680203046 0.20428571428571438 0.9238578680203046 0.20428571428571438 0.9390862944162437 0.22428571428571437 0.9390862944162437
3 0.35857142857142865 0.7690355329949239 0.3457142857142858 0.7690355329949239 0.3457142857142858 0.7918781725888325 0.35857142857142865 0.7918781725888325
3 0.37142857142857144 0.7626903553299492 0.3571428571428572 0.7626903553299492 0.3571428571428572 0.7906091370558376 0.37142857142857144 0.7906091370558376
3 0.38357142857142856 0.7626903553299492 0.3692857142857143 0.7626903553299492 0.3692857142857143 0.7893401015228426 0.38357142857142856 0.7893401015228426
3 0.39714285714285713 0.7652284263959391 0.38285714285714284 0.7652284263959391 0.38285714285714284 0.7931472081218274 0.39714285714285713 0.7931472081218274
3 0.4157142857142857 0.766497461928934 0.4014285714285714 0.766497461928934 0.4014285714285714 0.7944162436548223 0.4157142857142857 0.7944162436548223
3 0.42928571428571427 0.7690355329949239 0.4142857142857143 0.7690355329949239 0.4142857142857143 0.7982233502538071 0.42928571428571427 0.7982233502538071
3 0.44357142857142856 0.7703045685279187 0.42928571428571427 0.7703045685279187 0.42928571428571427 0.799492385786802 0.44357142857142856 0.799492385786802
3 0.4542857142857143 0.766497461928934 0.4421428571428571 0.766497461928934 0.4421428571428571 0.7918781725888325 0.4542857142857143 0.7918781725888325
3 0.5014285714285714 0.637055837563452 0.48642857142857143 0.637055837563452 0.48642857142857143 0.666243654822335 0.5014285714285714 0.666243654822335
3 0.4735714285714286 0.634517766497462 0.45785714285714285 0.634517766497462 0.45785714285714285 0.6624365482233503 0.4735714285714286 0.6624365482233503
11 0.37357142857142855 0.6319796954314723 0.35857142857142865 0.6319796954314723 0.35857142857142865 0.6624365482233503 0.37357142857142855 0.6624365482233503
11 0.3607142857142858 0.635786802030457 0.34642857142857153 0.635786802030457 0.34642857142857153 0.6637055837563451 0.3607142857142858 0.6637055837563451
11 0.32928571428571435 0.6281725888324873 0.31500000000000006 0.6281725888324873 0.31500000000000006 0.6586294416243654 0.32928571428571435 0.6586294416243654
11 0.3450000000000001 0.6307106598984772 0.33000000000000007 0.6307106598984772 0.33000000000000007 0.6560913705583756 0.3450000000000001 0.6560913705583756
3 0.48642857142857143 0.766497461928934 0.4692857142857143 0.766497461928934 0.4692857142857143 0.799492385786802 0.48642857142857143 0.799492385786802
3 0.5435714285714286 0.7728426395939086 0.5271428571428571 0.7728426395939086 0.5271428571428571 0.8071065989847716 0.5435714285714286 0.8071065989847716
3 0.5907142857142857 0.7766497461928934 0.5728571428571428 0.7766497461928934 0.5728571428571428 0.8109137055837563 0.5907142857142857 0.8109137055837563
3 0.6042857142857143 0.6459390862944164 0.5878571428571429 0.6459390862944164 0.5878571428571429 0.6763959390862944 0.6042857142857143 0.6763959390862944
3 0.5878571428571429 0.6459390862944164 0.5721428571428572 0.6459390862944164 0.5721428571428572 0.6725888324873096 0.5878571428571429 0.6725888324873096
3 0.5728571428571428 0.6446700507614215 0.5592857142857143 0.6446700507614215 0.5592857142857143 0.6713197969543148 0.5728571428571428 0.6713197969543148
3 0.5614285714285714 0.6459390862944164 0.5457142857142857 0.6459390862944164 0.5457142857142857 0.6763959390862944 0.5614285714285714 0.6763959390862944
3 0.41714285714285715 0.6319796954314723 0.4 0.6319796954314723 0.4 0.6649746192893401 0.41714285714285715 0.6649746192893401
3 0.4007142857142857 0.6332487309644671 0.3871428571428571 0.6332487309644671 0.3871428571428571 0.6586294416243654 0.4007142857142857 0.6586294416243654
11 0.3892857142857143 0.635786802030457 0.3757142857142857 0.635786802030457 0.3757142857142857 0.6624365482233503 0.3892857142857143 0.6624365482233503
3 0.445 0.6332487309644671 0.43 0.6332487309644671 0.43 0.6624365482233503 0.445 0.6624365482233503
3 0.4592857142857143 0.6319796954314723 0.44285714285714284 0.6319796954314723 0.44285714285714284 0.6624365482233503 0.4592857142857143 0.6624365482233503
11 0.8407142857142857 0.9695431472081221 0.8307142857142857 0.9695431472081221 0.8307142857142857 0.9961928934010155 0.8407142857142857 0.9961928934010155
11 0.8292857142857143 0.9682741116751272 0.8192857142857143 0.9682741116751272 0.8192857142857143 0.9974619289340104 0.8292857142857143 0.9974619289340104
11 0.8171428571428572 0.9682741116751272 0.8071428571428572 0.9682741116751272 0.8071428571428572 0.9974619289340104 0.8171428571428572 0.9974619289340104
11 0.7828571428571428 0.9670050761421323 0.7721428571428571 0.9670050761421323 0.7721428571428571 0.9974619289340104 0.7828571428571428 0.9974619289340104
3 0.805 0.9670050761421323 0.795 0.9670050761421323 0.795 0.9987309644670054 0.805 0.9987309644670054
3 0.795 0.9670050761421323 0.7828571428571428 0.9670050761421323 0.7828571428571428 0.9974619289340104 0.795 0.9974619289340104
3 0.7714285714285715 0.9695431472081221 0.7621428571428571 0.9695431472081221 0.7621428571428571 0.9987309644670054 0.7714285714285715 0.9987309644670054
3 0.7607142857142857 0.9670050761421323 0.7507142857142857 0.9670050761421323 0.7507142857142857 0.9987309644670054 0.7607142857142857 0.9987309644670054
3 0.7492857142857143 0.9644670050761425 0.7385714285714285 0.9644670050761425 0.7385714285714285 0.9987309644670054 0.7492857142857143 0.9987309644670054
3 0.7378571428571429 0.9670050761421323 0.7292857142857143 0.9670050761421323 0.7292857142857143 0.9961928934010155 0.7378571428571429 0.9961928934010155
11 0.7278571428571429 0.9657360406091373 0.7185714285714285 0.9657360406091373 0.7185714285714285 0.9961928934010155 0.7278571428571429 0.9961928934010155
3 0.7157142857142857 0.9631979695431475 0.7064285714285714 0.9631979695431475 0.7064285714285714 0.9974619289340104 0.7157142857142857 0.9974619289340104
11 0.7057142857142857 0.9644670050761425 0.6957142857142857 0.9644670050761425 0.6957142857142857 0.9974619289340104 0.7057142857142857 0.9974619289340104
11 0.6814285714285714 0.9619289340101526 0.6721428571428572 0.9619289340101526 0.6721428571428572 0.9961928934010155 0.6814285714285714 0.9961928934010155
11 0.6264285714285714 0.9657360406091371 0.6178571428571429 0.9657360406091371 0.6178571428571429 0.998730964467005 0.6264285714285714 0.998730964467005
3 0.6478571428571429 0.9708121827411168 0.6407142857142857 0.9708121827411168 0.6407142857142857 0.998730964467005 0.6478571428571429 0.998730964467005
3 0.66 0.9682741116751269 0.6514285714285715 0.9682741116751269 0.6514285714285715 0.998730964467005 0.66 0.998730964467005
3 0.6057142857142858 0.9631979695431472 0.5935714285714285 0.9631979695431472 0.5935714285714285 0.9974619289340102 0.6057142857142858 0.9974619289340102
3 0.5807142857142857 0.9657360406091371 0.5728571428571428 0.9657360406091371 0.5728571428571428 0.998730964467005 0.5807142857142857 0.998730964467005
3 0.5592857142857143 0.9720812182741116 0.55 0.9720812182741116 0.55 0.998730964467005 0.5592857142857143 0.998730964467005