3 0.5000000000000001 0.9239332096474955 0.46242171189979137 0.9239332096474954 0.46242171189979137 0.9990723562152134 0.5000000000000001 0.9990723562152134
3 0.5970772442588727 0.5807050092764381 0.5762004175365344 0.5807050092764381 0.5762004175365344 0.6252319109461969 0.5970772442588727 0.6252319109461969
3 0.6805845511482255 0.5046382189239335 0.6456158663883089 0.5046382189239335 0.6456158663883089 0.5361781076066793 0.6805845511482255 0.5361781076066793
3 0.4744258872651357 0.4248608534322821 0.45772442588726514 0.4248608534322821 0.45772442588726514 0.4647495361781077 0.4744258872651357 0.4647495361781077
3 0.11116910229645097 0.31261595547309834 0.08977035490605431 0.31261595547309834 0.08977035490605431 0.3302411873840445 0.11116910229645097 0.3302411873840445
3 0.45876826722338204 0.3515769944341374 0.4451983298538622 0.3515769944341374 0.4451983298538622 0.38033395176252327 0.45876826722338204 0.38033395176252327
3 0.3987473903966597 0.2764378478664194 0.38778705636743216 0.2764378478664194 0.38778705636743216 0.3051948051948053 0.3987473903966597 0.3051948051948053
3 0.4535490605427975 0.2560296846011133 0.4420668058455115 0.2560296846011133 0.4420668058455115 0.2792207792207793 0.4535490605427975 0.2792207792207793
3 0.4791231732776618 0.2699443413729129 0.4660751565762004 0.2699443413729129 0.4660751565762004 0.29313543599257896 0.4791231732776618 0.29313543599257896
3 0.40396659707724425 0.17717996289424873 0.39509394572025053 0.17717996289424873 0.39509394572025053 0.1948051948051949 0.40396659707724425 0.1948051948051949
3 0.3977035490605428 0.13172541743970326 0.38883089770354906 0.13172541743970326 0.38883089770354906 0.14564007421150288 0.3977035490605428 0.14564007421150288
3 0.4102296450939457 0.1131725417439704 0.40187891440501045 0.1131725417439704 0.40187891440501045 0.12615955473098342 0.4102296450939457 0.12615955473098342
3 0.4311064718162839 0.13821892393320975 0.42379958246346555 0.13821892393320975 0.42379958246346555 0.15213358070500937 0.4311064718162839 0.15213358070500937
3 0.4441544885177453 0.13729128014842312 0.43475991649269313 0.13729128014842312 0.43475991649269313 0.15120593692022274 0.4441544885177453 0.15120593692022274
3 0.4384133611691023 0.09925788497217079 0.43162839248434237 0.09925788497217079 0.43162839248434237 0.1150278293135437 0.4384133611691023 0.1150278293135437
3 0.42379958246346555 0.06586270871985166 0.41701461377870563 0.06586270871985166 0.41701461377870563 0.07606679035250472 0.42379958246346555 0.07606679035250472
11 0.39926931106471814 0.04916512059369211 0.3924843423799583 0.0491651205936921 0.3924843423799583 0.06307977736549172 0.39926931106471814 0.06307977736549172
2 0.3836116910229645 0.05751391465677188 0.3731732776617954 0.05751391465677188 0.3731732776617954 0.0844155844155845 0.3836116910229645 0.0844155844155845
3 0.43058455114822547 0.043599257884972265 0.424321503131524 0.043599257884972265 0.424321503131524 0.05473098330241197 0.43058455114822547 0.05473098330241197
3 0.42484342379958245 0.030612244897959277 0.418580375782881 0.030612244897959277 0.418580375782881 0.039888682745825695 0.42484342379958245 0.039888682745825695
3 0.42588726513569936 0.019480519480519574 0.4196242171189979 0.019480519480519574 0.4196242171189979 0.02782931354359935 0.42588726513569936 0.02782931354359935
11 0.418580375782881 0.00927643784786651 0.4133611691022965 0.009276437847866508 0.4133611691022965 0.0222634508348795 0.418580375782881 0.0222634508348795
11 0.4838204592901879 0.1103896103896105 0.4780793319415449 0.1103896103896105 0.4780793319415449 0.12708719851577005 0.4838204592901879 0.12708719851577005
11 0.6137787056367432 0.40909090909090917 0.5882045929018789 0.40909090909090917 0.5882045929018789 0.4378478664192951 0.6137787056367432 0.4378478664192951
11 0.5824634655532359 0.32931354359925796 0.558455114822547 0.32931354359925796 0.558455114822547 0.35435992578849734 0.5824634655532359 0.35435992578849734
11 0.545929018789144 0.20964749536178118 0.528705636743215 0.20964749536178118 0.528705636743215 0.22727272727272738 0.545929018789144 0.22727272727272738
11 0.6017745302713987 0.35714285714285726 0.5709812108559499 0.35714285714285726 0.5709812108559499 0.38589981447124316 0.6017745302713987 0.38589981447124316
11 0.7207724425887265 0.6076066790352507 0.6852818371607515 0.6076066790352507 0.6852818371607515 0.642857142857143 0.7207724425887265 0.642857142857143
11 0.5433194154488518 0.22912801484230066 0.5255741127348643 0.22912801484230066 0.5255741127348643 0.24675324675324686 0.5433194154488518 0.24675324675324686
11 0.49947807933194155 0.10296846011131736 0.48643006263048016 0.10296846011131736 0.48643006263048016 0.11966604823747691 0.49947807933194155 0.11966604823747691
3 0.622651356993737 0.44155844155844165 0.593945720250522 0.44155844155844165 0.593945720250522 0.46567717996289437 0.622651356993737 0.46567717996289437
3 0.5307933194154488 0.2875695732838591 0.5187891440501043 0.2875695732838591 0.5187891440501043 0.31354359925788505 0.5307933194154488 0.31354359925788505
3 0.5803757828810021 0.31354359925788505 0.5548016701461378 0.31354359925788505 0.5548016701461378 0.33302411873840454 0.5803757828810021 0.33302411873840454
3 0.5532359081419624 0.24953617810760678 0.5292275574112735 0.24953617810760678 0.5292275574112735 0.2653061224489797 0.5532359081419624 0.2653061224489797
3 0.5396659707724426 0.20315398886827468 0.5208768267223383 0.20315398886827468 0.5208768267223383 0.22077922077922088 0.5396659707724426 0.22077922077922088
3 0.5088726513569938 0.19109461966604835 0.4989561586638831 0.19109461966604835 0.4989561586638831 0.2077922077922079 0.5088726513569938 0.2077922077922079
3 0.5271398747390397 0.16604823747680902 0.5088726513569938 0.16604823747680902 0.5088726513569938 0.18089053803339528 0.5271398747390397 0.18089053803339528
3 0.5260960334029228 0.17346938775510215 0.5083507306889353 0.17346938775510215 0.5083507306889353 0.18738404452690177 0.5260960334029228 0.18738404452690177
3 0.5407098121085595 0.15120593692022274 0.5234864300626305 0.15120593692022274 0.5234864300626305 0.16604823747680902 0.5407098121085595 0.16604823747680902
3 0.5193110647181628 0.15120593692022274 0.5020876826722338 0.15120593692022274 0.5020876826722338 0.16604823747680902 0.5193110647181628 0.16604823747680902
3 0.4681628392484342 0.04545454545454556 0.4629436325678497 0.04545454545454556 0.4629436325678497 0.05565862708719862 0.4681628392484342 0.05565862708719862
3 0.4650313152400835 0.03432282003710586 0.45876826722338204 0.03432282003710586 0.45876826722338204 0.04359925788497228 0.4650313152400835 0.04359925788497228
3 0.46085594989561585 0.022263450834879506 0.4545929018789144 0.022263450834879506 0.4545929018789144 0.03061224489795929 0.46085594989561585 0.03061224489795929
3 0.4592901878914405 0.018552875695732936 0.453027139874739 0.018552875695732936 0.453027139874739 0.025974025974026073 0.4592901878914405 0.025974025974026073
3 0.45876826722338204 0.012987012987013087 0.45407098121085593 0.012987012987013087 0.45407098121085593 0.022263450834879506 0.45876826722338204 0.022263450834879506
5 0.5621085594989561 0.19758812615955484 0.5542797494780793 0.19758812615955484 0.5542797494780793 0.20686456400742126 0.5621085594989561 0.20686456400742126
5 0.5668058455114823 0.20964749536178118 0.55741127348643 0.20964749536178118 0.55741127348643 0.2189239332096476 0.5668058455114823 0.2189239332096476
4 0.6278705636743215 0.35435992578849734 0.6184759916492694 0.35435992578849734 0.6184759916492694 0.37384044526901683 0.6278705636743215 0.37384044526901683
8 0.4968684759916493 0.21799628942486096 0.49373695198329853 0.21799628942486096 0.49373695198329853 0.22634508348794075 0.4968684759916493 0.22634508348794075
1 0.4968684759916493 0.2235621521335808 0.4932150313152401 0.2235621521335808 0.4932150313152401 0.23098330241187395 0.4968684759916493 0.23098330241187395
8 0.17588726513569944 0.8849721706864564 0.16649269311064724 0.8849721706864564 0.16649269311064724 0.9100185528756958 0.17588726513569944 0.9100185528756958
8 0.3105427974947808 0.7634508348794063 0.3011482254697286 0.7634508348794063 0.3011482254697286 0.7922077922077922 0.3105427974947808 0.7922077922077922
8 0.33350730688935293 0.865491651205937 0.32515657620041766 0.865491651205937 0.32515657620041766 0.8942486085343229 0.33350730688935293 0.8942486085343229
8 0.6090814196242171 0.6363636363636366 0.6028183716075156 0.6363636363636366 0.6028183716075156 0.6530612244897961 0.6090814196242171 0.6530612244897961
8 0.5621085594989561 0.4601113172541745 0.5563674321503131 0.4601113172541745 0.5563674321503131 0.4758812615955475 0.5621085594989561 0.4758812615955475
8 0.5506263048016702 0.4165120593692023 0.5469728601252609 0.4165120593692023 0.5469728601252609 0.4294990723562153 0.5506263048016702 0.4294990723562153
8 0.3376826722338205 0.26437847866419306 0.3345511482254697 0.26437847866419306 0.3345511482254697 0.2717996289424862 0.3376826722338205 0.2717996289424862
8 0.32724425887265135 0.2727272727272728 0.32254697286012524 0.2727272727272728 0.32254697286012524 0.28200371057513923 0.32724425887265135 0.28200371057513923
8 0.3559498956158664 0.10575139146567726 0.3533402922755741 0.10575139146567726 0.3533402922755741 0.11224489795918376 0.3559498956158664 0.11224489795918376
5 0.33820459290187893 0.27087198515769956 0.3345511482254697 0.27087198515769956 0.3345511482254697 0.28014842300556597 0.33820459290187893 0.28014842300556597
1 0.3277661795407098 0.28014842300556597 0.32306889352818374 0.28014842300556597 0.32306889352818374 0.28849721706864573 0.3277661795407098 0.28849721706864573
5 0.30845511482254695 0.7782931354359925 0.30062630480167013 0.7782931354359925 0.30062630480167013 0.8014842300556586 0.30845511482254695 0.8014842300556586
5 0.3350730688935283 0.8840445269016698 0.32620041753653456 0.8840445269016698 0.32620041753653456 0.9072356215213359 0.3350730688935283 0.9072356215213359
5 0.1842379958246347 0.8868274582560297 0.16179540709812115 0.8868274582560297 0.16179540709812115 0.924860853432282 0.1842379958246347 0.924860853432282
5 0.6106471816283925 0.6391465677179965 0.5996868475991649 0.6391465677179965 0.5996868475991649 0.6660482374768091 0.6106471816283925 0.6660482374768091
5 0.5610647181628392 0.46382189239332106 0.5558455114822547 0.46382189239332106 0.5558455114822547 0.4814471243042674 0.5610647181628392 0.4814471243042674
5 0.5506263048016702 0.41929499072356224 0.5464509394572025 0.41929499072356224 0.5464509394572025 0.43506493506493515 0.5506263048016702 0.43506493506493515
5 0.6038622129436325 0.5769944341372915 0.5981210855949896 0.5769944341372915 0.5981210855949896 0.6057513914656774 0.6038622129436325 0.6057513914656774
3 0.6179540709812108 0.5769944341372915 0.6122129436325678 0.5769944341372915 0.6122129436325678 0.6011131725417442 0.6179540709812108 0.6011131725417442
8 0.8596033402922756 0.933209647495362 0.8517745302713987 0.933209647495362 0.8517745302713987 0.9545454545454546 0.8596033402922756 0.9545454545454546
8 0.9431106471816284 0.9313543599257887 0.93580375782881 0.9313543599257887 0.93580375782881 0.9591836734693877 0.9431106471816284 0.9591836734693877
5 0.8674321503131524 0.9369202226345086 0.8423799582463466 0.9369202226345086 0.8423799582463466 0.963821892393321 0.8674321503131524 0.963821892393321
5 0.9065762004175365 0.9369202226345086 0.8804801670146137 0.9369202226345086 0.8804801670146137 0.9601113172541744 0.9065762004175365 0.9601113172541744
5 0.9483298538622129 0.9397031539888685 0.9269311064718163 0.9397031539888685 0.9269311064718163 0.961038961038961 0.9483298538622129 0.961038961038961
8 0.9003131524008351 0.930426716141002 0.894572025052192 0.930426716141002 0.894572025052192 0.9545454545454546 0.9003131524008351 0.9545454545454546
8 0.9050104384133612 0.9341372912801487 0.9003131524008351 0.9341372912801487 0.9003131524008351 0.9545454545454546 0.9050104384133612 0.9545454545454546
5 0.3564718162839248 0.11131725417439711 0.3533402922755741 0.11131725417439711 0.3533402922755741 0.11966604823747685 0.3564718162839248 0.11966604823747685
7 0.4592901878914405 0.06957328385899825 0.4572025052192067 0.06957328385899825 0.4572025052192067 0.07884972170686468 0.4592901878914405 0.07884972170686468
7 0.4561586638830898 0.06771799628942497 0.45407098121085593 0.06771799628942497 0.45407098121085593 0.07699443413729139 0.4561586638830898 0.07699443413729139
7 0.4582463465553236 0.05936920222634519 0.4561586638830898 0.05936920222634519 0.4561586638830898 0.06771799628942497 0.4582463465553236 0.06771799628942497
3 0.08246346555323594 0.3144712430426716 0.06419624217119 0.3144712430426716 0.06419624217119001 0.33302411873840443 0.08246346555323594 0.33302411873840443
3 0.039144050104384154 0.3144712430426716 0.016179540709812132 0.3144712430426716 0.016179540709812132 0.3274582560296846 0.03914405010438416 0.3274582560296846
3 0.11951983298538625 0.2560296846011132 0.09707724425887268 0.2560296846011132 0.09707724425887268 0.2764378478664193 0.11951983298538625 0.2764378478664193
3 0.1336116910229645 0.24397031539888683 0.10647181628392487 0.24397031539888683 0.10647181628392487 0.2588126159554731 0.1336116910229645 0.2588126159554731
5 0.6043841336116911 0.4619666048237478 0.5991649269311065 0.4619666048237478 0.5991649269311065 0.4786641929499074 0.6043841336116911 0.4786641929499074
5 0.6111691022964509 0.4647495361781077 0.6069937369519833 0.4647495361781077 0.6069937369519833 0.48051948051948074 0.6111691022964509 0.48051948051948074
3 0.45041753653444677 0.018552875695732936 0.44572025052192066 0.018552875695732936 0.44572025052192066 0.026901669758812714 0.45041753653444677 0.026901669758812714
2 0.5005219206680585 0.3497217068645641 0.471294363256785 0.3497217068645641 0.471294363256785 0.42578849721706874 0.5005219206680585 0.42578849721706874
7 0.9467640918580376 0.6159554730983304 0.9399791231732777 0.6159554730983304 0.9399791231732777 0.6382189239332099 0.9467640918580376 0.6382189239332099
5 0.545929018789144 0.179035250463822 0.5417536534446764 0.179035250463822 0.5417536534446764 0.1901669758812617 0.545929018789144 0.1901669758812617