4 0.4714285714285714 7.5461569433175e-17 0.45285714285714285 7.394534006280209e-17 0.45285714285714285 0.019047619047619122 0.4714285714285714 0.019047619047619122
4 0.49785714285714283 0.0009523809523810332 0.49214285714285716 0.0009523809523810327 0.49214285714285716 0.014285714285714367 0.49785714285714283 0.014285714285714367
10 0.4642857142857143 0.20952380952380958 0.4357142857142857 0.20952380952380958 0.4357142857142857 0.24380952380952392 0.4642857142857143 0.24380952380952392
3 0.8157142857142857 0.35428571428571437 0.7964285714285714 0.35428571428571437 0.7964285714285714 0.38095238095238104 0.8157142857142857 0.38095238095238104
3 0.7942857142857143 0.3504761904761906 0.7778571428571428 0.3504761904761906 0.7778571428571428 0.3800000000000001 0.7942857142857143 0.3800000000000001
5 0.38000000000000017 0.9247619047619048 0.3650000000000001 0.9247619047619048 0.3650000000000001 0.96 0.38000000000000017 0.96
8 0.3821428571428573 0.9304761904761905 0.36928571428571444 0.9304761904761905 0.36928571428571444 0.9485714285714286 0.3821428571428573 0.9485714285714286
8 0.04285714285714292 0.6161904761904762 0.03285714285714292 0.6161904761904762 0.03285714285714292 0.6314285714285715 0.04285714285714292 0.6314285714285715
8 0.12071428571428576 0.4704761904761905 0.11142857142857147 0.4704761904761905 0.11142857142857147 0.4876190476190476 0.12071428571428576 0.4876190476190476
5 0.0471428571428572 0.6142857142857143 0.03428571428571435 0.6142857142857143 0.03428571428571435 0.6390476190476191 0.0471428571428572 0.6390476190476191
5 0.12214285714285718 0.47333333333333333 0.11142857142857147 0.47333333333333333 0.11142857142857147 0.49333333333333335 0.12214285714285718 0.49333333333333335
3 0.4085714285714286 0.26190476190476203 0.3871428571428571 0.26190476190476203 0.3871428571428571 0.27904761904761916 0.4085714285714286 0.27904761904761916
3 0.33285714285714285 0.16285714285714292 0.32357142857142857 0.16285714285714292 0.32357142857142857 0.17619047619047626 0.33285714285714285 0.17619047619047626
11 0.45714285714285713 0.09047619047619056 0.4521428571428571 0.09047619047619056 0.4521428571428571 0.09904761904761913 0.45714285714285713 0.09904761904761913
3 0.5792857142857143 0.181904761904762 0.5707142857142857 0.181904761904762 0.5707142857142857 0.19714285714285726 0.5792857142857143 0.19714285714285726
10 0.5742857142857143 0.1580952380952382 0.5542857142857143 0.1580952380952382 0.5542857142857143 0.17142857142857154 0.5742857142857143 0.17142857142857154
10 0.585 0.1961904761904763 0.5571428571428572 0.1961904761904763 0.5571428571428572 0.2161904761904763 0.585 0.2161904761904763
11 0.7085714285714285 0.2580952380952382 0.6928571428571428 0.2580952380952382 0.6928571428571428 0.2723809523809525 0.7085714285714285 0.2723809523809525
10 0.7164285714285714 0.03904761904761917 0.7078571428571429 0.03904761904761917 0.7078571428571429 0.05523809523809536 0.7164285714285714 0.05523809523809536
10 0.45785714285714285 0.049523809523809595 0.45071428571428573 0.049523809523809595 0.45071428571428573 0.06666666666666675 0.45785714285714285 0.06666666666666675
10 0.4614285714285714 0.07047619047619055 0.45357142857142857 0.07047619047619055 0.45357142857142857 0.08857142857142865 0.4614285714285714 0.08857142857142865
4 0.48928571428571427 0.160952380952381 0.48214285714285715 0.160952380952381 0.48214285714285715 0.1733333333333334 0.48928571428571427 0.1733333333333334
4 0.48214285714285715 0.25333333333333347 0.47285714285714286 0.25333333333333347 0.47285714285714286 0.2676190476190477 0.48214285714285715 0.2676190476190477
7 0.4421428571428571 0.42761904761904773 0.4392857142857143 0.42761904761904773 0.4392857142857143 0.44476190476190486 0.4421428571428571 0.44476190476190486