7 0.4992857142857144 0.8495238095238096 0.4442857142857143 0.8495238095238096 0.44428571428571434 0.9714285714285714 0.49928571428571444 0.9714285714285714
7 0.6042857142857143 0.7542857142857143 0.5621428571428572 0.7542857142857143 0.5621428571428572 0.8542857142857143 0.6042857142857143 0.8542857142857143
7 0.6871428571428572 0.6152380952380954 0.65 0.6152380952380953 0.65 0.7076190476190477 0.6871428571428572 0.7076190476190478
7 0.7021428571428572 0.5361904761904764 0.6728571428571428 0.5361904761904764 0.6728571428571428 0.6257142857142859 0.7021428571428572 0.6257142857142859
7 0.6992857142857143 0.44285714285714295 0.6564285714285715 0.44285714285714295 0.6564285714285715 0.5380952380952382 0.6992857142857143 0.5380952380952383
7 0.6257142857142857 0.4400000000000001 0.6028571428571429 0.4400000000000001 0.6028571428571429 0.518095238095238 0.6257142857142857 0.518095238095238
7 0.6307142857142857 0.362857142857143 0.6121428571428571 0.362857142857143 0.6121428571428571 0.4342857142857144 0.6307142857142857 0.4342857142857144
7 0.6121428571428571 0.32476190476190486 0.5907142857142857 0.32476190476190486 0.5907142857142857 0.3923809523809525 0.6121428571428571 0.3923809523809525
7 0.37857142857142856 0.518095238095238 0.3400000000000001 0.518095238095238 0.3400000000000001 0.6295238095238095 0.37857142857142856 0.6295238095238095
7 0.11000000000000008 0.6876190476190476 0.04785714285714292 0.6876190476190476 0.04785714285714293 0.8180952380952381 0.11000000000000008 0.8180952380952381
7 0.12357142857142864 0.6323809523809524 0.05428571428571435 0.6323809523809524 0.05428571428571435 0.7457142857142857 0.12357142857142865 0.7457142857142857
8 0.4007142857142857 0.4695238095238096 0.3564285714285715 0.4695238095238096 0.3564285714285715 0.5542857142857143 0.4007142857142857 0.5542857142857143
8 0.39571428571428574 0.5009523809523809 0.34857142857142864 0.5009523809523809 0.34857142857142864 0.5923809523809523 0.39571428571428574 0.5923809523809523
7 0.3585714285714286 0.2590476190476191 0.3221428571428571 0.259047619047619 0.3221428571428571 0.33047619047619053 0.3585714285714286 0.3304761904761906
7 0.5314285714285715 0.26190476190476203 0.515 0.26190476190476203 0.515 0.3333333333333334 0.5314285714285715 0.3333333333333334
7 0.5764285714285714 0.29142857142857154 0.5578571428571428 0.29142857142857154 0.5578571428571428 0.35714285714285726 0.5764285714285714 0.35714285714285726
1 0.5807142857142857 0.282857142857143 0.5414285714285715 0.282857142857143 0.5414285714285715 0.3171428571428572 0.5807142857142857 0.3171428571428572