4 0.224 0.09333333333333337 0.135 0.09333333333333337 0.135 0.19266666666666668 0.224 0.19266666666666668
3 0.215 0.20066666666666666 0.2095 0.20066666666666666 0.2095 0.208 0.215 0.208
3 0.22 0.20533333333333334 0.213 0.20533333333333334 0.213 0.21266666666666667 0.22 0.21266666666666667
3 0.2185 0.216 0.211 0.216 0.211 0.22533333333333333 0.2185 0.22533333333333333
3 0.2245 0.214 0.218 0.214 0.218 0.22533333333333333 0.2245 0.22533333333333333
3 0.231 0.21533333333333332 0.2255 0.21533333333333332 0.2255 0.22333333333333333 0.231 0.22333333333333333
3 0.231 0.22133333333333333 0.225 0.22133333333333333 0.225 0.23 0.231 0.23
3 0.231 0.23533333333333334 0.224 0.23533333333333334 0.224 0.244 0.231 0.244
3 0.236 0.23066666666666671 0.229 0.23066666666666666 0.229 0.23933333333333337 0.236 0.2393333333333334
3 0.241 0.23800000000000007 0.2345 0.23800000000000007 0.2345 0.24600000000000008 0.241 0.24600000000000008
3 0.2375 0.24333333333333337 0.2295 0.24333333333333335 0.2295 0.25400000000000006 0.2375 0.25400000000000006
3 0.2475 0.24800000000000008 0.241 0.24800000000000008 0.241 0.2573333333333334 0.2475 0.2573333333333334
3 0.2445 0.2553333333333334 0.238 0.2553333333333334 0.238 0.2666666666666667 0.2445 0.2666666666666667
3 0.2355 0.25800000000000006 0.2275 0.258 0.2275 0.268 0.2355 0.26800000000000007
3 0.2555 0.2613333333333334 0.2485 0.2613333333333334 0.2485 0.2713333333333334 0.2555 0.2713333333333334
3 0.26 0.26800000000000007 0.2525 0.26800000000000007 0.2525 0.2800000000000001 0.26 0.2800000000000001
3 0.2535 0.27733333333333343 0.2455 0.27733333333333343 0.2455 0.2860000000000001 0.2535 0.2860000000000001
3 0.2725 0.2726666666666667 0.2665 0.2726666666666667 0.2665 0.28133333333333344 0.2725 0.28133333333333344
2 0.2665 0.24666666666666676 0.251 0.24666666666666676 0.251 0.2693333333333334 0.2665 0.2693333333333334
2 0.238 0.2066666666666667 0.2285 0.20666666666666667 0.2285 0.2226666666666667 0.238 0.22266666666666673
4 0.2645 0.21400000000000008 0.245 0.21400000000000008 0.245 0.24066666666666675 0.2645 0.24066666666666675
3 0.322 0.2453333333333334 0.3075 0.2453333333333334 0.3075 0.25266666666666676 0.322 0.25266666666666676
3 0.2795 0.28066666666666673 0.2705 0.28066666666666673 0.2705 0.2913333333333334 0.2795 0.2913333333333334
3 0.271 0.2853333333333334 0.2605 0.2853333333333334 0.2605 0.2960000000000001 0.271 0.2960000000000001
3 0.266 0.2933333333333334 0.256 0.2933333333333334 0.256 0.30600000000000005 0.266 0.30600000000000005
3 0.28 0.2960000000000001 0.2685 0.2960000000000001 0.2685 0.30800000000000005 0.28 0.30800000000000005
3 0.292 0.2973333333333334 0.283 0.2973333333333334 0.283 0.30866666666666676 0.292 0.30866666666666676
3 0.281 0.3173333333333334 0.271 0.3173333333333334 0.271 0.3313333333333334 0.281 0.3313333333333334
3 0.2935 0.3173333333333334 0.2815 0.3173333333333334 0.2815 0.33000000000000007 0.2935 0.33000000000000007
3 0.3 0.3113333333333334 0.2895 0.3113333333333334 0.2895 0.32400000000000007 0.3 0.32400000000000007
3 0.2995 0.2780000000000001 0.2905 0.2780000000000001 0.2905 0.2893333333333334 0.2995 0.2893333333333334
3 0.3045 0.28466666666666673 0.297 0.28466666666666673 0.297 0.29466666666666674 0.3045 0.29466666666666674
3 0.308 0.2880000000000001 0.3 0.2880000000000001 0.3 0.2993333333333334 0.308 0.2993333333333334
3 0.314 0.2940000000000001 0.304 0.2940000000000001 0.304 0.30600000000000005 0.314 0.30600000000000005
3 0.322 0.3033333333333334 0.311 0.3033333333333334 0.311 0.31600000000000006 0.322 0.31600000000000006
3 0.3375 0.32400000000000007 0.3255 0.32400000000000007 0.3255 0.3360000000000001 0.3375 0.3360000000000001
3 0.342 0.3340000000000001 0.3325 0.3340000000000001 0.3325 0.346 0.342 0.346
3 0.3545 0.344 0.3415 0.344 0.3415 0.358 0.3545 0.358
3 0.3655 0.35333333333333333 0.3525 0.35333333333333333 0.3525 0.368 0.3655 0.368
11 0.3175 0.3293333333333334 0.3055 0.3293333333333334 0.3055 0.3446666666666667 0.3175 0.3446666666666667
3 0.3055 0.3366666666666667 0.2925 0.3366666666666667 0.2925 0.35 0.3055 0.35
3 0.301 0.35 0.288 0.35 0.288 0.36333333333333334 0.301 0.36333333333333334
3 0.331 0.354 0.32 0.354 0.32 0.368 0.331 0.368
3 0.3215 0.38266666666666665 0.309 0.38266666666666665 0.309 0.3973333333333333 0.3215 0.3973333333333333
3 0.3355 0.37866666666666665 0.3215 0.37866666666666665 0.3215 0.394 0.3355 0.394
3 0.363 0.3953333333333333 0.349 0.3953333333333333 0.349 0.41 0.363 0.41
3 0.352 0.406 0.338 0.406 0.338 0.4206666666666667 0.352 0.4206666666666667
3 0.362 0.434 0.3485 0.434 0.3485 0.44733333333333336 0.362 0.44733333333333336
3 0.388 0.43333333333333335 0.374 0.43333333333333335 0.374 0.4493333333333333 0.388 0.4493333333333333
3 0.4155 0.4046666666666667 0.398 0.4046666666666667 0.398 0.41933333333333334 0.4155 0.41933333333333334
3 0.4415 0.43666666666666665 0.425 0.43666666666666665 0.425 0.452 0.4415 0.452
3 0.452 0.448 0.4345 0.448 0.4345 0.4653333333333333 0.452 0.4653333333333333
11 0.475 0.47666666666666674 0.457 0.4766666666666667 0.457 0.49866666666666676 0.475 0.4986666666666668
3 0.4865 0.49600000000000016 0.469 0.49600000000000016 0.469 0.5160000000000001 0.4865 0.5160000000000001
3 0.5075 0.5340000000000001 0.4865 0.5340000000000001 0.4865 0.5553333333333335 0.5075 0.5553333333333335
3 0.423 0.4866666666666667 0.4045 0.4866666666666667 0.4045 0.5066666666666667 0.423 0.5066666666666667
3 0.4205 0.51 0.4015 0.51 0.4015 0.5313333333333333 0.4205 0.5313333333333333
3 0.4515 0.546 0.431 0.546 0.431 0.5693333333333334 0.4515 0.5693333333333334
8 0.441 0.47333333333333333 0.4335 0.47333333333333333 0.4335 0.4826666666666667 0.441 0.4826666666666667
8 0.448 0.4706666666666667 0.4435 0.4706666666666667 0.4435 0.48133333333333334 0.448 0.48133333333333334
8 0.454 0.5033333333333333 0.449 0.5033333333333333 0.449 0.5133333333333333 0.454 0.5133333333333333
8 0.466 0.4993333333333334 0.4615 0.49933333333333335 0.4615 0.5086666666666667 0.466 0.5086666666666668
8 0.479 0.5260000000000001 0.4725 0.5260000000000001 0.4725 0.5400000000000001 0.479 0.5400000000000001
8 0.512 0.5893333333333335 0.506 0.5893333333333335 0.506 0.6040000000000002 0.512 0.6040000000000002
8 0.528 0.6006666666666668 0.5225 0.6006666666666668 0.5225 0.6133333333333335 0.528 0.6133333333333335
1 0.4415 0.476 0.4345 0.476 0.4345 0.48733333333333334 0.4415 0.48733333333333334
1 0.449 0.4746666666666667 0.442 0.4746666666666667 0.442 0.4846666666666667 0.449 0.4846666666666667
1 0.4555 0.5066666666666667 0.449 0.5066666666666667 0.449 0.5166666666666667 0.4555 0.5166666666666667
1 0.467 0.5020000000000001 0.461 0.502 0.461 0.5113333333333334 0.467 0.5113333333333335
1 0.4805 0.5300000000000001 0.4715 0.5300000000000001 0.4715 0.5420000000000001 0.4805 0.5420000000000001
1 0.5125 0.5920000000000002 0.504 0.5920000000000002 0.504 0.6053333333333335 0.5125 0.6053333333333335
1 0.531 0.6040000000000002 0.522 0.6040000000000002 0.522 0.6160000000000001 0.531 0.6160000000000001
5 0.5535 0.5760000000000002 0.544 0.5760000000000002 0.544 0.5933333333333335 0.5535 0.5933333333333335
3 0.571 0.6080000000000002 0.546 0.6080000000000002 0.546 0.6346666666666668 0.571 0.6346666666666668
5 0.5805 0.6246666666666668 0.5725 0.6246666666666668 0.5725 0.6426666666666668 0.5805 0.6426666666666668
5 0.561 0.6233333333333335 0.5495 0.6233333333333335 0.5495 0.6406666666666668 0.561 0.6406666666666668
3 0.604 0.6406666666666668 0.572 0.6406666666666668 0.572 0.6713333333333334 0.604 0.6713333333333334
3 0.6325 0.6740000000000002 0.598 0.6740000000000002 0.598 0.71 0.6325 0.71
3 0.66 0.7073333333333334 0.6265 0.7073333333333334 0.6265 0.744 0.66 0.744
3 0.6895 0.7406666666666667 0.6525 0.7406666666666667 0.6525 0.7826666666666666 0.6895 0.7826666666666666
3 0.73 0.7893333333333333 0.689 0.7893333333333333 0.689 0.8373333333333334 0.73 0.8373333333333334
3 0.7705 0.8366666666666667 0.7255 0.8366666666666667 0.7255 0.888 0.7705 0.888
3 0.8155 0.8893333333333333 0.7655 0.8893333333333333 0.7655 0.9473333333333334 0.8155 0.9473333333333334
3 0.871 0.9506666666666667 0.8145 0.9506666666666667 0.8145 1 0.871 1
8 0.7815 0.9313333333333333 0.77 0.9313333333333333 0.77 0.9453333333333334 0.7815 0.9453333333333334
8 0.7865 0.938 0.777 0.938 0.777 0.952 0.7865 0.952
8 0.7805 0.948 0.7695 0.948 0.7695 0.9706666666666667 0.7805 0.9706666666666667
8 0.761 0.894 0.749 0.894 0.749 0.9126666666666666 0.761 0.9126666666666666
5 0.782 0.948 0.766 0.948 0.766 0.976 0.782 0.976
5 0.786 0.928 0.768 0.928 0.768 0.9546666666666667 0.786 0.9546666666666667
1 0.7625 0.8946666666666667 0.7455 0.8946666666666667 0.7455 0.918 0.7625 0.918
1 0.797 0.878 0.781 0.878 0.781 0.902 0.797 0.902
1 0.789 0.8173333333333334 0.7765 0.8173333333333334 0.7765 0.8406666666666667 0.789 0.8406666666666667
3 0.5155 0.6700000000000002 0.4875000000000001 0.6700000000000002 0.4875000000000001 0.7033333333333334 0.5155 0.7033333333333334
3 0.532 0.834 0.4955000000000001 0.834 0.4955000000000001 0.8946666666666667 0.532 0.8946666666666667
3 0.4505000000000001 0.7346666666666667 0.4210000000000001 0.7346666666666667 0.4210000000000001 0.7826666666666666 0.4505000000000001 0.7826666666666666
8 0.4780000000000001 0.952 0.46950000000000014 0.952 0.46950000000000014 0.9733333333333334 0.4780000000000001 0.9733333333333334
1 0.4820000000000001 0.96 0.46950000000000014 0.96 0.46950000000000014 0.9833333333333333 0.4820000000000001 0.9833333333333333
2 0.4450000000000001 0.8226666666666667 0.3825000000000001 0.8226666666666667 0.3825000000000001 0.964 0.4450000000000001 0.964
3 0.33500000000000013 0.6666666666666666 0.3140000000000001 0.6666666666666666 0.3140000000000001 0.704 0.33500000000000013 0.704
3 0.3260000000000001 0.6333333333333333 0.3050000000000001 0.6333333333333333 0.3050000000000001 0.668 0.3260000000000001 0.668
3 0.31150000000000005 0.6013333333333334 0.292 0.6013333333333334 0.29200000000000004 0.6333333333333333 0.3115000000000001 0.6333333333333333
11 0.301 0.5713333333333334 0.2835 0.5713333333333334 0.2835 0.606 0.301 0.606
8 0.311 0.5333333333333333 0.304 0.5333333333333333 0.304 0.548 0.311 0.548
5 0.312 0.5373333333333333 0.305 0.5373333333333333 0.305 0.5506666666666666 0.312 0.5506666666666666
4 0.22550000000000003 0.308 0.202 0.308 0.20200000000000004 0.37733333333333335 0.22550000000000006 0.37733333333333335
7 0.23500000000000007 0.3433333333333333 0.22950000000000007 0.3433333333333333 0.22950000000000007 0.35733333333333334 0.23500000000000007 0.35733333333333334
7 0.2585 0.408 0.25200000000000006 0.408 0.25200000000000006 0.4226666666666667 0.2585 0.4226666666666667
3 0.08350000000000003 0.354 0.06600000000000003 0.354 0.06600000000000003 0.368 0.08350000000000003 0.368