3 0.23857142857142866 0.6028571428571429 0.17714285714285719 0.6028571428571429 0.1771428571428572 0.7828571428571428 0.23857142857142866 0.7828571428571428
3 0.235 0.23238095238095244 0.19071428571428573 0.23238095238095244 0.19071428571428573 0.36 0.235 0.36
3 0.135 0.19428571428571428 0.08500000000000002 0.19428571428571428 0.08500000000000002 0.30095238095238097 0.13500000000000004 0.30095238095238097
3 0.08928571428571434 0.5276190476190477 0.02500000000000005 0.5276190476190477 0.025000000000000057 0.6628571428571428 0.08928571428571434 0.6628571428571428
3 0.6692857142857143 0.36476190476190484 0.5721428571428572 0.36476190476190484 0.5721428571428572 0.41523809523809535 0.6692857142857143 0.41523809523809535
3 0.7192857142857143 0.6838095238095239 0.6028571428571429 0.6838095238095238 0.6028571428571429 0.7542857142857144 0.7192857142857143 0.7542857142857144
3 0.6778571428571428 0.4838095238095239 0.5807142857142857 0.4838095238095239 0.5807142857142857 0.5361904761904763 0.6778571428571428 0.5361904761904764
3 0.6714285714285714 0.41523809523809535 0.5764285714285714 0.41523809523809535 0.5764285714285714 0.4723809523809525 0.6714285714285714 0.4723809523809525
3 0.7364285714285714 0.8361904761904763 0.6228571428571429 0.8361904761904762 0.6228571428571429 0.9171428571428573 0.7364285714285714 0.9171428571428574
3 0.7278571428571429 0.7647619047619049 0.6128571428571429 0.7647619047619048 0.6128571428571429 0.841904761904762 0.7278571428571429 0.8419047619047622
11 0.705 0.602857142857143 0.6064285714285714 0.6028571428571429 0.6064285714285714 0.6733333333333335 0.705 0.6733333333333336
11 0.69 0.543809523809524 0.5928571428571429 0.5438095238095239 0.5928571428571429 0.601904761904762 0.69 0.6019047619047622
11 0.65 0.301904761904762 0.5721428571428572 0.301904761904762 0.5721428571428572 0.361904761904762 0.65 0.361904761904762
6 0.6535714285714286 0.24095238095238106 0.5935714285714285 0.24095238095238106 0.5935714285714285 0.29714285714285726 0.6535714285714286 0.29714285714285726
3 0.05500000000000007 0.7561904761904762 6.945496846592846e-17 0.7561904761904762 7.719648573196709e-17 0.9247619047619048 0.055000000000000084 0.9247619047619048
3 0.3142857142857144 0.9 0.2614285714285715 0.9 0.2614285714285715 0.9942857142857143 0.3142857142857144 0.9942857142857143
11 0.1442857142857143 0.0666666666666667 0.09928571428571428 0.0666666666666667 0.09928571428571428 0.17523809523809525 0.1442857142857143 0.17523809523809525
3 0.6185714285714285 0.03523809523809533 0.5428571428571428 0.03523809523809533 0.5428571428571428 0.09714285714285724 0.6185714285714285 0.09714285714285725
11 0.6128571428571429 9.388958793463042e-17 0.5371428571428571 8.770803742464853e-17 0.5371428571428571 0.04095238095238104 0.6128571428571429 0.040952380952381046
4 0.17142857142857143 0.056190476190476214 0.14142857142857143 0.056190476190476214 0.14142857142857143 0.11142857142857146 0.17142857142857143 0.11142857142857146
4 0.16642857142857148 0.26857142857142857 0.1435714285714286 0.26857142857142857 0.1435714285714286 0.32571428571428573 0.16642857142857148 0.32571428571428573
4 0.41285714285714287 0.1171428571428572 0.4 0.1171428571428572 0.4 0.15428571428571433 0.41285714285714287 0.15428571428571433
8 0.4035714285714286 0.06285714285714292 0.39571428571428574 0.06285714285714292 0.39571428571428574 0.08666666666666673 0.4035714285714286 0.08666666666666673
4 0.405 0.06952380952380957 0.3964285714285714 0.06952380952380957 0.3964285714285714 0.10857142857142862 0.405 0.10857142857142862
7 0.43142857142857144 0.05714285714285721 0.4185714285714286 0.05714285714285721 0.4185714285714286 0.0895238095238096 0.43142857142857144 0.0895238095238096
7 0.685 0.201904761904762 0.67 0.201904761904762 0.67 0.2380952380952382 0.685 0.2380952380952382
7 0.6921428571428572 0.22476190476190486 0.6835714285714286 0.22476190476190486 0.6835714285714286 0.24285714285714297 0.6921428571428572 0.24285714285714297
7 0.7114285714285714 0.20761904761904773 0.7 0.20761904761904773 0.7 0.24476190476190487 0.7114285714285714 0.24476190476190487
8 0.6457142857142857 0.11238095238095248 0.6314285714285715 0.11238095238095248 0.6314285714285715 0.1400000000000001 0.6457142857142857 0.1400000000000001
5 0.6535714285714286 0.1200000000000001 0.6185714285714285 0.1200000000000001 0.6185714285714285 0.14666666666666678 0.6535714285714286 0.14666666666666678
5 0.7092857142857143 0.032380952380952496 0.6971428571428572 0.03238095238095249 0.6971428571428572 0.08190476190476201 0.7092857142857143 0.08190476190476201
7 0.7978571428571428 0.7228571428571431 0.775 0.7228571428571431 0.775 0.7457142857142859 0.7978571428571428 0.7457142857142859
7 0.5714285714285714 0.8495238095238096 0.5592857142857143 0.8495238095238096 0.5592857142857143 0.88 0.5714285714285714 0.88
7 0.8057142857142857 0.5476190476190478 0.7907142857142857 0.5476190476190478 0.7907142857142857 0.563809523809524 0.8057142857142857 0.563809523809524
5 0.7892857142857143 0.4800000000000001 0.7635714285714286 0.4800000000000001 0.7635714285714286 0.5161904761904764 0.7892857142857143 0.5161904761904764
5 0.7828571428571428 0.5066666666666669 0.7635714285714286 0.5066666666666669 0.7635714285714286 0.5438095238095241 0.7828571428571428 0.5438095238095241
1 0.8185714285714286 0.5895238095238098 0.7828571428571428 0.5895238095238098 0.7828571428571428 0.6190476190476193 0.8185714285714286 0.6190476190476193
5 0.835 0.6219047619047621 0.82 0.6219047619047621 0.82 0.6685714285714288 0.835 0.6685714285714288
4 0.452857142857143 0.9266666666666666 0.4285714285714287 0.9266666666666666 0.4285714285714287 0.9980952380952381 0.452857142857143 0.9980952380952381
11 0.7528571428571429 0.9266666666666667 0.6314285714285716 0.9266666666666666 0.6314285714285716 1 0.7528571428571429 1
11 0.1185714285714286 0.32095238095238093 0.05142857142857145 0.32095238095238093 0.05142857142857146 0.44476190476190475 0.1185714285714286 0.44476190476190475