3 0.37357142857142855 0.5104761904761905 0.2657142857142858 0.5104761904761905 0.2657142857142858 0.7333333333333333 0.37357142857142855 0.7333333333333333
3 0.16357142857142865 0.6733333333333333 0.03428571428571435 0.6733333333333333 0.034285714285714364 0.9847619047619047 0.16357142857142865 0.9847619047619047
3 0.1578571428571429 0.48 0.06428571428571432 0.48 0.06428571428571433 0.6580952380952381 0.1578571428571429 0.6580952380952381
3 0.15000000000000005 0.33714285714285713 0.07071428571428576 0.33714285714285713 0.07071428571428576 0.48 0.15000000000000005 0.48
3 0.13928571428571432 0.24666666666666667 0.0792857142857143 0.24666666666666667 0.07928571428571432 0.34476190476190477 0.13928571428571432 0.34476190476190477
3 0.28 0.24666666666666667 0.21785714285714286 0.24666666666666667 0.21785714285714286 0.33904761904761904 0.28 0.33904761904761904
3 0.39 0.3885714285714286 0.2621428571428571 0.38857142857142857 0.2621428571428572 0.5066666666666667 0.39 0.5066666666666667
3 0.8164285714285714 0.35904761904761917 0.6678571428571428 0.35904761904761917 0.6678571428571428 0.46095238095238106 0.8164285714285714 0.46095238095238106
11 0.8642857142857143 0.605714285714286 0.6935714285714286 0.605714285714286 0.6935714285714286 0.8180952380952383 0.8642857142857143 0.8180952380952383
7 0.4828571428571429 0.3476190476190477 0.46285714285714286 0.3476190476190477 0.46285714285714286 0.422857142857143 0.4828571428571429 0.422857142857143
7 0.44357142857142856 0.3038095238095239 0.4207142857142857 0.3038095238095239 0.4207142857142857 0.37047619047619057 0.44357142857142856 0.37047619047619057
3 0.555 0.2961904761904763 0.46 0.2961904761904763 0.46 0.41904761904761917 0.555 0.41904761904761917
3 0.5007142857142857 0.2314285714285715 0.4257142857142857 0.23142857142857148 0.4257142857142857 0.31047619047619057 0.5007142857142857 0.31047619047619057
3 0.44571428571428573 0.17714285714285719 0.3792857142857143 0.17714285714285719 0.3792857142857143 0.23809523809523814 0.44571428571428573 0.23809523809523814
3 0.3492857142857143 0.23047619047619053 0.2842857142857143 0.23047619047619053 0.2842857142857143 0.31428571428571433 0.3492857142857143 0.3142857142857144
3 0.31214285714285717 0.16380952380952388 0.26285714285714284 0.16380952380952388 0.26285714285714284 0.22857142857142862 0.31214285714285717 0.22857142857142862
3 0.25642857142857145 0.16380952380952388 0.20642857142857143 0.16380952380952388 0.20642857142857143 0.2371428571428572 0.25642857142857145 0.2371428571428572
11 0.12928571428571428 0.10095238095238097 0.08571428571428572 0.10095238095238097 0.08571428571428573 0.17904761904761904 0.12928571428571428 0.17904761904761904
3 0.40714285714285714 0.12952380952380957 0.35714285714285715 0.12952380952380957 0.35714285714285715 0.18476190476190482 0.40714285714285714 0.18476190476190482
3 0.37357142857142855 0.09238095238095244 0.3271428571428571 0.09238095238095244 0.3271428571428571 0.14571428571428577 0.37357142857142855 0.14571428571428577
3 0.29214285714285715 0.11523809523809528 0.24285714285714285 0.11523809523809526 0.24285714285714285 0.17047619047619053 0.29214285714285715 0.17047619047619053
3 0.24 0.12571428571428578 0.1992857142857143 0.12571428571428578 0.1992857142857143 0.1733333333333334 0.24 0.1733333333333334
3 0.22642857142857142 0.08476190476190479 0.18785714285714286 0.08476190476190479 0.18785714285714286 0.13142857142857148 0.22642857142857142 0.13142857142857148
3 0.22214285714285714 0.06000000000000003 0.18071428571428572 0.060000000000000026 0.18071428571428572 0.10380952380952384 0.22214285714285714 0.10380952380952384
3 0.3464285714285714 0.04380952380952386 0.30214285714285716 0.04380952380952386 0.30214285714285716 0.0933333333333334 0.3464285714285714 0.0933333333333334
3 0.315 0.019047619047619098 0.2757142857142857 0.019047619047619094 0.2757142857142857 0.056190476190476235 0.315 0.05619047619047624
3 0.22357142857142856 0.004761904761904796 0.18928571428571428 0.004761904761904793 0.18928571428571428 0.04285714285714289 0.22357142857142856 0.0428571428571429
3 0.19714285714285715 0.01619047619047622 0.15785714285714286 0.016190476190476217 0.15785714285714286 0.05809523809523812 0.19714285714285715 0.05809523809523812
3 0.17714285714285713 2.5950848839074867e-17 0.1407142857142857 2.2976706612574152e-17 0.1407142857142857 0.03142857142857146 0.17714285714285713 0.03142857142857146
3 0.10928571428571429 0.016190476190476207 0.075 0.016190476190476203 0.075 0.05523809523809525 0.10928571428571429 0.05523809523809525
3 1 0.3057142857142859 0.9257142857142857 0.3057142857142858 0.9257142857142857 0.3952380952380954 1 0.39523809523809544
3 1 0.5209523809523812 0.8764285714285714 0.5209523809523812 0.8764285714285714 0.6914285714285716 1 0.6914285714285716
3 1 0.8466666666666669 0.8357142857142857 0.8466666666666669 0.8357142857142857 0.9990476190476191 1 0.9990476190476191