7 0.8942857142857142 0.7666666666666668 0.88 0.7666666666666668 0.88 0.7971428571428574 0.8942857142857142 0.7971428571428574
7 0.8621428571428571 0.7390476190476193 0.8442857142857143 0.7390476190476193 0.8442857142857143 0.7714285714285717 0.8621428571428571 0.7714285714285717
7 0.78 0.6780952380952383 0.7614285714285715 0.6780952380952383 0.7614285714285715 0.7095238095238098 0.78 0.7095238095238098
7 0.7892857142857143 0.6780952380952383 0.775 0.6780952380952383 0.775 0.7104761904761907 0.7892857142857143 0.7104761904761907
7 0.6314285714285715 0.5761904761904761 0.6192857142857143 0.5761904761904761 0.6192857142857143 0.6009523809523809 0.6314285714285715 0.6009523809523809
7 0.6364285714285715 0.5761904761904761 0.6264285714285714 0.5761904761904761 0.6264285714285714 0.599047619047619 0.6364285714285715 0.599047619047619
7 0.6428571428571429 0.5685714285714286 0.6314285714285715 0.5685714285714286 0.6314285714285715 0.5942857142857143 0.6428571428571429 0.5942857142857143
7 0.5778571428571428 0.5342857142857143 0.5671428571428572 0.5342857142857143 0.5671428571428572 0.5580952380952381 0.5778571428571428 0.5580952380952381
7 0.5835714285714285 0.5323809523809524 0.5742857142857143 0.5323809523809524 0.5742857142857143 0.5552380952380952 0.5835714285714285 0.5552380952380952
7 0.5328571428571428 0.5276190476190477 0.525 0.5276190476190477 0.525 0.5552380952380952 0.5328571428571428 0.5552380952380952
7 0.5342857142857143 0.520952380952381 0.5271428571428571 0.520952380952381 0.5271428571428571 0.5476190476190477 0.5342857142857143 0.5476190476190477
7 0.4164285714285714 0.4704761904761906 0.41 0.4704761904761906 0.41 0.4942857142857143 0.4164285714285714 0.4942857142857143
7 0.425 0.4666666666666668 0.41928571428571426 0.4666666666666668 0.41928571428571426 0.49142857142857144 0.425 0.49142857142857144
7 0.4307142857142857 0.4666666666666668 0.425 0.4666666666666668 0.425 0.4942857142857143 0.4307142857142857 0.4942857142857143
7 0.43714285714285717 0.4695238095238096 0.43 0.4695238095238096 0.43 0.49238095238095236 0.43714285714285717 0.49238095238095236
7 0.4257142857142857 0.46190476190476204 0.41928571428571426 0.46190476190476204 0.41928571428571426 0.4847619047619049 0.4257142857142857 0.4847619047619049
7 0.45571428571428574 0.46095238095238106 0.44857142857142857 0.46095238095238106 0.44857142857142857 0.4809523809523811 0.45571428571428574 0.4809523809523811
7 0.4657142857142857 0.40095238095238106 0.4585714285714286 0.40095238095238106 0.4585714285714286 0.4247619047619049 0.4657142857142857 0.4247619047619049
7 0.21000000000000008 0.4504761904761905 0.20285714285714293 0.4504761904761905 0.20285714285714293 0.4704761904761905 0.21000000000000008 0.4704761904761905
7 0.22928571428571431 0.43142857142857144 0.22071428571428572 0.43142857142857144 0.22071428571428575 0.4552380952380952 0.22928571428571437 0.4552380952380952
7 0.26714285714285724 0.4504761904761905 0.2614285714285715 0.4504761904761905 0.2614285714285715 0.4714285714285714 0.26714285714285724 0.4714285714285714
7 0.26500000000000007 0.44476190476190475 0.2585714285714287 0.44476190476190475 0.2585714285714287 0.4657142857142857 0.26500000000000007 0.4657142857142857
7 0.3007142857142858 0.44476190476190475 0.2921428571428572 0.44476190476190475 0.2921428571428572 0.4638095238095238 0.3007142857142858 0.4638095238095238
7 0.30214285714285716 0.439047619047619 0.2914285714285714 0.439047619047619 0.2914285714285715 0.4580952380952381 0.3021428571428572 0.4580952380952381
7 0.29714285714285715 0.41714285714285715 0.2892857142857143 0.41714285714285715 0.2892857142857143 0.43523809523809526 0.29714285714285715 0.43523809523809526
7 0.3 0.41523809523809524 0.29214285714285715 0.41523809523809524 0.29214285714285715 0.43333333333333335 0.3 0.43333333333333335
7 0.31285714285714283 0.38571428571428573 0.3057142857142857 0.38571428571428573 0.3057142857142857 0.40476190476190477 0.31285714285714283 0.40476190476190477
3 0.21714285714285714 0.3476190476190476 0.18357142857142858 0.3476190476190476 0.18357142857142858 0.36857142857142855 0.21714285714285714 0.36857142857142855
7 0.21071428571428572 0.29428571428571426 0.205 0.29428571428571426 0.205 0.30666666666666664 0.21071428571428572 0.30666666666666664
7 0.15642857142857147 0.22380952380952382 0.1521428571428572 0.22380952380952382 0.1521428571428572 0.23714285714285716 0.15642857142857147 0.23714285714285716
7 0.19428571428571428 0.21333333333333337 0.18857142857142858 0.21333333333333337 0.18857142857142858 0.22476190476190483 0.19428571428571428 0.22476190476190483
7 0.19 0.2114285714285715 0.185 0.2114285714285715 0.185 0.22190476190476197 0.19 0.22190476190476197
7 0.1492857142857143 0.21333333333333335 0.1457142857142857 0.21333333333333335 0.14571428571428574 0.2257142857142857 0.14928571428571433 0.2257142857142857
7 0.10357142857142859 0.22 0.09714285714285714 0.22 0.09714285714285717 0.23142857142857143 0.1035714285714286 0.23142857142857143
7 0.022857142857142878 0.20952380952380953 0.017142857142857165 0.20952380952380953 0.017142857142857165 0.22285714285714286 0.022857142857142878 0.22285714285714286
7 0.013571428571428592 0.2 0.007142857142857161 0.2 0.007142857142857162 0.21333333333333335 0.013571428571428592 0.21333333333333335
7 0.02357142857142858 0.15714285714285714 0.018571428571428586 0.15714285714285714 0.018571428571428586 0.1657142857142857 0.02357142857142858 0.1657142857142857
7 0.020000000000000014 0.1580952380952381 0.015000000000000015 0.1580952380952381 0.015000000000000015 0.16666666666666666 0.020000000000000014 0.16666666666666666
7 0.4235714285714286 0.3038095238095239 0.4185714285714286 0.3038095238095239 0.4185714285714286 0.3200000000000001 0.4235714285714286 0.3200000000000001
7 0.4307142857142857 0.30666666666666675 0.42714285714285716 0.30666666666666675 0.42714285714285716 0.31904761904761914 0.4307142857142857 0.31904761904761914
7 0.4328571428571429 0.2990476190476192 0.42857142857142855 0.2990476190476192 0.42857142857142855 0.3123809523809525 0.4328571428571429 0.3123809523809525
7 0.42928571428571427 0.3009523809523811 0.4257142857142857 0.3009523809523811 0.4257142857142857 0.31333333333333346 0.42928571428571427 0.31333333333333346
7 0.42428571428571427 0.2980952380952382 0.4207142857142857 0.2980952380952382 0.4207142857142857 0.31333333333333346 0.42428571428571427 0.31333333333333346
7 0.43857142857142856 0.2895238095238096 0.435 0.2895238095238096 0.435 0.30476190476190484 0.43857142857142856 0.30476190476190484
7 0.4357142857142857 0.2895238095238096 0.43142857142857144 0.2895238095238096 0.43142857142857144 0.30476190476190484 0.4357142857142857 0.30476190476190484
11 0.35642857142857143 0.21619047619047624 0.34 0.21619047619047624 0.34 0.2333333333333334 0.35642857142857143 0.2333333333333334
3 0.37 0.18571428571428578 0.35714285714285715 0.18571428571428578 0.35714285714285715 0.1971428571428572 0.37 0.1971428571428572
10 0.35642857142857143 0.18000000000000005 0.3392857142857143 0.18000000000000005 0.3392857142857143 0.19809523809523816 0.35642857142857143 0.19809523809523816
7 0.43357142857142855 0.24476190476190487 0.43 0.24476190476190487 0.43 0.2542857142857144 0.43357142857142855 0.2542857142857144