5 0.3550000000000001 0.8773333333333333 0.3260000000000001 0.8773333333333333 0.3260000000000001 0.9046666666666666 0.3550000000000001 0.9046666666666666
1 0.3760000000000001 0.864 0.3545000000000001 0.864 0.3545000000000001 0.8906666666666667 0.3760000000000001 0.8906666666666667
5 0.4230000000000001 0.834 0.39950000000000013 0.834 0.39950000000000013 0.874 0.4230000000000001 0.874
1 0.4395000000000001 0.83 0.4190000000000001 0.83 0.4190000000000001 0.852 0.4395000000000001 0.852
1 0.4260000000000001 0.8333333333333334 0.4095000000000001 0.8333333333333334 0.4095000000000001 0.86 0.4260000000000001 0.86
1 0.46950000000000014 0.808 0.4500000000000001 0.808 0.4500000000000001 0.8366666666666667 0.46950000000000014 0.8366666666666667
1 0.4855000000000001 0.802 0.46500000000000014 0.802 0.46500000000000014 0.8293333333333334 0.4855000000000001 0.8293333333333334
3 0.548 0.7046666666666667 0.5045000000000001 0.7046666666666667 0.5045000000000001 0.7353333333333333 0.548 0.7353333333333333
3 0.5495 0.7646666666666667 0.4975000000000001 0.7646666666666667 0.4975000000000001 0.8046666666666666 0.5495 0.8046666666666666
3 0.5955 0.724 0.548 0.724 0.548 0.7573333333333333 0.5955 0.7573333333333333
8 0.46500000000000014 0.702 0.45750000000000013 0.702 0.45750000000000013 0.72 0.46500000000000014 0.72
5 0.46850000000000014 0.7073333333333334 0.4555000000000001 0.7073333333333334 0.4555000000000001 0.7253333333333334 0.46850000000000014 0.7253333333333334
3 0.4955000000000001 0.6853333333333333 0.46000000000000013 0.6853333333333333 0.46000000000000013 0.7126666666666667 0.4955000000000001 0.7126666666666667
3 0.46150000000000013 0.6726666666666666 0.4280000000000001 0.6726666666666666 0.4280000000000001 0.6966666666666667 0.46150000000000013 0.6966666666666667
3 0.4340000000000001 0.706 0.3930000000000001 0.706 0.3930000000000001 0.7366666666666667 0.4340000000000001 0.7366666666666667
3 0.39900000000000013 0.6873333333333334 0.3625000000000001 0.6873333333333334 0.3625000000000001 0.7153333333333334 0.39900000000000013 0.7153333333333334
11 0.3640000000000001 0.666 0.33950000000000014 0.666 0.33950000000000014 0.7006666666666667 0.3640000000000001 0.7006666666666667
7 0.34400000000000014 0.6466666666666666 0.33900000000000013 0.6466666666666666 0.33900000000000013 0.6633333333333333 0.34400000000000014 0.6633333333333333
7 0.33300000000000013 0.6306666666666667 0.3285000000000001 0.6306666666666667 0.3285000000000001 0.646 0.33300000000000013 0.646
7 0.3795000000000001 0.654 0.3755000000000001 0.654 0.3755000000000001 0.672 0.3795000000000001 0.672
7 0.4215000000000001 0.6433333333333333 0.4150000000000001 0.6433333333333333 0.4150000000000001 0.66 0.4215000000000001 0.66
1 0.40400000000000014 0.6593333333333333 0.39600000000000013 0.6593333333333333 0.39600000000000013 0.6733333333333333 0.40400000000000014 0.6733333333333333
3 0.39500000000000013 0.6473333333333333 0.3665000000000001 0.6473333333333333 0.3665000000000001 0.6673333333333333 0.39500000000000013 0.6673333333333333
3 0.3750000000000001 0.638 0.3490000000000001 0.638 0.3490000000000001 0.6573333333333333 0.3750000000000001 0.6573333333333333
3 0.38400000000000006 0.6166666666666667 0.354 0.6166666666666667 0.35400000000000004 0.6313333333333333 0.3840000000000001 0.6313333333333333
3 0.3265000000000001 0.622 0.3175000000000001 0.622 0.3175000000000001 0.6393333333333333 0.3265000000000001 0.6393333333333333
8 0.33600000000000013 0.64 0.33300000000000013 0.64 0.33300000000000013 0.646 0.33600000000000013 0.646
10 0.3405000000000001 0.6126666666666667 0.318 0.6126666666666667 0.31800000000000006 0.634 0.34050000000000014 0.634
3 0.721 0.6846666666666666 0.6765 0.6846666666666666 0.6765 0.7146666666666667 0.721 0.7146666666666667
3 0.737 0.6800000000000002 0.6965 0.6800000000000002 0.6965 0.7053333333333334 0.737 0.7053333333333334
3 0.7375 0.7106666666666667 0.701 0.7106666666666667 0.701 0.744 0.7375 0.744
3 0.7505 0.736 0.7085 0.736 0.7085 0.7706666666666667 0.7505 0.7706666666666667
3 0.821 0.804 0.7405 0.804 0.7405 0.856 0.821 0.856
11 0.771 0.8493333333333334 0.694 0.8493333333333334 0.694 0.9346666666666666 0.771 0.9346666666666666
3 0.6835 0.8253333333333334 0.608 0.8253333333333334 0.608 0.8826666666666667 0.6835 0.8826666666666667
7 0.657 0.8146666666666667 0.652 0.8146666666666667 0.652 0.834 0.657 0.834
7 0.681 0.8286666666666667 0.6745 0.8286666666666667 0.6745 0.8533333333333334 0.681 0.8533333333333334
7 0.6805 0.8213333333333334 0.676 0.8213333333333334 0.676 0.8426666666666667 0.6805 0.8426666666666667
7 0.682 0.8166666666666667 0.677 0.8166666666666667 0.677 0.8393333333333334 0.682 0.8393333333333334
7 0.6795 0.8106666666666666 0.6755 0.8106666666666666 0.6755 0.822 0.6795 0.822
7 0.688 0.8026666666666666 0.6785 0.8026666666666666 0.6785 0.842 0.688 0.842
5 0.7845 0.6466666666666668 0.772 0.6466666666666668 0.772 0.6620000000000001 0.7845 0.6620000000000001
3 0.8285 0.6366666666666668 0.788 0.6366666666666668 0.788 0.6626666666666668 0.8285 0.6626666666666668
3 0.851 0.6326666666666668 0.809 0.6326666666666668 0.809 0.6540000000000001 0.851 0.6540000000000001
3 0.8565 0.6273333333333335 0.8235 0.6273333333333335 0.8235 0.6500000000000001 0.8565 0.6500000000000001
10 0.895 0.6313333333333335 0.8555 0.6313333333333335 0.8555 0.6713333333333334 0.895 0.6713333333333334
7 0.8835 0.5733333333333335 0.88 0.5733333333333335 0.88 0.5853333333333335 0.8835 0.5853333333333335
3 0.948 0.8500000000000002 0.849 0.85 0.849 0.9173333333333334 0.948 0.9173333333333337
3 0.8865 0.9166666666666666 0.7795 0.9166666666666666 0.7795 0.9966666666666667 0.8865 0.9966666666666667
7 0.72 0.6413333333333335 0.7155 0.6413333333333335 0.7155 0.6580000000000001 0.72 0.6580000000000001
7 0.7295 0.5986666666666668 0.727 0.5986666666666668 0.727 0.6120000000000001 0.7295 0.6120000000000001
7 0.706 0.5980000000000002 0.703 0.5980000000000002 0.703 0.6060000000000002 0.706 0.6060000000000002
8 0.7235 0.6040000000000002 0.7215 0.6040000000000002 0.7215 0.6073333333333335 0.7235 0.6073333333333335
8 0.7105 0.5986666666666668 0.709 0.5986666666666668 0.709 0.6066666666666668 0.7105 0.6066666666666668
11 0.7125 0.5613333333333335 0.704 0.5613333333333335 0.704 0.5686666666666668 0.7125 0.5686666666666668
0 0.705 0.5626666666666669 0.7 0.5626666666666669 0.7 0.5680000000000002 0.705 0.5680000000000002
3 0.459 0.5366666666666666 0.4485 0.5366666666666666 0.4485 0.5433333333333333 0.459 0.5433333333333333
3 0.446 0.5286666666666666 0.4355 0.5286666666666666 0.4355 0.5346666666666666 0.446 0.5346666666666666
11 0.43 0.5253333333333333 0.4145 0.5253333333333333 0.4145 0.5353333333333333 0.43 0.5353333333333333
3 0.4295 0.5706666666666667 0.4135 0.5706666666666667 0.4135 0.5813333333333334 0.4295 0.5813333333333334
11 0.412 0.5353333333333333 0.4045 0.5353333333333333 0.4045 0.5426666666666666 0.412 0.5426666666666666
11 0.4545 0.5306666666666666 0.449 0.5306666666666666 0.449 0.536 0.4545 0.536
3 0.4075 0.528 0.4 0.528 0.4 0.534 0.4075 0.534
7 0.4205 0.5393333333333333 0.4195 0.5393333333333333 0.4195 0.5453333333333333 0.4205 0.5453333333333333
7 0.4125 0.5586666666666666 0.4105 0.5586666666666666 0.4105 0.5653333333333334 0.4125 0.5653333333333334
3 0.33600000000000013 0.6593333333333333 0.3185000000000001 0.6593333333333333 0.3185000000000001 0.682 0.33600000000000013 0.682
3 0.8365 0.5493333333333335 0.827 0.5493333333333335 0.827 0.5573333333333335 0.8365 0.5573333333333335
4 0.8665 0.49800000000000016 0.8605 0.49800000000000016 0.8605 0.5020000000000001 0.8665 0.5020000000000001
3 0.8655 0.6246666666666668 0.837 0.6246666666666668 0.837 0.6393333333333335 0.8655 0.6393333333333335
3 0.879 0.6240000000000001 0.854 0.6240000000000001 0.854 0.6340000000000001 0.879 0.6340000000000001
3 0.898 0.6220000000000001 0.8665 0.6220000000000001 0.8665 0.6406666666666668 0.898 0.6406666666666668
3 0.943 0.6106666666666668 0.916 0.6106666666666668 0.916 0.6266666666666668 0.943 0.6266666666666668
0 0.905 0.6653333333333334 0.8855 0.6653333333333334 0.8855 0.6820000000000002 0.905 0.6820000000000002
0 0.9115 0.6793333333333335 0.8975 0.6793333333333335 0.8975 0.6933333333333334 0.9115 0.6933333333333334
5 0.9365 0.7280000000000002 0.9245 0.728 0.9245 0.7526666666666668 0.9365 0.7526666666666669
1 0.939 0.734666666666667 0.935 0.734666666666667 0.935 0.7540000000000003 0.939 0.7540000000000003
1 0.9215 0.7093333333333334 0.914 0.7093333333333334 0.914 0.7266666666666667 0.9215 0.7266666666666667
3 0.675 0.5446666666666669 0.6625 0.5446666666666669 0.6625 0.5520000000000002 0.675 0.5520000000000002
3 0.6845 0.5460000000000002 0.6705 0.5460000000000002 0.6705 0.5513333333333335 0.6845 0.5513333333333335
3 0.678 0.5526666666666669 0.6635 0.5526666666666669 0.6635 0.5586666666666669 0.678 0.5586666666666669
3 0.6885 0.5513333333333335 0.6725 0.5513333333333335 0.6725 0.5593333333333335 0.6885 0.5593333333333335
3 0.6925 0.5493333333333335 0.678 0.5493333333333335 0.678 0.5580000000000002 0.6925 0.5580000000000002
5 0.938 0.7073333333333336 0.93 0.7073333333333336 0.93 0.726666666666667 0.938 0.726666666666667
1 0.9305 0.7106666666666668 0.924 0.7106666666666667 0.924 0.7233333333333335 0.9305 0.7233333333333336
5 0.916 0.7246666666666667 0.9105 0.7246666666666667 0.9105 0.7466666666666667 0.916 0.7466666666666667
3 0.8615 0.7146666666666667 0.7985 0.7146666666666667 0.7985 0.748 0.8615 0.748
3 0.818 0.6933333333333334 0.782 0.6933333333333334 0.782 0.7206666666666667 0.818 0.7206666666666667
3 1 0.9073333333333337 0.978 0.9073333333333337 0.978 0.950666666666667 1 0.950666666666667