3 0.40850000000000014 0.9413333333333334 0.34600000000000014 0.9413333333333334 0.34600000000000014 0.9946666666666667 0.40850000000000014 0.9946666666666667
3 0.4375000000000001 0.8833333333333333 0.3785000000000001 0.8833333333333333 0.3785000000000001 0.938 0.4375000000000001 0.938
3 0.4830000000000001 0.8253333333333334 0.4200000000000001 0.8253333333333334 0.4200000000000001 0.8713333333333333 0.4830000000000001 0.8713333333333333
11 0.4965000000000001 0.78 0.4460000000000001 0.78 0.4460000000000001 0.8166666666666667 0.4965000000000001 0.8166666666666667
3 0.529 0.7253333333333334 0.46700000000000014 0.7253333333333334 0.46700000000000014 0.7713333333333333 0.529 0.7713333333333333
3 0.5605 0.6640000000000001 0.4990000000000001 0.6640000000000001 0.4990000000000001 0.706 0.5605 0.706
7 0.34650000000000014 0.7406666666666667 0.33650000000000013 0.7406666666666667 0.33650000000000013 0.756 0.34650000000000014 0.756
7 0.4290000000000001 0.6493333333333333 0.4205000000000001 0.6493333333333333 0.4205000000000001 0.6586666666666666 0.4290000000000001 0.6586666666666666
7 0.45700000000000013 0.6406666666666667 0.4500000000000001 0.6406666666666667 0.4500000000000001 0.65 0.45700000000000013 0.65
3 0.629 0.6193333333333335 0.5765 0.6193333333333335 0.5765 0.6973333333333334 0.629 0.6973333333333334
3 0.606 0.5746666666666668 0.5425 0.5746666666666668 0.5425 0.6313333333333335 0.606 0.6313333333333335
3 0.65 0.49600000000000016 0.5895 0.49600000000000016 0.5895 0.5433333333333334 0.65 0.5433333333333334
3 0.683 0.4246666666666668 0.6235 0.4246666666666668 0.6235 0.48600000000000015 0.683 0.48600000000000015
3 0.719 0.3673333333333335 0.658 0.3673333333333335 0.658 0.4173333333333335 0.719 0.4173333333333335
11 0.785 0.22000000000000014 0.7305 0.22000000000000014 0.7305 0.30000000000000016 0.785 0.30000000000000016
3 0.8425 0.1626666666666668 0.7715 0.1626666666666668 0.7715 0.21000000000000016 0.8425 0.21000000000000016
3 0.9125 0.0006666666666668113 0.8595 0.000666666666666807 0.8595 0.05866666666666681 0.9125 0.05866666666666682
3 0.998 0.13933333333333348 0.96 0.13933333333333348 0.96 0.23066666666666683 0.998 0.23066666666666683
3 0.9595 0.2253333333333335 0.912 0.2253333333333335 0.912 0.3146666666666668 0.9595 0.3146666666666668
3 0.9075 0.3613333333333335 0.846 0.3613333333333335 0.846 0.40600000000000014 0.9075 0.40600000000000014
11 0.8705 0.41600000000000015 0.8145 0.41600000000000015 0.8145 0.4520000000000001 0.8705 0.4520000000000001
7 0.8775 0.9753333333333334 0.858 0.9753333333333334 0.858 1 0.8775 1
5 0.9915 0.9033333333333337 0.972 0.9033333333333337 0.972 0.930666666666667 0.9915 0.930666666666667
8 0.996 0.906666666666667 0.9795 0.906666666666667 0.9795 0.928666666666667 0.996 0.928666666666667
3 1 0.8220000000000003 0.955 0.8220000000000003 0.955 0.900666666666667 1 0.900666666666667
7 0.87 0.8213333333333334 0.853 0.8213333333333334 0.853 0.84 0.87 0.84
7 0.876 0.8266666666666667 0.8585 0.8266666666666667 0.8585 0.8453333333333334 0.876 0.8453333333333334
3 0.7035 0.7273333333333334 0.6505 0.7273333333333334 0.6505 0.804 0.7035 0.804
3 0.7535 0.6386666666666668 0.704 0.6386666666666668 0.704 0.7153333333333334 0.7535 0.7153333333333334
3 0.612 0.894 0.5465 0.894 0.5465 0.962 0.612 0.962
11 0.9675 0.47600000000000015 0.914 0.47600000000000015 0.914 0.5406666666666669 0.9675 0.5406666666666669
7 0.4035 0.1893333333333334 0.3955 0.1893333333333334 0.3955 0.2073333333333334 0.4035 0.2073333333333334
7 0.413 0.050000000000000065 0.4025 0.05000000000000006 0.4025 0.07466666666666673 0.413 0.07466666666666674
7 0.4005 0.0033333333333333977 0.3895 0.0033333333333333973 0.3895 0.026666666666666734 0.4005 0.026666666666666734
7 0.4 0.002666666666666731 0.389 0.0026666666666667308 0.389 0.026000000000000065 0.4 0.026000000000000065