3 0.51 0.5780952380952381 0.4707142857142857 0.5780952380952381 0.4707142857142857 0.638095238095238 0.51 0.638095238095238
3 0.6221428571428571 0.7609523809523809 0.565 0.7609523809523809 0.565 0.8561904761904762 0.6221428571428571 0.8561904761904762
3 0.17642857142857152 0.9323809523809524 0.05857142857142865 0.9323809523809524 0.05857142857142866 0.9971428571428571 0.17642857142857152 0.9971428571428571
3 0.5635714285714286 0.4542857142857144 0.54 0.4542857142857144 0.54 0.4895238095238095 0.5635714285714286 0.4895238095238095
7 0.3014285714285715 0.54 0.2921428571428572 0.54 0.2921428571428572 0.5676190476190476 0.3014285714285715 0.5676190476190476
7 0.24000000000000007 0.6314285714285715 0.2264285714285715 0.6314285714285715 0.2264285714285715 0.6628571428571428 0.24000000000000007 0.6628571428571428
7 0.30857142857142866 0.6361904761904762 0.30357142857142866 0.6361904761904762 0.30357142857142866 0.6619047619047619 0.30857142857142866 0.6619047619047619
7 0.17500000000000004 0.6209523809523809 0.16714285714285718 0.6209523809523809 0.16714285714285718 0.6485714285714286 0.17500000000000004 0.6485714285714286
7 0.1785714285714286 0.6142857142857143 0.17142857142857146 0.6142857142857143 0.17142857142857146 0.6428571428571429 0.1785714285714286 0.6428571428571429
7 0.24285714285714294 0.6295238095238095 0.2357142857142858 0.6295238095238095 0.2357142857142858 0.6571428571428571 0.24285714285714294 0.6571428571428571
7 0.31285714285714294 0.6342857142857142 0.3071428571428572 0.6342857142857142 0.3071428571428572 0.66 0.31285714285714294 0.66
5 0.23785714285714293 0.74 0.1964285714285715 0.74 0.1964285714285715 0.7752380952380953 0.23785714285714293 0.7752380952380953
8 0.21857142857142867 0.74 0.20428571428571438 0.74 0.20428571428571438 0.76 0.21857142857142867 0.76
5 0.405 0.5428571428571428 0.39071428571428574 0.5428571428571428 0.39071428571428574 0.5733333333333334 0.405 0.5733333333333334
5 0.5035714285714286 0.35428571428571437 0.49214285714285716 0.35428571428571437 0.49214285714285716 0.3657142857142858 0.5035714285714286 0.3657142857142858
5 0.9621428571428572 0.8742857142857146 0.9207142857142857 0.8742857142857146 0.9207142857142857 0.9057142857142859 0.9621428571428572 0.9057142857142859
8 0.4042857142857143 0.5428571428571428 0.3964285714285714 0.5428571428571428 0.3964285714285714 0.5561904761904762 0.4042857142857143 0.5561904761904762
3 0.5592857142857143 0.30476190476190484 0.5428571428571428 0.30476190476190484 0.5428571428571428 0.32285714285714295 0.5592857142857143 0.32285714285714295
3 0.5857142857142857 0.26095238095238105 0.5714285714285714 0.26095238095238105 0.5714285714285714 0.2761904761904763 0.5857142857142857 0.2761904761904763
3 0.5764285714285714 0.2742857142857144 0.5635714285714286 0.2742857142857144 0.5635714285714286 0.2895238095238096 0.5764285714285714 0.2895238095238096
3 0.6414285714285715 0.2685714285714287 0.6271428571428571 0.2685714285714287 0.6271428571428571 0.2838095238095239 0.6414285714285715 0.2838095238095239
3 0.67 0.21142857142857155 0.6592857142857143 0.21142857142857155 0.6592857142857143 0.22285714285714298 0.67 0.22285714285714298
3 0.6628571428571428 0.22857142857142868 0.6507142857142857 0.22857142857142868 0.6507142857142857 0.241904761904762 0.6628571428571428 0.241904761904762
3 0.6678571428571428 0.18857142857142867 0.6571428571428571 0.18857142857142867 0.6571428571428571 0.19904761904761917 0.6678571428571428 0.19904761904761917
3 0.6857142857142857 0.1704761904761906 0.6785714285714286 0.1704761904761906 0.6785714285714286 0.17904761904761915 0.6857142857142857 0.17904761904761915
3 0.7135714285714285 0.1200000000000001 0.7092857142857143 0.1200000000000001 0.7092857142857143 0.12571428571428583 0.7135714285714285 0.12571428571428583
3 0.7014285714285714 0.1200000000000001 0.6971428571428572 0.1200000000000001 0.6971428571428572 0.1266666666666668 0.7014285714285714 0.1266666666666668
3 0.7357142857142858 0.24952380952380962 0.7264285714285714 0.24952380952380962 0.7264285714285714 0.26380952380952394 0.7357142857142858 0.26380952380952394
7 0.5542857142857143 0.2561904761904763 0.5514285714285714 0.2561904761904763 0.5514285714285714 0.2666666666666668 0.5542857142857143 0.2666666666666668
7 0.5571428571428572 0.25333333333333347 0.555 0.25333333333333347 0.555 0.26380952380952394 0.5571428571428572 0.26380952380952394
7 0.5614285714285714 0.2523809523809525 0.5585714285714286 0.2523809523809525 0.5585714285714286 0.26285714285714296 0.5614285714285714 0.26285714285714296
3 0.555 0.4066666666666668 0.5292857142857142 0.4066666666666668 0.5292857142857142 0.4400000000000001 0.555 0.4400000000000001
3 0.6414285714285715 0.181904761904762 0.6328571428571429 0.181904761904762 0.6328571428571429 0.19333333333333344 0.6414285714285715 0.19333333333333344
3 0.65 0.16571428571428581 0.6414285714285715 0.16571428571428581 0.6414285714285715 0.1780952380952382 0.65 0.1780952380952382
3 0.6257142857142857 0.20571428571428582 0.6178571428571429 0.20571428571428582 0.6178571428571429 0.21333333333333343 0.6257142857142857 0.21333333333333343
3 0.7057142857142857 0.14095238095238105 0.7 0.14095238095238105 0.7 0.1485714285714287 0.7057142857142857 0.1485714285714287
3 0.6985714285714286 0.13714285714285726 0.6935714285714286 0.13714285714285726 0.6935714285714286 0.14571428571428582 0.6985714285714286 0.14571428571428582
3 0.6607142857142857 0.15523809523809534 0.6535714285714286 0.15523809523809534 0.6535714285714286 0.16190476190476202 0.6607142857142857 0.16190476190476202
3 0.6685714285714286 0.14285714285714296 0.6635714285714286 0.14285714285714296 0.6635714285714286 0.14761904761904773 0.6685714285714286 0.14761904761904773
3 0.6757142857142857 0.13523809523809535 0.6707142857142857 0.13523809523809535 0.6707142857142857 0.14095238095238105 0.6757142857142857 0.14095238095238105
3 0.6771428571428572 0.13142857142857153 0.6721428571428572 0.13142857142857153 0.6721428571428572 0.1361904761904763 0.6771428571428572 0.1361904761904763
3 0.6828571428571428 0.12285714285714297 0.6792857142857143 0.12285714285714297 0.6792857142857143 0.1266666666666668 0.6828571428571428 0.1266666666666668
3 0.6085714285714285 0.21428571428571438 0.6007142857142858 0.21428571428571438 0.6007142857142858 0.22285714285714298 0.6085714285714285 0.22285714285714298
7 0.7321428571428571 0.723809523809524 0.7228571428571429 0.723809523809524 0.7228571428571429 0.7600000000000002 0.7321428571428571 0.7600000000000002
7 0.7392857142857143 0.7095238095238098 0.73 0.7095238095238098 0.73 0.7409523809523811 0.7392857142857143 0.7409523809523811
7 0.7292857142857143 0.14571428571428582 0.7264285714285714 0.14571428571428582 0.7264285714285714 0.15238095238095248 0.7292857142857143 0.15238095238095248
5 0.7257142857142858 0.14476190476190487 0.7228571428571429 0.14476190476190487 0.7228571428571429 0.15238095238095248 0.7257142857142858 0.15238095238095248
8 0.7257142857142858 0.14571428571428582 0.7235714285714285 0.14571428571428582 0.7235714285714285 0.14761904761904773 0.7257142857142858 0.14761904761904773
8 0.9514285714285714 0.8666666666666669 0.94 0.8666666666666669 0.94 0.8828571428571431 0.9514285714285714 0.8828571428571431
3 0.8678571428571429 0.33714285714285724 0.8492857142857143 0.33714285714285724 0.8492857142857143 0.3561904761904763 0.8678571428571429 0.3561904761904763
3 0.8935714285714286 0.30857142857142866 0.8785714285714286 0.30857142857142866 0.8785714285714286 0.32571428571428584 0.8935714285714286 0.32571428571428584
3 0.8871428571428571 0.2980952380952382 0.8721428571428571 0.2980952380952382 0.8721428571428571 0.31333333333333346 0.8871428571428571 0.31333333333333346
3 0.8635714285714285 0.32476190476190486 0.8478571428571429 0.32476190476190486 0.8478571428571429 0.34000000000000014 0.8635714285714285 0.34000000000000014
3 0.845 0.2866666666666668 0.83 0.2866666666666668 0.83 0.3038095238095239 0.845 0.3038095238095239