1 0.18000000000000005 0.5126666666666667 0.10250000000000006 0.5126666666666667 0.10250000000000006 0.5733333333333334 0.18000000000000005 0.5733333333333334
7 0.7035 0.7273333333333334 0.6745 0.7273333333333334 0.6745 0.8073333333333333 0.7035 0.8073333333333333
11 0.616 0.5526666666666668 0.4495 0.5526666666666666 0.44950000000000007 0.676 0.616 0.6760000000000002
11 0.6105 0.31600000000000006 0.494 0.31600000000000006 0.494 0.43000000000000016 0.6105 0.43000000000000016
11 0.729 0.25266666666666676 0.5805 0.25266666666666676 0.5805 0.35800000000000015 0.729 0.35800000000000015
11 0.712 0.22733333333333344 0.5655 0.22733333333333341 0.5655 0.3020000000000001 0.712 0.30200000000000016
11 0.5655 0.2373333333333334 0.4855 0.2373333333333334 0.4855 0.33933333333333343 0.5655 0.33933333333333343
11 0.6895 0.13533333333333344 0.5945 0.13533333333333344 0.5945 0.20133333333333342 0.6895 0.20133333333333342
3 0.22350000000000006 0.42333333333333334 0.03800000000000004 0.42333333333333334 0.03800000000000004 0.5326666666666666 0.22350000000000006 0.5326666666666666
9 0.21400000000000005 0.376 0.10800000000000003 0.376 0.10800000000000003 0.43066666666666664 0.21400000000000005 0.43066666666666664
3 0.3035 0.332 0.16400000000000006 0.332 0.16400000000000006 0.4093333333333333 0.3035 0.4093333333333333
5 0.283 0.30800000000000005 0.2495 0.30800000000000005 0.24950000000000003 0.35 0.283 0.35
3 0.396 0.1493333333333334 0.3145 0.14933333333333337 0.3145 0.20266666666666674 0.396 0.20266666666666674
11 0.414 0.10800000000000005 0.329 0.10800000000000004 0.329 0.1693333333333334 0.414 0.16933333333333342
3 0.5745 0.1513333333333334 0.512 0.1513333333333334 0.512 0.20800000000000007 0.5745 0.20800000000000007
3 0.705 0.12466666666666679 0.616 0.12466666666666679 0.616 0.17400000000000013 0.705 0.17400000000000015
3 0.656 0.10400000000000009 0.567 0.10400000000000008 0.567 0.15133333333333343 0.656 0.15133333333333346
3 0.485 0.07933333333333341 0.441 0.07933333333333341 0.441 0.1273333333333334 0.485 0.1273333333333334
3 0.422 0.10000000000000006 0.3335 0.10000000000000003 0.3335 0.1473333333333334 0.422 0.1473333333333334
3 0.444 0.08666666666666674 0.3555 0.08666666666666674 0.3555 0.13400000000000006 0.444 0.13400000000000006
4 0.7765 0.000666666666666779 0.601 0.0006666666666667647 0.601 0.10200000000000012 0.7765 0.10200000000000012
7 0.592 0.046000000000000096 0.576 0.046000000000000096 0.576 0.0780000000000001 0.592 0.0780000000000001
3 0.568 0.005333333333333423 0.539 0.005333333333333421 0.539 0.04266666666666676 0.568 0.04266666666666676
11 0.471 0.023333333333333404 0.3945 0.0233333333333334 0.3945 0.07066666666666674 0.471 0.07066666666666674
3 0.482 0.017333333333333405 0.3935 0.0173333333333334 0.3935 0.0653333333333334 0.482 0.06533333333333341
3 0.4905 7.392784510852856e-17 0.415 6.77637895528202e-17 0.415 0.025333333333333406 0.4905 0.02533333333333341
5 0.733 0.3706666666666668 0.672 0.3706666666666668 0.672 0.4286666666666668 0.733 0.4286666666666668
1 0.12100000000000005 0.6253333333333333 0.039500000000000056 0.6253333333333333 0.039500000000000056 0.6913333333333334 0.12100000000000005 0.6913333333333334
9 0.7735 0.2600000000000002 0.7265 0.2600000000000002 0.7265 0.3126666666666668 0.7735 0.3126666666666668
5 0.687 0.6353333333333335 0.641 0.6353333333333335 0.641 0.7466666666666667 0.687 0.7466666666666667
3 0.773 0.4286666666666668 0.598 0.4286666666666668 0.598 0.5273333333333334 0.773 0.5273333333333334
3 0.698 0.49200000000000016 0.5235 0.49200000000000016 0.5235 0.6006666666666668 0.698 0.6006666666666668
11 0.5695 0.4080000000000001 0.424 0.408 0.424 0.5526666666666668 0.5695 0.5526666666666669
3 0.861 0.5413333333333334 0.796 0.5413333333333334 0.796 0.6226666666666668 0.861 0.6226666666666668
7 0.7115 0.5126666666666668 0.6895 0.5126666666666668 0.6895 0.5846666666666668 0.7115 0.5846666666666668