11 0.717 0.9346666666666666 0.46350000000000013 0.9346666666666666 0.46350000000000013 0.998 0.717 0.998
11 0.7495 0.6153333333333335 0.534 0.6153333333333335 0.534 0.7946666666666666 0.7495 0.7946666666666666
3 0.7285 0.5420000000000001 0.5095 0.5420000000000001 0.5095000000000001 0.6540000000000001 0.7285 0.6540000000000001
3 0.68 0.46200000000000013 0.516 0.46200000000000013 0.516 0.5526666666666669 0.68 0.5526666666666669
3 0.6675 0.3900000000000001 0.5145 0.3900000000000001 0.5145 0.4793333333333335 0.6675 0.4793333333333335
3 0.6835 0.3333333333333334 0.54 0.3333333333333334 0.54 0.41600000000000015 0.6835 0.41600000000000015
3 0.668 0.20866666666666675 0.5655 0.20866666666666675 0.5655 0.2726666666666667 0.668 0.2726666666666667
1 0.5465 0.18800000000000008 0.512 0.18800000000000008 0.512 0.21266666666666675 0.5465 0.21266666666666675
1 0.537 0.21600000000000008 0.5085 0.21600000000000008 0.5085 0.2373333333333334 0.537 0.2373333333333334
1 0.5635 0.21800000000000008 0.5385 0.21800000000000008 0.5385 0.24866666666666673 0.5635 0.24866666666666673
3 0.6485 0.1793333333333334 0.55 0.1793333333333334 0.55 0.23333333333333342 0.6485 0.23333333333333342
3 0.6365 0.11866666666666677 0.559 0.11866666666666674 0.559 0.1600000000000001 0.6365 0.16000000000000011
3 0.6415 0.1060000000000001 0.5655 0.10600000000000008 0.5655 0.14333333333333342 0.6415 0.14333333333333345
11 0.6395 0.0820000000000001 0.5625 0.0820000000000001 0.5625 0.12466666666666676 0.6395 0.12466666666666679
3 0.6825 0.06533333333333345 0.653 0.06533333333333345 0.653 0.10200000000000012 0.6825 0.10200000000000012
11 0.627 0.031333333333333435 0.563 0.03133333333333343 0.563 0.06666666666666676 0.627 0.06666666666666676
3 0.6175 0.020000000000000098 0.5685 0.020000000000000094 0.5685 0.044666666666666764 0.6175 0.044666666666666764
3 0.623 0.01333333333333343 0.574 0.013333333333333428 0.574 0.03466666666666677 0.623 0.03466666666666677
3 0.6145 9.682874025258406e-17 0.5715 9.331808609502832e-17 0.5715 0.0220000000000001 0.6145 0.022000000000000103
3 0.7175 0.014666666666666783 0.692 0.014666666666666781 0.692 0.04466666666666678 0.7175 0.04466666666666678
5 0.6465 0.03533333333333344 0.639 0.03533333333333344 0.639 0.05266666666666678 0.6465 0.05266666666666678
8 0.646 0.026000000000000103 0.6395 0.026000000000000103 0.6395 0.04600000000000011 0.646 0.04600000000000011
7 0.834 0.3506666666666668 0.807 0.3506666666666668 0.807 0.42400000000000015 0.834 0.42400000000000015
7 0.8305 0.33466666666666683 0.7995 0.33466666666666683 0.7995 0.4013333333333335 0.8305 0.4013333333333335
5 0.967 0.3226666666666668 0.931 0.3226666666666668 0.931 0.37800000000000017 0.967 0.37800000000000017
5 0.951 0.3013333333333335 0.906 0.3013333333333335 0.906 0.3453333333333335 0.951 0.3453333333333335
9 0.9435 0.28200000000000014 0.865 0.28200000000000014 0.865 0.33600000000000013 0.9435 0.33600000000000013
0 0.8105 0.18000000000000016 0.767 0.18000000000000016 0.767 0.2546666666666668 0.8105 0.2546666666666668
1 0.824 0.16333333333333347 0.7945 0.16333333333333344 0.7945 0.1893333333333335 0.824 0.1893333333333335
3 0.781 0.08666666666666678 0.7155 0.08666666666666678 0.7155 0.12466666666666679 0.781 0.12466666666666679
3 0.7835 0.06800000000000013 0.713 0.06800000000000012 0.713 0.09933333333333345 0.7835 0.09933333333333345
3 0.801 0.06066666666666679 0.7375 0.06066666666666678 0.7375 0.09066666666666678 0.801 0.09066666666666678
3 0.8205 0.0586666666666668 0.7635 0.0586666666666668 0.7635 0.08466666666666679 0.8205 0.08466666666666679
3 0.814 0.049333333333333465 0.76 0.049333333333333465 0.76 0.07133333333333347 0.814 0.07133333333333347