5 0.07642857142857153 0.9752380952380952 0.06142857142857151 0.9752380952380952 0.06142857142857152 1 0.07642857142857153 1
7 0.046428571428571506 0.9076190476190477 0.018571428571428652 0.9076190476190477 0.018571428571428655 0.9266666666666666 0.046428571428571506 0.9266666666666666
5 0.1564285714285715 0.8123809523809524 0.14357142857142866 0.8123809523809524 0.14357142857142866 0.8438095238095238 0.1564285714285715 0.8438095238095238
5 0.11214285714285722 0.8180952380952381 0.08928571428571437 0.8180952380952381 0.08928571428571437 0.8666666666666667 0.11214285714285722 0.8666666666666667
5 0.12500000000000008 0.8133333333333334 0.10857142857142865 0.8133333333333334 0.10857142857142865 0.8580952380952381 0.12500000000000008 0.8580952380952381
5 0.14357142857142866 0.8085714285714286 0.12142857142857151 0.8085714285714286 0.12142857142857151 0.8495238095238096 0.14357142857142866 0.8495238095238096
5 0.15142857142857152 0.9019047619047619 0.1264285714285715 0.9019047619047619 0.1264285714285715 0.940952380952381 0.15142857142857152 0.940952380952381
5 0.16928571428571437 0.900952380952381 0.14000000000000007 0.900952380952381 0.14000000000000007 0.9552380952380952 0.16928571428571437 0.9552380952380952
5 0.19285714285714295 0.8980952380952381 0.16857142857142865 0.8980952380952381 0.16857142857142865 0.9485714285714286 0.19285714285714295 0.9485714285714286
5 0.20214285714285724 0.9419047619047619 0.18500000000000008 0.9419047619047619 0.18500000000000008 0.9942857142857143 0.20214285714285724 0.9942857142857143
5 0.24285714285714294 0.9685714285714285 0.22428571428571437 0.9685714285714285 0.22428571428571437 1 0.24285714285714294 1
5 0.2607142857142858 0.9752380952380952 0.24214285714285722 0.9752380952380952 0.24214285714285722 1 0.2607142857142858 1
5 0.28642857142857153 0.9771428571428571 0.27285714285714296 0.9771428571428571 0.27285714285714296 1 0.28642857142857153 1
5 0.3042857142857144 0.9780952380952381 0.2871428571428572 0.9780952380952381 0.2871428571428572 1 0.3042857142857144 1
5 0.3214285714285715 0.9704761904761905 0.3064285714285715 0.9704761904761905 0.3064285714285715 1 0.3214285714285715 1
5 0.33214285714285724 0.9704761904761905 0.31928571428571434 0.9704761904761905 0.31928571428571434 1 0.33214285714285724 1
5 0.3685714285714287 0.9723809523809523 0.35428571428571437 0.9723809523809523 0.35428571428571437 1 0.3685714285714287 1
5 0.3871428571428573 0.9657142857142857 0.3707142857142859 0.9657142857142857 0.3707142857142859 1 0.3871428571428573 1
5 0.39857142857142874 0.9514285714285714 0.382857142857143 0.9514285714285714 0.382857142857143 0.9971428571428571 0.39857142857142874 0.9971428571428571
5 0.36928571428571444 0.920952380952381 0.3557142857142858 0.920952380952381 0.3557142857142858 0.9685714285714285 0.36928571428571444 0.9685714285714285
5 0.2635714285714287 0.78 0.24142857142857152 0.78 0.24142857142857152 0.8171428571428572 0.2635714285714287 0.8171428571428572
5 0.3157142857142858 0.7504761904761905 0.2871428571428572 0.7504761904761905 0.2871428571428572 0.7771428571428571 0.3157142857142858 0.7771428571428571
7 0.4592857142857143 0.6933333333333334 0.44785714285714284 0.6933333333333334 0.44785714285714284 0.7114285714285714 0.4592857142857143 0.7114285714285714
7 0.4764285714285714 0.6904761904761905 0.465 0.6904761904761905 0.465 0.7142857142857143 0.4764285714285714 0.7142857142857143
7 0.4785714285714286 0.6723809523809524 0.46785714285714286 0.6723809523809524 0.46785714285714286 0.6933333333333334 0.4785714285714286 0.6933333333333334
7 0.49214285714285716 0.6780952380952381 0.4828571428571429 0.6780952380952381 0.4828571428571429 0.7028571428571428 0.49214285714285716 0.7028571428571428
7 0.4928571428571429 0.7 0.4807142857142857 0.7 0.4807142857142857 0.72 0.4928571428571429 0.72
7 0.5114285714285715 0.5323809523809524 0.5028571428571429 0.5323809523809524 0.5028571428571429 0.5523809523809524 0.5114285714285715 0.5523809523809524
7 0.5792857142857143 0.6009523809523809 0.5707142857142857 0.6009523809523809 0.5707142857142857 0.6247619047619047 0.5792857142857143 0.6247619047619047
11 0.6114285714285714 0.4809523809523811 0.5492857142857143 0.4809523809523811 0.5492857142857143 0.5438095238095239 0.6114285714285714 0.5438095238095239
3 0.635 0.44476190476190486 0.5642857142857143 0.44476190476190486 0.5642857142857143 0.5085714285714286 0.635 0.5085714285714286
3 0.6485714285714286 0.41333333333333344 0.5807142857142857 0.41333333333333344 0.5807142857142857 0.4780952380952382 0.6485714285714286 0.4780952380952382
3 0.7142857142857143 0.41523809523809535 0.665 0.41523809523809535 0.665 0.4904761904761907 0.7142857142857143 0.4904761904761907
11 0.665 0.37904761904761913 0.6064285714285714 0.37904761904761913 0.6064285714285714 0.4361904761904763 0.665 0.4361904761904763
3 0.6878571428571428 0.3504761904761906 0.6214285714285714 0.3504761904761906 0.6214285714285714 0.4095238095238096 0.6878571428571428 0.4095238095238096
3 0.6971428571428572 0.3171428571428572 0.6414285714285715 0.3171428571428572 0.6414285714285715 0.3723809523809525 0.6971428571428572 0.3723809523809525
5 0.6028571428571429 0.24666666666666678 0.5878571428571429 0.24666666666666678 0.5878571428571429 0.27523809523809534 0.6028571428571429 0.27523809523809534
8 0.6842857142857143 0.20095238095238105 0.675 0.20095238095238105 0.675 0.21714285714285725 0.6842857142857143 0.21714285714285725
3 0.7235714285714285 0.1980952380952382 0.6807142857142857 0.1980952380952382 0.6807142857142857 0.25904761904761914 0.7235714285714285 0.25904761904761914
3 0.7514285714285714 0.20952380952380964 0.7207142857142858 0.20952380952380964 0.7207142857142858 0.2695238095238096 0.7514285714285714 0.2695238095238096
3 0.785 0.21142857142857155 0.7528571428571429 0.21142857142857155 0.7528571428571429 0.2761904761904763 0.785 0.2761904761904763
3 0.8292857142857143 0.22952380952380966 0.7892857142857143 0.22952380952380963 0.7892857142857143 0.2942857142857144 0.8292857142857143 0.2942857142857144
7 0.8885714285714286 0.2390476190476192 0.875 0.2390476190476192 0.875 0.26190476190476203 0.8885714285714286 0.26190476190476203
11 0.8564285714285714 0.41428571428571437 0.7957142857142857 0.41428571428571437 0.7957142857142857 0.4723809523809525 0.8564285714285714 0.4723809523809525
3 0.8671428571428571 0.37523809523809537 0.7985714285714286 0.37523809523809537 0.7985714285714286 0.4371428571428573 0.8671428571428571 0.4371428571428573
3 0.8964285714285715 0.36476190476190484 0.8407142857142857 0.36476190476190484 0.8407142857142857 0.4180952380952382 0.8964285714285715 0.4180952380952382
3 0.9142857142857143 0.34000000000000014 0.8628571428571429 0.34000000000000014 0.8628571428571429 0.3914285714285715 0.9142857142857143 0.3914285714285715
3 0.9328571428571428 0.30476190476190484 0.8785714285714286 0.30476190476190484 0.8785714285714286 0.3485714285714287 0.9328571428571428 0.3485714285714287
5 0.6814285714285715 0.8628571428571431 0.6678571428571428 0.8628571428571431 0.6678571428571429 0.8971428571428574 0.6814285714285716 0.8971428571428574
7 0.7314285714285714 0.9200000000000003 0.717857142857143 0.9200000000000003 0.717857142857143 0.9371428571428574 0.7314285714285714 0.9371428571428574
7 0.8042857142857143 0.8609523809523811 0.785 0.8609523809523811 0.785 0.8819047619047621 0.8042857142857143 0.8819047619047621
7 0.7821428571428571 0.8409523809523811 0.7635714285714286 0.8409523809523811 0.7635714285714286 0.8600000000000002 0.7821428571428571 0.8600000000000002
7 0.8028571428571428 0.8295238095238098 0.7871428571428571 0.8295238095238098 0.7871428571428571 0.843809523809524 0.8028571428571428 0.843809523809524
5 0.8678571428571429 0.7390476190476193 0.8528571428571429 0.7390476190476193 0.8528571428571429 0.7676190476190479 0.8678571428571429 0.7676190476190479
7 0.9057142857142857 0.7838095238095241 0.8885714285714286 0.7838095238095241 0.8885714285714286 0.8019047619047621 0.9057142857142857 0.8019047619047621
7 0.9042857142857142 0.7666666666666668 0.885 0.7666666666666668 0.885 0.7857142857142859 0.9042857142857142 0.7857142857142859
7 0.9207142857142857 0.763809523809524 0.905 0.763809523809524 0.905 0.7809523809523812 0.9207142857142857 0.7809523809523812
8 0.9585714285714285 0.7171428571428573 0.9407142857142857 0.7171428571428573 0.9407142857142857 0.743809523809524 0.9585714285714285 0.743809523809524
8 0.9664285714285714 0.7066666666666669 0.955 0.7066666666666669 0.955 0.7219047619047622 0.9664285714285714 0.7219047619047622
8 0.9742857142857143 0.7361904761904764 0.9571428571428572 0.7361904761904764 0.9571428571428572 0.7571428571428573 0.9742857142857143 0.7571428571428573
5 0.9971428571428571 0.7419047619047621 0.9764285714285714 0.7419047619047621 0.9764285714285714 0.7780952380952383 0.9971428571428571 0.7780952380952383
8 0.9978571428571429 0.7476190476190478 0.9735714285714285 0.7476190476190478 0.9735714285714285 0.7685714285714288 0.9978571428571429 0.7685714285714288
7 1 0.7723809523809526 0.9864285714285714 0.7723809523809526 0.9864285714285714 0.7904761904761907 1 0.7904761904761907
3 0.9942857142857143 0.9304761904761907 0.9142857142857143 0.9304761904761907 0.9142857142857143 1 0.9942857142857143 1