3 0.1264285714285715 0.8857868020304569 0.09642857142857152 0.8857868020304569 0.09642857142857152 0.9200507614213198 0.1264285714285715 0.9200507614213198
3 0.2514285714285715 0.7741116751269036 0.22785714285714292 0.7741116751269036 0.22785714285714292 0.8261421319796954 0.2514285714285715 0.8261421319796954
3 0.27857142857142864 0.7753807106598984 0.2514285714285715 0.7753807106598984 0.2514285714285715 0.8134517766497462 0.27857142857142864 0.8134517766497462
3 0.3121428571428572 0.7563451776649747 0.28428571428571436 0.7563451776649747 0.28428571428571436 0.7855329949238579 0.3121428571428572 0.7855329949238579
3 0.32785714285714296 0.8616751269035533 0.3050000000000001 0.8616751269035533 0.3050000000000001 0.8895939086294417 0.32785714285714296 0.8895939086294417
3 0.4114285714285714 0.8045685279187818 0.3842857142857143 0.8045685279187818 0.3842857142857143 0.8299492385786802 0.4114285714285714 0.8299492385786802
3 0.37857142857142856 0.7233502538071066 0.35142857142857153 0.7233502538071066 0.35142857142857153 0.751269035532995 0.37857142857142856 0.751269035532995
3 0.41214285714285714 0.7093908629441624 0.3842857142857143 0.7093908629441624 0.3842857142857143 0.7373096446700508 0.41214285714285714 0.7373096446700508
3 0.45 0.7982233502538071 0.41928571428571426 0.7982233502538071 0.41928571428571426 0.8236040609137056 0.45 0.8236040609137056
3 0.4928571428571429 0.7931472081218274 0.46285714285714286 0.7931472081218274 0.46285714285714286 0.817258883248731 0.4928571428571429 0.817258883248731
3 0.53 0.7893401015228426 0.5021428571428571 0.7893401015228426 0.5021428571428571 0.8121827411167513 0.53 0.8121827411167513
3 0.6021428571428571 0.8045685279187818 0.5728571428571428 0.8045685279187818 0.5728571428571428 0.8388324873096447 0.6021428571428571 0.8388324873096447
3 0.7085714285714285 0.7500000000000003 0.6792857142857143 0.7500000000000003 0.6792857142857143 0.8007614213197972 0.7085714285714285 0.8007614213197972
3 0.6685714285714286 0.6560913705583757 0.6492857142857142 0.6560913705583756 0.6492857142857142 0.7093908629441625 0.6685714285714286 0.7093908629441628
2 0.6435714285714286 0.6979695431472082 0.6314285714285715 0.6979695431472082 0.6314285714285715 0.75 0.6435714285714286 0.75
3 0.6371428571428571 0.5977157360406092 0.6192857142857143 0.5977157360406092 0.6192857142857143 0.6472081218274113 0.6371428571428571 0.6472081218274113
3 0.635 0.48857868020304585 0.6185714285714285 0.48857868020304585 0.6185714285714285 0.5418781725888326 0.635 0.5418781725888326
3 0.5914285714285714 0.48477157360406103 0.575 0.48477157360406103 0.575 0.5418781725888326 0.5914285714285714 0.5418781725888326
3 0.6064285714285714 0.43654822335025395 0.5885714285714285 0.43654822335025395 0.5885714285714285 0.486040609137056 0.6064285714285714 0.486040609137056
2 0.575 0.34517766497461944 0.5514285714285714 0.34517766497461944 0.5514285714285714 0.4175126903553301 0.575 0.4175126903553301
3 0.5828571428571429 0.3121827411167514 0.5642857142857143 0.3121827411167514 0.5642857142857143 0.3667512690355331 0.5828571428571429 0.3667512690355331
3 0.6014285714285714 0.29695431472081235 0.5821428571428572 0.29695431472081235 0.5821428571428572 0.3477157360406093 0.6014285714285714 0.3477157360406093
3 0.7714285714285715 0.8032994923857871 0.7407142857142858 0.8032994923857871 0.7407142857142858 0.8337563451776653 0.7714285714285715 0.8337563451776653
3 0.8335714285714285 0.7652284263959394 0.8042857142857143 0.7652284263959394 0.8042857142857143 0.7944162436548227 0.8335714285714285 0.7944162436548227
3 0.8142857142857143 0.7170050761421323 0.785 0.7170050761421323 0.785 0.7423857868020307 0.8142857142857143 0.7423857868020307
10 0.785 0.7271573604060917 0.7214285714285714 0.7271573604060917 0.7214285714285714 0.7703045685279191 0.785 0.7703045685279191
11 0.8571428571428571 0.7969543147208125 0.8221428571428572 0.7969543147208125 0.8221428571428572 0.8299492385786805 0.8571428571428571 0.8299492385786805
3 0.8878571428571429 0.7855329949238582 0.8585714285714285 0.7855329949238582 0.8585714285714285 0.8159898477157363 0.8878571428571429 0.8159898477157363
3 0.9257142857142857 0.7664974619289343 0.8928571428571429 0.7664974619289343 0.8928571428571429 0.8020304568527922 0.9257142857142857 0.8020304568527922
3 0.955 0.7525380710659901 0.9271428571428572 0.7525380710659901 0.9271428571428572 0.7842639593908632 0.955 0.7842639593908632
3 0.905 0.7322335025380714 0.8721428571428571 0.7322335025380714 0.8721428571428571 0.7614213197969546 0.905 0.7614213197969546
3 0.9878571428571429 0.7335025380710662 0.9557142857142857 0.7335025380710662 0.9557142857142857 0.7690355329949241 0.9878571428571429 0.7690355329949241
3 0.9978571428571429 0.6408629441624367 0.9742857142857143 0.6408629441624367 0.9742857142857143 0.6776649746192897 0.9978571428571429 0.6776649746192897