8 0.11691022964509394 0.2012987012987013 0.11377870563674322 0.2012987012987013 0.11377870563674322 0.20964749536178107 0.11691022964509394 0.20964749536178107
5 0.12108559498956159 0.20686456400742115 0.11064718162839249 0.20686456400742115 0.11064718162839249 0.21428571428571427 0.12108559498956159 0.21428571428571427
3 0.4754697286012526 0.21150278293135447 0.4629436325678497 0.21150278293135447 0.4629436325678497 0.23747680890538045 0.4754697286012526 0.23747680890538045
3 0.4650313152400835 0.13450834879406318 0.4545929018789144 0.13450834879406318 0.4545929018789144 0.15677179962894258 0.4650313152400835 0.15677179962894258
3 0.5281837160751566 0.020408163265306235 0.5208768267223383 0.020408163265306235 0.5208768267223383 0.03339517625231923 0.5281837160751566 0.03339517625231923
11 0.5187891440501043 0.001855287569573396 0.5125260960334029 0.0018552875695733951 0.5125260960334029 0.014842300556586382 0.5187891440501043 0.014842300556586382
8 0.4337160751565762 0.16604823747680902 0.430062630480167 0.16604823747680902 0.430062630480167 0.17532467532467544 0.4337160751565762 0.17532467532467544
8 0.42693110647181626 0.20964749536178118 0.4232776617954071 0.20964749536178118 0.4232776617954071 0.22170686456400754 0.42693110647181626 0.22170686456400754
8 0.5594989561586639 0.14656771799628954 0.5563674321503131 0.14656771799628954 0.5563674321503131 0.15955473098330253 0.5594989561586639 0.15955473098330253
8 0.5548016701461378 0.27551020408163274 0.5506263048016702 0.27551020408163274 0.5506263048016702 0.29128014842300565 0.5548016701461378 0.29128014842300565
8 0.5741127348643006 0.28664192949907247 0.569937369519833 0.28664192949907247 0.569937369519833 0.3005565862708721 0.5741127348643006 0.3005565862708721
8 0.5902922755741128 0.35435992578849734 0.5855949895615866 0.35435992578849734 0.5855949895615866 0.3692022263450836 0.5902922755741128 0.3692022263450836
7 0.5501043841336117 0.07513914656771813 0.5469728601252609 0.07513914656771813 0.5469728601252609 0.09090909090909104 0.5501043841336117 0.09090909090909104
5 0.4337160751565762 0.17439703153988878 0.430062630480167 0.17439703153988878 0.430062630480167 0.18552875695732848 0.4337160751565762 0.18552875695732848
5 0.42745302713987476 0.2170686456400743 0.42275574112734865 0.2170686456400743 0.42275574112734865 0.2300556586270873 0.42745302713987476 0.2300556586270873
5 0.5548016701461378 0.2857142857142858 0.5506263048016702 0.2857142857142858 0.5506263048016702 0.3005565862708721 0.5548016701461378 0.3005565862708721
5 0.574634655532359 0.2949907235621522 0.5704592901878914 0.2949907235621522 0.5704592901878914 0.30983302411873853 0.574634655532359 0.30983302411873853
5 0.5897703549060542 0.36456400742115036 0.5855949895615866 0.36456400742115036 0.5855949895615866 0.37847866419295 0.5897703549060542 0.37847866419295
8 0.3815240083507307 0.44990723562152146 0.3752609603340292 0.44990723562152146 0.3752609603340292 0.46753246753246763 0.3815240083507307 0.46753246753246763
5 0.38308977035490605 0.4582560296846012 0.3752609603340292 0.4582560296846012 0.3752609603340292 0.48237476808905383 0.38308977035490605 0.48237476808905383
8 0.6043841336116911 0.5176252319109464 0.5991649269311065 0.5176252319109464 0.5991649269311065 0.5361781076066793 0.6043841336116911 0.5361781076066793
5 0.6043841336116911 0.5259740259740262 0.598643006263048 0.5259740259740262 0.598643006263048 0.5482374768089056 0.6043841336116911 0.5482374768089056
3 0.8622129436325678 0.4777365491651208 0.8235908141962421 0.4777365491651208 0.8235908141962421 0.5092764378478666 0.8622129436325678 0.5092764378478666
3 0.855427974947808 0.4109461966604826 0.8209812108559499 0.4109461966604826 0.8209812108559499 0.4397031539888685 0.855427974947808 0.4397031539888685
3 0.8543841336116911 0.3951762523191097 0.8183716075156576 0.3951762523191097 0.8183716075156576 0.4239332096474956 0.8543841336116911 0.4239332096474956
10 0.7818371607515657 0.19666048237476824 0.7353862212943633 0.19666048237476824 0.7353862212943633 0.2263450834879408 0.7818371607515657 0.2263450834879408
5 0.5600208768267223 0.15398886827458266 0.5558455114822547 0.15398886827458266 0.5558455114822547 0.16419294990723574 0.5600208768267223 0.16419294990723574