3 0.4135714285714286 0.012380952380952446 0.375 0.012380952380952442 0.375 0.10666666666666672 0.4135714285714286 0.10666666666666672
3 0.43357142857142855 0.11904761904761911 0.39 0.1190476190476191 0.39 0.22952380952380957 0.43357142857142855 0.22952380952380957
3 0.5135714285714286 0.1057142857142858 0.4742857142857143 0.1057142857142858 0.4742857142857143 0.22095238095238104 0.5135714285714286 0.22095238095238107
3 0.5942857142857143 0.1742857142857144 0.5528571428571428 0.1742857142857144 0.5528571428571428 0.27714285714285725 0.5942857142857143 0.27714285714285725
7 0.7942857142857143 1.2841296436773674e-16 0.7785714285714286 1.2713000105434428e-16 0.7785714285714286 0.026666666666666797 0.7942857142857143 0.026666666666666797
7 0.6285714285714286 0.1866666666666668 0.6207142857142857 0.1866666666666668 0.6207142857142857 0.20952380952380964 0.6285714285714286 0.20952380952380964
7 0.6521428571428571 0.22952380952380963 0.64 0.22952380952380963 0.64 0.24666666666666678 0.6521428571428571 0.24666666666666678
3 0.47714285714285715 0.38666666666666677 0.43857142857142856 0.38666666666666677 0.43857142857142856 0.4847619047619049 0.47714285714285715 0.4847619047619049
3 0.6364285714285715 0.3942857142857144 0.5907142857142857 0.3942857142857144 0.5907142857142857 0.4895238095238095 0.6364285714285715 0.4895238095238095
11 0.6521428571428571 0.5085714285714286 0.6057142857142858 0.5085714285714286 0.6057142857142858 0.6171428571428571 0.6521428571428571 0.6171428571428571
11 0.6707142857142857 0.6361904761904763 0.6264285714285714 0.6361904761904762 0.6264285714285714 0.7542857142857144 0.6707142857142857 0.7542857142857144
11 0.562857142857143 0.8742857142857143 0.5178571428571429 0.8742857142857143 0.5178571428571429 0.9828571428571429 0.5628571428571431 0.9828571428571429
3 0.7007142857142857 0.7638095238095239 0.6557142857142857 0.7638095238095238 0.6557142857142857 0.8752380952380954 0.7007142857142857 0.8752380952380955
3 0.7328571428571429 0.9295238095238098 0.6892857142857145 0.9295238095238098 0.6892857142857145 0.9990476190476191 0.7328571428571429 0.9990476190476191
5 0.87 0.8609523809523811 0.8371428571428572 0.8609523809523811 0.8371428571428572 0.8828571428571431 0.87 0.8828571428571431
5 0.865 0.8304761904761907 0.8364285714285714 0.8304761904761907 0.8364285714285714 0.8542857142857145 0.865 0.8542857142857145
5 0.9085714285714286 0.863809523809524 0.8857142857142857 0.863809523809524 0.8857142857142857 0.8828571428571431 0.9085714285714286 0.8828571428571431
5 0.8514285714285714 0.7742857142857145 0.8207142857142857 0.7742857142857145 0.8207142857142857 0.8009523809523812 0.8514285714285714 0.8009523809523812
5 0.8492857142857143 0.7609523809523812 0.8207142857142857 0.7609523809523812 0.8207142857142857 0.7809523809523812 0.8492857142857143 0.7809523809523812
5 0.8357142857142857 0.7123809523809526 0.8035714285714286 0.7123809523809526 0.8035714285714286 0.7323809523809526 0.8357142857142857 0.7323809523809526
5 0.8328571428571429 0.682857142857143 0.8028571428571428 0.682857142857143 0.8028571428571428 0.7028571428571431 0.8328571428571429 0.7028571428571431
7 0.8892857142857142 0.6771428571428574 0.8692857142857143 0.6771428571428574 0.8692857142857143 0.6923809523809527 0.8892857142857142 0.6923809523809527
7 0.7564285714285715 0.603809523809524 0.7392857142857143 0.603809523809524 0.7392857142857143 0.6152380952380955 0.7564285714285715 0.6152380952380955
5 0.69 0.5057142857142859 0.6778571428571428 0.5057142857142859 0.6778571428571428 0.5457142857142859 0.69 0.5457142857142859
7 0.8135714285714286 0.4780952380952382 0.7971428571428572 0.4780952380952382 0.7971428571428572 0.48857142857142877 0.8135714285714286 0.48857142857142877
7 0.8078571428571428 0.44666666666666677 0.7892857142857143 0.44666666666666677 0.7892857142857143 0.4638095238095239 0.8078571428571428 0.4638095238095239
7 0.8278571428571428 0.45714285714285724 0.8114285714285714 0.45714285714285724 0.8114285714285714 0.47142857142857153 0.8278571428571428 0.47142857142857153
1 0.8235714285714286 0.6276190476190479 0.7992857142857143 0.6276190476190479 0.7992857142857143 0.6495238095238097 0.8235714285714286 0.6495238095238097