2 0.38785714285714284 0.40666666666666673 0.30428571428571427 0.4066666666666667 0.3042857142857143 0.7133333333333334 0.38785714285714284 0.7133333333333334
2 0.42428571428571427 6.58393445827315e-17 0.3821428571428571 6.23986702422699e-17 0.3821428571428571 0.10190476190476197 0.42428571428571427 0.10190476190476198
3 0.9657142857142857 1.523810517224778e-16 0.9007142857142857 1.4707424892617262e-16 0.9007142857142857 0.027619047619047772 0.9657142857142857 0.027619047619047776
3 1 0.21238095238095253 0.9735714285714285 0.21238095238095253 0.9735714285714285 0.2476190476190478 1 0.24761904761904782
3 0.9971428571428571 0.8466666666666669 0.9457142857142857 0.8466666666666669 0.9457142857142857 0.9914285714285714 0.9971428571428571 0.9914285714285714
3 0.04785714285714294 0.8076190476190476 7.417860611978254e-17 0.8076190476190476 8.152648691466664e-17 0.9676190476190476 0.04785714285714294 0.9676190476190476
3 0.38928571428571446 0.9380952380952381 0.33928571428571436 0.9380952380952381 0.33928571428571436 0.9961904761904762 0.38928571428571446 0.9961904761904762
11 0.03357142857142857 3.032458740745827e-18 0.0035714285714285713 5.831651424511206e-19 0.0035714285714285726 0.030476190476190476 0.03357142857142857 0.030476190476190476
3 0.17714285714285713 2.6534013981525984e-17 0.14785714285714285 2.414303689747639e-17 0.14785714285714285 0.03714285714285717 0.17714285714285713 0.03714285714285717
3 0.054285714285714284 0.024761904761904766 0.015714285714285715 0.024761904761904763 0.01571428571428572 0.09047619047619047 0.054285714285714284 0.09047619047619047
3 0.09642857142857143 0.0161904761904762 0.052142857142857144 0.016190476190476196 0.052142857142857144 0.08952380952380953 0.09642857142857143 0.08952380952380955
3 0.13 0.015238095238095255 0.09071428571428572 0.015238095238095252 0.09071428571428572 0.08952380952380955 0.13 0.08952380952380955
3 0.3692857142857143 0.08285714285714291 0.3364285714285714 0.08285714285714291 0.3364285714285714 0.1514285714285715 0.3692857142857143 0.1514285714285715
3 0.3457142857142857 0.2733333333333334 0.3107142857142857 0.2733333333333333 0.3107142857142857 0.3571428571428572 0.3457142857142857 0.35714285714285726
3 0.31642857142857145 0.439047619047619 0.2764285714285714 0.439047619047619 0.27642857142857147 0.5428571428571428 0.3164285714285715 0.5428571428571428
3 0.26500000000000007 0.7619047619047619 0.21214285714285722 0.7619047619047619 0.21214285714285722 0.9019047619047619 0.26500000000000007 0.9019047619047619
3 0.8342857142857143 0.8209523809523812 0.7764285714285715 0.8209523809523812 0.7764285714285715 0.9723809523809526 0.8342857142857143 0.9723809523809526
3 0.6814285714285714 0.21714285714285725 0.6478571428571429 0.21714285714285725 0.6478571428571429 0.2961904761904763 0.6814285714285714 0.2961904761904763
3 0.3492857142857143 0.16952380952380958 0.31285714285714283 0.16952380952380958 0.31285714285714283 0.24857142857142864 0.3492857142857143 0.2485714285714287
3 0.6664285714285715 0.10095238095238106 0.64 0.10095238095238106 0.64 0.16666666666666677 0.6664285714285715 0.16666666666666677
3 0.6057142857142858 0.6266666666666667 0.565 0.6266666666666667 0.565 0.7561904761904762 0.6057142857142858 0.7561904761904762
3 0.16071428571428578 0.7980952380952381 0.1014285714285715 0.7980952380952381 0.1014285714285715 0.9333333333333333 0.16071428571428578 0.9333333333333333
3 0.9264285714285714 0.3761904761904763 0.8871428571428571 0.3761904761904763 0.8871428571428571 0.4647619047619049 0.9264285714285714 0.4647619047619049
11 0.9221428571428572 0.24666666666666678 0.8842857142857142 0.24666666666666678 0.8842857142857142 0.3561904761904763 0.9221428571428572 0.3561904761904763
11 0.9135714285714286 0.18761904761904777 0.8814285714285715 0.18761904761904777 0.8814285714285715 0.2580952380952382 0.9135714285714286 0.2580952380952382
11 0.6278571428571429 0.23333333333333345 0.5971428571428572 0.23333333333333345 0.5971428571428572 0.30857142857142866 0.6278571428571429 0.30857142857142866
3 0.8721428571428571 0.6133333333333335 0.8164285714285714 0.6133333333333335 0.8164285714285714 0.7342857142857145 0.8721428571428571 0.7342857142857145
3 0.25500000000000006 0.9666666666666667 0.20785714285714293 0.9666666666666667 0.20785714285714293 0.9990476190476191 0.25500000000000006 0.9990476190476191
3 0.2007142857142857 0.21809523809523812 0.13214285714285715 0.2180952380952381 0.13214285714285717 0.2580952380952381 0.2007142857142857 0.2580952380952381
3 0.20857142857142857 0.18000000000000002 0.1442857142857143 0.18 0.1442857142857143 0.21904761904761907 0.20857142857142857 0.2190476190476191
3 0.21642857142857144 0.15142857142857147 0.14857142857142858 0.15142857142857144 0.14857142857142858 0.18190476190476193 0.21642857142857144 0.18190476190476196
3 0.225 0.11428571428571431 0.16357142857142856 0.11428571428571431 0.16357142857142856 0.1504761904761905 0.225 0.15047619047619054
3 0.23642857142857143 0.08571428571428574 0.17714285714285713 0.08571428571428574 0.17714285714285713 0.12285714285714291 0.23642857142857143 0.12285714285714291
3 0.25642857142857145 0.005714285714285751 0.18857142857142858 0.005714285714285745 0.18857142857142858 0.03523809523809527 0.25642857142857145 0.03523809523809528
3 0.9792857142857143 0.013333333333333487 0.9114285714285715 0.013333333333333482 0.9114285714285715 0.047619047619047776 0.9792857142857143 0.04761904761904778
3 0.9878571428571429 0.035238095238095395 0.9242857142857143 0.03523809523809539 0.9242857142857143 0.07809523809523826 0.9878571428571429 0.07809523809523826
11 1 0.06857142857142873 0.9278571428571428 0.06857142857142873 0.9278571428571428 0.1152380952380954 1 0.1152380952380954
11 1 0.09809523809523826 0.9435714285714286 0.09809523809523826 0.9435714285714286 0.1390476190476192 1 0.1390476190476192
0 0.9871428571428571 0.13809523809523827 0.945 0.13809523809523827 0.945 0.16571428571428587 0.9871428571428571 0.16571428571428587
11 0.9678571428571429 0.6866666666666669 0.9171428571428571 0.6866666666666669 0.9171428571428571 0.8057142857142859 0.9678571428571429 0.8057142857142859
3 0.24571428571428572 0.027619047619047658 0.19071428571428573 0.027619047619047654 0.19071428571428573 0.0666666666666667 0.24571428571428572 0.0666666666666667
7 0.15285714285714286 0.15904761904761905 0.14142857142857143 0.15904761904761905 0.14142857142857143 0.18761904761904763 0.15285714285714286 0.18761904761904763
7 0.15 0.15047619047619049 0.1407142857142857 0.15047619047619049 0.1407142857142857 0.17238095238095238 0.15 0.17238095238095238
7 0.0928571428571429 0.5485714285714286 0.06428571428571432 0.5485714285714286 0.06428571428571433 0.5742857142857143 0.0928571428571429 0.5742857142857143
7 0.052857142857142915 0.6923809523809524 0.024285714285714348 0.6923809523809524 0.024285714285714348 0.7171428571428572 0.052857142857142915 0.7171428571428572
7 0.16500000000000004 0.5857142857142857 0.14571428571428577 0.5857142857142857 0.14571428571428577 0.6133333333333333 0.16500000000000004 0.6133333333333333
8 0.2521428571428572 0.4666666666666667 0.2357142857142858 0.4666666666666667 0.2357142857142858 0.4942857142857143 0.2521428571428572 0.4942857142857143
8 0.35714285714285715 0.3285714285714287 0.3435714285714286 0.3285714285714287 0.3435714285714286 0.35142857142857153 0.35714285714285715 0.35142857142857153
8 0.38357142857142856 0.32476190476190486 0.37 0.32476190476190486 0.37 0.3476190476190477 0.38357142857142856 0.3476190476190477
5 0.26214285714285723 0.46190476190476193 0.22928571428571437 0.46190476190476193 0.22928571428571437 0.49714285714285716 0.26214285714285723 0.49714285714285716
5 0.3557142857142857 0.3323809523809525 0.3442857142857143 0.3323809523809525 0.3442857142857143 0.36476190476190484 0.3557142857142857 0.36476190476190484
1 0.385 0.3323809523809525 0.37357142857142855 0.3323809523809525 0.37357142857142855 0.362857142857143 0.385 0.362857142857143
7 0.8014285714285714 0.07333333333333347 0.7921428571428571 0.07333333333333347 0.7921428571428571 0.1047619047619049 0.8014285714285714 0.1047619047619049
7 0.8457142857142858 0.2009523809523811 0.8328571428571429 0.2009523809523811 0.8328571428571429 0.2333333333333335 0.8457142857142858 0.2333333333333335
7 0.9992857142857143 0.6714285714285716 0.9778571428571429 0.6714285714285716 0.9778571428571429 0.6961904761904764 0.9992857142857143 0.6961904761904764
7 0.9307142857142857 0.29238095238095246 0.9185714285714286 0.29238095238095246 0.9185714285714286 0.32666666666666677 0.9307142857142857 0.32666666666666677
7 0.9335714285714286 0.41714285714285726 0.9264285714285714 0.41714285714285726 0.9264285714285714 0.43142857142857155 0.9335714285714286 0.43142857142857155
7 0.9428571428571428 0.41142857142857153 0.9271428571428572 0.41142857142857153 0.9271428571428572 0.44095238095238104 0.9428571428571428 0.44095238095238104
7 0.9192857142857143 0.5066666666666669 0.8971428571428571 0.5066666666666669 0.8971428571428571 0.5342857142857145 0.9192857142857143 0.5342857142857145
7 0.8621428571428571 0.5314285714285717 0.8471428571428572 0.5314285714285717 0.8471428571428572 0.5580952380952383 0.8621428571428571 0.5580952380952383
7 0.8571428571428571 0.03428571428571442 0.8407142857142857 0.03428571428571442 0.8407142857142857 0.06857142857142871 0.8571428571428571 0.06857142857142871