7 0.6128571428571429 0.30857142857142866 0.5835714285714285 0.30857142857142866 0.5835714285714285 0.4085714285714287 0.6128571428571429 0.4085714285714287
7 0.6864285714285714 0.3638095238095239 0.6557142857142857 0.3638095238095239 0.6557142857142857 0.44571428571428584 0.6864285714285714 0.44571428571428584
7 0.5642857142857143 0.321904761904762 0.5371428571428571 0.321904761904762 0.5371428571428571 0.4209523809523811 0.5642857142857143 0.4209523809523811
7 0.5771428571428572 0.3142857142857144 0.5542857142857143 0.3142857142857144 0.5542857142857143 0.4038095238095239 0.5771428571428572 0.4038095238095239
7 0.5507142857142857 0.34000000000000014 0.5164285714285715 0.34000000000000014 0.5164285714285715 0.4371428571428573 0.5507142857142857 0.4371428571428573
7 0.5142857142857142 0.35428571428571437 0.4828571428571429 0.35428571428571437 0.4828571428571429 0.44380952380952393 0.5142857142857142 0.44380952380952393
7 0.4992857142857143 0.32095238095238104 0.4742857142857143 0.32095238095238104 0.4742857142857143 0.4123809523809525 0.4992857142857143 0.4123809523809525
7 0.44571428571428573 0.3466666666666668 0.4135714285714286 0.3466666666666668 0.4135714285714286 0.4400000000000001 0.44571428571428573 0.4400000000000001
7 0.3992857142857143 0.3304761904761906 0.36714285714285716 0.3304761904761906 0.36714285714285716 0.4380952380952382 0.3992857142857143 0.4380952380952382
7 0.3578571428571429 0.33428571428571435 0.3157142857142857 0.3342857142857143 0.3157142857142857 0.43809523809523815 0.3578571428571429 0.4380952380952382
7 0.2935714285714286 0.3523809523809524 0.25 0.3523809523809524 0.25000000000000006 0.4523809523809524 0.29357142857142865 0.4523809523809524
7 0.25 0.3361904761904762 0.21928571428571428 0.3361904761904762 0.21928571428571428 0.43714285714285717 0.25 0.43714285714285717
7 0.21428571428571433 0.35333333333333333 0.16857142857142862 0.35333333333333333 0.16857142857142862 0.4552380952380952 0.21428571428571436 0.4552380952380952
7 0.14000000000000004 0.3466666666666667 0.09857142857142862 0.3466666666666667 0.09857142857142862 0.44285714285714284 0.14000000000000004 0.44285714285714284
7 0.060714285714285755 0.35333333333333333 0.007142857142857176 0.35333333333333333 0.007142857142857181 0.45714285714285713 0.060714285714285755 0.45714285714285713
7 0.07928571428571432 0.32476190476190475 0.038571428571428604 0.32476190476190475 0.038571428571428604 0.4561904761904762 0.07928571428571432 0.4561904761904762
7 0.1278571428571429 0.29904761904761906 0.09714285714285718 0.29904761904761906 0.09714285714285718 0.38952380952380955 0.1278571428571429 0.38952380952380955
7 0.14000000000000004 0.32666666666666666 0.11428571428571432 0.32666666666666666 0.11428571428571432 0.40190476190476193 0.14000000000000004 0.40190476190476193
7 0.16571428571428576 0.31523809523809526 0.13571428571428576 0.31523809523809526 0.13571428571428576 0.4095238095238095 0.16571428571428576 0.4095238095238095
7 0.19142857142857142 0.31142857142857144 0.15928571428571434 0.31142857142857144 0.15928571428571434 0.4066666666666667 0.19142857142857142 0.4066666666666667
7 0.1678571428571429 0.2914285714285714 0.1435714285714286 0.2914285714285714 0.1435714285714286 0.37333333333333335 0.1678571428571429 0.37333333333333335
8 0.1628571428571429 0.29523809523809524 0.14500000000000005 0.29523809523809524 0.14500000000000005 0.34095238095238095 0.1628571428571429 0.34095238095238095
7 0.8721428571428571 0.32095238095238104 0.8321428571428572 0.32095238095238104 0.8321428571428572 0.4247619047619049 0.8721428571428571 0.4247619047619049
7 0.9107142857142857 0.3285714285714287 0.8721428571428571 0.3285714285714287 0.8721428571428571 0.43047619047619057 0.9107142857142857 0.43047619047619057
7 0.9642857142857143 0.33523809523809533 0.9178571428571428 0.33523809523809533 0.9178571428571428 0.43047619047619057 0.9642857142857143 0.43047619047619057
7 0.9935714285714285 0.34095238095238106 0.9614285714285714 0.34095238095238106 0.9614285714285714 0.43333333333333346 0.9935714285714285 0.43333333333333346
7 0.8978571428571429 0.02666666666666681 0.8757142857142857 0.026666666666666807 0.8757142857142857 0.09619047619047633 0.8978571428571429 0.09619047619047633
7 0.8721428571428571 0.022857142857142996 0.8407142857142857 0.022857142857142992 0.8407142857142857 0.10095238095238108 0.8721428571428571 0.10095238095238108
7 0.8257142857142857 0.03142857142857156 0.8057142857142857 0.03142857142857156 0.8057142857142857 0.09904761904761919 0.8257142857142857 0.09904761904761919
7 0.8014285714285714 0.031428571428571556 0.7821428571428571 0.03142857142857155 0.7821428571428571 0.10000000000000013 0.8014285714285714 0.10000000000000013
7 0.7235714285714285 0.027619047619047734 0.7064285714285714 0.027619047619047734 0.7064285714285714 0.0923809523809525 0.7235714285714285 0.0923809523809525
7 0.7064285714285714 0.025714285714285825 0.6814285714285714 0.02571428571428582 0.6814285714285714 0.09047619047619058 0.7064285714285714 0.09047619047619058
7 0.6678571428571428 0.03428571428571439 0.6464285714285715 0.03428571428571439 0.6464285714285715 0.09714285714285725 0.6678571428571428 0.09714285714285725
7 0.6342857142857142 0.025714285714285814 0.6142857142857143 0.025714285714285814 0.6142857142857143 0.09523809523809534 0.6342857142857142 0.09523809523809534
7 0.6121428571428571 0.049523809523809616 0.595 0.049523809523809616 0.595 0.09333333333333343 0.6121428571428571 0.09333333333333343
7 0.6014285714285714 0.027619047619047717 0.5828571428571429 0.027619047619047713 0.5828571428571429 0.09523809523809534 0.6014285714285714 0.09523809523809534
7 0.5792857142857143 0.04571428571428581 0.5671428571428572 0.04571428571428581 0.5671428571428572 0.09523809523809532 0.5792857142857143 0.09523809523809532
7 0.56 0.03047619047619057 0.545 0.03047619047619057 0.545 0.09333333333333342 0.56 0.09333333333333342
7 0.5378571428571428 0.03142857142857151 0.5228571428571429 0.03142857142857151 0.5228571428571429 0.09333333333333342 0.5378571428571428 0.09333333333333342
7 0.5042857142857143 0.0276190476190477 0.4828571428571429 0.0276190476190477 0.4828571428571429 0.09238095238095247 0.5042857142857143 0.09238095238095247
7 0.48428571428571426 0.03142857142857151 0.4692857142857143 0.03142857142857151 0.4692857142857143 0.09428571428571436 0.48428571428571426 0.09428571428571436
7 0.4707142857142857 0.020952380952381028 0.4514285714285714 0.020952380952381028 0.4514285714285714 0.09428571428571436 0.4707142857142857 0.09428571428571436
7 0.43642857142857144 0.026666666666666738 0.41785714285714287 0.026666666666666734 0.41785714285714287 0.0876190476190477 0.43642857142857144 0.0876190476190477
7 0.4278571428571429 0.022857142857142927 0.4085714285714286 0.022857142857142927 0.4085714285714286 0.09047619047619054 0.4278571428571429 0.09047619047619056
7 0.44571428571428573 0.04666666666666673 0.43 0.04666666666666673 0.43 0.09142857142857151 0.44571428571428573 0.09142857142857151
7 0.5242857142857142 0.050476190476190556 0.5107142857142857 0.050476190476190556 0.5107142857142857 0.09238095238095247 0.5242857142857142 0.09238095238095247
7 0.5678571428571428 0.0400000000000001 0.5528571428571428 0.0400000000000001 0.5528571428571428 0.09428571428571436 0.5678571428571428 0.09428571428571436
7 0.5514285714285714 0.04095238095238104 0.5342857142857143 0.04095238095238103 0.5342857142857143 0.09238095238095247 0.5514285714285714 0.09238095238095247
7 0.8807142857142857 0.028571428571428713 0.865 0.028571428571428713 0.865 0.09809523809523824 0.8807142857142857 0.09809523809523824
7 0.9328571428571428 0.057142857142857294 0.9178571428571428 0.057142857142857294 0.9178571428571428 0.09428571428571444 0.9328571428571428 0.09428571428571444
7 0.9764285714285714 0.04380952380952397 0.9564285714285714 0.04380952380952397 0.9564285714285714 0.10095238095238111 0.9764285714285714 0.10095238095238111
7 0.9971428571428571 0.04000000000000016 0.9764285714285714 0.04000000000000016 0.9764285714285714 0.10095238095238111 0.9971428571428571 0.10095238095238111
7 0.4085714285714286 0.16761904761904767 0.39357142857142857 0.16761904761904767 0.39357142857142857 0.21047619047619054 0.4085714285714286 0.21047619047619054
7 0.33785714285714286 0.21047619047619054 0.3242857142857143 0.21047619047619054 0.3242857142857143 0.24761904761904768 0.33785714285714286 0.24761904761904774
7 0.34285714285714286 0.220952380952381 0.33285714285714285 0.220952380952381 0.33285714285714285 0.24761904761904774 0.34285714285714286 0.24761904761904774
7 0.3535714285714286 0.2114285714285715 0.3414285714285714 0.2114285714285715 0.3414285714285714 0.24666666666666678 0.3535714285714286 0.24666666666666678
7 0.6814285714285714 0.20761904761904773 0.67 0.20761904761904773 0.67 0.24666666666666678 0.6814285714285714 0.24666666666666678
7 0.6928571428571428 0.20952380952380964 0.68 0.20952380952380964 0.68 0.2552380952380953 0.6928571428571428 0.2552380952380953
7 0.7085714285714285 0.20666666666666678 0.6907142857142857 0.20666666666666678 0.6907142857142857 0.2561904761904763 0.7085714285714285 0.2561904761904763
7 0.7764285714285715 0.21428571428571438 0.7628571428571429 0.21428571428571438 0.7628571428571429 0.2580952380952382 0.7764285714285715 0.2580952380952382
7 0.7914285714285715 0.20761904761904773 0.775 0.20761904761904773 0.775 0.2676190476190477 0.7914285714285715 0.2676190476190477
7 0.25 0.22857142857142862 0.23285714285714285 0.22857142857142862 0.23285714285714285 0.2742857142857143 0.25 0.2742857142857143