5 0.2014285714285715 0.7657142857142857 0.1407142857142858 0.7657142857142857 0.1407142857142858 0.8047619047619048 0.2014285714285715 0.8047619047619048
5 0.19357142857142864 0.7390476190476191 0.14357142857142866 0.7390476190476191 0.14357142857142866 0.7723809523809524 0.19357142857142864 0.7723809523809524
5 0.19285714285714295 0.7114285714285714 0.14500000000000007 0.7114285714285714 0.14500000000000007 0.7428571428571429 0.19285714285714295 0.7428571428571429
7 0.24285714285714294 0.7371428571428571 0.21500000000000008 0.7371428571428571 0.21500000000000008 0.780952380952381 0.24285714285714294 0.780952380952381
7 0.2700000000000001 0.7685714285714286 0.24428571428571436 0.7685714285714286 0.24428571428571436 0.8133333333333334 0.2700000000000001 0.8133333333333334
5 0.20785714285714293 0.6523809523809524 0.15571428571428575 0.6523809523809524 0.15571428571428578 0.6885714285714286 0.20785714285714293 0.6885714285714286
5 0.10500000000000008 0.7704761904761904 0.05000000000000006 0.7704761904761904 0.05000000000000007 0.8066666666666666 0.10500000000000008 0.8066666666666666
3 0.7207142857142858 0.6304761904761906 0.6478571428571429 0.6304761904761905 0.6478571428571429 0.7933333333333334 0.7207142857142858 0.7933333333333336
3 0.4692857142857143 0.4666666666666668 0.41714285714285715 0.4666666666666668 0.41714285714285715 0.5961904761904762 0.4692857142857143 0.5961904761904762
3 0.47000000000000014 0.9247619047619048 0.40357142857142875 0.9247619047619048 0.40357142857142875 1 0.47000000000000014 1
3 0.31928571428571434 0.5742857142857143 0.21000000000000008 0.5742857142857143 0.21000000000000008 0.7314285714285714 0.31928571428571434 0.7314285714285714
9 0.12428571428571435 0.5980952380952381 0.09000000000000007 0.5980952380952381 0.09000000000000007 0.6695238095238095 0.12428571428571436 0.6695238095238095
7 0.1914285714285715 0.4666666666666667 0.1642857142857143 0.4666666666666667 0.1642857142857143 0.5104761904761905 0.1914285714285715 0.5104761904761905
7 0.19428571428571434 0.4419047619047619 0.17000000000000004 0.4419047619047619 0.17000000000000004 0.4857142857142857 0.19428571428571437 0.4857142857142857
6 0.23357142857142857 0.3904761904761905 0.20714285714285716 0.3904761904761905 0.20714285714285716 0.42952380952380953 0.23357142857142857 0.42952380952380953
6 0.2328571428571429 0.42095238095238097 0.20142857142857143 0.42095238095238097 0.20142857142857146 0.4561904761904762 0.23285714285714293 0.4561904761904762
6 0.1978571428571429 0.41333333333333333 0.16142857142857148 0.41333333333333333 0.16142857142857148 0.4552380952380952 0.19785714285714293 0.4552380952380952
6 0.20714285714285716 0.38761904761904764 0.16857142857142862 0.38761904761904764 0.16857142857142862 0.4247619047619048 0.20714285714285716 0.4247619047619048
3 0.3678571428571429 0.42190476190476195 0.31214285714285717 0.4219047619047619 0.31214285714285717 0.5638095238095238 0.3678571428571429 0.5638095238095238
3 0.34785714285714286 0.19619047619047625 0.24785714285714286 0.19619047619047625 0.24785714285714286 0.25238095238095243 0.34785714285714286 0.2523809523809525
3 0.34214285714285714 0.24761904761904768 0.235 0.24761904761904763 0.235 0.3114285714285715 0.34214285714285714 0.31142857142857155
7 0.345 0.34761904761904766 0.32785714285714285 0.3476190476190476 0.32785714285714285 0.39333333333333337 0.345 0.3933333333333334
7 0.35214285714285715 0.31904761904761914 0.33285714285714285 0.31904761904761914 0.33285714285714285 0.3600000000000001 0.35214285714285715 0.3600000000000001
7 0.3335714285714286 0.31619047619047624 0.3192857142857143 0.3161904761904762 0.3192857142857143 0.36285714285714293 0.3335714285714286 0.362857142857143
7 0.33214285714285713 0.2847619047619048 0.3157142857142857 0.28476190476190477 0.3157142857142857 0.32952380952380955 0.33214285714285713 0.3295238095238096
7 0.365 0.2876190476190477 0.35 0.2876190476190477 0.35 0.3304761904761906 0.365 0.3304761904761906
7 0.37285714285714283 0.29238095238095246 0.35714285714285715 0.29238095238095246 0.35714285714285715 0.3333333333333334 0.37285714285714283 0.3333333333333334
7 0.3607142857142857 0.23047619047619053 0.345 0.23047619047619053 0.345 0.2761904761904763 0.3607142857142857 0.2761904761904763
7 0.37142857142857144 0.21047619047619054 0.3557142857142857 0.21047619047619054 0.3557142857142857 0.25333333333333347 0.37142857142857144 0.25333333333333347
7 0.37857142857142856 0.2171428571428572 0.36714285714285716 0.2171428571428572 0.36714285714285716 0.2600000000000001 0.37857142857142856 0.2600000000000001
7 0.39 0.220952380952381 0.37714285714285717 0.220952380952381 0.37714285714285717 0.2685714285714287 0.39 0.2685714285714287
7 0.38785714285714284 0.20380952380952386 0.3757142857142857 0.20380952380952386 0.3757142857142857 0.24190476190476196 0.38785714285714284 0.24190476190476196
3 0.35428571428571426 0.05428571428571433 0.26857142857142857 0.054285714285714326 0.26857142857142857 0.10666666666666672 0.35428571428571426 0.10666666666666672
3 0.35 0.028571428571428623 0.275 0.02857142857142862 0.275 0.0752380952380953 0.35 0.0752380952380953
3 0.3557142857142857 0.0047619047619048135 0.28 0.0047619047619048074 0.28 0.051428571428571476 0.3557142857142857 0.05142857142857148
3 0.46214285714285713 0.032380952380952455 0.4228571428571429 0.03238095238095245 0.4228571428571429 0.11142857142857152 0.46214285714285713 0.11142857142857152
11 0.4857142857142857 7.616136760411635e-17 0.4471428571428571 7.30122758348803e-17 0.4471428571428571 0.053333333333333406 0.4857142857142857 0.05333333333333341
3 0.5978571428571429 0.023809523809523905 0.5621428571428572 0.023809523809523905 0.5621428571428572 0.0838095238095239 0.5978571428571429 0.08380952380952392
3 0.5985714285714285 0.07809523809523819 0.5614285714285714 0.07809523809523818 0.5614285714285714 0.14952380952380964 0.5985714285714285 0.14952380952380964
3 0.6235714285714286 0.16190476190476202 0.5792857142857143 0.16190476190476202 0.5792857142857143 0.2361904761904763 0.6235714285714286 0.2361904761904763
3 0.6414285714285715 0.2380952380952382 0.5928571428571429 0.2380952380952382 0.5928571428571429 0.341904761904762 0.6414285714285715 0.341904761904762
3 0.6614285714285715 0.34095238095238106 0.6057142857142858 0.34095238095238106 0.6057142857142858 0.4561904761904763 0.6614285714285715 0.4561904761904763
1 0.7571428571428571 0.5333333333333335 0.7314285714285714 0.5333333333333335 0.7314285714285714 0.5933333333333336 0.7571428571428571 0.5933333333333336
5 0.3757142857142858 0.8171428571428572 0.3307142857142858 0.8171428571428572 0.3307142857142858 0.8971428571428571 0.3757142857142859 0.8971428571428571